0.06268379243056493 0.27824853118190046 0.7630747291668377 0.0 0.0 0.0 0.0 0.0 -0.016895052089036577 0.279895272791202 0.763932977756129 0.0 0.0 0.0 3.4622380558410463e-07 0.0
0.06267863758629483 0.2782443214166379 0.7630721193956772 -5.154844270105485e-06 -4.209765262552789e-06 -2.6097711605110874e-06 7.14880748971959e-06 0.0 -0.016894437391892097 0.27989584637640363 0.7639324862041601 6.146971444805083e-07 5.735852016131027e-07 -4.915519689063785e-07 0.0 0.0
0.06264269033694637 0.27822759800575436 0.7630646897883628 -3.594724934845306e-05 -1.6723410883545675e-05 -7.4296073143687025e-06 4.033703350700785e-05 0.0 -0.016892511382187645 0.27989447828244246 0.7639343501830038 1.9260097044518365e-06 -1.3680939611737664e-06 1.8639788437191385e-06 4.732990276060641e-06 0.0
0.0625585765323261 0.27818067530437707 0.7630262507505977 -8.411380462026996e-05 -4.6922701377294374e-05 -3.843903776512558e-05 0.00010370357591013167 0.0 -0.016886650553020122 0.279890743231898 0.7639305728984865 5.86082916752273e-06 -3.735050544462215e-06 -3.7772845172812097e-06 8.193405915382e-06 0.0
0.06249501740235753 0.2781481838254481 0.763004253595311 -6.46710152471785e-05 -3.351573496224892e-05 -2.3391732951432617e-05 7.46949398959698e-05 0.0 -0.016881806554416335 0.2798916831365055 0.7639308083641444 4.97974215260903e-06 8.630874330228394e-07 -1.7160126592398024e-07 4.086488926408018e-06 0.0
0.06244279884647347 0.2781360919529635 0.7629952738663633 -4.987526001823684e-05 -1.0649325530850573e-05 -7.2009192862940575e-06 5.434727675581541e-05 0.0 -0.016879229712391693 0.2798912403725309 0.7639312513214411 2.415749439765916e-06 -1.4895362280988037e-07 8.873870079052825e-07 1.8599972843007923e-06 0.0
0.06238553295664251 0.278119475213699 0.7629806971740097 -5.040459615603358e-05 -1.0968894330978413e-05 -9.915541740972749e-06 6.209401526013726e-05 0.0 -0.016870949823522486 0.2798845041428165 0.7639316378978406 7.2641878403179065e-06 -6.051148572947891e-06 7.78218675191926e-07 1.167326871895624e-05 0.0
0.06233398315347363 0.27807715123528987 0.7629604305482303 -5.292980505469457e-05 -4.072934478106583e-05 -2.0143865047439896e-05 6.933802368710933e-05 0.0 -0.016863206972868403 0.2798730886560471 0.7639356925863201 8.353866610608705e-06 -1.2177070977288278e-05 3.885083449384734e-06 1.4485666237492212e-05 0.0
0.062251261657149136 0.27797957984846317 0.7628912439227764 -7.566011924516518e-05 -9.26802568301974e-05 -6.256322407618656e-05 0.00014428773047034515 0.0 -0.016846430273463643 0.27983957295136863 0.7639493467930639 1.587946518224384e-05 -3.1964627390234465e-05 1.2898085195650442e-05 3.949649826597747e-05 0.0
0.0621735123792723 0.27788426085602774 0.7628051913805028 -8.675795708292963e-05 -0.00011031250554599798 -9.398082068830344e-05 0.00015036991155345405 0.0 -0.016841952508082278 0.2797788163809422 0.7639813469890899 7.780944704578884e-06 -6.100947337188721e-05 3.1047817777860636e-05 6.900210418749758e-05 0.0
0.06212138241541893 0.27780443443416536 0.7627385032446459 -6.301359394146733e-05 -9.211965701834434e-05 -8.077456599265523e-05 0.0001154513463849865 0.0 -0.016806415951130898 0.279660723364166 0.7640230022310261 3.0476310295994493e-05 -0.00011603264231987959 4.359469482513828e-05 0.00012998706322991 0.0
0.06206701945674912 0.27773462095017176 0.7626933005811896 -4.854354130444594e-05 -6.520286283632709e-05 -4.5489816013052584e-05 9.78760651841313e-05 0.0 -0.01672321072527147 0.27940436181095196 0.764066926590383 7.884694074786029e-05 -0.0002468764953144659 4.714588510616836e-05 0.0002727659959772698 0.0
0.06200836823042542 0.27768668309652306 0.7626644667013801 -5.20882222935334e-05 -3.888990322283202e-05 -1.982160844345335e-05 8.31895595792769e-05 0.0 -0.016609003207465875 0.27889866229494825 0.764026139091643 0.0001193387333468875 -0.0004945422970837974 -2.850775775581481e-05 0.0005206470574026773 0.0
0.06194618269785212 0.2776634371328391 0.7626493271608618 -6.059566943568715e-05 -1.7673075626705522e-05 -6.514769530274705e-06 6.921432711638317e-05 0.0 -0.016367941730884166 0.2780115215830092 0.7637913429364211 0.00023399021218634396 -0.0008811314434888118 -0.0002216465366343751 0.0009487256597150278 0.0
0.0618760829844372 0.2776110896798277 0.7626131718713267 -7.206214230389522e-05 -4.4961524486563276e-05 -2.9398009743197106e-05 9.247321421366661e-05 0.0 -0.01614650532105379 0.2771811767140904 0.7636745871771499 0.00024407380403807498 -0.0009149593423677665 -0.00017353516413643732 0.0008740539333964198 0.0
0.061712312476503016 0.2775004483315474 0.7625181288143191 -0.00015645202335749932 -0.00010976798935639448 -9.502975054678527e-05 0.00021933813938534104 0.0 -0.015381986809419539 0.27472813549251207 0.762537924952913 0.000693925944730372 -0.002245277781439288 -0.000999847220765851 0.0027764398373799665 0.0
0.06155588626277976 0.27738137057883494 0.7624310400931417 -0.00017098483831900216 -0.00013255195137308777 -0.00010391793898574425 0.00021862832183236003 0.0 -0.0148478819765109 0.27259846864921317 0.7616077046245716 0.0006327740263326301 -0.002364094431558922 -0.0010806409420332473 0.002455374026161066 0.0
0.06142013634644703 0.27724833625917344 0.7623275866155729 -0.00014644412058155214 -0.00014255873475882403 -0.00010873316092734299 0.00021180753752668131 0.0 -0.014362595107798408 0.2701363744886487 0.7603761471414557 0.0005127988064277994 -0.002511358874238927 -0.0012573773824597866 0.002729496994135472 0.0
0.06134400701409287 0.277168171537426 0.7622884784145041 -7.982018885862136e-05 -8.974958874004596e-05 -4.753816288524002e-05 0.00011767730319840867 0.0 -0.014152805575920331 0.26778444982510496 0.7592376602147494 0.00020722554636712397 -0.0023530620016921555 -0.001161316170958972 0.002624582646370345 0.0
0.06129853616947948 0.2771415801230963 0.7622651477010419 -2.990148979585816e-05 -1.9140250214784137e-05 -1.01631300030601e-05 5.823722957563706e-05 0.0 -0.014165296700970798 0.2658160330192198 0.7581959157089194 -7.261032019856303e-05 -0.00191878735955138 -0.0010008316946066333 0.002254867850306535 0.0
0.061259447815186434 0.2771377273634121 0.7622128815248271 -2.0750743065792365e-05 1.5022368903354126e-05 -3.2332826397963185e-05 6.676244923207977e-05 0.0 -0.014301778709766113 0.2640617501882998 0.7568648011265796 -0.0002030318865337502 -0.0016264011958007044 -0.0012061903220304208 0.0022070772996401083 0.0
0.06123234346525146 0.27713166220017815 0.762159232938043 -2.634104831299677e-05 4.523874302973109e-06 -5.575910769201526e-05 6.123808889265533e-05 0.0 -0.014523871320989284 0.2627642493894247 0.7554575458423036 -0.00023595184965092913 -0.0012640991302138352 -0.001398407361316235 0.0019071641080473031 0.0
0.061215940771837604 0.27711895605327047 0.7621132520355801 -2.9444804874521427e-05 -1.689780512640236e-05 -5.937403650950861e-05 4.949974834831078e-05 0.0 -0.014802598256153118 0.2619336368030355 0.7540346877580826 -0.00022764342408435235 -0.0009038833671092643 -0.0015217607035277459 0.0016917362975948863 0.0
0.061203024260644896 0.277095232971902 0.7620480449734404 -1.8340280797672946e-05 -3.350459595071728e-05 -6.812761648940584e-05 6.775348037186526e-05 0.0 -0.015070127014331249 0.26146401320827917 0.7525574909764373 -0.0002580444964116658 -0.00041793748112412335 -0.0014805631677872401 0.001551831522628451 0.0
0.06120168853086001 0.2770596495481743 0.7619940398678382 -3.6908794329131706e-06 -4.472743704720669e-05 -5.7989531966531104e-05 6.747399308018175e-05 0.0 -0.015445007921539322 0.26139286165390885 0.7510107813786358 -0.0003341707240721842 -9.880853764513038e-05 -0.0015511901803896648 0.0016030724799247476 0.0
0.06120222744161977 0.2770272447679079 0.7619518973105169 4.570297696545656e-06 -3.453580447747756e-05 -3.741995017720214e-05 5.309956958270522e-05 0.0 -0.015715253910385047 0.2615298938109485 0.7502368002517601 -0.0002970462731388714 0.0001506214405109078 -0.0008608406613022962 0.0008452408635674685 0.0
0.06117840192188736 0.2769235684175263 0.7618235560704552 -1.867024349643868e-05 -9.022247296695765e-05 -0.0001122797135468049 0.0001643474961274594 0.0 -0.016164950566073342 0.26181148445562025 0.7495211913093062 -0.000424068342283534 0.0002798715178575126 -0.0006049110358200007 0.0008550699074358222 0.0
0.06119758276210731 0.2768469255065717 0.7616840551124087 8.921320013041624e-06 -8.6923942901844e-05 -0.00014965585176072226 0.0001650375509276723 0.0 -0.016207017042692305 0.2622129309886322 0.7497959259351556 -0.00011617670978674032 0.0003654394813215273 0.00022327165533895577 0.0005178698276137469 0.0
0.06118835255622926 0.2766418426731193 0.761440083340675 -2.7145066848817834e-06 -0.00018974527915167677 -0.00024067031297711903 0.00031408405972184207 0.0 -0.01598696455914293 0.2630112635898936 0.7504388248533199 0.00022213829080035342 0.0007352186220342552 0.000743992429129097 0.0010400522254152707 0.0
0.06117590354247533 0.2764482351352248 0.7612550678061483 -1.1300411731975137e-05 -0.00020968578477156016 -0.0002108395337365981 0.0002717862626904881 0.0 -0.0159006576494824 0.26340772112329763 0.7508244751457054 0.00018782693245922224 0.0004981570616382149 0.0005296511194342911 0.0005768110492477925 0.0
0.06120222131068498 0.2763698986400168 0.7611871610278572 1.9110695409037268e-05 -0.00010305206479138043 -8.350824187477424e-05 0.0001048799478260904 0.0 -0.015917528052813476 0.2636711825800133 0.7510340222590273 1.9256394585195647e-05 0.0002629775986580453 0.00016400338897666253 0.00030408688814680986 0.0
0.061238822742833966 0.2762870255134979 0.7610871909971215 3.9344375805524274e-05 -6.138875158079074e-05 -6.220579111936643e-05 0.00013019583198608479 0.0 -0.016046304971754626 0.26409392269335014 0.7513267036572825 -0.000173145137341353 0.00033473045785116447 0.0001167817218527109 0.0005365587110736797 0.0
0.061261677266714366 0.2762342725379153 0.7610269258011061 3.000359947726148e-05 -3.351824848400072e-05 -4.399789136620512e-05 9.133055765217987e-05 0.0 -0.01618113412521644 0.2645342344802424 0.751750562394265 -0.0002139800105215216 0.00041051375381739733 0.00032626596389780343 0.0006464380273589877 0.0
0.061277653590800694 0.27616961358431785 0.7609502330922423 1.6969792379218873e-05 -5.3945080447850895e-05 -7.448569912895479e-05 0.00010197468436704362 0.0 -0.016271818796775285 0.26484838997687377 0.7524119231572692 -0.00013982383863697217 0.0003632513541509499 0.0006404424450335748 0.0007393046291033232 0.0
0.06129115963639737 0.2761405234202494 0.7609162867298398 1.1312611268295598e-05 -4.04664062915797e-05 -5.324139439119905e-05 4.1448676365934994e-05 0.0 -0.01638863453045271 0.26512704880097165 0.7528290643207458 -5.989826825020532e-05 0.0003210585300122845 0.0006068647771312238 0.0004913389261859856 0.0
0.06129550976002457 0.27611947196296677 0.7608807619557607 -1.973633107625893e-06 -3.786575054725418e-05 -4.696159233551748e-05 4.115015405982899e-05 0.0 -0.0167219669305623 0.2656654338376394 0.753170959942552 -0.00026162063247617436 0.0005110773442599883 0.0003838704321235084 0.0007225321202778452 0.0
0.06128350925597478 0.27607566092656477 0.7608278258405167 -1.1586834353848988e-05 -3.782309875947188e-05 -4.322472298035995e-05 7.285421867054913e-05 0.0 -0.01718408138930719 0.26625870162220144 0.7532723559822986 -0.00047537981437754517 0.0005747836034019791 5.926957062317884e-05 0.0007758561748588708 0.0
0.06128407138432404 0.2760523491235263 0.7607949783434494 -1.242041995159516e-07 -2.1914353740589305e-05 -3.185367607385251e-05 4.050731755232039e-05 0.0 -0.017823498821783378 0.2668199170094702 0.7531571813527663 -0.0006684282616440044 0.0006038499018179997 -0.00017448697397766497 0.0008531768880932327 0.0
0.06128631994127409 0.27603654633186303 0.7607790254830914 3.520558782871689e-06 -1.9500707979776434e-05 -2.267243063867026e-05 2.114531477157609e-05 0.0 -0.01850559795335606 0.26722820963914756 0.7529484998989754 -0.0007262354618890477 0.0004578182216657024 -0.0002500720396256687 0.0008171104217138065 0.0
0.06128550112539447 0.27602757049441773 0.7607586797094644 1.5305826543308707e-06 -8.108977159437008e-06 -1.566962149926522e-05 2.0864572062300385e-05 0.0 -0.019137742334837123 0.26756753230129554 0.7526646025381387 -0.0006455507101679334 0.0003056976552432671 -0.0002768165048414783 0.0007683940412607956 0.0
0.06127918395868524 0.27603202580959063 0.7607324462008666 -3.91158426520886e-06 4.568714912981707e-06 -2.384126634017808e-05 3.0060202982775208e-05 0.0 -0.01976210893077051 0.2677533296858923 0.7522418801053407 -0.0005887996456757742 0.00014205620526081328 -0.0003770973185256852 0.0007830972381725203 0.0
0.06127403566558095 0.2760466568162241 0.7607075099223795 -6.200754579004036e-06 1.8558136315705727e-05 -2.368978481610514e-05 2.9031122941650296e-05 0.0 -0.020182414642589942 0.26776049720730694 0.7517889618113391 -0.0004138424982429395 -4.851180476624962e-06 -0.0004523532356998709 0.0006183689617678691 0.0
0.061275967623642194 0.2760627949706853 0.7606825474770217 -1.3480608368524553e-06 1.7244111696055277e-05 -2.8786809968430704e-05 2.8382438544881938e-05 0.0 -0.020551312244797112 0.2677255285094506 0.7513255071559691 -0.0003403774030288247 -3.825392221306359e-05 -0.00045776430818840924 0.0005895507228087752 0.0
0.06127466114590639 0.27607751339124864 0.760660154713588 -8.630477089596144e-07 1.3246144443615331e-05 -2.5173153727487687e-05 2.7392603855965222e-05 0.0 -0.020836668592810255 0.26761352287152046 0.7508766808472553 -0.00027314182589646647 -0.00010434586124635054 -0.0004555240669984993 0.0005446042170813635 0.0
0.06127656200347188 0.27608627595828045 0.7606435292469003 3.497481098174371e-06 9.11866914744213e-06 -1.4896467549053938e-05 1.911181440359968e-05 0.0 -0.021028401557392017 0.26723968355133504 0.7503721596813157 -0.0002042812921752154 -0.0003333086844121535 -0.0004907638985831334 0.0006575758870448666 0.0
0.06127517530834154 0.2760813857157824 0.7606248596827918 -3.1694896415478346e-07 -5.657968701066695e-06 -1.5597184154969316e-05 1.9147790710452482e-05 0.0 -0.021214324550320695 0.26684983774310334 0.7499429408490792 -0.00018615927429733623 -0.0004138671927652566 -0.00043645685221034005 0.0006119913406564751 0.0
0.06127764185944937 0.276082945984487 0.7606159603900821 9.342425889081521e-07 -2.719577349125941e-06 -1.0237634422817795e-05 9.668359509396333e-06 0.0 -0.021279839554598567 0.2665860764411614 0.749711948261363 -9.014335897720397e-05 -0.00029884865407168564 -0.0002553397524875116 0.0003521244743015964 0.0
0.061279260222800405 0.27608544077950115 0.7606087509620191 1.1348863394301077e-06 2.45889325295949e-06 -6.975150132771487e-06 7.4943157951139185e-06 0.0 -0.021284400018901254 0.26627229166958627 0.7495783248818438 -9.228067517244413e-06 -0.0002890378507590389 -0.00012011611686413309 0.0003350937214727026 0.0
0.06128096035391274 0.27608355870835183 0.7606050997509909 2.049639659160898e-06 1.0256925710297686e-06 -3.397066654770189e-06 4.515584205157283e-06 0.0 -0.02116940592072089 0.2658442837479989 0.7495772505891295 0.00011910553140517398 -0.0003850445642263452 1.968288467763137e-05 0.000451501316070543 0.0
0.06128158249282711 0.2760796098995236 0.760605290177159 1.223962518960893e-06 -2.258705260779299e-06 -1.110060401509567e-08 4.0623225597953e-06 0.0 -0.021056625742470237 0.2655997154816243 0.7496244048058286 0.00013114006260229495 -0.0002696684276963798 6.820541283356199e-05 0.00028256153613062 0.0
0.061281408005594826 0.2760763001698986 0.7606070738601498 -5.171694478832151e-07 -3.6083703232075985e-06 1.9539945116723277e-06 3.7888680654457934e-06 0.0 -0.020943298597491958 0.2655013031489204 0.7496887068724097 0.00012091508527914505 -0.00011979448180502245 6.149453481251263e-05 0.0001468180120469206 0.0
0.06127647182972105 0.2760647983135754 0.7605972459903616 -4.51932393413431e-06 -1.1458093417429763e-05 -8.108264424464883e-06 1.5650369374100335e-05 0.0 -0.020854834841056415 0.26550647046466136 0.7497661350550995 8.186243208565695e-05 8.156863600200379e-06 5.227182892256693e-05 0.00011753632940037948 0.0
0.06126271935060089 0.27601645520429374 0.7605709091521518 -1.3477360377138348e-05 -4.493182040431619e-05 -2.6171472428120377e-05 5.6891505980859636e-05 0.0 -0.02077356852438988 0.26561476798134137 0.7499378255718904 6.161904604730102e-05 0.00013860310378430152 0.00014471569439770352 0.00022873453478076044 0.0
0.06125770938710827 0.27596005591237366 0.7605387854033465 -7.6986180035167e-06 -6.043045371975893e-05 -3.5046416440097185e-05 6.590985425177287e-05 0.0 -0.02064870166526483 0.2657021460105263 0.7501693213378565 0.00011190022461901098 0.00012060346237958503 0.00023455767222620963 0.0002781322763162862 0.0
0.061278298236547527 0.27594282798708575 0.7605339429986703 1.7246108851635364e-05 -2.8132099516985582e-05 -1.193034808916037e-05 2.657527474639169e-05 0.0 -0.020536851654761528 0.26572647399981625 0.7503279556095287 0.00012223792963519676 1.0439996436389075e-05 0.00018842346919437764 0.00018935967731183775 0.0
0.06131683547995361 0.2759173329603768 0.7605230544924774 4.120079141276683e-05 -1.9365022031444362e-05 -5.753436924734483e-06 4.5588150781332405e-05 0.0 -0.02026960300834243 0.2657152144755677 0.7505655968796091 0.00025940352904155753 -5.031135418058524e-05 0.0002295468609549246 0.0003528643614830232 0.0
0.06135710801238559 0.2758898622558475 0.76050187742371 4.683436911993404e-05 -1.967100106333414e-05 -1.4458346760148716e-05 5.5872250771167215e-05 0.0 -0.01998142050891997 0.26560426174178575 0.7506872405697456 0.00030837247746168646 -0.00011682735728140223 0.00013386269851551762 0.00034227377175699 0.0
0.06140686944646121 0.2758754436504982 0.7604770705204069 5.0839005238629604e-05 -1.3336297203480768e-05 -2.422456137431875e-05 5.773414802094723e-05 0.0 -0.019700357131916844 0.2655470957812111 0.7508141349113379 0.00030084710951158917 -8.136954092390888e-05 0.00010639847618704269 0.00031148744222363894 0.0
0.06146094077190556 0.27586543943594616 0.7604350141528144 5.1644478352232955e-05 -1.2057957040511376e-05 -4.39857588770726e-05 6.727552800892706e-05 0.0 -0.019444519979704603 0.2654014670674068 0.7508742182904156 0.0002564695375120497 -0.00012368095683054278 5.737649343109731e-05 0.000295079304507562 0.0
0.061492998027815694 0.275865058628282 0.7604089878781123 3.2259485929572795e-05 -4.868403725589467e-06 -3.421177840732797e-05 4.197105596073825e-05 0.0 -0.01930719221377911 0.26523251631966355 0.7508631801287401 0.0001357632819398578 -0.0001551725650827807 -4.289904450069905e-06 0.00022169538743757356 0.0
0.06152019616528866 0.27586449811045255 0.7603871058394309 2.386475394359484e-05 1.3267215279626286e-06 -2.1491829759910495e-05 3.4825611393466913e-05 0.0 -0.01919432495673166 0.2650726866164954 0.7507406503643372 8.36938152731705e-05 -0.00016368441026789983 -0.0001165917564250169 0.00023169378793257896 0.0
0.06153903246745672 0.2758686220896941 0.7603666696555793 1.72716029990539e-05 6.44883638251933e-06 -1.4856188540809658e-05 2.8126411229261928e-05 0.0 -0.019165087460325823 0.2648648259550528 0.7505602755853586 1.949414022123839e-05 -0.00020253077463620444 -0.00019246392872842823 0.00027476371704510404 0.0
0.06155357320115821 0.27587066481376166 0.7603504208456026 1.3373836475710562e-05 8.252651536663029e-07 -1.4559627077741412e-05 2.259162773848981e-05 0.0 -0.01920837437570218 0.26447031679344574 0.7501610740687328 -3.4105463530592476e-05 -0.00037215802467446775 -0.00037759612007431877 0.0005635155925117555 0.0
0.06155713016681932 0.27586615168934236 0.7603310802553894 5.125536321729333e-06 -4.860233023902543e-06 -1.8715916934137694e-05 1.9679389583975735e-05 0.0 -0.019296312481906188 0.26399497533454597 0.7498470162913199 -8.739775901129377e-05 -0.0004935573628888693 -0.00035977058582305286 0.0005822961848544067 0.0
0.06155729008324679 0.2758621916766115 0.7603314169263204 1.636787407130088e-06 -5.1978255751122214e-06 -4.292080892107231e-06 3.71300627335494e-06 0.0 -0.01922516613341829 0.2636073966796339 0.7498582850371079 4.6293110565459334e-05 -0.00042805677965897736 -3.157363818738657e-05 0.0003868309235288836 0.0
0.061555966517757285 0.27586472894329545 0.7603265575785518 -1.1965277735847638e-06 7.074254367563214e-07 -3.6064447948216266e-06 5.669844228979052e-06 0.0 -0.019115117890927492 0.263395527698069 0.7498850815786422 0.00013087127075485467 -0.0002365858679681189 9.23155457140655e-05 0.00023481332385966294 0.0
0.061550558471161504 0.2758620841500196 0.7603195473095098 -5.808787368635314e-06 -4.805258736883592e-07 -4.476298076053392e-06 9.50260501790221e-06 0.0 -0.018953840147836618 0.2631657307076797 0.7498452789382034 0.00018488086754165706 -0.00017218263642915541 3.249415303538371e-05 0.00028973958666461024 0.0
0.06153270140109003 0.275810714528489 0.7602935195574377 -1.5724101940408514e-05 -4.3699343007116616e-05 -2.4093579397649865e-05 6.007258761927999e-05 0.0 -0.01849394997383439 0.2631063904549791 0.7500475988469097 0.00043938965203920517 -3.923585798952731e-05 0.00016539849552141942 0.0005141595755246363 0.0
0.06151415391967568 0.2757360709060311 0.7602412522376693 -1.9945908347042795e-05 -7.797290464220576e-05 -5.2954568134018e-05 9.391352958229075e-05 0.0 -0.018090699537935472 0.2632367376135626 0.7503433360655418 0.00044411408323143207 0.00012331374136896072 0.00026949845539254953 0.0005146136439918639 0.0
0.06155101362156167 0.2756328499802564 0.7601989270224475 2.7668640900300936e-05 -0.00010909888701978807 -5.07361343369396e-05 0.00011662329923729138 0.0 -0.017579142839803896 0.2632488651371676 0.7506583225391447 0.0005017507217308881 3.999843269662863e-05 0.0003075036815406478 0.0005896330785993746 0.0
0.061576206045111125 0.27562469449500643 0.7601711132777098 3.4357876751090534e-05 -2.9050105968145027e-05 -3.138993866215338e-05 3.878108674699234e-05 0.0 -0.017437697133938584 0.26322932594090614 0.750694515621753 0.0001892774166111016 -2.9732284563484463e-05 9.704082897154853e-05 0.00015484929895561805 0.0
0.0615925102758111 0.2756702930094051 0.760090021482675 2.3905086066687152e-05 5.285072681078416e-05 -6.693208765159763e-05 9.12989428975523e-05 0.0 -0.017258827853967415 0.2631650034835314 0.7505968271943361 0.00011341779636328855 -8.623288815756718e-05 -0.00010895840430390962 0.0002031629615749185 0.0
0.06161567079320223 0.27574650464964395 0.7599672149913974 2.0650668577466617e-05 9.806426648245882e-05 -0.00011891413838909492 0.00015100677496089631 0.0 -0.016784901320050807 0.2628002074632707 0.750429210175771 0.0003728672015650766 -0.000352611555938276 -0.0002391869835716809 0.0006325847491076265 0.0
0.061630742318241366 0.27575886977991315 0.7599344291536085 1.0970336155549495e-05 3.707821152025437e-05 -5.6351426650929047e-05 3.990117735528714e-05 0.0 -0.01659636343029152 0.2625879238201744 0.7503822153750095 0.00027106638287881994 -0.00029125702774556453 -0.00010756657200044124 0.0003051597490116901 0.0
0.061644372596063736 0.2757643729657741 0.7599121926872515 8.671642577313859e-06 -8.099030699703638e-06 -1.9357106709625234e-05 1.9059916973608103e-05 0.0 -0.01645674972599417 0.2623794534251935 0.7502739199157031 0.00018742536036194546 -0.0002001007788375116 -5.127409634268557e-05 0.00024095269235810293 0.0
0.061655551329846604 0.27577296680868785 0.7598993208123881 1.1601313836080522e-05 -1.5438583397620154e-05 -2.242496018509269e-07 2.174587617538801e-05 0.0 -0.016397381312737425 0.2622804967976675 0.750237145292314 5.435057570827461e-05 -7.386144976834143e-05 2.9901414074435585e-06 0.00012304581330698736 0.0
0.06166218104937226 0.27575107785896213 0.7598797311134663 1.0971884508591011e-05 -2.8623553062573305e-05 -6.844605435816699e-06 3.4937236630904224e-05 0.0 -0.0163090395219742 0.26222121997412035 0.7502342444366633 4.8137505816061145e-05 -2.5591215900087162e-05 1.7697933625226774e-05 0.00012614087515186087 0.0
0.061668580297107534 0.27573320427528397 0.7598728438339972 4.86827270933038e-06 -1.3177440201344397e-05 -1.1325699496949842e-05 1.7242904851711796e-05 0.0 -0.01624214386812583 0.2623059364134326 0.7503124593392558 3.6872539720581184e-05 9.49037491978205e-05 5.72345722602505e-05 0.00012881570750071048 0.0
0.06167651733247323 0.2757239508278549 0.7598716656127374 7.304254724317658e-06 -3.6799053421473306e-06 -1.3492046627600929e-05 9.778128660620257e-06 0.0 -0.016149788725037074 0.2624275027246082 0.750432439818343 0.00011929175920262597 0.00012718474783484607 0.00011549817348090284 0.00018517272285573363 0.0
0.061678270133922984 0.27571397333644343 0.7598639093180514 3.7372535776434446e-06 -5.0170581502378085e-06 -1.0148217081901322e-05 1.5016917579842098e-05 0.0 -0.01603847440647837 0.26257007990702025 0.7506051036125251 0.0001451220504789683 0.00012918217943822793 0.00017386012555910908 0.00025704563313425934 0.0
0.0616750586532374 0.2756875737763611 0.7598453724001534 -3.1185771294243623e-06 -2.5089665380016916e-05 -1.1232688690091016e-05 3.227742248491339e-05 0.0 -0.015914079821190773 0.26269795017574615 0.7508068457608823 0.00011328821651413601 0.0001345700535785159 0.00020970943240855737 0.0002650030644621367 0.0
0.061668340445205236 0.2756385261107313 0.7598168989829407 -7.316575568360136e-06 -4.6365255933831834e-05 -2.9282861310627484e-05 5.754828431367511e-05 0.0 -0.015750540207516414 0.2629150560832941 0.7511187464065159 0.0001588187477138701 0.000187419605401784 0.0002913102072311192 0.00041417599164574693 0.0
0.061672971205356426 0.27562739498149696 0.7598136715679038 1.6819848014652443e-06 -2.230862357688941e-05 -1.045323154046814e-05 1.2538908521111313e-05 0.0 -0.015637684712665332 0.26301922581223586 0.7512296502185581 0.00012081267339620133 0.00012187933334037961 0.00015197406409570078 0.0001959227482363732 0.0
0.06167741670997868 0.27562019026696827 0.7598025120407346 5.754633838138381e-06 -8.056990365428123e-06 -8.196400324493306e-06 1.1782231015154787e-05 0.0 -0.01551168191285517 0.2631101055158546 0.7513316873472065 0.00011994817561577248 8.36958672247646e-05 8.12092544682394e-05 0.000175186894198775 0.0
0.061676825671615164 0.27560589965776566 0.7597857618133108 2.4523070596597655e-06 -6.381788919552982e-06 -1.1602667751800087e-05 2.3625960553266134e-05 0.0 -0.015403376223517427 0.2631727096867585 0.7513830203088919 0.00010183775966832634 6.02701336353059e-05 3.076682506572849e-05 0.00014056956725438957 0.0
0.06167897125424436 0.27560728981457483 0.7597723417613595 1.9651833425322155e-06 2.815210269360857e-06 -1.3289567326369865e-05 1.5167552948177374e-05 0.0 -0.015331464756143928 0.26319901156131964 0.7514315943319012 7.301002104588573e-05 2.1444037111633028e-05 3.0482211499824928e-05 9.496129819581032e-05 0.0
0.061680797984056526 0.27560497201168627 0.7597663862477615 5.482711727713077e-07 -1.7082139288810707e-06 -8.96582571832131e-06 4.959334627506556e-06 0.0 -0.015259371273636276 0.26310397267629987 0.751419611261539 6.703341311818537e-05 -8.265181468487618e-05 1.7338391378383223e-06 0.00011584560635181985 0.0
0.06168165815441036 0.2755991715073209 0.7597640320307051 -4.699446030572756e-08 -8.66795242608938e-06 -3.64013001123806e-06 5.491921305908129e-06 0.0 -0.015181762654714374 0.26286891519570865 0.7513254448277997 7.63849199522141e-05 -0.00022728259222261018 -7.142075544856201e-05 0.0002613164800376243 0.0
0.06167941916117524 0.2755844903971843 0.7597568208261944 -1.8639391841381832e-06 -1.6064370861480364e-05 -4.838535315850868e-06 1.8023533444637875e-05 0.0 -0.015121870773206276 0.26250041932868795 0.7510373900176335 6.689266920863623e-05 -0.0003729053253061263 -0.00026436360784324085 0.0004784802009955241 0.0
0.06167625716035066 0.275577410336893 0.7597419429812653 -2.57349139773947e-06 -7.972990577487567e-06 -1.197330401601061e-05 1.673463788975351e-05 0.0 -0.015130760298151517 0.2622825000197933 0.7508380438423269 2.011099914504572e-07 -0.00027703542135965834 -0.0002585330613624663 0.00029612712231081006 0.0
0.06167539428064195 0.27558692230561177 0.7597226281736007 -1.8762122767924349e-06 6.424843094797416e-06 -2.1845977827391454e-05 2.0807498917674155e-05 0.0 -0.015167758046070078 0.2618769914041093 0.750416187345529 -4.0496609646127675e-05 -0.00036018443052815983 -0.0003957061276724336 0.0005712108342936724 0.0
0.06166742518247048 0.275580470130613 0.7596932505272284 -7.0178360339687614e-06 -9.326503707780817e-07 -3.094628286443975e-05 3.121370569620752e-05 0.0 -0.0152307135507568 0.2615237422341836 0.7500698090385356 -7.299836650076781e-05 -0.0003467881201726044 -0.00036834640456056465 0.0005161904753570681 0.0
0.061660851603639905 0.2755638910997722 0.7596519726729523 -6.930833059557063e-06 -1.3123218670329158e-05 -4.128161665906696e-05 4.532455120211061e-05 0.0 -0.015304011842947123 0.26111726289037657 0.7497006720445445 -8.037945790013713e-05 -0.00039078115676994656 -0.00035670181623139656 0.0005490602584385467 0.0
0.06166252340329773 0.275553831439731 0.7596129109009652 1.946428974900762e-07 -1.4459396512580597e-05 -4.064782253665028e-05 4.057932648254537e-05 0.0 -0.015327180653300033 0.26070333843972504 0.7495386679294985 -2.704621022829526e-05 -0.00042278796435032246 -0.0001792550469819563 0.0004421699088581948 0.0
0.06166737575142722 0.275548123811773 0.7595940943944851 5.575601442298571e-06 -8.984552628081663e-06 -2.140451222011929e-05 1.9656997576235274e-05 0.0 -0.015281497616171246 0.2603118426609136 0.7495523335535842 5.1158822867072834e-05 -0.0004073601427787104 2.3667641518887683e-05 0.00039247229115224705 0.0
0.06166970154070239 0.2755335526469085 0.7595648731249697 4.359494154093572e-06 -1.2673850141547641e-05 -2.3566124785236724e-05 3.227351516380918e-05 0.0 -0.01517033276181568 0.25987238941933605 0.7495109200154275 0.0001220748772631199 -0.00042905538209776436 1.508586671109941e-05 0.00046142538936381073 0.0
0.061672271910765 0.2755131863202267 0.7595362049114271 2.9946806134149053e-06 -1.7530958503085167e-05 -2.626445981244711e-05 3.6620778292464735e-05 0.0 -0.015041886117771363 0.2594667022138515 0.7494646261193226 0.00014232912719137387 -0.0004018955201832258 -2.8372190552267682e-05 0.00042622661948064916 0.0
0.061680461375757466 0.27550415121314037 0.7595216023212936 6.481081977965428e-06 -1.0869006788213987e-05 -1.7106346400572237e-05 1.8969249513139012e-05 0.0 -0.01491827156135325 0.2590832920683362 0.7494046733026964 0.00012933673860075317 -0.00039587429656794744 -9.864441499644067e-05 0.0004071875039228487 1.0
0.061682310833671664 0.27550660014336487 0.7595056941648141 2.015013533816802e-06 -2.8991993659947303e-07 -1.6300666226727425e-05 1.4740527124097607e-05 0.0 -0.014827237789852397 0.25881748341390753 0.7493548242177198 8.450518326443224e-05 -0.0002723253755730828 -8.303452914664437e-05 0.00028195783918352833 1.0
0.06168477108760578 0.2755083856768562 0.7594913126408135 2.1143473293256574e-06 4.505077869900512e-06 -1.4835517561204651e-05 1.5380364809566736e-05 0.0 -0.01474163831633003 0.2586650215685581 0.7494058637811866 6.772505084159818e-05 -0.00015052767084697998 2.18814345647065e-05 0.00018368812221935963 1.0
0.061684783267743466 0.2755135685706514 0.7594787226964435 4.345942390862813e-07 7.75026451479162e-06 -1.1937857321507329e-05 1.4416051668484689e-05 0.0 -0.014628868096355578 0.25857489641711584 0.7494059641688171 9.953529090480792e-05 -6.811971784876454e-05 4.111786656900738e-05 0.00014551760708183398 1.0
0.06168524146392829 0.27551912197001827 0.7594656756024941 -1.5968653103929903e-07 5.794999840985686e-06 -1.233643429445678e-05 1.3467450408054615e-05 0.0 -0.014613977766076697 0.2584878997845241 0.7494161383700402 3.499064469208783e-05 -6.79092946035699e-05 2.8437865583750006e-05 9.031220710609453e-05 1.0
0.06168527852315648 0.27551858802305956 0.7594614197224521 -2.5262791258398936e-07 -1.851206135243362e-06 -7.24785018379576e-06 4.267871580534235e-06 0.0 -0.014620767150812987 0.2584449027516418 0.7494365400318597 -6.415109022256994e-06 -5.766905348935248e-05 1.068349771856631e-05 4.6948694625585294e-05 1.0
0.06168476863725898 0.2755159517672954 0.7594609514498553 4.3340133206389605e-08 -4.662796935262848e-06 6.082708724918271e-08 2.709427748230632e-06 0.0 -0.014615213503883137 0.25843847179124196 0.749454215110862 -6.395209316372756e-06 -2.3833363444536525e-05 1.0430708951272898e-05 1.7372087477625874e-05 1.0
0.06168036670142073 0.27550820818709276 0.759451508652042 -3.3515621462624057e-06 -7.619833832154019e-06 -5.866379173089402e-06 1.3034030727519085e-05 0.0 -0.014671439658875933 0.2585002379820694 0.7494960992662483 -5.036058706014545e-05 4.704241805881534e-05 3.370606315981319e-05 9.427333192242165e-05 1.0
0.06168133032531264 0.2755067597530597 0.7594478696228236 -6.842771457192648e-07 -2.83955958000112e-06 -5.4988301414044995e-06 4.629338713959952e-06 0.0 -0.014820667459239354 0.25867318361291347 0.7495337527459017 -0.00013913716116125525 0.00017251853529302955 4.4755128836548906e-05 0.00023363586772751354 1.0
0.061674546608932033 0.2754925779567749 0.7594388060122857 -5.335476634444633e-06 -1.167147654757793e-05 -9.23137957854492e-06 1.7217116049861186e-05 0.0 -0.014931210775234608 0.2587692655012977 0.749527472083547 -0.00012644369810959423 0.00013404055779842427 8.070910288706035e-06 0.0001485931561073441 1.0
0.061676468814608844 0.2754823065333586 0.7594324878060161 1.5625870975685605e-07 -1.088104589019029e-05 -7.782304858202614e-06 1.27305215500714e-05 0.0 -0.015138543696720418 0.2589455853864021 0.7495369318494179 -0.00019568925705574928 0.00016463166510897692 -3.877285003055075e-06 0.00026320169983504594 1.0
0.06167796628786225 0.27548122561164257 0.7594285438160852 2.2889407720505915e-06 -2.6279375356566057e-06 -4.198609585934115e-06 4.347290698469002e-06 0.0 -0.015292981882553309 0.2590480454722199 0.7495034127324285 -0.00017312420143022323 0.00010518771464033279 -3.188469836766333e-05 0.00019611503078464007 1.0
0.06167387022742213 0.27546091155597563 0.7594123960840016 -2.4680636644113442e-06 -1.633773382365258e-05 -1.2881833400787748e-05 2.56767015364768e-05 0.0 -0.015512684865947438 0.25913918290990695 0.7494635984795412 -0.0002023121734145466 7.845438363401857e-05 -4.415944599467827e-05 0.00023932994128159633 1.0
0.06167262934647854 0.2754475840450682 0.7594070313688421 -2.2699649314626793e-06 -1.543311064483408e-05 -8.003593332731403e-06 1.557264078296027e-05 0.0 -0.015610280042865587 0.2591664905388769 0.749427065674499 -0.00011124612798964746 2.455719194884195e-05 -3.9155335983232386e-05 0.00010933526322218692 1.0
0.06167747274093442 0.27542374270953535 0.7593991899931918 3.292213725144475e-06 -2.3320446126902036e-05 -7.895135990446915e-06 2.4750280192822942e-05 0.0 -0.01606038824880167 0.2593292748499156 0.7494422875183948 -0.0003890475670654393 0.00013661935832817346 1.1921552869407648e-05 0.0004702036309833979 1.0
0.06166288263604722 0.275412666580741 0.7593980308651682 -1.0930644765671767e-05 -1.413851654851409e-05 -1.1475536249477208e-06 1.8292038484770296e-05 0.0 -0.016303018659721554 0.2594524893596014 0.7496208385777388 -0.00030999626983089406 0.00014828934917038408 0.00016579145274383338 0.0003444036963429927 1.0
0.06162486676564518 0.27539862335409704 0.7593904456819087 -3.680243482339647e-05 -1.311973017573554e-05 -5.549379491735188e-06 4.124339101797914e-05 0.0 -0.016504894314899588 0.2597906312501275 0.7501168800706796 -0.00021619002129047711 0.0003200723699901283 0.000481728214958125 0.000613012246076585 1.0
0.06157057770614945 0.2754079748395896 0.7593641615836856 -5.678730886355311e-05 8.467834504281158e-06 -2.3439278543293262e-05 6.173952387551202e-05 0.0 -0.016320216712880566 0.26004912623167514 0.7509125156571901 0.00014838008146853663 0.0003086071060848614 0.0008197849240728778 0.0008650271444801097 1.0
0.06143509906006658 0.27544267829653035 0.7593372458891785 -0.00012992424515968282 3.523179391132188e-05 -3.071356395882667e-05 0.00014133210021153965 0.0 -0.015202695764541382 0.26007085509881595 0.7528144143244733 0.001070552976330983 5.837815642403428e-05 0.0018183293487695337 0.0021989021197933176 1.0
0.06138782938386087 0.275431611288783 0.7593488487715542 -7.240831216008317e-05 1.912723548057734e-07 2.445822778574311e-06 5.2904474696111887e-05 0.0 -0.014067232788375236 0.25936355439178543 0.7536619258866155 0.0013190348272962516 -0.000656216516380809 0.0011693411535263108 0.001626145301850601 1.0
0.061304484851355145 0.27541542490154186 0.759354949005727 -7.157348308923748e-05 -1.9152598123983368e-05 1.301306289233258e-05 7.922609240856668e-05 0.0 -0.01183918058216777 0.2575744530069385 0.7551205016552159 0.0021787818429990662 -0.0017897367533350802 0.0013131482660898852 0.0031262756399655666 1.0
0.06124787579232282 0.27540467013304837 0.7593485598032867 -5.0563836402890066e-05 -2.0524163032245177e-05 1.3092199948056145e-06 6.21354966600253e-05 0.0 -0.01090439032362022 0.25674937102042206 0.7556826060094701 0.0012084910636702751 -0.0012050764675975993 0.0005933977483167141 0.0014548857490222656 1.0
0.06110799397011862 0.27541367379729437 0.7593413579472623 -0.0001209750213085012 2.8581636696899755e-06 -7.225394923281452e-06 0.00014026486297326834 0.0 -0.007870378570276376 0.2540182060799294 0.7576950200088292 0.0025810150154026877 -0.002432623263536531 0.0016351507180523768 0.004445576047696822 1.0
0.06094026842680832 0.275392475625834 0.7592863751008686 -0.0001744534476169704 -1.2064583326110493e-05 -5.356449105474788e-05 0.00017887485885374784 0.0 -0.005662805559569862 0.2512575329640585 0.758844070653982 0.002377085754320897 -0.0028053954830258776 0.0013822801419116197 0.0038609082366082128 1.0
0.06074045667204339 0.27524540994141145 0.7591337187041922 -0.00021437547246640123 -0.00012511780274984013 -0.0001500166004218767 0.00028767425688171503 0.0 -0.0033151304474192816 0.2474214640597115 0.7597254533904547 0.002382395660167354 -0.003757825054295475 0.0010232492128995421 0.004477986022421796 1.0
0.06063788019114899 0.27515332370265233 0.7591164311062413 -0.0001300220069385716 -0.00011909487853381436 -5.4832807628441676e-05 0.00014416356084855303 0.0 -0.0016606098609552409 0.24469126384006576 0.7599718824141117 0.0017562008260919423 -0.00304090832510358 0.0003085354332425434 0.003225961767968781 1.0
0.06061355429246028 0.27512943952862906 0.7591095168263158 -1.37892886020603e-05 -4.648529684415084e-05 2.9110294135447265e-06 2.7189025567068292e-05 0.0 -0.00103369506745947 0.24395931710212013 0.7598751630785741 0.0006081563288472193 -0.0009434716971402663 -0.0003015032534581484 0.0009464134081478485 1.0
0.0605734759114766 0.27506350909312444 0.7590665958712558 -7.718228656573096e-06 -4.314302877230568e-05 -1.5799145123425656e-05 9.01439446741721e-05 0.0 -0.0002339113732564265 0.2433921565618672 0.7593423763535746 0.000520610378736603 -8.410334617552941e-05 -0.0005977076733689901 0.0011335859036656255 1.0
0.060545417822276265 0.27501716566161244 0.7589952265452775 -1.4320931423523248e-05 -3.241973356547481e-05 -5.883254799404918e-05 9.734490085485009e-05 0.0 0.0012906028094246203 0.24357138282008664 0.7583873335782261 0.001271662090740779 0.0005270544176786899 -0.0009738050706764689 0.0018227422455376727 1.0
0.060536541441140936 0.27500925036419055 0.7589630363926173 -2.3327863946670954e-05 -7.529716498347053e-06 -4.911975409079439e-05 3.1765233580564184e-05 0.0 0.002666241197508313 0.24376350968541366 0.7579995218388456 0.0017271876385476692 0.00017858052677086924 -0.00038727135977020734 0.0015053229544520234 1.0
0.06048718316275431 0.27497587213856156 0.7589380541176814 -5.70619002567829e-05 -3.4031357048215877e-05 -3.955050469108813e-05 5.5891793723605176e-05 0.0 0.003433844811790982 0.24412811761846304 0.7575294445070522 0.001016963827803637 0.00015909534917339 -0.00039883568259667726 0.0008519740922451084 1.0
0.06045096304609026 0.2749529093947823 0.7588906499819303 -5.0410237695398954e-05 -3.521137405607913e-05 -4.440834804758607e-05 7.084625348987458e-05 0.0 0.0036832683549798263 0.2441578993892362 0.7574833710490916 0.00031328239059365054 -0.0001807625505732672 9.413612687289357e-06 0.00026734930726282505 1.0
0.06043203956518653 0.2749328772712784 0.7588193743219467 -1.7994343065866423e-05 -1.6819797283047717e-05 -5.487067505373944e-05 7.76534978759267e-05 0.0 0.004340095558504704 0.24412370909232767 0.7576404903528678 0.0003320043760992766 -7.641165211997886e-05 0.0002149733622426402 0.000722174191056019 1.0
0.06043366500033244 0.2749545852759001 0.7587462316889821 5.613461163284157e-06 1.7455248502324012e-05 -7.885054576849707e-05 7.326245911725004e-05 0.0 0.005439038237087524 0.24370553548755094 0.7576972251856658 0.0009044686588288435 -0.00034290446397587616 0.00011802151712662754 0.0011926441269993339 1.0
0.06042167173503684 0.27495138886969456 0.7586728868080056 -4.36376736803958e-06 2.233829161470465e-06 -8.294938860038112e-05 7.456897615235893e-05 0.0 0.006059458565033619 0.2434948793838584 0.757303590473186 0.0008737063927523179 -0.0003147974635471694 -0.00039016805073081395 0.0007522712777640189 1.0
0.060350816260143596 0.2749097522712346 0.7586194925290002 -5.882466605527959e-05 -3.2298311706809806e-05 -5.7494637565642806e-05 9.901534187896986e-05 0.0 0.006674682526698801 0.24317751444169713 0.7563446946069917 0.0007570092620460987 -0.00025206916546927907 -0.0010214695940206978 0.001136645925830976 1.0
0.06028768241480487 0.2748712236498688 0.7585794941261155 -7.520210268284556e-05 -4.566177644754691e-05 -3.219005958476826e-05 8.43073243012596e-05 0.0 0.006851480941889251 0.24280477854669869 0.7560300995047389 0.00018574621542795226 -0.00031941784584874414 -0.0005563141756513641 0.0005557768603013092 1.0
0.06016386590556875 0.27480682971543735 0.7585376826396149 -0.00012771355787871103 -7.092271180240888e-05 -3.4166474987764464e-05 0.00014430742171688988 0.0 0.007165541028000723 0.2422677144292465 0.7557249522008432 0.00011703268204106706 -0.0004782894939240186 -0.00030333245504658994 0.0006891259571991609 1.0
0.06005807976433542 0.274705629116607 0.7584725955817542 -0.0001158570941234686 -0.00010010028629718779 -6.158436261493898e-05 0.0001619230256412448 0.0 0.007455717886715603 0.24220534532040025 0.7553824538967773 0.00022237806821958598 -0.00016643370961470338 -0.00017978706317626765 0.0004575822637007601 1.0
0.05989926621223891 0.27460707811821977 0.7584281764692593 -0.00014851584844015217 -0.00010172166326641766 -5.431744703862478e-05 0.000191206367652482 0.0 0.0077461497893336435 0.24211493169911505 0.7548884478483007 0.00037197112334944055 -4.904679809590167e-05 -0.000369006269752185 0.0005719316367913878 1.0
0.059793121212540525 0.27457358687979544 0.7584464091867416 -0.00011266674451098634 -4.036342995883108e-05 6.312857820029775e-06 0.00011334459409527092 0.0 0.007971809266881959 0.24184226336258904 0.7543838139968354 0.00030838385863623825 -0.0002078339889695521 -0.0005388177850568225 0.0006260104865567383 1.0
0.05969366455872395 0.27452897700408363 0.7584340893868413 -9.4935698498764e-05 -3.281979382261928e-05 2.0970156232534e-06 0.00010679852374551125 0.0 0.008167731301254597 0.24133322841609095 0.7537479486734747 0.00018459461590929183 -0.0004690586202289346 -0.0007227411242915045 0.0008220241841077108 1.0
0.059557925809321954 0.2744196128966262 0.7583550214839941 -0.00012364054358752864 -9.094517901021022e-05 -6.279905042203733e-05 0.0001939481001707521 0.0 0.008139896028299792 0.2408708866411589 0.7533855319857558 -1.4495333681303294e-05 -0.0005596628407526154 -0.00046487179039581526 0.0006079780422357921 1.0
0.05936619746231706 0.2742832838913174 0.7581917027683532 -0.00018379023957712466 -0.00013943445574963182 -0.0001633443663512634 0.0002886768510226295 0.0 0.008304530885384274 0.24055092852654036 0.7529108612164686 7.193162187190099e-05 -0.0004050004285078264 -0.00037340363162401905 0.0005727229859182248 1.0
0.05917271096237445 0.27423693105801816 0.7579746379406463 -0.00020999361773490357 -7.835142450848341e-05 -0.00023693691899567167 0.00029361200829981023 0.0 0.009200430893441825 0.2408035486294741 0.7521915190224476 0.0008083965067781599 0.00020014833263862404 -0.0006516863157655477 0.0011844867453119751 1.0
0.059106086834756794 0.27422662767618955 0.757878396800639 -9.518508340097736e-05 -1.3478846899171582e-05 -0.00013591263201223505 0.00011420769699815991 0.0 0.009490592099568988 0.24084255215853861 0.7520478067755442 0.0005094627018811949 0.00023934527152168363 -0.00026153531728285724 0.0003568610748718627 1.0
0.05883613808328097 0.2740167958222735 0.7574436614187623 -0.00022505982793841813 -0.0001591838917103434 -0.0003666219774350518 0.0005456550706482248 0.0 0.011373790391398212 0.24094156329957464 0.7507730599321478 0.0016846157652811672 0.0001468212832853203 -0.0010865916349909104 0.0022089853518151583 1.0
0.05875525246624262 0.2739633335606871 0.7573374713509825 -0.00010895272197410056 -8.637105310956012e-05 -0.00016740788558022938 0.00016957986606556152 0.0 0.011535314411830411 0.24077969549630704 0.7506854814536319 0.0005554129945686023 -0.00017007078288586234 -0.00035971177376343687 0.0003399031089049477 1.0
0.0585963446779237 0.27387391895931545 0.7571537649860356 -0.00013969436341611203 -9.226321058508434e-05 -0.0001562539966613392 0.0002326049626703651 0.0 0.011694110735994469 0.24014596156068976 0.750200004753654 2.4989967119681323e-05 -0.0006788046867875748 -0.00037801429928408946 0.0007135661488231517 1.0
0.058473936944057975 0.27375590377699355 0.757012218545509 -0.00012905901258292857 -0.00011586401920496948 -0.000128613182158862 0.00022719880642732858 0.0 0.011543964668788457 0.23977760300408324 0.7496377298023262 -0.00034470762223684644 -0.0005350061802750944 -0.0004734023389378464 0.0007310149544362249 1.0
0.05836735671406125 0.2736470248492487 0.7569254834480625 -0.00011010405942775273 -0.00010652703932286901 -8.354610772128085e-05 0.0001848034315755411 0.0 0.011842428531525373 0.23993358982642085 0.749333643481402 0.0001074727147748621 8.041727157455901e-05 -0.0003546626876308927 0.00048367504320315365 1.0
0.05829080040913638 0.2735834594672379 0.75689896936561 -7.424888352592322e-05 -6.222674945711217e-05 -2.628501614914021e-05 0.00010024170522586262 0.0 0.012095061046418918 0.24001455953952952 0.7490489461534465 0.00035462442118206546 0.0002587988592730739 -0.00028845407470144485 0.00037196682394436916 1.0
0.05816971547788677 0.27352139561165817 0.7568752022223091 -0.00010769444309101499 -6.11434244216551e-05 -1.985429398623396e-05 0.0001257556209250649 0.0 0.011791604918640067 0.23990402656836074 0.7485187904148692 -7.907905407487871e-05 2.039960114266049e-05 -0.000481033110792837 0.0005725615199803017 1.0
0.05810126179317733 0.27350221091244925 0.7568654083179199 -9.106568035837605e-05 -2.9362647498510254e-05 -2.8120305087883445e-05 8.808441265209814e-05 0.0 0.011315529066041363 0.23983418166490672 0.7482584051660917 -0.0003774958158714384 -8.612295224678197e-05 -0.0003797052384270758 0.000618691373245459 1.0
0.058057568438158846 0.27349230622165366 0.756857200799053 -3.575027009489586e-05 8.217782053187081e-06 9.075019573669661e-06 3.670795341609919e-05 0.0 0.011094109130784562 0.2400294998342431 0.7482761523054966 -0.00048365147821639344 5.488932507619949e-05 5.828245111524867e-05 0.0002566715890352945 1.0
0.05798196208791985 0.27341414306267603 0.7568032720101634 -7.126611394245377e-05 -6.92038201045117e-05 -6.190938669454996e-05 0.00012090159599692236 0.0 0.011351860025080242 0.24075354825390327 0.7485439927641683 0.0001713892358089151 0.0006148153246522364 0.0002519122256735214 0.0008033014609081432 1.0
0.05795968018260828 0.2733830106792699 0.7567876221499313 -2.759488528328847e-05 -5.2681527671834496e-05 -3.063339169373646e-05 4.699377163924599e-05 0.0 0.011728782944724956 0.24123697733704816 0.748661149629753 0.0004870433995645063 0.0006620635427905474 0.00022005902518241078 0.0006601034355360365 1.0
0.05792398137761676 0.2733383684746379 0.7567651911128911 -3.004963426496475e-05 -4.820098414648892e-05 -1.98536327953675e-05 5.6590656146453114e-05 0.0 0.012318349505083055 0.2418985295483408 0.7485604212184643 0.0007328587169682281 0.0007179677144189468 -4.50610768294446e-05 0.0008705374337805797 1.0
0.05786900812855107 0.2732237798841365 0.7567038375427535 -5.214425031421428e-05 -0.00010245988320324437 -4.935266430083248e-05 0.00014010595939699895 0.0 0.013596742839995582 0.242855390550631 0.7482598595575832 0.0012204180208265102 0.0008799487935735111 -0.0003673381865317558 0.0016146314033996859 1.0
0.05785820560185717 0.273206752560393 0.7567015322934503 -2.4430736466123744e-05 -3.731810480335519e-05 -1.2916327900068449e-05 2.7511160127528534e-05 0.0 0.014116674166633916 0.24312273739130139 0.7481356419499386 0.0006460861261557641 0.0003420817104555672 -0.00027192585303127654 0.0006381864558590805 1.0
0.05781334841681521 0.2731621962295872 0.7567019601947934 -3.460650473978224e-05 -3.0477234616630316e-05 5.322339167483664e-06 5.516139408750733e-05 0.0 0.01439819148496668 0.24322255376074106 0.7481877259843832 0.0002222968093418369 3.58021169493744e-05 3.509583510871706e-05 0.00025225158208119856 1.0
0.05777480296710521 0.27312990147765814 0.7566858568131786 -4.045467644968637e-05 -2.7797813182466905e-05 -8.511178357192043e-06 5.497907422841915e-05 0.0 0.014272693789779837 0.24337817916541574 0.7483060219966622 -0.0002105891136617385 5.9554234013653025e-05 0.0002058852765825964 0.00023777769980740386 1.0
0.057700932808395514 0.2731229531114367 0.7566670395142062 -7.193317888360879e-05 -9.850079043352415e-06 -1.9904569076567917e-05 8.034538733446339e-05 0.0 0.014681491442481279 0.24358523701280133 0.7487365003293963 0.00019750954042598983 0.00018414623584056208 0.000474244377931363 0.000670802925832362 1.0
0.057641453722635065 0.2731146730809295 0.7566720734537962 -6.410190004134038e-05 -2.069697490439913e-06 2.1892958393967377e-07 5.795211890114436e-05 0.0 0.014809464019527369 0.2436822851680325 0.7489077612606203 0.00020651584378935487 0.00014366722758248855 0.0002537724739916224 0.000232926282279897 1.0
0.05761426045851415 0.2731031307293908 0.7567959257384846 -3.567923805585803e-05 -1.481231999366261e-05 0.00010439081551995131 0.00012391380044896405 0.0 0.014809784317652985 0.24371589262158389 0.7488870896410704 0.00014212522620670858 0.00012078097120367978 -3.779257925997029e-05 0.0 1.0
0.057618961326498186 0.27304450951541187 0.7569244207937702 7.2137064196825906e-06 -5.7129572624186113e-05 0.000145437985023505 0.00014683805761332133 0.0 0.01480184668484624 0.24370361468762866 0.7488578752552131 5.618043635369761e-05 9.906691482016242e-06 -0.00012452615535579455 5.5951477332585615e-05 1.0
0.05751411469583853 0.2724616791868734 0.7579359485747778 -7.482663906252868e-05 -0.0005119953601505681 0.0009076103332041868 0.0011598364175731807 0.0 0.014712745949511373 0.2436320107345871 0.7487373218625705 -0.00015705526062412332 -0.00013420356455330488 -0.0001558209198813662 0.00018274942487145514 1.0
0.0573512963084105 0.2722074115867188 0.7580893241702281 -0.0001668145734917603 -0.0003848216332010819 0.00039860518587170974 0.00037921914007782426 0.0 0.01470199636706835 0.2436200343250955 0.7487149435056231 -7.009716064285658e-05 -4.144410258095872e-05 -4.323183719116274e-05 2.9635284502254407e-05 1.0
0.055042161846885124 0.2698394101182546 0.759320782219165 -0.00203053178209198 -0.0020851380996432228 0.0010505699322273425 0.00344180053503093 0.0 0.014609392445961473 0.24352259191568343 0.7485463322573916 -7.682800797456193e-05 -6.492037175558235e-05 -0.00010257797559276008 0.00018835967807006307 1.0
0.05067733934589266 0.26559558597910915 0.7605046803100833 -0.004393143078625711 -0.004231260270566704 0.0012274048468078299 0.0062957878458698244 0.0 0.014462093300509626 0.24341892047249322 0.748328091809305 -8.867216935299298e-05 -9.296250793348386e-05 -0.0001770846880182509 0.0003001834730807035 1.0
0.04502612777820304 0.25973026696349655 0.7609813066226662 -0.006012410017387526 -0.006105620662831615 0.0006203840477771924 0.008163394256627484 0.0 0.014364418547939932 0.2433070936974854 0.748169810226942 -0.00013278647635422432 -0.00011948685895284226 -0.00019881371282240158 0.000220140980636425 1.0
0.039722223339521905 0.25351215636596935 0.760513470987776 -0.005766916795200374 -0.0066068647195586154 -0.0004339659009981248 0.00812206809272969 0.0 0.014405080878525213 0.24313639725187783 0.7482268550356299 1.2800504012113498e-05 -0.0001683293840602242 1.49518278581921e-05 0.0001752217009148605 1.0
0.037086203924561884 0.24946032967893697 0.7576658109349081 -0.002916356409153696 -0.004440349899906445 -0.0027589943205028698 0.005589808502707607 0.0 0.014480307662341487 0.24307677107469833 0.7482316576359859 9.647118575032664e-05 -8.494283085956556e-05 5.4595803618352366e-05 9.733320600720778e-05 1.0
0.03551791204652271 0.24790607087549404 0.7552782538500641 -0.0009250689825680049 -0.0013215668063286492 -0.0029262222158268664 0.003283050714499612 0.0 0.014501805020148277 0.24305809217717184 0.74824457853634 5.663485784433666e-05 -1.2359388215513174e-05 4.084090351623133e-05 3.79097117678766e-05 1.0
0.03418558048249946 0.2476606746541623 0.7532195456678086 -0.0005699217747553746 0.0005478039002638698 -0.002331556649173078 0.002470362120897045 0.0 0.014536704987340074 0.24303655265390517 0.7482389240293854 3.642395542736454e-05 4.505648367408243e-06 -7.323195742870559e-07 3.642289432030196e-05 1.0
0.03382753217216062 0.24739994033743953 0.7522102435069423 -0.0003786602068269503 0.00027823424697476077 -0.0008285630031109636 0.001175829655222263 0.0 0.014565284585313915 0.24301383875115382 0.7482446538705962 2.533437950525008e-06 -1.787600412154969e-05 -3.238718229182033e-05 3.885023708085303e-05 1.0
0.03386303445900234 0.24676285127492373 0.7506679059030313 -0.000260238881086471 -0.0007085043219558049 -0.0009727083443715849 0.001588570558938292 0.0 0.014569522659081634 0.24298439026795596 0.7482452761599703 -1.1675838437494914e-05 -3.4112503202917e-05 -1.8237702513387003e-05 2.9619889795455106e-05 1.0
0.03374773379456298 0.24598590901854409 0.7500584488509978 -0.0003542925323079364 -0.0013473202116504783 -0.000555506538129783 0.0010035395436663562 1.0 0.014593060705043135 0.24293113985965273 0.7482480175016953 2.0454137292938348e-05 -6.478096702489931e-05 9.175084789440354e-06 5.56862817286045e-05 1.0
0.033265663730503055 0.2457649040996198 0.7498956778746112 -0.0005247345927081454 -0.0007578839448150829 -0.0002730909632467375 0.0005493911177699064 1.0 0.014744432658475446 0.2428927395099856 0.7483793195960463 0.00014617158064566708 -5.342944649116955e-05 0.000129505796225658 0.00020513072287115666 1.0
0.03335929779022767 0.24553989374602184 0.7498131952755919 9.90689585369034e-06 -0.00015242793346834354 -0.0002158061728700693 0.0002519347364197313 1.0 0.01467744278314872 0.24292105662680555 0.7483690770016868 -1.335067925939019e-05 2.5903913134987002e-05 2.5088825649432166e-05 7.937272783535318e-05 1.0
0.03332626443878016 0.2455757522527991 0.7498034352438949 -2.9401063764771754e-05 0.00026477119457978156 2.7721694736070838e-05 6.36775868017728e-05 1.0 0.014643748145603222 0.2428611621922961 0.7484021924045816 -5.493447181366595e-05 -3.254211960283689e-05 2.274170358516097e-05 6.63723899231922e-05 1.0
0.03339370746864958 0.24576926502749452 0.7498916383016885 8.987885332294491e-05 0.0003472520343458837 7.066794198840216e-05 0.00024147288541015747 1.0 0.014523901617826173 0.24287394132779958 0.7483363662175467 -0.0001279532909074073 7.003117491665513e-07 -6.401666933692122e-05 0.0001398739990269055 0.0
0.03315728217142393 0.24595509385416284 0.7505420614701662 -8.263337479709281e-05 0.00020572167650133568 0.0005477549912677121 0.0006894328283286112 1.0 0.015034967119642625 0.24317977024782597 0.7484833157094971 0.00040012148159951203 0.0002647710927858385 9.710033989426618e-05 0.000616215904513014 0.0
0.03273105914343069 0.24634334077104456 0.7516428863220362 -0.0004198192619196237 0.0003022712151436221 0.0010334926935432968 0.0012581227171787025 1.0 0.016229086210384963 0.24284787158088048 0.75058902585304 0.0011826166274749173 -0.000199115655057072 0.0018476080709559524 0.0024376357333701494 0.0
0.032716977818811756 0.24666625828837513 0.7524099492444136 -0.00018381621023495475 0.00032099405222514024 0.0009936418233257363 0.0008332885333651025 1.0 0.018823377465393316 0.24299176536202008 0.7537817926901853 0.0025862523612411375 2.2068530156617296e-05 0.003349606396707128 0.004141377791607186 0.0
0.03271410777629176 0.24681982491583976 0.7531858907441116 1.4540228962882352e-06 0.00019411386573926174 0.0007973374223865127 0.000761573210809134 1.0 0.021710326709783068 0.2442774606553814 0.7554416387215335 0.0031424113713453346 0.0011160005139091709 0.0022833463859125553 0.0035735766469394557 0.0
0.03314485413109574 0.24638753134418628 0.7543230201828139 0.0004814448660868897 -0.00039786389738270453 0.0009917776513810633 0.0013062232078585186 1.0 0.02390260967089823 0.24560547193748686 0.7562359496890616 0.002436322723691173 0.0015135267400006494 0.000810902910112217 0.002612492832510247 0.0
0.03383897656332108 0.2466032078070486 0.7544718900018255 0.0007544633021754986 1.9817740900363457e-05 0.00025287292491716425 0.0007811747771390731 1.0 0.02513313828179243 0.24662147229416334 0.7564889563166581 0.0011875453462260367 0.0012288704651391787 -0.00017200003107510468 0.0016396302124357148 0.0
0.033736008485703815 0.24741491042083305 0.7546823318919069 8.951713685179555e-05 0.000746797134879265 9.640527723352399e-05 0.0007975211085147144 1.0 0.02553825688128139 0.24748747646429148 0.7565367908482684 9.978705218941151e-05 0.0008651220183720815 -0.0003906502673424785 0.0010082970709337582 0.0
0.03479207117076706 0.2472476260523569 0.7559778501730418 0.0007533087222912851 0.00015273321896927875 0.0010957295270427809 0.0016737662943077756 1.0 0.024860608404035006 0.2480242001080456 0.7565939531812589 -0.0008740140737375796 0.00040436586686808915 -2.9912481333227393e-06 0.0008561807516537588 0.0
0.03503952071444654 0.24827731115754645 0.7578352962666672 0.00037106321645963394 0.0008778475219572134 0.0019404654877571005 0.002187921418234311 1.0 0.023516325945191676 0.24807175129620496 0.7566292441495899 -0.0014324794877882592 -0.00010556406734640876 0.00036039292658168075 0.0013224878452065664 0.0
0.03538534658667528 0.24980187996846168 0.7594036460215384 0.00032371844739961813 0.001496633594132016 0.0018535385210578432 0.0021920292328521528 1.0 0.022791214484764535 0.247923933599213 0.7566588131826519 -0.0007915573369833991 -0.0001826522045491219 0.0002486570522526959 0.0007623427142507415 0.0
0.03497562757348631 0.25351759383127115 0.7603506900126534 -0.0003420439448244032 0.003501778641988704 0.0011433593016174541 0.0038064048756163696 1.0 0.02227196009212977 0.24781739354613863 0.7567484778914014 -0.0003514307692696187 -7.699219721071657e-05 4.5922026094936e-05 0.0004957559670657843 0.0
0.03819247175316552 0.25765165695557396 0.7616840760608933 0.0026041722531629802 0.004431592433272757 0.0010871286086057753 0.005472137724291639 1.0 0.021790195381712407 0.2477192481257098 0.7568103059891081 -0.00024883663425970563 -6.746209922749028e-05 3.564169705663951e-05 0.0005099894578467464 0.0
0.044913176117070186 0.26291704223232093 0.7607333995145618 0.00664129292911784 0.005450133173893052 -0.0008685798926156371 0.008573133909365899 1.0 0.021488545967200016 0.24764719373975577 0.7568459858205071 -0.00019749521949489644 -1.569500567457911e-05 7.664125014492356e-06 0.00034239089237261475 0.0
0.04788403897351092 0.26645219628394723 0.7624230341262839 0.004432721937067021 0.0038887543531214734 0.001008678217697418 0.004978513447710694 1.0 0.021296594774390516 0.24761319547635322 0.7568276222895546 -0.0002205594850219815 2.0278541101717996e-05 -2.9885760869991608e-05 0.00018221435522816566 0.0
0.050532639478512616 0.2698412314638869 0.7637640644462724 0.0027384647425605186 0.0029766529144162864 0.0016406595221061292 0.004310037868968662 1.0 0.02112216927686402 0.24755642599700292 0.7567551096323422 -0.0002843870049071853 -4.9338114756687884e-05 -7.972979044899647e-05 0.00017841584368395052 0.0
0.0525567148406703 0.2711478607600981 0.763394237805078 0.001293123320792161 0.0012131312887019635 0.000206865638147034 0.002570458034697033 1.0 0.021020736233489233 0.2475179189079737 0.7566925149544939 -0.0001714924937122603 -7.682714771836696e-05 -8.262668821298425e-05 0.000144809329400836 0.0
0.05472138723155575 0.27199756021866633 0.7627685306412724 0.00138377855424047 0.0004741025601572269 -0.0007153617639198808 0.002451024172225581 1.0 0.020969223970565328 0.2474756690830582 0.7566197454419333 -2.4207142790300682e-05 -5.92641043955892e-05 -7.259552715108027e-05 9.323464934229172e-05 0.0
0.056261068041725086 0.27251759979279594 0.762213343526914 0.0015045534701333702 0.00045477894590992296 -0.000888940761002573 0.0017133650017426057 1.0 0.020941874606768038 0.2474543131625467 0.7565242036138625 -2.7029081754677275e-05 -2.5623999487961506e-05 -8.073767168363571e-05 9.795722107922575e-05 0.0
0.05764082928886107 0.27306961420356957 0.7619169068063051 0.0019222579440364982 0.0006342187481716091 -0.0005120195074169702 0.0014198559787721027 1.0 0.020945514118488173 0.24742652147430721 0.7564566781238272 -2.0091456265018248e-06 -2.5440073958453674e-05 -6.780947770880805e-05 7.762101111486038e-05 0.0
0.0590410994859882 0.2734930863782604 0.7616568517486757 0.0016706949657599806 0.0007062755029320286 -0.0002210065244946075 0.0015480886943073473 1.0 0.020957857831729154 0.24739574278064902 0.7563781133879152 2.1822356980283233e-05 -2.686349436597462e-05 -7.308396612511314e-05 8.394628346294474e-05 0.0
0.060524481454636944 0.273321804240115 0.7606379214226373 0.0012372531865114987 8.507648748132951e-06 -0.0005061018258698183 0.0017809478185761129 1.0 0.02098109668799913 0.24736153014792234 0.7562801850234221 2.3090735768046774e-05 -3.332864240086482e-05 -9.660619578379684e-05 0.00010519945946642551 0.0
0.06162891422853243 0.2728545367191729 0.7589639897133693 0.00119981863832385 -0.0004428876277389397 -0.001674727499765299 0.002094705459062143 1.0 0.021087762831718558 0.24726640322754073 0.7561303651183752 9.123114061837287e-05 -9.071419920412048e-05 -0.00014749180094674158 0.00020811012461819346 0.0
0.06217266591918284 0.2723982120991768 0.7574118201710047 0.0006053023468348012 -0.000687383141660107 -0.0019023184829424671 0.0016838699120436803 1.0 0.021178226691320773 0.2472342395866957 0.7560602390952108 0.0001055165479365169 -5.008320621325585e-05 -9.075385113959377e-05 0.00012164267323220475 0.0
0.06281670684143821 0.272425869481621 0.7567693093877024 0.0005335650793690141 -9.531347006685466e-05 -0.0008789596833757537 0.0009064252373169883 0.0 0.021222914819796934 0.24722221390364232 0.7560323559985587 5.865985148830572e-05 -1.2972198656579512e-05 -3.090966703966828e-05 4.822712729546796e-05 0.0
0.0633524488514239 0.27208484747114 0.7559531633830107 0.0004452819394777049 -0.0001769952502888465 -0.0005801400033744429 0.0010213521956024501 0.0 0.021247139505718184 0.24719885207750134 0.7560034841467522 1.829496741637908e-05 -9.152953760284905e-06 -1.2227675549530029e-05 4.5035733698686365e-05 0.0
0.06371660468788631 0.27130494718751913 0.7557427751373674 0.0004006415269136297 -0.0006267730946756434 -6.388153513180194e-05 0.0009278109680454002 0.0 0.021240075701751206 0.2472003890556034 0.7559804132472046 -1.755311768466551e-05 4.278764998068905e-06 -1.0340502086029056e-05 2.913189027529797e-05 0.0
0.06401142132637579 0.27032320284963507 0.7563456191291581 0.00035326187864563835 -0.001037121012454382 0.0006111716130243354 0.0011742249383907034 0.0 0.021234440833511534 0.2472007742888108 0.7559684178874159 -1.8347959468456087e-05 2.33228315768891e-06 -1.597355626716331e-05 1.2280119679667812e-05 0.0
0.06426820957566948 0.2693487889431849 0.7570007373525185 0.0002831202983341562 -0.0011412482601367221 0.0006953464189296536 0.0011898526224713478 0.0 0.021226847966821165 0.24719117385432166 0.7559704058707175 -5.344421733034433e-06 -1.2515321879401155e-05 -9.650228360981266e-06 8.475410987435425e-06 0.0
0.06435346433827126 0.26856113412419536 0.7575346762614251 7.532673063436065e-05 -0.0008690153634510847 0.0005425869170376356 0.0009552512706098415 0.0 0.021197787869550455 0.24722608724353018 0.755977797004772 -1.4043710018844297e-05 2.1323556443753155e-05 1.7225175075107296e-06 4.7970341853481236e-05 0.0
0.06407061410418816 0.26817595038511305 0.7577903408948131 -0.0002748747853218033 -0.00034550056148917937 0.0002443534596917802 0.0005458173924339333 0.0 0.021182581969900974 0.2472408937735764 0.7559634358365878 -1.6416696032677824e-05 2.574999061435598e-05 -4.055300187336862e-06 2.725065483006746e-05 0.0
0.06384795888608316 0.2681257897003155 0.757749622729308 -0.0002739274417475655 7.820735323148497e-05 -0.00011577165923964071 0.00022607535698086962 0.0 0.02118228481219923 0.2472576866513706 0.7559622975703734 -3.363835231181582e-06 1.8443779825743435e-05 -3.966692853838371e-06 1.4548643636783584e-05 0.0
0.06370283605596326 0.268120710620416 0.7577425986505985 -0.00018835698260639033 8.075504513512621e-05 -0.00018451024270624056 0.00015856361353736882 0.0 0.021187471876850366 0.24726454469756834 0.7559457317394217 7.116353563227731e-06 6.066117999146362e-06 -1.75574802137618e-05 1.882025488227771e-05 0.0
0.06356397760922286 0.2680863808982586 0.7577406230991804 -0.00011386465762409015 -2.98467061590532e-05 7.031136139566533e-06 0.0001414469782057262 0.0 0.021208481757021884 0.24729262955115883 0.7559153600180428 2.1257792245883944e-05 2.2552158617889487e-05 -3.0462387391389354e-05 4.756537180216343e-05 0.0
0.06348111512862441 0.2680809050365996 0.7577308786943696 -3.595796695276442e-05 -7.614044850139839e-05 8.943949530377844e-05 8.024305434421676e-05 0.0 0.021216602770484278 0.24729551263001243 0.7559122295111105 1.3658913105035532e-05 6.045128785648838e-06 -8.676996290774889e-06 1.0247403718761704e-05 0.0
0.0634407377695846 0.2680941394473633 0.7577147524706274 -1.0671813449880066e-05 -5.7289738217952994e-05 4.145131615862041e-05 3.9119633142936086e-05 0.0 0.02123076032867631 0.24730467562492123 0.7558945762723769 1.0862738105230775e-05 7.775612310610912e-06 -1.1711123424084912e-05 2.1088602009974937e-05 0.0
0.06343408927488274 0.2680945081718518 0.7577021017009304 -1.9553917439575e-05 -1.7083696244599286e-05 3.1370022306763173e-06 1.7211437043058476e-05 0.0 0.02123587651075595 0.2473115810718394 0.755887086744033 2.1743942098388696e-06 9.131135599798496e-06 -6.876389908488989e-06 1.3447177264253469e-05 0.0
0.06342609456871491 0.26808412367981305 0.7576911780953347 -3.2138427532424607e-05 1.521898810168522e-05 -3.165417553997708e-05 2.062281171141475e-05 0.0 0.021239587997668702 0.24731752374939261 0.7558791766399348 2.2552475598244276e-06 4.052475006269976e-06 -7.187686893803814e-06 1.0827231525689005e-05 0.0
0.06340637619344323 0.26807516417974014 0.7576814109152389 -1.6349482775169155e-05 1.1028052015215489e-05 -3.0314603885458466e-05 2.3413247994673206e-05 0.0 0.02124378180477531 0.24731602176147283 0.7558824545663236 3.5630667387368747e-06 -2.568369949913792e-07 2.7376637590461713e-06 5.058084755524991e-06 0.0
0.06338200651552757 0.26807032650442 0.7576691341406705 -2.9067002408784162e-05 -7.363428624097448e-06 -7.931154568140977e-06 2.617429535182794e-05 0.0 0.021243516370087437 0.24731631203891138 0.7558812982911889 1.1139912171701766e-06 -3.2936058620214075e-07 -1.1056596543810677e-06 7.133608049854334e-07 0.0
0.06334564818699759 0.26803746845117726 0.7576421330361938 -4.379299836044926e-05 -3.103097132944765e-05 -2.4433940532202482e-05 5.573135998658923e-05 0.0 0.02124695828698448 0.2473130870071831 0.7558745916610669 3.86765015776461e-06 -1.9870703991757465e-06 -6.047728509875917e-06 8.969519779690777e-06 0.0
0.06333471711768333 0.2680184587048344 0.7576316542047744 -1.6199711776490177e-05 -2.0432603051898847e-05 -1.6159551553982454e-05 2.5481347237759836e-05 0.0 0.021244445913399707 0.2473150077079915 0.7558709950155439 -1.7092612896168996e-06 -6.394697225325191e-07 -4.171717758148192e-06 4.517130344865304e-06 0.0
0.06332238714641951 0.2679868152292306 0.7576204580186641 -6.138068631065052e-06 -2.8994025245507105e-05 -1.1291516043657012e-05 3.42859205690135e-05 0.0 0.021242826404069583 0.24731525364989992 0.7558659973412354 -1.5364121918862312e-06 2.0155080097335747e-06 -7.1409066120982376e-06 5.236869422197417e-06 0.0
0.06331461178923571 0.2679755628002067 0.7576186503471694 -1.6480754288845486e-06 -1.55493493960477e-05 -8.82776127380747e-07 1.4883706716304461e-05 0.0 0.021239385742742516 0.2473171011702449 0.7558597143439206 -4.042155281346956e-06 2.3718799630798536e-06 -5.813481940111771e-06 7.194263617414044e-06 0.0
0.06330163513384886 0.26796002186429063 0.7576165693609379 -1.02306380460949e-05 -1.2184385730714883e-05 8.755430339870713e-07 2.0170829220982655e-05 0.0 0.02123934967510236 0.24731432994165956 0.7558617670107978 -7.026761552480359e-07 -1.930823024430136e-06 1.287240428951289e-06 3.8032459517655397e-06 0.0
0.06328456291538849 0.2679618785880822 0.757622004346582 -1.8680165746720216e-05 2.6091276781622847e-06 5.415139658703472e-06 1.826968688271448e-05 0.0 0.021238461025538356 0.24731429362567853 0.7558602357636967 -2.2395695985376446e-07 -1.5748114784483507e-06 1.0562677143863833e-06 1.6280575855418244e-06 0.0
0.06326604888518648 0.2679586184456273 0.757621130313364 -2.191194717545885e-05 -1.320289893081639e-07 -4.1763931106138703e-07 1.8199717470806632e-05 0.0 0.021239304123990155 0.247313700713654 0.75586099557118 9.976974112542634e-07 -8.40603561396981e-07 5.265625583687559e-07 1.127685532786242e-06 0.0
0.06324444748379447 0.2679660693102765 0.7576163280935586 -2.3256534192972845e-05 4.495055369969628e-06 -6.2241694122145425e-06 2.3784353590168553e-05 0.0 0.0212421878905091 0.2473116571646551 0.7558652212587036 3.1434077053270214e-06 -1.8794959509024893e-06 3.445487245757009e-06 5.72497200405484e-06 0.0
0.06323846406959094 0.26796716917570795 0.7576156152957584 -6.932574654357615e-06 2.5353675922501115e-06 -2.2644975927295535e-06 5.9229686467981565e-06 0.0 0.02124346032070729 0.24730966956033382 0.7558617481429016 1.4248056000395885e-06 -1.6130778015827363e-06 -2.023458504561165e-06 4.277872493798333e-06 0.0
0.06321797007744215 0.26796318759589455 0.7576175808764521 -1.59073630442011e-05 -5.1538141277153835e-06 8.849994655429617e-07 2.066975078259622e-05 0.0 0.021238834934443084 0.2473069449275979 0.7558613986952268 -3.9223374288457755e-06 -2.7516669198014154e-06 -1.977848384599742e-06 5.085897633600915e-06 0.0
0.06321191603119682 0.26796322000476935 0.7576180309636544 -7.376990866753004e-06 -1.6549585380802568e-06 2.0957196445441727e-06 6.869175499253007e-06 0.0 0.02123730822632408 0.24730636928472588 0.7558604462145022 -3.2373355215130643e-06 -1.0151173248348695e-06 -1.4162081399804373e-06 2.0214960204481986e-06 0.0
0.06319681202319084 0.26796248548382207 0.7576171376593271 -1.3455716147475444e-05 -1.661884174209327e-06 2.4242080881081095e-07 1.4536378511579847e-05 0.0 0.021234788942940033 0.24730534165392748 0.7558590152431534 -2.749215271114736e-06 -9.208803930193581e-07 -9.677231138391932e-07 3.0302911202408957e-06 0.0
0.06317789336377908 0.2679619023832003 0.7576151566697804 -1.9322878279298602e-05 6.590344834126124e-07 -1.6203441629850143e-06 1.9176971773863582e-05 0.0 0.021231185552241995 0.24730608093501402 0.7558554616276257 -3.3316555543267223e-06 1.0117709446540448e-06 -3.2859426962940954e-06 5.2336951302018694e-06 0.0
0.06315653082610757 0.26796069148003304 0.7576224804916578 -2.2824783725673284e-05 -6.24348705999131e-07 4.669672369274553e-06 2.270342402451432e-05 0.0 0.021235121893963576 0.2472992167087784 0.7558525870893374 3.380980950275677e-06 -5.556688537771939e-06 -2.7858339297794247e-06 8.382470925121976e-06 0.0
0.06314397783420582 0.2679602039914823 0.7576193234415906 -1.4976402512103933e-05 2.583211623328491e-07 -9.156899522023106e-07 1.3120835854516931e-05 0.0 0.021228451104045386 0.24729171985634038 0.7558364025063512 -3.820940759512491e-06 -8.499957989532447e-06 -1.4369934250005084e-05 1.8963009218604786e-05 0.0
0.06312962606409077 0.26795533737691074 0.7576231911017163 -1.2386955694595665e-05 -4.9140604371866815e-06 3.041974548894884e-06 1.478676252125213e-05 0.0 0.021220619773164633 0.24728540778919025 0.7558334396633107 -8.499128296407634e-06 -7.633584574475135e-06 -7.1100918937949e-06 1.0749473199157496e-05 0.0
0.06310452784198561 0.2679507128441003 0.7576175411755093 -2.276741898303422e-05 -5.534234360740754e-06 -4.155324977557259e-06 2.6970984017369813e-05 0.0 0.02121361373448249 0.24727544739927146 0.7558181687172645 -8.832104279154921e-06 -9.546960686778462e-06 -1.2810580509754788e-05 1.8947930695102752e-05 0.0
0.06305648244946595 0.2679565759510483 0.7576225981081758 -4.485669484838586e-05 4.218308628885337e-06 2.207792168278082e-06 4.8654161568018864e-05 0.0 0.021194620532759372 0.24726790485980402 0.7557918799408048 -1.7679761539944428e-05 -7.569657909025204e-06 -2.4775176209340504e-05 3.364674935264666e-05 0.0
0.06302378525902742 0.2679472310060043 0.7576196276741327 -4.059535940144547e-05 -5.746316479160017e-06 -1.4518824130951329e-06 3.4447236014235943e-05 0.0 0.02118774080882779 0.24726510852321137 0.7557850890561467 -9.968236980388975e-06 -2.868886418912636e-06 -1.1462252639305402e-05 1.079853422811072e-05 0.0
0.06294231957618643 0.26795295818893416 0.7576511083883802 -7.606253043485796e-05 3.0657516676430162e-06 2.6914754088780308e-05 8.567181123536148e-05 0.0 0.02119464318509491 0.24726226010571373 0.7557365768346709 6.130395455114881e-06 -1.725259547334924e-06 -4.133936903149658e-05 4.7283420096218786e-05 0.0
0.0629113469497941 0.26794828103805535 0.7576701208600594 -4.227053427818422e-05 -2.593421515650311e-06 2.566493136278416e-05 3.953422338865613e-05 0.0 0.021194547984330566 0.2472737633601051 0.7557071450439314 4.982372085892435e-06 9.734383761623516e-06 -3.556723711545533e-05 3.351140540659707e-05 0.0
0.06287502905516204 0.26794674023088916 0.7576980546753925 -3.0628775065886504e-05 -2.50877095357914e-06 2.8164778017011232e-05 4.314815291669843e-05 0.0 0.02119640255461632 0.24728848687938004 0.7556774774387156 2.536285298967307e-06 1.634650724835344e-05 -3.094727451777949e-05 3.2334298702087505e-05 0.0
0.06286698529351506 0.26795108404436724 0.7576973092327178 -6.005470942596155e-06 2.811084826046164e-06 3.4097557157486724e-06 1.040380440840632e-05 0.0 0.02119795367737746 0.24728888989618875 0.7556766740169394 9.196906800984209e-07 4.092472822990531e-06 -2.317513411117082e-06 1.5487663589403603e-06 0.0
0.06284384608585321 0.26795925983719576 0.7576855902723117 -1.5143899515403947e-05 8.769766074968768e-06 -1.6324700178344213e-05 2.6854830263158677e-05 0.0 0.02118706763001205 0.24731397849719075 0.7556719550807188 -1.1108538521498417e-05 1.9253800575834538e-05 1.1493275286999436e-06 2.711014192305155e-05 0.0
0.06284243523868514 0.26796693166204444 0.7576741239798309 -5.125424609466564e-06 9.46909851705522e-06 -1.769041841985271e-05 1.5358609466705088e-05 0.0 0.021187300978928538 0.2473234302211606 0.7556569449107124 -4.721374594594932e-06 1.2241126585910785e-05 -9.527586954938125e-06 2.0152733500383624e-05 0.0
0.06284210969917785 0.2679647857272113 0.7576739288938168 -1.76257788533764e-06 -9.311847828649373e-07 -3.6765241695302403e-06 2.5296075784336254e-07 0.0 0.021188450069226206 0.24732599844170244 0.7556480991960514 2.2606824720695212e-06 3.0612291270630674e-06 -1.1560470096221242e-05 7.50608306674152e-06 0.0
0.06284721006070766 0.2679632527660769 0.757671345701064 1.077530546809627e-06 -2.7183887371280894e-06 3.737109366030471e-06 6.368417514848802e-06 0.0 0.02118833014275948 0.24732722839560534 0.7556458209891845 2.4323435950298904e-06 -5.891363942057541e-07 -9.327930592534507e-06 2.301905082567731e-06 0.0
0.06284631262643997 0.26795148184802065 0.7576823650942595 3.275736724858011e-06 -1.3077141973617921e-05 1.2757380266216512e-05 1.621444604349365e-05 0.0 0.021190529301934418 0.24732530116678242 0.7556489587280517 2.446514846448359e-06 -2.464415824170619e-06 3.131235247589205e-06 4.5851664619188045e-06 0.0
0.06284632522408609 0.26795136967942207 0.7576819747696704 -1.573119692126883e-06 -3.274598112918208e-06 4.7524156456240874e-06 1.6009138759879985e-06 0.0 0.021190679326513723 0.2473261114582152 0.7556479749839832 8.746578280586278e-07 -6.357797713322109e-07 2.1443361759486087e-06 2.345966058299226e-06 0.0
0.06284972970554434 0.2679570867280388 0.7576734262408212 2.4041974923168314e-06 6.616178742445797e-06 -1.032414820079847e-05 8.837096880959801e-06 0.0 0.02119150498671372 0.24732581702078993 0.7556475715041931 -2.6849087921456033e-07 6.516193178301189e-07 2.043719122049012e-06 0.0 0.0
0.06285041705207374 0.2679633516208803 0.7576657001039769 -2.1720615281510117e-07 9.537772767160531e-06 -1.1965128265713746e-05 1.106063394612836e-05 0.0 0.021192335203499873 0.24732679393490475 0.7556416927040466 -2.828601571095932e-07 3.6235506247452407e-06 -6.852382428576917e-06 6.187567590426062e-06 0.0
0.06285466197053229 0.2679708332884543 0.7576546116082575 5.346100058272539e-06 9.032176789190843e-06 -1.2601069281803549e-05 1.4260711903526918e-05 0.0 0.021194634724865144 0.24733553892479324 0.7556418227391086 2.855789731366877e-06 7.064924463423892e-06 -3.3029869598748404e-06 9.309115419269274e-06 0.0
0.06285717161649718 0.2679689040184944 0.7576544696973967 3.413235159987106e-06 -1.1894954333117514e-06 -1.4439893424682717e-06 2.8754154492019336e-06 0.0 0.021197882443296606 0.24734365618833892 0.7556351003365893 3.3749894540192877e-06 9.023608525337616e-06 -5.315458183760483e-06 1.0986372114813616e-05 0.0
0.06285839713882713 0.26796490637148196 0.7576559119274467 1.6460944577440288e-06 -6.3315609234594005e-06 3.831299484885363e-06 3.851477774013525e-06 0.0 0.021199739975232744 0.24734868831925705 0.7556306810888405 2.3780199421249315e-06 6.110058099388094e-06 -4.254042634524285e-06 6.784393972955133e-06 0.0
0.06285642879363901 0.2679615543307017 0.7576548849337266 -2.4032360770678156e-06 -6.2979500455671254e-06 2.61700884101425e-06 4.8261035820230875e-06 0.0 0.021199737768471425 0.24735010404002292 0.7556282172559262 3.019659644370017e-07 1.1487285007921862e-06 -2.3756741677654403e-06 2.8411058927509608e-06 0.0
0.06284993508321006 0.2679607648122117 0.7576586738089879 -6.507388296814604e-06 -7.062547634204882e-07 2.4572416654251663e-06 7.359914906397901e-06 0.0 0.021200950707250962 0.24735169166467116 0.7556277439654092 3.2389892541751673e-07 6.09027978281907e-08 -5.448683667843939e-07 2.1302703737707692e-06 0.0
0.06284866414731437 0.26796190749311105 0.7576576548017946 -2.9349837781131717e-06 2.4616297568668262e-06 -1.2319973025210726e-06 2.030435853636723e-06 0.0 0.021201266602959908 0.2473518141223681 0.7556280653661189 2.1711948815431664e-07 -8.244668341796255e-07 9.005571345972416e-07 5.943723706160991e-07 0.0
0.06283963356901395 0.26795861133367593 0.7576577670376744 -7.696775240131295e-06 -1.0145757004200783e-06 -1.190943500250935e-06 9.095237264758318e-06 0.0 0.021201473027294908 0.24735285102342713 0.7556270788712083 2.680025079635462e-07 1.0701881089487046e-06 -4.821495346924177e-07 1.3521721455060529e-06 0.0
0.06282774944975716 0.26795940811416774 0.7576622453553968 -1.1268684201263992e-05 1.3490945197905812e-07 3.1702401115374086e-06 1.3330881365262602e-05 0.0 0.021201499023103365 0.24735320749404416 0.7556267519757717 3.1705787928488904e-07 1.5692420475173028e-06 -4.0185987100159934e-07 4.2825278442134513e-07 0.0
0.06281969633052308 0.26796367550176986 0.7576610136978444 -9.346947229586446e-06 2.8811778347700075e-06 8.75027929620472e-07 9.141499161392836e-06 0.0 0.02120145748295184 0.24735325906576805 0.7556267158997244 6.891188836397918e-08 4.0922307053684046e-07 -1.0089614935770945e-06 7.942448789670892e-08 0.0
0.06281333810855998 0.2679700594318799 0.7576565548828665 -6.523966756138142e-06 6.5101467043876655e-06 -4.144472921079382e-06 9.667119070792872e-06 0.0 0.02120139043467845 0.2473531974727147 0.755626795602071 -2.0329091030347886e-07 -2.3522531140133512e-07 7.430167558211546e-08 1.3830494917916025e-07 0.0
0.0628060993686814 0.2679697168341492 0.7576523965297782 -6.359670016555819e-06 1.5762584313944693e-06 -5.238323337291838e-06 8.51831271588362e-06 0.0 0.021198511152116753 0.24735583557556676 0.7556222991856009 -2.5456558103017983e-06 1.9959907417553478e-06 -3.6328549084496397e-06 5.921997217207494e-06 0.0
0.06280091567875722 0.26797213086746186 0.7576521364223433 -4.801274407974166e-06 1.5226479189907893e-06 -1.2707318865989559e-06 5.993643771704093e-06 0.0 0.02119876912190478 0.24735508514742818 0.7556226196506947 -4.651286911022512e-07 1.0249688228266039e-07 -8.021499944143039e-07 1.1116104322546522e-06 0.0
0.0627922855116141 0.26797203380563744 0.7576487793842366 -7.600095446331373e-06 -6.736058126838056e-07 -2.5606074818509624e-06 8.931114933105706e-06 0.0 0.02119804299568607 0.2473552469933387 0.7556218223176896 -5.239654531630497e-07 -1.4237194500885053e-07 -5.297668039031709e-07 6.944262469120251e-07 0.0
0.06277107381019448 0.2679729197121294 0.7576490531540749 -2.069297044246254e-05 -1.3718931270406376e-07 6.432387391282722e-07 2.131037718382063e-05 0.0 0.021194384940387286 0.2473598245895781 0.7556279583606192 -2.999790481925447e-06 3.7809605546017023e-06 5.445253974415646e-06 8.53402499411802e-06 0.0
0.06275958934180599 0.26797764913068145 0.7576480803703858 -1.5371495356680356e-05 4.693954777478149e-06 -2.5988734095173307e-08 1.2918355874874217e-05 0.0 0.021194309383440423 0.24736027056216825 0.7556280848501071 -8.70172281842313e-07 1.4851001651951746e-06 2.270498324443504e-06 9.763128453324757e-07 0.0
0.06272983641418986 0.2679831461727972 0.7576455264596301 -2.7171992314691796e-05 6.636080875239493e-06 -2.8193381546272825e-06 2.9387010242536415e-05 0.0 0.021193970205050507 0.2473629986958497 0.7556282693809531 -1.8473271296625234e-07 2.3985822256189854e-06 1.644023270078768e-07 2.1773708260738155e-06 0.0
0.06270691411265801 0.2679850837917949 0.7576440551203061 -2.5037379853062773e-05 3.210682639171763e-06 -2.3031859907725127e-06 2.392943716620454e-05 0.0 0.02119199842358545 0.24736519401529425 0.7556256407648938 -1.5130845618171934e-06 2.282436959003413e-06 -3.2328906979261903e-06 4.007800169532756e-06 0.0
0.06268920042988044 0.26798272184634025 0.7576512028779363 -1.8324591666618134e-05 -2.5287709405010406e-06 5.823668842333512e-06 1.89587385229842e-05 0.0 0.021186768142486493 0.24736349806252503 0.7556320552321333 -4.906842433105249e-06 -1.2036444086345903e-06 3.8439557206653345e-06 8.79211973667872e-06 0.0
0.06268486090086182 0.2679677032165648 0.7576679640156336 -4.226695068573335e-06 -1.448675311085857e-05 1.6841918041642415e-05 2.2589037248587403e-05 0.0 0.02117642984112347 0.2473571772505816 0.7556410475132335 -1.0102020646571339e-05 -6.556293605020628e-06 9.833468735336753e-06 1.495299860607789e-05 0.0
0.06267484928853546 0.26795669785806975 0.7576551255077533 -6.02698633143363e-06 -1.449056058329976e-05 -6.247080353325103e-06 2.0111418732815218e-05 0.0 0.02116786143228906 0.24735859598769575 0.7556504661719988 -1.0277695802605415e-05 -6.134007724570598e-07 1.1211009800197429e-05 1.2724598105869247e-05 0.0
0.06266653236694494 0.26792157199231786 0.7576709568372542 -7.685633370107633e-06 -3.239701575375459e-05 9.071097270963687e-06 3.9322442405358286e-05 0.0 0.021158893470600015 0.24737138733614414 0.7556483611472242 -9.351436325932312e-06 1.1911919885749912e-05 6.987505598375744e-07 1.5676608872011807e-05 0.0
0.06265371505774149 0.26789104432205185 0.7576961873131052 -1.285092552579183e-05 -3.3123980710882e-05 2.3413649228836928e-05 4.1713665126690485e-05 0.0 0.021153609540676084 0.24737694186613904 0.7556433877168781 -4.946257601155372e-06 9.211296228632527e-06 -7.137588957914224e-06 9.299936322845982e-06 0.0
0.06263030868786364 0.2678491021078907 0.7576962988873444 -2.538997676276593e-05 -4.096977687554775e-05 6.687816319513847e-06 4.781182983421366e-05 0.0 0.021142568787763497 0.2473822549567568 0.7556501474271446 -8.995669434277366e-06 6.643284085543622e-06 2.2741093869273053e-06 1.3856860615768406e-05 0.0
