0.06299550215579433 0.2796962077561562 0.7640345982050066 0.0 0.0 0.0 0.0 0.0 -0.017033843561360958 0.2796787140001996 0.7640411313265408 0.0 0.0 0.0 1.991519595831437e-07 0.0
0.06300003503848796 0.27970150350437945 0.7640398347139721 4.53288269362806e-06 5.2957482232218744e-06 5.236508965444919e-06 8.718543508128833e-06 0.0 -0.01703521793627174 0.279678344915565 0.7640414694109168 -1.3743749107814063e-06 -3.6908463463269925e-07 3.3808437593929597e-07 0.0 0.0
0.06300214435946194 0.2796987564177064 0.7640456444172066 2.1093209739836416e-06 -2.7470866730272547e-06 5.809703234493924e-06 6.763754270617791e-06 0.0 -0.0170460357745438 0.27966921352399154 0.7640499150851363 -1.0817838272062646e-05 -9.131391573435899e-06 8.445674219537125e-06 4.0965096651023026e-05 0.0
0.06300376656668794 0.27969830620208735 0.7640572104216783 1.6222072259930442e-06 -4.502156190633322e-07 1.1566004471719182e-05 1.1687887312407694e-05 0.0 -0.01708532000780908 0.27966481619884237 0.764044968867347 -3.928423326527916e-05 -4.39732514917468e-06 -4.946217789347784e-06 5.026393319775051e-05 0.0
0.06300802917098751 0.27970453687041535 0.7640872868315801 4.372630435787975e-06 6.6540109298113655e-06 3.010891596525138e-05 3.100937690136428e-05 0.0 -0.017087228828219215 0.2796186155910538 0.7640218886977981 -3.27765730530187e-06 -4.503027467296518e-05 -2.3737689683483206e-05 3.068397944947643e-05 0.0
0.06301674467763321 0.27969275590621356 0.7641100155750883 8.751307622831667e-06 -1.1450666540178749e-05 2.3388503125904878e-05 2.7043427206539965e-05 0.0 -0.01706053092223977 0.27957676085662325 0.7640166983077311 2.8976123605075175e-05 -4.403645196606594e-05 -5.533366765399497e-06 4.798569022591669e-05 0.0
0.06302519662416099 0.2796843065254432 0.7641238202659265 9.429799366553718e-06 -1.0201415911311382e-05 1.3819023151387873e-05 1.811140400625477e-05 0.0 -0.01703486160579059 0.2795484873500958 0.7640249778674072 3.2455796812859726e-05 -2.9660014961328763e-05 9.601982569231494e-06 5.005761754599302e-05 0.0
0.06303496513255209 0.27967454675005216 0.7641330695451328 9.468301938778836e-06 -1.066798003989441e-05 6.768347656925372e-06 1.6797559539620863e-05 0.0 -0.016987013326782697 0.2794812479243438 0.764009464122167 4.50589103355258e-05 -6.039259547248249e-05 -9.465643765709531e-06 7.987919647940657e-05 0.0
0.06304709804960491 0.2796700507773084 0.7641379434021597 1.210202426546753e-05 -5.38230085613341e-06 1.925104745131479e-06 1.4709882061257193e-05 0.0 -0.016927839624746126 0.27936663455777805 0.7639569743040452 5.977216827178065e-05 -0.00010834580396456049 -4.618487122143961e-05 0.00014074611958089466 0.0
0.06305202612215237 0.27966898601873186 0.7641366527378465 5.629595513436553e-06 -5.262583220917076e-07 -2.6222415254908444e-06 5.316384363315857e-06 0.0 -0.016895875197303116 0.279303631994647 0.7639252903561514 3.3723581136723686e-05 -7.898570435972894e-05 -4.2008435682828934e-05 7.825784349925567e-05 0.0
0.0630767109323845 0.2796591030590834 0.7641348851389732 2.0716693867651046e-05 -6.083211159228883e-06 -1.4029736840835316e-06 2.565817607917031e-05 0.0 -0.01661178685194739 0.2788557007252933 0.7638087535145213 0.00024106205214072192 -0.00039281345438704144 -0.0001096917611695934 0.0005341616574234424 0.0
0.06308273364729487 0.2796599202729139 0.7641323707242801 1.0628355208213197e-05 -1.0564786224585232e-06 -6.150231307242681e-07 7.856467630337437e-06 0.0 -0.01642687733373574 0.278507034658343 0.7637341450183954 0.00023172158833299148 -0.0004115740640158613 -9.053964917506129e-05 0.00042046323601142513 0.0
0.06307644826234726 0.27966419976965734 0.7641264389475546 -4.806293457319256e-06 2.5675611038417778e-06 -5.2294300136486585e-06 8.487208903598266e-06 0.0 -0.01581376342480881 0.27706226952294816 0.762524910845757 0.0005680821732591755 -0.0013143625703125304 -0.0010464846323332449 0.001950476956222115 0.0
0.06306263632675663 0.27966481828254747 0.7641244977858156 -1.634208097413487e-05 2.381181009159626e-06 -2.7060802590535e-06 1.4125406452778892e-05 0.0 -0.015332554364413074 0.27580560305133145 0.7617317795846335 0.0005495419795728596 -0.0014252693309229568 -0.0010046812137430882 0.0016143696543877224 0.0
0.06302391160206633 0.27968108899534305 0.7641242841861107 -3.882982947954163e-05 1.4303128345916389e-05 1.8067373885439117e-08 4.249162514645855e-05 0.0 -0.014736828775409869 0.274670975869587 0.7612755997028254 0.0005937887095451464 -0.001230120959070904 -0.0005780035233970905 0.001311692247219826 0.0
0.06296930700607178 0.2796757644298432 0.7641113099207802 -5.6653843802433905e-05 -3.345600324358764e-07 -1.057756950643395e-05 5.68848367410191e-05 0.0 -0.01387179938567071 0.27296137820722544 0.76051467872885 0.0008143233435442454 -0.0015661323704683242 -0.0006186622659690492 0.0020454557856980156 0.0
0.06293944089696522 0.27964419537729124 0.7640527619017878 -3.6523375535770675e-05 -2.997016452999998e-05 -5.375087896443583e-05 7.170294359494412e-05 0.0 -0.013498209844448083 0.2720583902182772 0.7599292862108569 0.0004606682333500615 -0.0009854116410019985 -0.0005108024892851 0.0012069271485579058 0.0
0.06293545788853719 0.2796439617148413 0.7639776369178877 -2.6811087825300126e-06 -1.1707408836027876e-05 -8.08505801905979e-05 7.568682646817652e-05 0.0 -0.012957632702231332 0.27064987069381796 0.7587499493431312 0.0004720015027072417 -0.0012383319623019589 -0.0010485638126012174 0.0018698803768340223 0.0
0.06294220925629516 0.2796406653356616 0.7639524435884344 1.3646029130106511e-05 -1.9816555636218745e-06 -4.066080073408973e-05 2.664230174481137e-05 0.0 -0.012724588484719154 0.269765660942619 0.7579082178904916 0.00023082247888766457 -0.0009421769061426359 -0.0010062235714083682 0.0012514618949241983 0.0
0.06294934036926872 0.27963494727667904 0.7639375718991412 1.4646929508915179e-05 -1.1884141946819805e-06 -1.0558533694854052e-05 1.620575145291342e-05 0.0 -0.012690408790743537 0.2692448042659031 0.7573937292393328 3.577005978394574e-05 -0.000597598051154674 -0.0006723738111360923 0.0007372825725062932 0.0
0.06295327411439015 0.27962899795760715 0.7639267094926966 4.654871298452477e-06 -2.6982046829739046e-06 1.6504154965966754e-06 1.4165384679470185e-05 0.0 -0.012761979553289261 0.2687901978794993 0.7570270166020472 -0.00011230427843429626 -0.0003580300744954405 -0.0002626471551189968 0.000570812516253127 0.0
0.06293944522176884 0.27963155100440273 0.7639192722076835 -1.7926197868147506e-05 1.8864975951276558e-06 -2.0245664185521943e-07 1.6676281841879026e-05 0.0 -0.01314551304381385 0.26861793270571477 0.7567107323955043 -0.00034360440319949263 -0.0001717146056017208 -0.00019791124116178092 0.0005386392870271124 1.0
0.06292377138575724 0.279629254462604 0.7639119699773399 -2.301394725360645e-05 -4.2685042227014425e-06 -9.825167542779279e-06 1.6396489265731377e-05 0.0 -0.013778942363123329 0.26831823269240845 0.7559974234137413 -0.0006182421243590704 -0.0002842307099099161 -0.0006321373518577329 0.0010196229568844402 0.0
0.06289205329545008 0.2796288947365016 0.7638991356870342 -3.138578813862814e-05 -1.9624382269761517e-06 -2.015022869127891e-05 3.348040311399451e-05 0.0 -0.014121737797035735 0.2679006633426196 0.7548729294905114 -0.00044744652725314967 -0.0004032561060656782 -0.0011584091445543967 0.0012233880150785167 0.0
0.06285783311279584 0.2796324712095941 0.7638872923640955 -3.438102766100139e-05 5.193649601218803e-06 -1.5728680943271424e-05 3.7691167608808616e-05 0.0 -0.01419581583742974 0.2675096134922884 0.7540474753529435 -5.866327379736892e-05 -0.0005070106844970186 -0.001062603922253263 0.0009253360145358425 0.0
0.06268789895806964 0.27971299691320384 0.7638621749029129 -0.00015038025368537276 6.949138098886668e-05 -2.1020319147706213e-05 0.0001877022495479281 0.0 -0.014506170685068279 0.2673828554402958 0.7533704075514477 -0.00018547527040063596 -0.00017295757128724522 -0.0007030568509985007 0.0007363847522859504 0.0
0.06264715183931838 0.27972489022142133 0.7638654263038023 -7.666949659230799e-05 3.245675931932813e-05 -2.1517282283186305e-06 4.87809883721444e-05 0.0 -0.014571524114856625 0.26689528767354376 0.7526963764355366 -6.275606237891081e-05 -0.00038501504907469206 -0.0005640749216529751 0.0008455436290995312 0.0
0.06261190219112597 0.2797290382417402 0.7638609713646175 -3.2628738162991086e-05 5.0274650753086946e-06 -2.228575962693886e-07 2.6674155820548436e-05 0.0 -0.014962144074301067 0.26573332918383685 0.7509117270075913 -0.00034664524630329273 -0.0010614455190159507 -0.0015257635984898391 0.002174501000238788 1.0
0.06254036402230487 0.2797583810092642 0.7638597377690897 -4.952128086858186e-05 1.6481755195563593e-05 1.3133681220188069e-06 7.95895766443413e-05 0.0 -0.014913629630266158 0.2650612670784069 0.7500425863639416 -0.00010026940270246748 -0.000850888006614599 -0.0011375245722248233 0.0011367946515099402 1.0
0.06252792868631786 0.2797582345755858 0.7638590913161174 -1.2661952870217798e-05 -1.0678577222876009e-06 -2.596090086112449e-08 1.9588441131923023e-05 0.0 -0.014463741252603116 0.2647352138984442 0.7499890270215611 0.00039224775401342394 -0.00042170712412896124 -0.00023864276220597939 0.00047851258017208263 1.0
0.06251273488640907 0.2797662989458481 0.763858903321631 -1.1360157038188529e-05 5.128076211915021e-06 -1.552743988395557e-06 1.1932114468301608e-05 0.0 -0.014026406819133733 0.26415027328698965 0.7498963844393375 0.0005661405086215774 -0.00043984604578077205 9.332981592058117e-05 0.000742667263112738 1.0
0.06248496837932058 0.2797282164254232 0.7638250118373735 -3.026476803336021e-05 -2.7525544426620835e-05 -3.066359336761513e-05 5.457446212814678e-05 0.0 -0.012878889101591276 0.2631063005557249 0.7498210305401358 0.0011226475213397262 -0.0008804143334934253 0.0001358672674319298 0.0016130078282481886 1.0
0.06248667834888615 0.27973352040728144 0.763772376000357 -1.267240953123533e-05 -1.8142603543140388e-06 -5.551310245453495e-05 5.998765729869465e-05 0.0 -0.011598206718679987 0.26199795081289134 0.7497483246070028 0.0013312264576442632 -0.0011564357967936783 -4.717437176132797e-05 0.001706295968388099 1.0
0.062491383791362494 0.27973382620834125 0.7637545865833377 1.3931144877016267e-05 -2.829638525811648e-06 -2.7715686687685163e-05 1.5254231662727955e-05 0.0 -0.01065392445517224 0.26107456186365585 0.7496437802408662 0.0010409671909454282 -0.001108980260125574 -0.0002435106477091365 0.0012561945412112615 1.0
0.06249127070538213 0.27973137075197335 0.7637391025380492 1.9787597239628174e-07 3.6194417438878395e-06 -1.382680984331274e-05 1.2842026775352297e-05 0.0 -0.009657639405140443 0.26027666835268487 0.7497274367465666 0.0008947189418040984 -0.0008578403196063007 -0.00010550606193911736 0.0012844143069442658 1.0
0.06250445949633236 0.2797253684077335 0.7637335127095828 9.220286527862454e-06 -9.690324318360444e-07 8.049266173904885e-07 1.9197748624881913e-05 0.0 -0.008627005451324539 0.25964079608678275 0.7497928532824626 0.0009559294665162003 -0.0005222085289919706 0.00014922705899826356 0.001246083018184891 1.0
0.06251005174634998 0.2796997225996936 0.7637123695672012 1.0633662917573122e-05 -2.5621310493011894e-05 -1.2460192752626109e-05 3.372373110597268e-05 0.0 -0.007043512435345854 0.25867609205758524 0.7501032885490378 0.0014683105023988881 -0.000805415953758647 0.0003522687126579293 0.0018807419387846297 1.0
0.06249904449527874 0.27968783370455774 0.7636827782910948 -1.1141797748025793e-05 -1.9485261836978878e-05 -3.0487718801114206e-05 3.268916092664987e-05 0.0 -0.0059405184863833465 0.25765970317617937 0.7504089840907089 0.0012637036342837014 -0.001060573080934031 0.00033851959804483817 0.001535088478963055 1.0
0.0624983330438512 0.279696856486241 0.7636612538680595 -6.456609290629835e-06 2.634215486578818e-06 -3.1316299634435525e-05 2.2906386121654866e-05 0.0 -0.00481835968521973 0.25672416928869807 0.75055169674314 0.0011932366617289634 -0.001054165129090102 0.0001817706315668608 0.0014358878639700854 1.0
0.06249469509481942 0.27969039478428204 0.7636551936422353 -2.497465437762499e-06 4.044421331792494e-06 -1.0916726924607587e-05 9.813148553862634e-06 0.0 -0.0044256193858616165 0.256476497831432 0.7505608310001535 0.0004453217712380214 -0.00037233380432818855 -1.0540627180204815e-05 0.00048130929139055586 1.0
0.06247944250614293 0.27967736407459154 0.7636285946353178 -1.3034180604355641e-05 -9.974036801942561e-06 -1.757481120835213e-05 3.3197442851299164e-05 0.0 -0.0028831351089175497 0.25560501070916924 0.750597781626918 0.0012013734506719667 -0.0006492216875049548 -3.0396849336225874e-05 0.001746371756553999 1.0
0.06244013433721491 0.2796715344324854 0.7635907550686166 -3.6178997217813755e-05 -9.278104875721182e-06 -3.503500425422967e-05 5.613846168598554e-05 0.0 -0.0012142943384216684 0.25464714852720116 0.7506522552417312 0.0017218996937320092 -0.0009086573632729291 3.13857523839636e-05 0.001996507876804331 1.0
0.06241181856870953 0.2796580548604166 0.7635479613436568 -3.308955045206229e-05 -1.537973556303854e-05 -4.5280903110545284e-05 5.2592009840971897e-05 0.0 -0.0006155654730647644 0.25426484143068795 0.7507076166061742 0.0009460730725322987 -0.0005394016501381779 7.25683824517625e-05 0.000681714317168364 1.0
0.06233240807412349 0.27954646778533404 0.7633775711338218 -7.45857187857047e-05 -9.994351007618551e-05 -0.00015756292358242956 0.0002157861113084343 0.0 5.0698815429218893e-05 0.2533999953214749 0.7506428044169223 0.0006292138912753222 -0.0008182984087122025 -1.235860921522668e-06 0.001018670119804555 1.0
0.06225523796532575 0.2793894521319168 0.7629981706598656 -8.333581418278262e-05 -0.00016262611775246563 -0.0003687054186416365 0.00042178887910972315 0.0 0.0006891605247661625 0.2525364140414248 0.750508742437077 0.0004498536443582734 -0.0008725273669891961 -0.00013022982471354842 0.0011498022070425226 1.0
0.062268526740687835 0.279361721460241 0.7627562867362494 -1.3795742944092266e-06 -6.275190596396579e-05 -0.0003030507456240677 0.0002478974800565796 0.0 0.001074691768642664 0.25197481581461206 0.7504453018714535 0.00031826744299635944 -0.0005992819060032866 -0.00011208334907005445 0.0007264383537008308 1.0
0.062276781964271694 0.27935355928486894 0.7627187544148363 2.3128723659287092e-05 8.590896759307841e-07 -6.954518274228166e-05 2.7115458180499794e-05 0.0 0.0011464345545087917 0.2518582978777349 0.7504361670248662 9.958628243051553e-05 -0.0001261336027262804 -2.6621104479314172e-05 6.386030020928842e-05 1.0
0.06228297200378414 0.27932279878882277 0.7626409857735043 1.9802398054700493e-05 -4.95062111262061e-08 -1.5800415128776072e-05 8.327534107728415e-05 0.0 0.0012856641097489289 0.2516541268309407 0.7504287630198331 0.00022581562512558745 -0.00014392271359503706 2.1224975696241654e-05 0.00024407095845828766 1.0
0.062288076727531456 0.2792742682935527 0.7625288309149826 6.985398725309542e-06 -3.3206176173816685e-05 -5.835638610786741e-05 0.00013800850514648585 0.0 0.001618206532529814 0.251288943812757 0.750383127613428 0.0002928453004952549 -0.00026902872840305785 -1.4951332721204497e-05 0.0005482938076942323 1.0
0.06228551748970406 0.27925397818930303 0.762481505656186 -9.01310720130199e-06 -3.670904312737836e-05 -5.879492015756385e-05 4.881895941904093e-05 0.0 0.0018289486447638557 0.2511073759093799 0.7503638668123579 0.00021265831797305252 -0.00022292571000807817 -2.7035253663997604e-05 0.0002661586060113271 1.0
0.06227872436857445 0.2792417949727858 0.7624188639573933 -1.8811064006215543e-05 -3.1500147727578536e-05 -9.346562357116133e-05 5.065361118199437e-05 0.0 0.0021491603294873174 0.2509048465137696 0.7503840273431894 0.0003675146837167452 -0.0002951625184864279 -5.473209299666953e-06 0.0003490139786986791 1.0
0.06226496431781617 0.27924012315454355 0.7623739560526825 -1.4412499761525414e-05 -2.831364364474289e-06 -7.281067259095076e-05 5.3440828992179485e-05 0.0 0.0024240829235221153 0.25081845319420654 0.7504322198361159 0.0003050240603683298 -0.00011897875842681392 4.229600249839765e-05 0.00030569648610365434 1.0
0.062236188191183636 0.27923587774669023 0.7623416701017839 -2.141772575134597e-05 1.120119556246568e-05 -1.8976500717078507e-05 4.7757693022848415e-05 0.0 0.0027520148855605373 0.2507897336570562 0.7504860663510635 0.000288876759167065 1.6469564047330294e-05 6.95525388135931e-05 0.00034532907033040417 1.0
0.06217693901727093 0.27924143181521 0.7623188923523532 -5.74474742983514e-05 5.738494016258702e-06 -8.09991958906938e-06 6.0131846058974234e-05 0.0 0.003137394376182295 0.25076781698357814 0.7505834985109351 0.0003498923964321453 2.9655171205224273e-05 0.00010036611119007937 0.00039145127923089667 1.0
0.062153719913066764 0.2792471873981172 0.7623154810987348 -3.3497153872603517e-05 2.0782560203045907e-06 -1.0274275182800236e-05 2.4640923287225023e-05 0.0 0.0032575926747773066 0.2507554435617811 0.7506270016225874 0.00017618805278873668 -2.512819396229884e-05 5.2505513928928656e-05 0.00012868035565210048 1.0
0.062118416210322464 0.2792513864348624 0.7623126169245871 -3.117438096938959e-05 2.4011741645440127e-06 -2.3562858692083533e-06 3.516742342346114e-05 0.0 0.003425385139003638 0.25073780298040005 0.7506916043391676 0.00013958924587191112 -3.66132081192396e-05 5.017395429854661e-05 0.00017413651761417757 1.0
0.06208289933833822 0.27924993128130243 0.7623064298592639 -3.132905351853118e-05 3.420258550603322e-07 -1.3133335472358847e-06 3.6412847852909194e-05 0.0 0.0035962531465923786 0.25070937691903733 0.750776054874926 0.0001346006557230018 -2.9095212115455116e-05 7.649501525603777e-05 0.0001982412015582018 1.0
0.062027268723641504 0.27922299606204065 0.7622655192578656 -5.037480963573937e-05 -2.451009262943549e-05 -3.9677735634000926e-05 7.478032009771915e-05 0.0 0.0038058375968738427 0.2506683981240424 0.750887751966609 0.00020846951518836544 -4.9884054594376395e-05 0.00011123621595964664 0.0002469273393191384 1.0
0.06198020325245728 0.27921189713446465 0.7621921718461323 -5.1993027461097634e-05 -1.776695612546715e-05 -7.55721241093194e-05 8.80410500413411e-05 0.0 0.0039942407002459485 0.250615135050705 0.7510043534942024 0.000212393462391746 -4.846529982325287e-05 0.00012503207155942415 0.00022144033535866813 1.0
0.06195287040111356 0.2791984621569055 0.7621310361403305 -3.428091503561183e-05 -1.4111415162524165e-05 -7.267245694281683e-05 6.722432380856046e-05 0.0 0.004082343823537308 0.2505633188037915 0.7510934234102176 0.0001269330168440163 -5.1659070004108224e-05 9.990345980089043e-05 0.00013204180162637303 1.0
0.06187104048166536 0.27904837037532826 0.7618287337397448 -7.169521376405015e-05 -0.00012783099869697728 -0.00026967382375941767 0.0003442797334308129 0.0 0.004304596957999024 0.25050045918624936 0.7512641819751632 0.0001886653614388757 -6.073838553465161e-05 0.00015581181069853592 0.00028952431910899166 1.0
0.06183939166851312 0.2789004891257676 0.7615017756233088 -3.9542406176972693e-05 -0.00016494185413992683 -0.00035127303560189235 0.0003700277836111524 0.0 0.004431007877501726 0.2505666514534694 0.7512521477581205 0.00012374729344742414 4.940582464924638e-05 1.3722433215291794e-05 0.00015069773855370884 1.0
0.061793534099742926 0.27878084210620524 0.761314454417695 -4.316007764090288e-05 -0.0001390678386193871 -0.0002336091000144436 0.00022113834493031617 0.0 0.004469564876750442 0.2505927423300726 0.7512452886435482 5.5428027149528636e-05 5.066738042572089e-05 -2.5170186354684354e-05 3.999043624357452e-05 1.0
0.06181984357492761 0.27869480880887754 0.7609713376771756 1.77928465926424e-05 -8.789580186172272e-05 -0.0003023725497368945 0.00034440761714602355 0.0 0.0046912259124520135 0.2506219420222009 0.7510624193016046 0.00018259665520006755 3.908121912006884e-05 -0.00017621869554713493 0.0002828405507769433 1.0
0.06188125894900181 0.27865848853276104 0.7607742885626049 6.658577463354741e-05 -2.450048309911431e-05 -0.00020412461320317522 0.00022527913586305995 0.0 0.005017888857278478 0.25054918130266773 0.7509190577299665 0.00032693293377086396 -6.265428989711127e-05 -0.0001762579617233575 0.0003791500250398082 1.0
0.06191926542758804 0.27862565876431955 0.7606824199409314 5.58274754525653e-05 -8.85313817765069e-06 -8.322209883218085e-05 0.00010203247363116366 0.0 0.005352424948881881 0.2503398410299835 0.7508683448543709 0.00036649883398844096 -0.00021567905687479224 -6.974616679050794e-05 0.00039371673422409955 1.0
0.06193801742842576 0.27859401035899684 0.760626625226121 2.10952653751691e-05 -2.6848548006312432e-05 -3.547025423042189e-05 5.7694738978770585e-05 0.0 0.0055460115918466064 0.25008158642082845 0.7508677787450568 0.0002356124469091588 -0.0002908831067830721 2.3608329534450896e-05 0.0003120502794781775 1.0
0.061927466690547515 0.27853849067081654 0.7605819022963479 -2.1596356770878297e-05 -6.686126994262951e-05 -4.377230260702891e-05 7.906822810797573e-05 0.0 0.005714319205641836 0.249345060857308 0.7507280780122751 0.0001546988575943857 -0.000691085000799497 -7.855069987656237e-05 0.000768633345457937 1.0
0.06191741420994306 0.2785215672323734 0.7605737446744976 -2.266104285444092e-05 -3.331808789560316e-05 -9.659623660473386e-06 2.501605606345384e-05 0.0 0.005735064059713317 0.24905109135484554 0.7505766699092873 -1.1128037348350005e-05 -0.00041160002068870637 -0.00016391742433209192 0.00035683546560807484 1.0
0.061882638320354594 0.278493708085679 0.7605628807507555 -3.755801990035323e-05 -2.6927973509296256e-05 -1.5362057086522243e-05 3.6851009254267996e-05 0.0 0.0055747773435839984 0.2483577977884699 0.7502266644899855 -0.00017694067557075802 -0.0006133934509142255 -0.00035031176767116406 0.0007575543747945585 1.0
0.06182652050054513 0.2784940829500691 0.7605515633076912 -4.7909010187987916e-05 9.639060409202252e-07 -3.253644537769824e-05 6.14992098524858e-05 0.0 0.005326539919591558 0.2477951039409735 0.7501044708613513 -0.00025530279900872106 -0.0005658766060768326 -0.00020973862321030506 0.0006503782022783519 1.0
0.06166857462033193 0.2785583210583133 0.7605150782208421 -0.00014242779889355383 6.341661491754588e-05 -2.8338584006572037e-05 0.00017445017227633912 0.0 0.004572051538018886 0.2466370101315734 0.7502132647763445 -0.0006948215010575123 -0.0010617338997733268 9.421985513023427e-05 0.0013745682345721259 1.0
0.061580337256158475 0.2785778142100426 0.7604906971336206 -0.00011392405801737693 3.7170428768366526e-05 -2.696481987667673e-05 9.646696494462284e-05 0.0 0.004265106420408078 0.2463191263646362 0.7503938756710896 -0.00043479249154849015 -0.0005109853015877192 0.00025049070718293474 0.000506061697361303 1.0
0.06155793665845323 0.27857338698199086 0.760470559320916 -3.3059026704992435e-05 -1.8210583215116504e-06 -2.2716065887863298e-05 2.4440828195707127e-05 0.0 0.004053195971508123 0.2462542112963431 0.7504921433569015 -0.0002032630680861085 -5.659828147105015e-05 0.0001721363457233883 0.0001906981009191198 1.0
0.0615461075869755 0.2785554408694274 0.7604494738603128 6.546546506170162e-06 -2.8490964757263742e-05 -1.818347587983778e-05 3.073036556088077e-05 0.0 0.0039025080828435383 0.24615499832181065 0.7505636040959229 -6.75026488230536e-05 2.9396311746468268e-05 5.9936807948441274e-05 0.00021825434098389534 1.0
0.06154389683866617 0.278544953712654 0.7604238834588878 1.7386495791371847e-05 -2.188614828486722e-05 -1.963105475388812e-05 3.257637113367958e-05 0.0 0.003777272783151112 0.2460600468529364 0.7506081427585539 -6.324436167889032e-05 7.838544213653663e-06 -5.956842182975209e-06 0.0001831854244787075 1.0
0.06155282442483234 0.27852021717572795 0.7604034644189275 1.1381445994854353e-05 -2.610177395471925e-05 -2.0901442013837612e-05 3.305402133512961e-05 0.0 0.003504033988994472 0.24602560251660416 0.7505866253215591 -0.0002478634926419248 -9.836527110545563e-05 -6.310370721170468e-05 0.0002709907345029131 1.0
0.061559638571203015 0.2785045601473323 0.760398294590657 -2.948765507104862e-06 -1.0458383059070816e-05 -8.404996470328785e-06 1.3639216798879368e-05 0.0 0.0030569336145437206 0.24613092474040243 0.7504683346970323 -0.0004907888706349044 1.0498945068532282e-05 -0.00010247844909565604 0.00044661127285274693 1.0
0.06156305703652985 0.27850013854678396 0.7603927456772404 -9.90040519785549e-06 1.9174460158879516e-06 -4.913414956096738e-06 9.240601906371986e-06 0.0 0.0026943716136589575 0.24617356286814657 0.750377948553608 -0.00047156458992669674 8.136591074008265e-06 -9.049435887121769e-05 0.0004014647839099255 1.0
0.06155452776625539 0.2784752297417952 0.7603787733768493 -5.1476370673388474e-06 -2.1693491887079025e-05 -9.677666176536253e-06 3.0382051056102727e-05 0.0 0.0019858943692481735 0.24602856677777765 0.7503211977255643 -0.0006458741786338849 -5.0800841538440646e-05 -5.8497157886662165e-05 0.0007090092065381119 1.0
0.06153509927883427 0.27843146701750665 0.7603092811930496 -1.7326987528555962e-05 -4.356929815213455e-05 -6.26290048900353e-05 8.475238263928494e-05 0.0 0.0006030391160838844 0.24584045706360388 0.7507034973738058 -0.0013089166929001902 -0.000203799981042641 0.00033125166429174115 0.0014540626515873892 1.0
0.06151870974160971 0.27841484275868505 0.7602438162517275 -1.9978919666141978e-05 -2.6172765314448112e-05 -7.678468030148381e-05 7.06133248316884e-05 0.0 -0.00024020080082521429 0.24557132985272967 0.7507283770994185 -0.0010235126315245922 -0.0003071854581490071 0.00015476807311414747 0.0009108160547298307 1.0
0.061483688725398604 0.27835152450690587 0.7601191446282898 -3.220922410948039e-05 -5.6338099964746674e-05 -0.0001241817319499752 0.00014054724877072142 0.0 -0.0005293972082255769 0.24531564971952127 0.750719462867246 -0.0003615645897515696 -0.00028158201499029595 3.5631630837444455e-06 0.00034348436324558435 1.0
0.06146059186787471 0.27830485488119594 0.7600160547269375 -2.484573625261662e-05 -5.2595830366824e-05 -0.00011301452944764237 0.00011879420714391427 0.0 -0.00041879499561287394 0.2452554326582219 0.7507114003571841 0.00021287535843781658 -7.015429043718107e-05 -6.557317943852267e-05 0.00012478200752136153 1.0
0.061413365083378225 0.27821950590010197 0.7598367090290726 -4.242472764188256e-05 -7.907973795879102e-05 -0.0001657915758910268 0.00020188368799457952 0.0 0.00027494762355333114 0.24515477267795843 0.750686275446521 0.0008145790528776151 -3.417685502667074e-05 -7.678368535275077e-05 0.0007328123526327116 1.0
0.061405699780332834 0.2781903612536561 0.7597331982338136 -1.4631661053873577e-05 -4.029630163529021e-05 -0.00011766317468632145 0.00011123055085148528 0.0 0.0009220659654983245 0.2450620071491986 0.7507302742502615 0.0008063591189548512 -6.716088929880251e-05 2.6126441363626026e-05 0.0006737384067718172 1.0
0.06141823064059647 0.2781673543855326 0.7596270670007674 1.3027356802677748e-05 -2.0095527117606667e-05 -9.92981387160389e-05 0.00010441524119709608 0.0 0.0021996948810061945 0.24469239276221533 0.7508828396525784 0.0011354858716680835 -0.00034093863772129753 0.0001784277504933903 0.0012868831521471516 1.0
0.06142801250231141 0.278143533517389 0.7595771800595235 1.763037137041774e-05 -1.4900976082957566e-05 -4.956501365858562e-05 5.929456482203164e-05 0.0 0.0031899731688308846 0.24440051267632779 0.7512723761938831 0.0009745785396182764 -0.00036228816698382043 0.00041740597953479576 0.0011287497480904625 1.0
0.061424376198532846 0.27811805477659446 0.7595516354056145 1.8331744221070872e-06 -2.0222100675761304e-05 -1.5497715945309227e-05 3.591847469593537e-05 0.0 0.003533408568529525 0.24428393446268934 0.7518555366639522 0.0004138983404474634 -0.0001838901654152326 0.0005789929017038932 0.0006803102607874066 1.0
0.06141864131630231 0.27808687673479915 0.7595216422471023 -1.05095357968552e-05 -3.5768136679076545e-05 -2.347030864328323e-05 4.422132028849368e-05 0.0 0.0033464545480725704 0.24414217812783892 0.7523799951665917 -0.00025189033663096546 -0.00010204790858274866 0.000581733805303545 0.0005674041854738442 1.0
0.06140613700497063 0.27803738022617336 0.7594564506228378 -1.7815885492201907e-05 -5.2012523060749616e-05 -6.225218414477334e-05 8.09764971118897e-05 0.0 0.002801946715342885 0.24402588067014197 0.752777183760572 -0.0006780567206227145 -6.352999736686701e-05 0.0004144335430807345 0.0006962430307139503 1.0
0.0613924611713519 0.27800524976002317 0.7593667179086991 -1.8413703213911413e-05 -4.1654189072933353e-05 -0.00010281175941001334 9.886402435303197e-05 0.0 0.0021041757376270855 0.24383511591778786 0.7531379860700934 -0.0007804434501774335 -0.00016452369093286956 0.0003075175165451501 0.0008249126272623622 1.0
0.0613811046892396 0.2780088978758207 0.7593380059106697 -8.607660891025222e-06 2.9606639155180877e-06 -4.701564781736027e-05 2.9201787877279118e-05 0.0 0.0021389687285331685 0.24374835608219042 0.7532186314673628 -5.8554122322333735e-05 -0.00012856104746922464 6.433725259939786e-05 0.00010532543866091908 1.0
0.061364271354643146 0.2780054675317881 0.759309239504972 -1.3006451509134084e-05 5.846263096084257e-06 -2.5666130409865233e-05 3.160329344801181e-05 0.0 0.0026284625183351155 0.24374187916663856 0.7532393852062276 0.0006647154267058671 -4.6156608985443206e-05 -2.178819616892336e-05 0.0004623778112648756 1.0
0.06131770228371863 0.2779736223916801 0.7592652450966775 -4.211004228287768e-05 -2.2348458554495258e-05 -2.711693949863937e-05 7.411176157490756e-05 0.0 0.0036350295848259413 0.2438455780179286 0.7531612938374991 0.0011534805060924337 0.00011577835207670463 -7.48349417530725e-05 0.0010498749880252809 1.0
0.06129967610012073 0.2779523787789199 0.7592107969231578 -2.713712277450796e-05 -2.7592138358708082e-05 -4.7932938152311934e-05 6.357281881592901e-05 0.0 0.004234812577379608 0.24403362766370024 0.7529440383353584 0.0007916037432013298 0.00021853764211587364 -0.00018965205095429456 0.0006856866087145393 1.0
0.06129926023495425 0.27794971468928015 0.7592053630994376 -2.6585313729522665e-06 -1.228578412162524e-05 -1.896460497365023e-05 2.8962931588928867e-06 0.0 0.004207344470772421 0.24406310863098488 0.7528903827928011 -2.016974163890459e-05 7.246518444756974e-05 -8.254032726446117e-05 2.3196175543888195e-05 1.0
0.061293147265900697 0.2779363783890851 0.7591915616717927 4.630065803545758e-07 -1.1994419485086492e-05 -1.473721327043866e-05 1.752340473154743e-05 0.0 0.004038130248673521 0.24409242309168122 0.7527749014470759 -0.0004188452837877525 2.937370097440869e-06 -7.818917262085521e-05 0.00019092881212037988 1.0
0.06128774515009157 0.2779254836374817 0.7591801121311512 -1.0788257775095746e-06 -6.403997381967929e-06 -7.986584361127712e-06 2.1355620360314918e-05 0.0 0.0038897094697205627 0.24406113370606725 0.7527424730414406 -0.0003540161292018961 -6.559348204912273e-05 -1.839829528771451e-05 0.0002132476927476179 1.0
0.061287977548668195 0.27792086627595375 0.7591642720309291 -8.266776716706901e-07 -2.2327186534448503e-06 -9.251026122037107e-06 1.6212341185270113e-05 0.0 0.003597415895422174 0.24401710294986442 0.7527465498974183 -0.0002490105630896006 -6.196065816060694e-05 5.598414587301009e-06 0.00027960963403573646 1.0
0.061285911270714775 0.27791389041236847 0.7591488975925951 -5.1408857426018156e-06 -8.324982817518643e-06 -1.913163599835309e-05 1.4775687204920227e-05 0.0 0.0033968031919704884 0.2440836748704508 0.7528476766547187 -0.00011047210886052123 5.309417119757756e-05 9.717414506168668e-05 0.00021376399720054805 1.0
0.061273995450944446 0.2778857264260993 0.7591285476397128 -1.3638907506460452e-05 -2.757537559526322e-05 -2.4778975212377322e-05 3.691006521423805e-05 0.0 0.0033173378237822465 0.24417219002120955 0.752961748572763 9.507034808248801e-06 0.00012087709060378549 0.00011555485218546946 0.0001684978574335225 1.0
0.0612642716631866 0.2778646835343604 0.7591055735301256 -9.411666579396039e-06 -2.4021921432853554e-05 -2.3937547175388405e-05 3.444003611478372e-05 0.0 0.0033000385453577684 0.24422194339787479 0.753018180486997 -9.27660650660916e-06 8.483478673734448e-05 6.475512629321415e-05 8.615834483984984e-05 1.0
0.061242937823975524 0.2778220859338758 0.7590241801121033 -1.9850044352969303e-05 -4.048182070629438e-05 -7.037077099853982e-05 9.228135963705242e-05 0.0 0.0033914617810307073 0.24428995280391588 0.7531239705729939 6.779374752800458e-05 5.806356990745547e-05 9.35513908032089e-05 0.00015039131133676804 1.0
0.06122292146175219 0.27775453043042914 0.7588682825947998 -2.2292060558475053e-05 -6.73466060855517e-05 -0.00015419957633238713 0.00017245188873623736 0.0 0.0038871576199673782 0.244369463527375 0.753221825690836 0.00045594839345927077 6.74714428801063e-05 8.161869243238155e-05 0.0005161273491721996 1.0
0.06123438321605617 0.2777367080809385 0.7587950330143363 6.887065944938978e-06 -2.8747584127670212e-05 -0.00010193359828544651 7.826588762441192e-05 0.0 0.004449394177303259 0.24442679738889825 0.7532124890019489 0.0006067505936959623 4.8103236747757246e-05 6.186579412086071e-06 0.0005694926161800381 1.0
0.06124160419668876 0.27772538771780236 0.7587649373197366 1.3549587219508621e-05 -6.485565188198778e-06 -3.3165745260084045e-05 2.729550246096944e-05 0.0 0.004954991216053603 0.2443870759566226 0.7532070985290801 0.0005442554558558174 -2.8227609250628916e-05 -1.6404729623930305e-05 0.000497356984014998 1.0
0.061245775402029974 0.27770999514238376 0.7587392649324111 8.6114518268792e-06 -6.509567695249067e-06 -4.5448148370276866e-06 3.1803040468548285e-05 0.0 0.005681189521687184 0.24422424222065586 0.753155557408049 0.0006847815273521732 -0.00015237410965288642 -4.996541340769897e-05 0.0007381513539948428 1.0
0.06123500843043765 0.2776793928809571 0.7587175869639567 -9.38270205300852e-06 -2.5580806674480417e-05 -4.627894794508934e-06 4.38519280370616e-05 0.0 0.006649006946357425 0.24375569250190074 0.7531584424852964 0.0009192819201011068 -0.0004552533930386505 -1.312779104962851e-05 0.0010915123103747034 1.0
0.06122282287800949 0.2776236587450306 0.7586501488020029 -1.7176236417649766e-05 -5.635565912846546e-05 -6.0201798984665127e-05 8.593032131669135e-05 0.0 0.007580193461047908 0.24348490011908203 0.7530607547995245 0.0009577707149744343 -0.0003588679651804291 -7.547071147145537e-05 0.0009821086796328114 1.0
0.061207761836413986 0.2775724380771498 0.7585643096455428 -1.9976044923027934e-05 -6.364079261599907e-05 -0.00010403858296061994 9.927091938507782e-05 0.0 0.00840752615743792 0.24336517308616293 0.7529682608285786 0.0008688299119660224 -0.00013816666624354049 -8.789764593174811e-05 0.0008184809009551252 1.0
0.061216530437551445 0.2775520101798246 0.7584975150539747 5.258139990160302e-06 -2.967839399666816e-05 -8.806460695820242e-05 7.156109268119355e-05 0.0 0.010175595926027453 0.24348553724786282 0.7532740638849466 0.0016289169239734759 0.00015279770378511266 0.0002423805047303858 0.0017906656381432697 1.0
0.06120041872154386 0.2774829149970126 0.7583956942102431 -5.66815310182031e-06 -5.210761132620353e-05 -9.17622412930815e-05 0.00012206277633283736 0.0 0.012126921807647894 0.24345872905806984 0.7537876182803748 0.0020091130400331256 8.466398882241963e-05 0.000532758389360476 0.002063861990538173 1.0
0.06118870026506879 0.27743958634022564 0.7583079832060374 -1.1751781537433472e-05 -4.595390883912336e-05 -8.554761672607512e-05 0.00010228726622643049 0.0 0.013156036002341026 0.2434383656570231 0.7539287166040943 0.001274603308706419 -8.789588512933658e-06 0.0002763666198962026 0.0010230929668947493 1.0
0.061188154064317206 0.2774248365452204 0.758268656496591 -4.195022695944602e-06 -1.930646438220622e-05 -4.2313961720431115e-05 4.0981578472930086e-05 0.0 0.01386870849637788 0.24355935009693666 0.7540171240684352 0.0006751497248676108 4.67401443127115e-05 7.322800771898121e-05 0.0006721006923252578 1.0
0.06116713163001978 0.27739804174997834 0.7582191571625227 -1.8961202738121528e-05 -2.1958024478491864e-05 -3.8822122575623075e-05 5.6650289891767934e-05 0.0 0.015189863552118526 0.24416498699522837 0.7543080928657975 0.0010199483440434367 0.0004986964407662834 0.00017790956420675195 0.0015176184010807937 1.0
0.06107112992401793 0.27720785399926895 0.7579511692744867 -8.691573533591541e-05 -0.00016551854101802885 -0.00023426112668851912 0.0003433644380588626 0.0 0.01649164196671339 0.24493927056593143 0.7535625910208045 0.0012484877803866528 0.0008401140909917292 -0.0006389309461101745 0.0017478223192872722 1.0
0.06074719262026444 0.2766955234653742 0.7572424597782089 -0.0003033706450290506 -0.0004892510800954572 -0.0006781076028265056 0.0009370271696521727 0.0 0.01753115415430744 0.24534193157371123 0.75302029232002 0.0011979478573635486 0.0005588581099476829 -0.0006817360285151207 0.0011895680242017441 1.0
0.05927871785901379 0.2753898963329772 0.7549383768682657 -0.0013474214990793745 -0.0012610761613066298 -0.002171263176345637 0.003016240796248962 0.0 0.018907828447756184 0.24550019431846476 0.7524082018871561 0.0014668285108920909 0.00016574049138833207 -0.0006344042632508863 0.0014683900307335984 1.0
0.056477189017100825 0.2734580185376041 0.7516269737884158 -0.0028034562573458375 -0.0019997525304632875 -0.003454075840935043 0.004780255277719181 0.0 0.020913356705691364 0.24527418485565922 0.7515027490839168 0.0019282126618125751 -0.00031865481103647065 -0.0008443789865828042 0.00226245166507197 1.0
0.04997216000536872 0.2669150063624064 0.7497345225337975 -0.0062996706696463785 -0.006058168323929191 -0.0024076427062011 0.009368442313275856 0.0 0.022336916520875372 0.24387139909258979 0.7510634451112963 0.0015200897705246793 -0.001380701403021854 -0.0005051623105745102 0.0020789788054027918 1.0
0.04361252383611523 0.26124494945331916 0.750018743516561 -0.007036971879267648 -0.006475211902200578 0.00011842124881232785 0.008624786488404783 0.0 0.022888604087807216 0.24304017291553418 0.7507960006558313 0.0006659917305467217 -0.0011014928786277922 -0.0001914069597212616 0.0009860555631741013 1.0
0.03860575773703907 0.257321318528779 0.7506114173138569 -0.005502349736363927 -0.004503875068247362 0.0012154478296338448 0.006266320616952106 0.0 0.02330186723557484 0.2423674452685922 0.7504911762845 0.0002754126502236086 -0.0006683877767478773 -0.00020606845926993622 0.0008150750076165317 1.0
0.03517250969724609 0.25373162109536784 0.7508780819315664 -0.0032245910013938527 -0.003163387579376858 0.0008458371303242226 0.004939694791502353 0.0 0.02260089436472073 0.24150442364735858 0.7504362396739893 -0.0007552013504572466 -0.0006715873424567432 -0.00011705321643345001 0.0011669187219464931 1.0
0.034340973255074056 0.250182104732902 0.7509946787061623 -0.00035964040345520755 -0.002834926380662353 7.663609097794386e-05 0.0037739185598576006 0.0 0.022805818395867827 0.24125795915294626 0.7505728544317763 -0.00012374212349098538 -0.00022324687987946375 0.0001396984558099904 0.0003754584937525178 1.0
0.03419739141143762 0.24794614193071302 0.7504944296896499 0.0005737825252811496 -0.002085490342191033 -0.0009032604222940721 0.002334077483628995 0.0 0.02258986653880603 0.24110746962628288 0.7505544934414744 -1.3731313273845783e-05 -5.831723039934685e-05 9.599983355494581e-07 0.00019590519053979652 1.0
0.03481030878497296 0.24699966186774536 0.7497818329666819 0.0007255302008265331 -0.0011740344788343602 -0.0010994664783650358 0.0012113667076933867 0.0 0.022790341130226204 0.24106887322497636 0.7506175368373258 0.00033406192789739745 -4.7766309210066734e-05 1.5157463582011772e-05 0.00022599508612937218 1.0
0.03486112238698211 0.24641289885496837 0.749493653382661 -0.0002086963997297883 -0.0008200435060720748 -0.00037305695275027155 0.0006855632869952819 0.0 0.022792961535340082 0.24104091693724697 0.7505431866146017 0.00012000884266536371 -8.809358987439073e-05 -5.028886129252103e-05 0.00011514802206015863 1.0
0.03482701320905724 0.24626123368449934 0.7492539184491761 -0.0003928438280379242 4.048886102395004e-06 -1.823606063917362e-05 0.00030639825166626014 0.0 0.02272916575482506 0.24100569403883723 0.7505306741450843 -7.321642593639279e-05 -1.906671817637328e-05 -5.842097656001509e-05 5.3607147326707044e-05 1.0
0.03459007473441197 0.24616151328200112 0.7490968274722934 -0.0005076958216832126 -4.890257420355447e-06 -1.566050242056649e-05 0.00029165851937670156 0.0 0.022771205195225734 0.24102108333576203 0.7505247027056406 -4.892716532617358e-05 -4.315239082599079e-05 -2.3297672300334304e-05 3.389814838160906e-05 1.0
0.03402668274771424 0.2465286372935604 0.7491399261128366 -0.0006025384904206179 0.0001477563927103501 8.619401043191872e-05 0.0006729026309762699 0.0 0.0227930607062503 0.24095179159244362 0.7505986500275187 -5.590438996808239e-05 -8.962024649912124e-05 9.348843314950153e-05 0.0001198676495263863 1.0
0.033448676959339875 0.247313137490311 0.7493050438659195 -0.00048735164627240063 0.0006374376538355389 0.0001625304858557839 0.0009956983248313516 0.0 0.022810682843890904 0.24095467633062553 0.7505413205676879 7.662939733489073e-05 1.8323796860692768e-05 -6.47119335320749e-06 5.612886011402548e-05 1.0
0.033231173294129404 0.24811426558607447 0.7495691977490699 -0.00021029804053045197 0.0009219833192525297 0.00020721154200974785 0.0008668068843491875 0.0 0.022938897274522058 0.24094504603952346 0.750573872644438 9.958927103232568e-05 -2.568889174025255e-06 6.052852965741823e-06 0.00012817560006857454 1.0
0.03317320580803775 0.2486908988957183 0.749754110496898 5.400750964702775e-05 0.0007045879606135275 0.00019369519750035897 0.0005974934428805987 0.0 0.022963146359994975 0.240986322191868 0.7505176246039601 8.19367062969e-05 4.491977519108635e-05 -4.5964838003692374e-05 7.9160591589705e-05 1.0
0.033099308426437817 0.2488281426920114 0.7497713354017822 3.842943460192344e-06 0.00014352541084018406 4.554470916049726e-05 0.00016418932149346935 0.0 0.023049826275995375 0.24090609651937622 0.7505106705214043 5.544896967631083e-05 -5.3438779416509156e-05 -3.378711102977261e-05 0.0001145624551459036 1.0
0.03288408739087476 0.24865898854408827 0.7498109157412947 -0.00015110060699196587 -0.000265316417280428 -2.3600564350360204e-05 0.0002779566114241384 0.0 0.02303473832466139 0.24093671995916627 0.7504334231074056 -8.015175246206907e-06 4.047952520292151e-06 -6.212452440043093e-05 8.724960725096204e-05 1.0
0.032692517366959155 0.24815471345345622 0.7498489849654711 -0.00025931901909765406 -0.0005939702419190318 4.843956292619671e-06 0.0005514622895056872 0.0 0.023015545765362362 0.24089955623279857 0.750405148878051 -2.7417968041596846e-05 -2.7619288612583323e-05 -3.574673516073351e-05 4.889333016836236e-05 1.0
0.032674298130749735 0.24776404221587164 0.7498906469268227 -0.00012673020808431549 -0.00044357614439278386 5.477271425176233e-05 0.000393726900188178 0.0 0.0229750354946579 0.24089471928249293 0.7504103960991764 -5.239842850836964e-05 -1.5764953683036554e-05 5.790449789702214e-06 4.12518331259995e-05 1.0
0.032829444075299107 0.2469733175675931 0.7498746447266152 0.00014028084707096166 -0.000669010360678207 2.2552564038508713e-05 0.0007795810639813465 0.0 0.02306820062724475 0.24091822921968764 0.7503852172113793 7.31088277753695e-05 2.7503687480212444e-05 -1.679827696299352e-05 9.856637150918865e-05 1.0
0.03285288570054674 0.24643809201533304 0.7499070978651708 0.0001257693331425052 -0.000542917589230701 3.889683110335542e-05 0.0005573632773375951 0.0 0.02302410135911899 0.2409013325013244 0.7503885143534762 4.077392950441095e-06 -3.6862771499429524e-06 8.192017827326426e-06 5.1769423968386845e-05 1.0
0.03294762064901497 0.24606915961986892 0.749975606678133 0.00010918092931645363 -0.0003579239286598053 5.746867543023412e-05 0.0003837461461969247 0.0 0.02307194621119436 0.24089622324797422 0.7504459661767681 3.327767609317988e-05 -8.14223945264441e-06 4.529396589174128e-05 6.888014954051775e-05 1.0
0.03292373638022066 0.24580462611533604 0.7501458253302692 -3.0600208932028374e-05 -0.00023264629208800687 0.0001545358322031007 0.00030795911629256413 0.0 0.023027776748354465 0.2408906211216661 0.7504737448172957 -2.703986851222518e-05 -1.5250343584649367e-05 3.978067865828882e-05 5.497205043178172e-05 1.0
0.03277945154790621 0.24559073584347296 0.7503748306038958 -0.00017714242402476005 -0.00017837028752746873 0.00024595714350171 0.0003535827877596848 0.0 0.022975614473232108 0.24093332410185841 0.7504376930717881 -7.026794466573227e-05 4.023778673583779e-05 -3.0403539029092036e-05 7.700550409140445e-05 1.0
0.03267978495146646 0.24556395015725818 0.7504292153718088 -0.00014124675056061885 -4.513047278502922e-05 0.00010041433065631215 0.00012617336013829396 0.0 0.0230595220124629 0.2409646211990342 0.7504734305792727 5.2633174387964656e-05 3.565811082320138e-05 1.626365307788187e-05 9.666609612950232e-05 1.0
0.032613991359222994 0.24553893356756243 0.7504528955960184 -6.287020053466919e-05 -1.8940168013490712e-05 3.607801916622029e-06 5.146105065512738e-05 0.0 0.022899807423539243 0.24092718278934025 0.7504605043413348 -0.0001057271486288011 -1.8874881696087867e-05 -8.463841898860024e-06 0.00016297668551277638 1.0
0.03256421278412662 0.24548371534263874 0.7505105381500556 -2.3954087417829318e-05 -8.349353934978469e-05 1.0240772321099257e-05 0.00010454993304053541 0.0 0.022954429033539503 0.24095579014967908 0.7504876309869422 1.719782383177117e-05 9.550542831059504e-06 1.861801886117059e-05 7.083921104284396e-05 1.0
0.03236879324167604 0.24555214558304203 0.7505339498150352 -0.0001567567717224479 4.9179221750596724e-05 1.7804736604893625e-05 0.0002131786771768832 0.0 0.02293352449927811 0.24094112626873146 0.7504599565051557 -1.0986589954982388e-05 -1.4859154480637674e-05 -1.0192654964874142e-05 3.186975410996466e-05 1.0
0.03269543166710301 0.24575817916545253 0.7505369890622537 0.0002472859864485455 0.0001894894909510985 1.724848155652546e-05 0.000383574426858168 0.0 0.02302748462950991 0.24091032395377956 0.7504498904599108 8.880349591065063e-05 -2.9149768940407683e-05 -1.2045571952321514e-05 0.00010135048562719937 1.0
0.03282966444345915 0.2459681657404212 0.7504962029991725 0.00020330796737705542 0.0002335741743682063 -1.6354976976863274e-05 0.00025165837607163963 1.0 0.023032089221126168 0.2409359105389359 0.7504158226475983 2.768168802504409e-05 1.6847996456918745e-05 -3.838177331897059e-05 4.8543588041212105e-05 1.0
0.032876931302851374 0.2461278552358093 0.7503167656549729 8.21368088106846e-05 0.00018831608130171645 -0.00016287268400413772 0.00023886346806633896 1.0 0.022903514530742474 0.24084228389735987 0.7506095964245046 -0.00010773163741354647 -6.697494634603585e-05 0.0001558383228875865 0.0002435012873626873 1.0
0.03283951525901134 0.24615702618609336 0.7503108252596514 -4.646394063096794e-05 4.571113169976254e-05 -6.740707114740723e-05 5.351821356961838e-05 1.0 0.022900051919216874 0.24087160756882522 0.7505784950821505 -5.1356805250176266e-05 -2.6924963057262195e-07 3.691820739232754e-05 4.971093316174477e-05 1.0
0.03259417359168732 0.24646808038975482 0.7502727865468742 -0.0002704411613899373 0.00022331813205687484 -2.3320995798699677e-05 0.0003945848215225435 0.0 0.022879654490643237 0.2409277378893295 0.7504412930424638 -3.941998028477352e-05 5.5149970350152866e-05 -0.00012684555201193946 0.00013989791788340036 1.0
0.032616134821842516 0.2464246038697551 0.7502822456473311 -8.287229423014467e-05 1.4447785195030183e-05 2.7816315681960064e-05 6.663677165421216e-05 0.0 0.022897179330621315 0.24093569757800534 0.7504189916776979 3.853133646020631e-05 3.491345761745567e-05 -7.684489361161733e-05 3.713929793953434e-05 1.0
0.03277724446173028 0.24596005759149883 0.7503626515834064 0.00016385564697464058 -0.0004094030638790183 8.757340470428832e-05 0.00046999696355953417 0.0 0.023251030060367637 0.24119232591477802 0.7502465150318716 0.0003233294894393188 0.00022071508984469062 -0.00017043543079511863 0.00046388433943015664 1.0
0.033038706929621825 0.24516270611629562 0.7506626436339122 0.0003538101822342963 -0.0008266793693306307 0.00028056408314795317 0.000907973286723736 0.0 0.0234032531238324 0.2410814584578219 0.7502717848224816 0.0002426516495825671 -3.162237727230511e-05 -8.786101841213678e-06 0.00020809818688570042 1.0
0.033272643883590726 0.24385045678295125 0.7509082225710395 0.0002827620127332969 -0.0013505104867719635 0.00027837325675319114 0.0013598855347756753 0.0 0.023471274805065945 0.2409624553269001 0.7502923949882966 7.737559897005899e-05 -0.00014810308072738286 5.7120366574182164e-05 0.00011380625806762055 1.0
0.03342902376543704 0.2431089994964929 0.750947541101861 0.00016492737446624058 -0.0009309628906315911 7.445230956328318e-05 0.0007615888268302452 1.0 0.023519984460720806 0.24091592023314937 0.750301218722549 2.5052404538005887e-06 -0.00011020750320247635 5.138230978247768e-05 7.427844398032941e-05 1.0
0.03332887631933768 0.2426180211556458 0.7509909022266086 -0.00011901248700437394 -0.00044966015510664227 8.849768749015708e-06 0.00046571476347674785 1.0 0.023541894791886914 0.24088167679035913 0.7503064342467402 -1.2242279519332223e-05 -3.6524203242817004e-05 -8.127549352187708e-06 4.920470845025382e-05 1.0
0.03331592633851811 0.24220105259969546 0.7509944022298345 -0.0001101330653864559 -0.00023078006194256564 -4.445409218081555e-05 0.00044540192301745804 1.0 0.023531380464481402 0.24086905050624874 0.7503073849867322 -2.588543476967647e-05 8.02342118021824e-06 -1.3372402386234488e-05 1.9397852263300715e-05 1.0
0.03334927760034346 0.24170487116455341 0.7509579125031824 1.891434493071542e-05 -0.00038790318430370765 -4.8355459059590356e-05 0.000512422267172103 1.0 0.02339287737654004 0.24074413209799114 0.7503987180168469 -0.00010296877521062537 -7.626133846508092e-05 6.959910223078126e-05 0.0001928449343089634 1.0
0.03343480292960264 0.2413777780959114 0.7509369627622192 0.00011364229239901165 -0.00038472772349529527 -7.138085045430916e-06 0.0003337841196126522 1.0 0.0233573767752423 0.24073856270923727 0.7504634426126273 -3.6868720473738205e-05 -2.0260146788182614e-05 6.963099815786842e-05 8.940041962464268e-05 1.0
0.033377714979700095 0.2413877235501977 0.750981696435182 1.3815006406953285e-05 -0.00011639832544359989 6.725479894208986e-05 5.047718126747965e-05 1.0 0.023245280986288194 0.2407195471259279 0.750515369708467 -0.00011142596892747131 -4.745542743316751e-05 7.635811457125589e-05 0.00011248227533184918 1.0
0.03324931614888029 0.24184886934929598 0.7509575738698612 -0.00011792708867393694 0.00039382579165568 -1.7208449145804969e-06 0.00048211659859981413 1.0 0.023205950756888468 0.24077532610184557 0.7504728266137494 -4.8341364992892305e-05 5.3377164194384476e-05 -3.3713372869534796e-05 8.462441008607325e-05 1.0
0.03321887702594083 0.24201493307972288 0.7509859141280556 -8.669173042776573e-05 0.00035075372330722995 1.1779918057645893e-05 0.00019952166180031358 1.0 0.023216195140877912 0.24081845368811614 0.7504343042437992 1.7727888149461854e-05 6.710686150303508e-05 -6.26273919504126e-05 6.17884119943633e-05 1.0
0.033173210766261535 0.24253852994176697 0.7510273554511985 -6.627516167861518e-05 0.0004947913547947098 4.157260331700236e-05 0.0005016733229047076 1.0 0.02333763391964462 0.24086451719904575 0.7503760092897499 0.00012224903762933154 5.2934466992982606e-05 -7.239084648242833e-05 0.00014062651111484582 0.0
0.03287693325310651 0.2446260766591713 0.750993835851148 -0.00023719743185470678 0.0018411964185371997 -2.4505731375123025e-05 0.00210021980914175 1.0 0.023725708300805948 0.2411189686046783 0.7503041094317563 0.0003687013398853298 0.0002168993102183283 -6.991683977138114e-05 0.00046620621217888805 0.0
0.032959004246791615 0.24668258214523148 0.7513343233455453 1.347594102339963e-05 0.0022464301776032375 0.0002758889879002191 0.0021416553331500524 1.0 0.024720130498308485 0.24055929488499525 0.7507577478547018 0.000950118203407568 -0.0004294425660912267 0.0003914103227649086 0.0012328683126513846 0.0
0.03264242788563433 0.2500235408833888 0.7525959772411389 -0.00023436828711306844 0.003338857637687127 0.0011771172879775746 0.003519513788376083 1.0 0.02632718423918122 0.23842743096180744 0.753369811261637 0.0016354194589333327 -0.0019964784016125994 0.00238597159846723 0.003722572646666011 0.0
0.03282412246777623 0.2527540668399554 0.7547993614304057 8.383347804715387e-05 0.003008323122674417 0.002245189803188916 0.0035402539833046687 1.0 0.025976573351290055 0.23663916288330056 0.7550487286448342 6.559585210202482e-05 -0.002158692168553443 0.0021812922105144653 0.0025476015780358467 0.0
0.03428920951276919 0.2560594732963686 0.7582387091669182 0.0013238743187889504 0.003153681109793015 0.0035096206001189617 0.0049783289906204006 1.0 0.02231900026202584 0.23579576305709596 0.7543145518642057 -0.003422208858295364 -0.0011327917173033675 -0.0002669499210039801 0.003694835822398975 0.0
0.044076359749151306 0.25815096597190446 0.7618396337887937 0.00884764691245966 0.0021066304666731016 0.0038433983587321447 0.010621076021743833 1.0 0.01977391308647716 0.2353948943189143 0.7553216182743328 -0.0034843323475293128 -0.00023404035576340677 0.0002604203698798284 0.0028478090982687818 0.0
0.048554660813057836 0.26209494656419013 0.7633127860397882 0.006564767665690742 0.003475566613604489 0.0018306528476753788 0.006332820617990565 1.0 0.01894161791451789 0.23599007078736534 0.755316790025397 -0.0014236782098488608 0.0008464716493033917 -0.00015324918466869754 0.001037999171491279 0.0
0.05241794072298274 0.2638329905071031 0.764213041325874 0.004177642803465044 0.0022144427766452607 0.0005215266308344217 0.004036786252637857 1.0 0.01894361573759405 0.2364619971512959 0.7553038623340518 0.00039608081553378584 0.0008184990612040024 -6.147817614211935e-05 0.00041718650794904627 0.0
0.05752291002603319 0.26438820251413647 0.7648057352263441 0.0040677165608096885 0.0006231374381069446 0.00011642796239933064 0.005174482376338083 1.0 0.01859407871481624 0.23628414272642692 0.7556457037951264 0.0005410542747754764 -0.00014147958130384742 0.0004874334654614255 0.0005393568249075311 0.0
0.061066033997301324 0.2639896701535898 0.7647599670837476 0.002958591940819386 -0.0005432349936084755 -0.0001398447461658946 0.0038727897024493116 1.0 0.01792470039225219 0.23575264923551253 0.7563189264561527 -0.00031014419815242897 -0.0008290743667219006 0.0008986672842074975 0.001153103880733868 0.0
0.06188391325393754 0.2642472574717193 0.763022406700873 0.0008812473581253232 -0.00022046477350664987 -0.001393037211039282 0.001812746314551587 1.0 0.015765754409713346 0.23511364267036627 0.756191918492599 -0.002398000937723934 -0.0008686026999181846 -3.188947279704306e-05 0.0021801709536829247 0.0
0.06189870198023894 0.2647443691466176 0.7617994615389594 9.887170029265063e-05 0.0005254603412533526 -0.0012810770508699795 0.0011193346265518933 1.0 0.014646752756081807 0.234921529219704 0.7559815897954539 -0.001992095085477346 -0.0003303858211217187 -0.0003670268738996919 0.0011877955326906925 0.0
0.06187138375418869 0.2651954768050305 0.7606398281309761 0.00011981885165232532 0.0007745406508780565 -0.0011879194950718355 0.0014294502786887401 1.0 0.014107105952162855 0.234896872243189 0.7557963002774449 -0.0006375940075673036 9.333197826619699e-05 -0.00019578685809877686 0.0005238001735920349 0.0
0.061322967681402295 0.26597966706049153 0.7590243575080673 -0.0009180800470093269 0.0011071156947490756 -0.001538337598238129 0.0018840736688300799 1.0 0.013843680844566593 0.2349671912884765 0.7557407836614808 7.920956346633588e-05 0.0002976300447944597 -0.00021427052774387455 0.00029472911987698386 0.0
0.06100997712058056 0.2650776452874214 0.7593211692895055 -9.137073762275662e-05 -0.0007390119331641401 0.0001440404436473875 0.0009549954662660407 1.0 0.013171735476382817 0.23475016909419125 0.7557277614910594 -0.0002778553475550401 -0.00010288766227846316 4.08217499122248e-05 0.0007508394696134791 0.0
0.060885275887139975 0.2647609943235719 0.7592780138983752 0.00024313129900079174 -0.0007529342372487539 0.0003118099928628589 0.0003121507606642102 1.0 0.012943989328728202 0.2346718078365403 0.7556626037705414 -0.0002956017539308257 -0.00020031645990437839 6.601460123979155e-05 0.00025706711789160635 0.0
0.06073665226457995 0.2639643289593716 0.7590985781158015 -9.614710830832107e-05 -0.0009420508664494027 -5.70419534706686e-05 0.000838707968904802 1.0 0.012915705822325442 0.2346525955919169 0.7556633305664388 -0.00019796982017321758 -0.0001225661297763869 2.6000386096207613e-05 0.0 0.0
0.06060021277256778 0.26343881078629217 0.759083413715681 -0.00025210412460879633 -0.0005429141973325496 -0.00018801048758843928 0.0006074722819024449 1.0 0.012918301984245878 0.2346556333333461 0.7556457625673462 -0.00011332863197549407 -1.091033413033076e-05 -8.179748000755052e-05 3.8972527359599964e-05 0.0
0.06058852572902443 0.26322140184162507 0.758980838951486 -6.089412301178753e-05 -0.00014040694395070345 -0.00018015892740636712 0.00020974194055487384 1.0 0.012919780694040886 0.2346461357622176 0.7556353435039731 0.0001098873351720233 4.998590992248621e-05 -2.7836118681276255e-05 3.732496916439157e-05 0.0
0.06062540765013193 0.2628825496779081 0.758896339106596 1.2899031877077495e-05 -0.00015178185241122594 -0.00021336201631870911 0.00030598385866406727 1.0 0.012917704330747336 0.23458119195070867 0.755695419770571 3.6942165247385314e-05 -3.178123730868595e-05 5.0236713400833225e-05 8.608244074423226e-05 0.0
0.06074952098393952 0.2625330224448661 0.7587983401226048 7.960163911530714e-05 -0.0002968389585688586 -0.00011238082625307771 0.00042751890357609914 1.0 0.012938213302005879 0.2345423020994903 0.7557462629938252 -1.8180521202638305e-05 -6.029937359061143e-05 7.048119928392056e-05 4.984089044063626e-05 0.0
0.06086232646535746 0.26233632750484887 0.7586157637701545 0.00014843892455513664 -0.00034068960494010184 -3.423272288893115e-05 0.00029870877058080594 1.0 0.012907498204932812 0.23450658341072658 0.7557442697621779 -7.502066341153244e-05 -6.832107583673145e-05 1.1922737014612438e-05 5.4626491597167706e-05 0.0
0.06097578577962578 0.26173419732975267 0.7585071549387542 0.00012344751455799468 -0.0005308983887260046 -0.00016231445871633458 0.0005893637346010795 1.0 0.012897219361173174 0.2345061854063855 0.755740807757122 9.012585212753014e-06 6.537346142673262e-06 -1.5183870658705875e-05 1.1398299977844351e-05 0.0
0.06086240138106403 0.2611922203488603 0.7584546153990691 -0.00010015472342649947 -0.0006429415523216667 -6.525235110381375e-05 0.0005792253743749371 0.0 0.0129085253448391 0.2345113258513845 0.7557208287150884 1.915085932063622e-05 1.987410481916865e-05 -2.6470696075735438e-05 2.3608443665002084e-05 0.0
