0.06274299279104906 0.27978908123061225 0.765281581717883 0.0 0.0 0.0 0.0 0.0 -0.0170237734404793 0.2785889542335194 0.764398087895693 0.0 0.0 0.0 6.5640568908804345e-06 0.0
0.0627427974835567 0.2797865054861799 0.765286284836306 -1.9530749235940892e-07 -2.575744432353755e-06 4.703118423043939e-06 5.365810963735901e-06 0.0 -0.01701878874980669 0.27857844590801056 0.7644118097345692 4.984690672612396e-06 -1.050832550886227e-05 1.3721838876268322e-05 7.66559349019239e-06 0.0
0.06275630367953776 0.2797917640965728 0.7652916201177542 1.3506195981061175e-05 5.258610392910867e-06 5.335281448193285e-06 1.544459585986952e-05 0.0 -0.016948341628101382 0.27847387200247925 0.7645597028850972 7.044712170530681e-05 -0.0001045739055313133 0.00014789315052798901 0.00019868712940646058 0.0
0.06275467473704585 0.2798133387838215 0.7652736221133212 -1.6289424919074813e-06 2.1574687248671065e-05 -1.799800443302857e-05 2.814336062184521e-05 0.0 -0.016957185127312875 0.27847207816638747 0.7647396421912138 -8.843499211493022e-06 -1.7938360917790774e-06 0.00017993930611659437 0.00019188706689884824 0.0
0.06275053612201974 0.2798217908946939 0.7652706524846741 -5.341408751790129e-06 8.966282272920126e-06 -4.144222991126845e-06 9.868384205918961e-06 0.0 -0.01702581711909063 0.2783437681096449 0.7649759689109323 -7.391036281503342e-05 -0.00011821655897789128 0.00023134041910544462 0.0002624474259637125 0.0
0.06274713831197995 0.27981590307421833 0.7652772096433307 -2.671565806882222e-06 -6.83270152588446e-06 8.074163809790284e-06 9.444991935771585e-06 0.0 -0.0170521152153515 0.2783131797218632 0.7650439513597177 -2.513188310990911e-05 -4.315518948532698e-05 7.334729673714754e-05 8.015632853724278e-05 0.0
0.06274158418382879 0.2798028866736564 0.7652557644982932 -4.9523400507114046e-06 -1.618794632241275e-05 -1.6092502374910722e-05 2.596036493010522e-05 0.0 -0.017042876582082575 0.27831679643823737 0.7650934560656485 1.3100232756043106e-05 6.432219050228383e-06 2.4101417244676765e-05 5.247635464504172e-05 0.0
0.06275475790657216 0.279782449523364 0.7652230775347834 1.3149388534828741e-05 -2.0563728804776026e-05 -3.4922999350224896e-05 4.055958144403082e-05 0.0 -0.017010282138756994 0.2782815468415529 0.7651936299110076 4.7328293196858954e-05 -2.6411418304860783e-05 9.118212316456014e-05 0.00011311696124712998 0.0
0.06274073605903185 0.2797287134537245 0.7651387577882489 -6.337133173607312e-06 -5.149217728161174e-05 -8.092096152237626e-05 9.992580084669716e-05 0.0 -0.01671872265367188 0.278050136915568 0.7653380680509536 0.00027488326221178404 -0.00020265527810995034 0.00013467969904998033 0.0004003066711309718 0.0
0.06275099037938425 0.2797304360996447 0.7650764916685767 6.528010725963336e-06 -8.842696595175788e-06 -7.60009641250646e-05 6.442508320386137e-05 0.0 -0.016348111265568194 0.2778582303176088 0.7654259840822245 0.0004059010110798804 -0.0002350154375920874 0.00012765142582405663 0.00043196881929927986 0.0
0.06274421390033608 0.2796874917152965 0.764991833365802 -5.147650562816071e-06 -2.958352448251727e-05 -8.475359354470359e-05 9.248224956775694e-05 0.0 -0.015973691685851894 0.27750312580915704 0.7651091566349032 0.0004043681754892949 -0.0003536648202060411 -0.00024353851284161256 0.0005906539703241652 0.0
0.06273624659263935 0.27964240411670216 0.7649334297480935 -8.956175207737799e-06 -4.383914377141175e-05 -5.8075776186451825e-05 7.628049472585018e-05 0.0 -0.015790113467917602 0.2773800672734063 0.764841679619671 0.00021067751474226077 -0.00018367226061733757 -0.00033578253499642863 0.0003570301312446068 0.0
0.06271348381608893 0.2795984926673395 0.7648197256425924 -2.205927354452784e-05 -4.703518036833858e-05 -9.821291912653401e-05 0.00012351814991417082 0.0 -0.015580102601466047 0.27734252928379577 0.7645962573434995 0.00015671566471321574 -8.668621875765651e-06 -0.0003109688933485306 0.000317702469807895 0.0
0.0627173368979358 0.2796012720007046 0.7647782905410365 -2.2236452385085943e-06 -6.360473874136378e-06 -5.547023858072222e-05 4.383771646880771e-05 0.0 -0.015422769427966049 0.2772926216431651 0.764538068845069 0.00011693617585179986 9.114879432751212e-06 -7.62692496331834e-05 0.00018330438079150035 0.0
0.062725621540646 0.2795732611734591 0.764742321659112 1.05686502793639e-05 -1.808077167854036e-05 -3.346766791677215e-05 4.1578604965151203e-05 0.0 -0.01504175176902717 0.2768890695675941 0.7642395884167573 0.0003366429726933961 -0.0003344466118471642 -0.00019028015818788177 0.0006235078973018343 0.0
0.06266650944957305 0.27946582698946 0.7646021069701504 -4.624001108928601e-05 -9.355645482359468e-05 -0.00012016468093137828 0.00018805484298817888 0.0 -0.01408111296766609 0.27562966535846706 0.7626549119467732 0.0009384343206301457 -0.0012104121507899388 -0.0013780666468803165 0.0022422925934735337 0.0
0.06259550950173123 0.27940498726109136 0.7643796282410574 -7.497070436373925e-05 -7.793214934224452e-05 -0.00022049863116801527 0.00024622844287678616 0.0 -0.012852938331767446 0.27391964404320224 0.7606048394457293 0.001319918491298153 -0.001834621326032891 -0.002201671098312881 0.002966120883723602 0.0
0.0625502535046171 0.2794043157797241 0.7642612452069509 -6.101371815855343e-05 -1.9706246473375815e-05 -0.00016076386833127263 0.00012452083988604698 0.0 -0.01189535788083545 0.27243687875895584 0.7591333105064932 0.0011085196235088093 -0.0017028990107624538 -0.0018232022547276364 0.002275652523194769 0.0
0.062450039617393996 0.2794096907991261 0.764221897718934 -9.299970151143722e-05 1.706748068287287e-05 -5.042688322857618e-05 9.90832888732385e-05 0.0 -0.011675280122022468 0.2704392583924083 0.7577086495780907 0.0002892269083201227 -0.0018984781609997568 -0.0013977960092535812 0.002408938748909795 0.0
0.06236594704730667 0.27940882504988207 0.7642142215976987 -8.661458096398327e-05 1.7795913927726326e-05 1.5979340565769857e-05 9.225627937526779e-05 0.0 -0.012380105195734804 0.268791566600932 0.7560986760558946 -0.0007817500501980764 -0.001626312157542179 -0.001368573599507782 0.0024710440075739627 0.0
0.062299445526332924 0.27941527737170024 0.7641917194806781 -6.432606810618166e-05 1.1864645082109075e-05 1.5663489661360804e-05 7.369451052091774e-05 0.0 -0.012934548923679508 0.26697959934039944 0.7541453728079138 -0.0008788967777453826 -0.0016801907386617006 -0.0017503748337733642 0.0027398562675649066 0.0
0.062216046080595576 0.2794381410421361 0.7641726199682185 -7.683364519081114e-05 9.740769418317111e-06 -1.838354834553545e-05 8.380462590789185e-05 0.0 -0.013275748928498378 0.266238136169136 0.752981935217671 -0.00045195972061490844 -0.0008697175162195305 -0.0013604341734657674 0.0014041971410697577 0.0
0.06209855699726716 0.27948715334077895 0.7641753319601174 -0.0001149152172307833 3.641638203329896e-05 -2.4876637650576143e-05 0.00012656730151392766 0.0 -0.013267636566099522 0.26583021997845585 0.7523627020825512 0.00013702447541009337 -0.00035342995304665266 -0.0007692066733746176 0.0006911354336378725 0.0
0.061999119121644096 0.27950660948407574 0.76417821367291 -0.00010642955969037776 3.202729992767571e-05 -1.0577781838860557e-05 0.00010455505950918227 0.0 -0.013195362899514156 0.26561163143825023 0.751738520802488 0.0003112235080851175 -8.759982824765498e-05 -0.00047694683803082487 0.0006981745157457215 0.0
0.061921593593890045 0.2795314555343466 0.7641739004404641 -8.28929758795601e-05 2.7169021710225865e-05 4.402619655118913e-06 7.852943843354246e-05 0.0 -0.013211887423691775 0.26539100235724883 0.7513732907173158 0.00010617464869185403 -0.00014874536595008863 -0.00024809290838612055 0.0004613214658463465 0.0
0.061827124557464565 0.27955299224266206 0.7641898198984259 -9.089800797111572e-05 1.7517689303050757e-05 1.8368323906724668e-05 9.837236241311262e-05 0.0 -0.013397753297566284 0.26500009821548043 0.7506851438128284 -0.00024255983101627494 -0.0004664875422512578 -0.0006418707454812526 0.0007867160018302346 0.0
0.06175628538804939 0.2795709453981039 0.7641910328146045 -6.83233396483774e-05 1.4260979618984084e-05 5.378658509860852e-06 7.597210277136085e-05 0.0 -0.014116873581673855 0.2644779057836942 0.7497397569222318 -0.0007964788843922778 -0.0006291922844544719 -0.0010542005347653623 0.0012788148637457438 1.0
0.061676708139273236 0.2796098791728922 0.7641827628243777 -7.418118531483348e-05 3.572036447036009e-05 -9.63720449678193e-06 8.701484847537509e-05 0.0 -0.01400916965669691 0.2634340992793619 0.7497293658984976 -0.00013426611757052544 -0.001079210987423119 -0.00029940904699919647 0.001079955301433976 1.0
0.06162611540770986 0.27963807653141465 0.764185548686163 -5.7546527359662145e-05 3.5341428336118045e-05 -1.2422934932584399e-06 5.796903949005168e-05 0.0 -0.01405078648220627 0.2634076369725994 0.7496143424119658 4.5576125854737844e-05 -0.0002047095552942769 2.807494257368046e-05 0.00010538887844645803 1.0
0.06153076913101181 0.27966978904982026 0.7641953419500231 -8.902225955752905e-05 3.41985470288267e-05 9.571592399049449e-06 0.00010037652522609649 0.0 -0.014169406436538691 0.2632736632518456 0.7496492202264999 1.8892418760559006e-05 -7.923942994995199e-07 0.0001565601141188136 0.00015710626964703014 1.0
0.06147128821233206 0.27969015948090775 0.7642066115705441 -6.692113642287887e-05 1.9652426286405075e-05 1.2974191367629925e-05 6.618129385033624e-05 0.0 -0.014231118118791066 0.26323267908905124 0.7496464685749773 -2.944218183864746e-05 9.479887775825003e-05 6.086111843163033e-05 0.00012726487671919733 1.0
0.06144737687458141 0.27969316172029457 0.764215045557551 -2.892747721990887e-05 3.1134764824944944e-06 1.1379082097502666e-05 2.3386480111418147e-05 0.0 -0.013632333081996802 0.26297599795773824 0.7492149646449362 0.00047283907741329454 -0.00016512974806987034 -0.0003980664831317285 0.0007693111038653795 1.0
0.061441011352189656 0.2796881707140788 0.7642164977223852 -2.7466875854326725e-06 -8.820642192835626e-06 3.6535970091903513e-06 7.820264400784473e-06 0.0 -0.01190585761753532 0.26180984219770237 0.7487913309189109 0.0015991271935447459 -0.0011125542077347764 -0.0005856611677812506 0.0021078848268709723 1.0
0.06137405474717123 0.2797056467898895 0.764197797620381 -4.840286822370444e-05 1.1254489252806318e-05 -1.9767511597261552e-05 7.232308369722858e-05 0.0 -0.009089773100274118 0.26042141991954665 0.7490409737643088 0.00287604825170335 -0.00159847456280674 7.182656459012648e-05 0.0031651347759362094 1.0
0.06125185911927034 0.27974826358766935 0.7641936448108948 -0.00012092831922214574 4.3573294670518845e-05 -1.1459533956227588e-05 0.0001322817145157622 0.0 -0.007049662809488016 0.25965332847825573 0.7493445538947112 0.0025024173106509427 -0.0010433238101350151 0.00044907860993577485 0.0022098752695728103 1.0
0.06115989803995441 0.2797651131269784 0.7641994745916174 -0.00011538524372973246 2.858730847975153e-05 4.867110863604754e-06 9.18145455675653e-05 0.0 -0.005345446382353795 0.2586778113991834 0.7495079169535837 0.0016990578060165626 -0.0008012273829145599 0.0003059144428026368 0.0019027650850742947 1.0
0.06111476364755734 0.2797790324973965 0.7641973631003809 -6.253173534472329e-05 1.6405941647816995e-05 3.5595606787572573e-06 4.4369468139623795e-05 0.0 -0.003559112075474167 0.25768386456908615 0.7496424760881334 0.001464582088500552 -0.0008517346831572246 0.00017458277700625402 0.0020978392093998696 1.0
0.06108218791054475 0.2797822455834912 0.7641920057493299 -1.7975107162997907e-05 -7.528980763789721e-07 -2.211570811407091e-06 3.4061219249867554e-05 0.0 -0.0018523515173306086 0.2566359750976208 0.7498481823044822 0.0014846910863882986 -0.0009563706128062729 0.00011432344961254306 0.002055037508805537 1.0
0.06105870244822991 0.2797631486866971 0.7641636060110292 -4.451222179810413e-06 -2.328643799649022e-05 -2.6183240552826265e-05 4.4825820086350233e-05 0.0 -0.0010465146278535653 0.2556803374117833 0.7502613809060059 0.0009387397844740927 -0.0010207979081592578 0.0002939203974769356 0.0012863930819953626 1.0
0.06104397079992914 0.2797301045638538 0.7641014159992537 -9.036028371458347e-06 -3.625962769548796e-05 -6.358364150811657e-05 7.115644057233936e-05 0.0 -0.0006358035586426691 0.25487441390333304 0.7505264320312541 0.0004993472499136758 -0.0009201860120435967 0.00032556684219073556 0.0008971946738158895 1.0
0.060966272543164744 0.27951775642539484 0.7637639952267501 -7.718593821871611e-05 -0.00018772509848181322 -0.00030782811442365963 0.00040178396541888016 0.0 0.0003875728837631231 0.2532982064018312 0.7511307460046609 0.0008796093789591123 -0.0014363741898934495 0.000622963991160837 0.0020005012183559093 1.0
0.060948812908548824 0.27943558836625615 0.7635785933309621 -4.3431384614837976e-05 -0.00012434647985090305 -0.00024797205298525773 0.00021571525909203472 0.0 0.0009750966712310497 0.2527971386976938 0.7515623975180716 0.000636199743527595 -0.0006913532587818842 0.00048746842500803865 0.0009460128273444013 1.0
0.060955342043918316 0.27939476919030015 0.7634372022140813 3.719775886209376e-06 -4.878185956161926e-05 -0.00015630265357194958 0.00013152437726369313 0.0 0.0017414598312949293 0.25257560165549786 0.7519120055288356 0.000818256068388928 -0.0002203573657563575 0.00034296172789389996 0.0007888391390170708 1.0
0.06097788118330734 0.27936742422394695 0.7633310592057426 3.2531033772307085e-05 -4.426619237136348e-06 -8.18394244162602e-05 0.00011340106506293117 0.0 0.002472286564509302 0.25250183714125785 0.7521388308652661 0.0008327446487732604 5.243278031784478e-05 0.00020350735816290937 0.0007763375924393354 1.0
0.06099458142773192 0.2793504136763776 0.7632696767521828 2.842231804720824e-05 5.482087150497261e-06 -2.929694067144951e-05 7.698964997995123e-05 0.0 0.0029561852581494047 0.2525523497720298 0.7521687211641495 0.0005191674461699407 0.00013938719006777016 1.599241902173313e-05 0.0005347699105627659 1.0
0.06099902839853129 0.27932296090459935 0.7632161962942836 8.09698428615414e-06 -1.9852203196238605e-05 -3.408250184869217e-05 5.836928586457327e-05 0.0 0.0033053451896266493 0.2526496401241498 0.7521276453906739 0.0002532029483392009 0.0001034581132307045 -7.275018686547395e-05 0.00034719760943432336 1.0
0.06099254286257215 0.2792665190384013 0.7631540331280506 -1.3782108669744957e-05 -6.733497752025691e-05 -7.182231311108635e-05 7.56182085021125e-05 0.0 0.003490978232223724 0.25273673308667727 0.7520141637403694 0.00014901153477051325 5.428582672128025e-06 -0.0001278958392568509 0.0002065547208996766 1.0
0.06098546572109117 0.27922928224499044 0.7631080828610585 -1.8721643988598707e-05 -6.429478386643406e-05 -7.671469877978192e-05 6.652096771675461e-05 0.0 0.0035228512950745716 0.25278413503687375 0.7519094116337356 4.885469802008507e-05 -4.6927474887224806e-05 -8.047484163760653e-05 0.00015068461348783876 1.0
0.06098602577081362 0.2792014731052409 0.7630491483235478 1.163568594190776e-06 -2.3317738221206814e-05 -5.282735301738879e-05 6.201063085642199e-05 0.0 0.003543328878336439 0.2528471714123828 0.7517900978398111 -2.6421946315006496e-05 0.00010244118420375575 -0.0001071110423981165 0.00012311173253342364 1.0
0.06098050505314994 0.2791936821535501 0.7630294879666505 -4.7331304573087506e-07 -4.163359636405963e-06 -2.711691381752373e-05 2.2701492842121007e-05 0.0 0.0035775089382515048 0.25288230871438516 0.7517380747558593 5.969442462526789e-05 3.9204222647745116e-05 -4.274622428188964e-05 7.421896195252125e-05 1.0
0.06096664561611253 0.279187896168476 0.7630178483229941 -9.315613109914292e-06 2.337084221024328e-06 -6.682674807188468e-06 1.8956339069709118e-05 0.0 0.0036090659974615364 0.2529201566300825 0.7516934571002128 5.958104748237942e-05 4.1282108099433934e-05 -3.157262983071628e-05 6.622457492796768e-05 1.0
0.06095285309213769 0.2791875167217359 0.7630079505367107 -1.4959696129836582e-05 3.2916199574020885e-06 -1.8488537668818447e-06 1.759694396173053e-05 0.0 0.003625879920279724 0.25296048710982744 0.7516490497074797 3.29344876892427e-05 4.983110321999728e-05 -4.2652557954213035e-05 6.065367122834941e-05 1.0
0.06093925750591476 0.2791817555441913 0.7630036372411318 -1.6021198928867117e-05 -7.041032552101745e-06 -3.531571218171861e-06 1.528296067262948e-05 0.0 0.003641397972155684 0.2529981249836952 0.7516048409006134 2.0437415138607187e-05 4.4295757357498745e-05 -4.7065763621726376e-05 6.209813795264758e-05 1.0
0.0609170644024242 0.2791837823795829 0.7629996105553306 -2.184985529984277e-05 -4.1008339171519305e-06 -6.234043649497606e-06 2.2348073016919635e-05 0.0 0.003649630082960681 0.2529911408572897 0.7516096607616438 -2.926958597958436e-06 4.105954443631187e-08 -1.2061248859184621e-05 1.2532077839988139e-05 1.0
0.06087562017643812 0.2791898289947999 0.7629887129446022 -3.8721895913393654e-05 5.187766304536234e-06 -1.223054108355195e-05 4.263384183796636e-05 0.0 0.0036432044928389642 0.2528897998996174 0.7517305970578764 -1.7304231288324426e-05 -9.530862443937277e-05 0.00010544697842051649 0.00015320436707851214 1.0
0.06083281256815216 0.27908640775223664 0.7628570642532075 -4.502590330959699e-05 -8.663785948518962e-05 -0.0001177119814157901 0.00017293818433571136 0.0 0.003700635638045627 0.25279581968815545 0.751898739482173 4.60795391427533e-05 -0.00011285807648162363 0.00018142853109176884 0.00020819794254158273 1.0
0.06085055576217535 0.2790906205990207 0.7627857354725129 6.284473173372612e-06 -2.4608272608404206e-05 -9.573770554207971e-05 7.776578399799811e-05 0.0 0.0038065248909276614 0.2528268330980096 0.7519278785909548 0.00010874359408714117 9.603191626351339e-07 7.419243539806616e-05 0.00011203239806121078 1.0
0.06082196422561391 0.2790792183215448 0.762805220013881 -1.3468262421268035e-05 -7.373526102786292e-06 5.516373670309409e-07 2.9551569926437572e-05 0.0 0.003941557097867171 0.252847480744242 0.7517800286010756 0.00014624747374927143 4.51495000791456e-05 -0.00014071002066535514 0.00019354508312467564 1.0
0.06078547187497879 0.27906353177100024 0.7628346401438589 -3.205352227036128e-05 -4.8791311528650925e-06 4.883421628090509e-05 5.015860691215418e-05 0.0 0.004053171400104833 0.25267191308391773 0.7516227675103453 0.00012588638313577755 -0.00012129799269847834 -0.00021280820617354515 0.00026818561677926985 1.0
0.06066380775682069 0.27907076185593815 0.762857135384403 -0.00011437842920896684 1.0617745162058914e-05 4.788119441138141e-05 0.00012899784472003066 0.0 0.0045875261687699145 0.2518486087468066 0.7511732957187195 0.000470303473591751 -0.0007525402103999994 -0.00044626185646959565 0.001075574930944854 1.0
0.060559454540410264 0.279103870814761 0.7628615551783968 -0.00012559751355320042 3.284752056191039e-05 1.2784365569709776e-05 0.00011068767397823671 0.0 0.0049600180305248215 0.25109862507287667 0.7510335489946521 0.0004417469617215776 -0.0008899692589462637 -0.0002153707143849075 0.0008699964165838097 1.0
0.06041578487721953 0.2791572110509667 0.7628592427492129 -0.00014862539502480648 4.994126254497999e-05 -1.7761401801196554e-05 0.00014561900455704958 0.0 0.005193557424183393 0.2500073562198482 0.7510315122338247 0.00027280473968204974 -0.0011283180208451547 2.3329135088182607e-05 0.0010818026879211827 1.0
0.06032365039267624 0.2791854239373853 0.7628623484288686 -9.866141900288918e-05 3.074574247061396e-05 -1.9109751437900547e-05 0.00010087329279070715 0.0 0.004658056911422024 0.24861779772502404 0.7514864844114166 -0.00046251179711458823 -0.0013687133264433935 0.000469048573205687 0.0015634917148116747 1.0
0.06031971913306824 0.2791782164163076 0.7628423840745862 -6.717285804762923e-07 2.7747074524691896e-06 -1.3677717100518097e-05 2.1216455132611972e-05 0.0 0.004934420510264752 0.24769140073964163 0.751593108025468 2.7885975765395256e-06 -0.0009897793015801965 0.0002565840856886672 0.0010042486686500016 1.0
0.060330074621395946 0.279172404883689 0.7628342165206299 3.0027794526924652e-05 -1.956041061736629e-05 -3.847934602114394e-06 1.3078368502456305e-05 0.0 0.005708034134493585 0.24649674270326158 0.7513109072030509 0.000703468562385007 -0.001073912185589562 -0.0002350934730000692 0.0014125786515969316 1.0
0.060334656892955425 0.2791675210465075 0.7628337478454592 2.041251579563659e-05 -1.38372381514075e-05 3.421685825214585e-07 8.893518415302241e-06 0.0 0.005957624659992823 0.24614518789868903 0.7511847446942634 0.0005138416937071867 -0.00043554724570209956 -0.0002838275951117968 0.0004740616919641237 1.0
0.0603441188721383 0.2791652110810658 0.7628408253663336 2.3793344609875704e-06 -5.69484437640553e-07 8.341434125253517e-06 1.2732773609092645e-05 0.0 0.006617092153449504 0.2451960197324848 0.7512432120915966 0.0007017440279371179 -0.0007663439673806236 -7.05613463158862e-05 0.0011336124345141183 1.0
0.060345917735053135 0.27916210198125835 0.7628440088898323 -8.209540519197545e-06 4.61014348634688e-06 6.129186897990497e-06 2.0664326348677266e-06 0.0 0.007063797205628809 0.24483423997336548 0.7514064675514189 0.0004573027170035514 -0.00043351817293537894 0.00020409048719762554 0.000633942822709043 1.0
0.060348651135557804 0.2791625847500424 0.7628492273240813 -1.0508728025413014e-05 4.951238302019462e-06 5.78878849350221e-06 6.226063233462375e-06 0.0 0.007717985023471651 0.244268510829244 0.7517817936223234 0.0005233740412282015 -0.0005650972450129173 0.00045467072744477435 0.0009098539531608357 1.0
0.06035224167309261 0.27915407292617206 0.7628432981087347 4.651622966206229e-06 -8.458928426159763e-06 -5.693219789564909e-06 1.2049195395410253e-05 0.0 0.007950935648122175 0.24408313416410785 0.7519640452741283 0.0002359278401273048 -0.00027483458271298816 0.00030924128221335406 0.00037103270492831416 1.0
0.06035232339829232 0.2791434314695227 0.7628286721198637 6.985918645227462e-06 -1.4013779484546983e-05 -1.786221157164875e-05 1.7917165873705733e-05 0.0 0.0081980318887501 0.24390299868037918 0.7521089156089755 0.00027343510721760045 -0.00013866933896532142 9.688563198793958e-05 0.00030819329686994986 1.0
0.06035813737732065 0.2791427651613379 0.7628180244587975 5.932583555499108e-06 -3.540353254011329e-06 -1.3366997210468163e-05 1.226303899497718e-05 0.0 0.008450298775980575 0.2437121144532188 0.75225080412114 0.00022500977399059452 -0.0001690743009209551 5.8241471402433446e-05 0.0003781675372913416 1.0
0.06036307298718041 0.27913442392372106 0.7628015369015809 5.599326597559815e-06 -6.317693318935741e-06 -1.551612703315341e-05 1.8384741561894822e-05 0.0 0.008862015688237381 0.24339367431042908 0.7524561975076917 0.0003509019073604008 -0.0002704948965958258 0.00017182288821503605 0.0005460565406009618 1.0
0.06036295799118899 0.2791271369127337 0.7627911625022735 1.4293914585965826e-06 -6.631108463871952e-06 -1.0181175104150939e-05 1.3380808724196738e-05 0.0 0.009169993474202115 0.24314082319455624 0.7525442850837519 0.00039638573487813395 -0.0003456927714403405 0.00012356457877360453 0.00042239931094051835 1.0
0.060365480538230765 0.2791254735666603 0.7627849795698654 1.0186501920227444e-06 -2.3213164715867404e-06 -5.110893660340014e-06 6.7222999152770965e-06 0.0 0.009384602465681558 0.24290210138603063 0.7526151615986603 0.00025233848638197035 -0.0002383673602681936 9.063691342097548e-05 0.00030104598911393356 1.0
0.06036859141976934 0.2791236343442882 0.762771318866901 2.6437633764760674e-06 -1.2597039058615687e-06 -1.058408422083378e-05 1.381731569385364e-05 0.0 0.009697835971088422 0.2424082148941317 0.7526720820910922 0.00029067789284458834 -0.0004656162486938037 6.285581249335206e-05 0.0005996749796917564 1.0
0.0603785918215151 0.27909699789902664 0.7627271075479813 9.083813120092763e-06 -2.329656299748791e-05 -4.097157366869455e-05 5.269756119098908e-05 0.0 0.010737673307405536 0.2416818014306693 0.753359784086228 0.0008948219021295722 -0.0006884882935041289 0.0005756645691920724 0.001448624457845521 1.0
0.06038297862754442 0.27907081891515717 0.7626936600580988 6.459235038371669e-06 -2.942112880099707e-05 -4.087628356812013e-05 4.398395367757376e-05 0.0 0.01266904518744941 0.24146642517469524 0.7543625468566513 0.0019158861705926478 -0.0003453432832014247 0.0010479964971205843 0.002199064359192577 1.0
0.060393897154059364 0.27906053436240236 0.7626692018613523 1.0669653050175337e-05 -1.5297525542657183e-05 -2.8506856557978413e-05 2.6867082542555726e-05 0.0 0.015267861028092269 0.24182453524786163 0.7547033209594578 0.0027352525065307324 0.00031437510691728073 0.0005667775820462405 0.0026288120359057063 1.0
0.06038811093251919 0.27905300058084265 0.7626683168564432 -3.4850444202342235e-06 -6.668206353773469e-06 -1.8185840144051431e-06 9.412025188579696e-06 0.0 0.017119514603551426 0.2422697439283902 0.7544977350900822 0.002171608014976092 0.0005881653728787607 -0.00017523969512080612 0.0019147093073442966 1.0
0.060381582227771506 0.27904871779131696 0.762668315530364 -9.057831397848763e-06 -1.3891179016505226e-07 8.143934696566755e-06 8.779141177451587e-06 0.0 0.019164395024589092 0.24345814999149132 0.7537990460149585 0.0019113856713752373 0.0012139684052449766 -0.0008506569304349439 0.0024376062937408126 1.0
0.060378919132963275 0.27904669258984255 0.7626697598018428 -5.275005256715162e-06 1.0608217000581586e-06 6.3928630037772535e-06 4.305650484787459e-06 0.0 0.019337422358921278 0.24360049373017728 0.7537882613076331 0.00021979218708687953 0.00038418512149056 -0.0003310829659450618 0.00029929138141309043 1.0
0.0603759944146815 0.2790504381974344 0.7626649314219426 -2.5425246692541076e-06 2.3943537174867657e-06 -5.645675318591697e-06 5.710878989336281e-06 0.0 0.01888132489697019 0.2434268279364423 0.7540425426592687 -0.000750506681055314 -0.0003011072900860604 0.00027848716199591224 0.0004674259653419009 1.0
0.06037583552336747 0.27904554073396265 0.7626678857015123 1.3502046292796411e-06 -6.038468158355403e-06 -4.087212214834322e-06 5.879065546481248e-06 0.0 0.01852493731401823 0.24327427113661315 0.7544473265789627 -0.0006367286484116832 -0.0004086820291070533 0.00065563532159347 0.0006101742278610058 1.0
0.06037724115717826 0.2790458781822588 0.7626651410621526 2.6670169924208355e-06 -1.5994216157622403e-06 -3.151548903594687e-06 3.0516743654479593e-06 0.0 0.01862295764244028 0.24358125707488276 0.7544178737186006 7.82571628996897e-05 0.00016154072014953197 0.0002088272030432777 0.0003440006476481735 1.0
0.060281542647919725 0.27886098625654676 0.7624139161921664 -8.10634594686573e-05 -0.00015840994415706488 -0.0002157630654405386 0.00032336496147420876 0.0 0.019020215033485152 0.2439649758981077 0.7540914687067051 0.0006386292757925897 0.0005076151469025346 -0.0003865739527258679 0.0005981501496437726 1.0
0.05958046803164078 0.2784640093028847 0.7614755183130447 -0.0006305094125876171 -0.00039311284327142983 -0.000874954606188386 0.001238890107492379 0.0 0.01968814604879796 0.24397712250142822 0.7536669684640432 0.0008996302205500858 0.00025372159226707733 -0.0006255405324777129 0.0007775813243099366 1.0
0.0589952146972479 0.27810549882009233 0.7607351337219839 -0.0006993302433359309 -0.00041592587428135276 -0.0008957706602207621 0.0010317147362387965 0.0 0.02016027941453444 0.2439899693697116 0.7532832850945 0.0006550688995405883 5.942796606500211e-05 -0.0005189150839270324 0.0006623978185766352 1.0
0.058043135144247415 0.2773608758561863 0.7594567663925358 -0.0009573229929309599 -0.000709877602963395 -0.0012576046382352683 0.0017133711619793067 0.0 0.021040846916368615 0.2438492929441753 0.7530599421511978 0.0006515567095893937 -0.00027837368960118383 -0.00018037930784068268 0.0008742150448018756 1.0
0.056757903938536344 0.27650662581479424 0.7577744493530285 -0.0012673153387384214 -0.0008718279111462064 -0.0016546845325677126 0.002306337731528537 0.0 0.02149896007461715 0.24353640479635646 0.7527086565778576 0.0004378755693767975 -0.00038147011903402766 -0.00022187723501391262 0.0006802913207989758 1.0
0.05575116801232177 0.27573479116925464 0.7564769263987956 -0.0010736536348987498 -0.0008103381929304279 -0.0013886052704171613 0.0018402796999963831 0.0 0.021753354607403262 0.24329122357451918 0.7523292959357294 0.00022361952914015735 -0.0002740637104004072 -0.0003231069001629859 0.000515340058793991 1.0
0.054342416354230746 0.27419233009956423 0.7545997418975594 -0.0013073033391834863 -0.001417092369485161 -0.0017431844242769203 0.00275572419738357 0.0 0.021617016134655647 0.24264145491654537 0.7517674584916898 -0.00013879823292194566 -0.0005384202309185323 -0.0005780080237038061 0.0008550964392551938 1.0
0.053600859751289226 0.2731550711020702 0.753589194838858 -0.0008369335335311828 -0.0011870400146308168 -0.001148154335292841 0.0016770205757662474 0.0 0.021710935533675844 0.24211429036476173 0.7515868582438661 -1.9497149993655673e-05 -0.0005704381760916435 -0.0003020132005857642 0.0005912727189961628 1.0
0.052144587479399845 0.27124009087482165 0.7519274901013088 -0.0012899196641552322 -0.0017831418080730015 -0.0014822869514954308 0.0028789127852873833 0.0 0.021860526397722024 0.24135247821339703 0.7513136749086459 0.0001493091318726843 -0.0007570001918921251 -0.00023859041912599878 0.0008033024852103667 1.0
0.051222180033447785 0.2700002472386768 0.7510213824624292 -0.0010012387966173287 -0.0013891093100211406 -0.0009788191661214826 0.0018451415336674674 0.0 0.02213283740021206 0.2409050515629765 0.7513084269296845 0.00032969435674926734 -0.0004991059011054016 5.4300525379870975e-06 0.0005266781229165936 1.0
0.04878902046661666 0.2660759130340758 0.75085813485222 -0.0022419969262055446 -0.003519254765801428 -0.00025661827151504375 0.004544508657761616 0.0 0.02263094707179707 0.2404120497553331 0.751128247907706 0.000577468420336836 -0.00044903058263022656 -9.700301196707882e-05 0.000722312832843542 1.0
0.045066505734983456 0.26118925911710317 0.7509272689734503 -0.0037395889763984324 -0.005032812893362568 0.00017437287102622847 0.006235926108723271 0.0 0.023167543300732004 0.2399462332052271 0.7509140043771664 0.0005647358819653717 -0.0004252242148308064 -0.00022851902647393803 0.0007518199636588193 1.0
0.041385248461014414 0.257196874913034 0.7512222768990009 -0.004024473778540145 -0.004532848165303348 0.00039944563862590195 0.0054173889870367965 0.0 0.023730251607959107 0.2394762438561604 0.7505866278790347 0.0005553766439149949 -0.00045201926560382345 -0.0003637820511493465 0.0007952414024706508 1.0
0.037242444248424635 0.25333436006477655 0.7513896350099641 -0.0042467097481536905 -0.003912237644647045 0.00018628425633726488 0.005579734284219907 0.0 0.024062861299579377 0.23936349258074271 0.7503711426497198 0.0003273357023379763 -0.00019765921882678188 -0.0002841302661009104 0.00041905340973756795 1.0
0.03658055866120381 0.2516076292502795 0.7508157504131047 -0.0010712023720129069 -0.0016747434145489503 -0.0005281038717314965 0.0020019845331199037 0.0 0.024051289091725082 0.23926531042764893 0.750340204129734 -8.23912418607722e-06 -6.362786036203316e-05 -3.5489703183247726e-05 8.597829381691341e-05 1.0
0.03643924308154516 0.24900179085940197 0.7505698853504178 0.00042000167739592986 -0.0019011007935060536 -0.0005548786571775333 0.0025891154690176913 0.0 0.024046666279905506 0.23919938474323416 0.7503372390461017 -0.00010349764460420225 -4.32203871018991e-05 4.248606832356032e-05 7.795077532737123e-05 1.0
0.036491199224523596 0.24797711974624265 0.7504057641499463 0.0006866418476255107 -0.0010326664954912483 -0.00021487911205021228 0.001117023361963244 0.0 0.024051176984990742 0.2391869059401809 0.7503364938280617 -3.699339498186868e-05 6.888118431333675e-06 5.935949231161e-05 2.176897329548178e-05 1.0
0.036947753516592886 0.2463972447808488 0.7500693742195924 0.0004341802089142938 -0.0016575159854189502 -0.00021946030145393992 0.0016302686055908037 0.0 0.02406838872155255 0.23917272262656203 0.7503346553299325 5.167063060785497e-05 -3.8068179469020796e-05 -9.891146894828816e-06 1.77606950884187e-05 1.0
0.037127252733513985 0.24579334562750244 0.7499460421014637 -6.675010611948556e-05 -0.0009118172965077954 -7.477468606283984e-05 0.0006530775371401407 0.0 0.02406470011754834 0.2391637306300985 0.7503346055048203 5.6835031049767175e-05 -3.532506892605107e-05 -2.8403050890212162e-05 1.924594748154958e-07 1.0
0.03715857620373957 0.24494048720382186 0.7499882578614546 -0.0002940520991012519 -0.0007992566515126658 8.287928854215179e-05 0.0007892005299134737 0.0 0.024067127941356348 0.2391271665491923 0.7503324830167962 3.497482699017123e-05 -4.029786363160038e-05 -3.0158488136918844e-05 4.125894011403454e-05 1.0
0.037070099047331946 0.24425439168287597 0.7499457820197721 -0.0002587623619647794 -0.0007027989202743092 -2.0052913379193463e-05 0.0007748364896273414 0.0 0.024049172996499273 0.23908345709075304 0.7503321177262715 -3.099605558776978e-05 -2.8647951853561762e-05 2.6124719532753782e-06 5.0471056296060436e-05 1.0
0.03676092889568367 0.2440414100349215 0.7498832058006802 -0.00012634777059145107 -0.0002198553837550344 -9.913881790187443e-05 0.00034359635508942905 0.0 0.024041564741787563 0.2390686240718909 0.7503330205909682 -3.7603698321694726e-05 -2.7268618886690618e-05 1.3384570720617947e-05 1.5001167258176656e-05 1.0
0.036219653062470436 0.24382750607924852 0.7497478324343535 -0.0005309222902460069 -0.00024303735555118808 -0.00011952744013095308 0.0006075222216432793 0.0 0.02408077285707247 0.2389489963963094 0.750325073626216 3.272465362071077e-05 -0.00010016688812858599 -4.4108656823806585e-06 0.00012412459852222484 1.0
0.035839036891926815 0.24380526939295838 0.7495642702951786 -0.000414673235757865 5.9190973480769717e-05 -0.00021637726258946457 0.00041401516698014824 0.0 0.024092796704306006 0.23885515148111028 0.7503218572725207 2.5604231234117223e-05 -0.00010297932912656067 -4.789283555302132e-06 9.928558553300694e-05 1.0
0.03542954816644357 0.24429108151542145 0.749309337630869 -0.00035505223713483696 0.0003993167213206367 -0.0002821616203118251 0.0006979833642856356 0.0 0.024065551477359316 0.23876984587846634 0.7503204191970653 -1.7455445589707206e-05 -9.258634349631266e-05 -2.1599718076953806e-06 8.644918454440156e-05 1.0
0.035454000433635086 0.2445447541066535 0.749256424664959 -8.661277223063655e-06 0.0003949306009846205 -7.449623646007462e-05 0.00025503260583308713 0.0 0.02401095177665378 0.23874819500536065 0.7503205264654931 -6.0206869671321054e-05 -2.764977176266263e-05 5.859917936714783e-07 5.726616084873886e-05 1.0
0.03545500054290667 0.24484249237424993 0.749296227632026 9.407881573689106e-05 0.0002580464586688857 6.761519822462913e-05 0.00028729243748018335 0.0 0.023994093262731962 0.23873432859821306 0.750322963077258 -3.538212923177518e-05 9.379670593153895e-08 3.066233751667221e-06 2.4056138975793813e-05 1.0
0.03540211026764507 0.24499016403761978 0.7493099622995496 4.266592046979804e-06 0.00013665852543726 6.023313300364461e-05 0.0001732945460727202 0.0 0.023973815981312173 0.23872136588808504 0.7503227133042114 -2.1102830040704886e-05 2.1120424408954257e-06 1.1327472916176919e-06 2.4843592817288232e-05 1.0
0.035332343045671157 0.24516728353921327 0.7494067190791232 -0.0001030848308549344 0.00012692617469958756 0.00010275126059004212 0.00020981814087380455 0.0 0.02396715118794823 0.23870274835458571 0.7503233191880395 1.8013400174343795e-06 -1.6766382445885614e-05 -2.5323760109035903e-08 1.844379694909687e-05 1.0
0.03478164536728679 0.2461070750619764 0.7498690416644637 -0.0005464648587062322 0.0007908294547522745 0.0004026694022724492 0.0011776826220234184 0.0 0.023971089926796956 0.23867979830040517 0.7503225346678024 1.359137482153629e-05 -3.726075730867356e-05 -1.768194791515317e-06 2.4150505891034644e-05 1.0
0.034373078495108914 0.2465894714020238 0.7502134037460394 -0.0005243879868884993 0.0006840185792777572 0.00039332230491767595 0.000746082475629028 0.0 0.023975131782686225 0.23865135942623897 0.7503202761591827 4.707052350650569e-06 -3.371849476760955e-05 -2.178691679134009e-06 2.7724323411424046e-05 1.0
0.03389453911252214 0.24705901805545866 0.7505680709158826 -0.0005062331708643928 0.0005470306620394405 0.0003676937284847105 0.0007207092287388806 0.0 0.023981213836484945 0.23860734129612146 0.7503172915829976 1.472886478648221e-06 -4.394537408828089e-05 -3.116290964443887e-06 4.4830411745847435e-05 1.0
0.03362595498745786 0.24733871296838275 0.7507111115471379 -0.00025358891282902126 0.00024338999434865007 0.0001682967360437322 0.0004166968509425622 0.0 0.02397207439637789 0.23857263064664705 0.750317843543675 -9.927974432479023e-06 -3.404116840546463e-05 2.2670704612110308e-08 3.675915400342285e-05 1.0
0.033725673900455055 0.24741435783737567 0.750723490278765 0.00011298611355018455 8.71585498052747e-06 -3.178344328400529e-05 0.00014783121631040228 0.0 0.023963394287522033 0.23856389861888946 0.7503187159724268 -1.0148657186329368e-05 -1.1528728619081494e-05 1.4796677935539544e-06 1.1480862655991805e-05 1.0
0.033791064823585064 0.2473693648253014 0.7507377830496061 0.00017493777755512907 -0.00011846166641892261 -5.5298436570125934e-05 7.77610805217546e-05 0.0 0.023961809059410772 0.23855288072601596 0.7503182028398141 -5.721180874871038e-06 -4.878848915057556e-06 2.1860512433469434e-07 1.0730093116297063e-05 1.0
0.03382364611088036 0.24710253671095428 0.7508875959856828 7.411408191680381e-05 -0.00024012278868998973 0.0001270458568667437 0.00029350998260367216 0.0 0.02394395267405803 0.238536456914199 0.7503182007266341 -1.383587468155308e-05 -1.1274461769463986e-05 4.307865286937325e-08 2.5228133916751718e-05 1.0
0.03384163616337527 0.24678239979329208 0.7508581677396833 -3.691380829285114e-05 -0.00028161783264403305 6.065702197978649e-05 0.0003428044620958299 0.0 0.023929478116036518 0.23852105655822753 0.7503170843500004 -1.4446779664620151e-05 -1.6267370874960705e-05 -1.3934053176407408e-06 2.1786341740695347e-05 1.0
0.03387452252970308 0.24624878597331085 0.7509851931369408 -1.707300556395093e-05 -0.0005342549146644563 0.00011865248571696048 0.0005275266693676275 0.0 0.023906746660107593 0.23851848110520704 0.7503184042037159 -2.1729139244997726e-05 -8.33816708095282e-06 4.3218123471213043e-07 2.1493132960881053e-05 1.0
0.03391779174424456 0.24590897190011507 0.750853833377471 4.709168449874477e-06 -0.00037334420923654363 -7.985125527730426e-05 0.00037670742323274485 0.0 0.023898957031367244 0.23851868940176252 0.7503188283236295 -1.1049075730847044e-05 -1.5971525790111035e-06 7.700104839258331e-07 7.986499247877676e-06 1.0
0.03382586422151116 0.24550417278538983 0.7508671159107032 -5.23063877965547e-05 -0.0003743081155434568 -5.0884863570426766e-05 0.00041033755947759206 1.0 0.023888887879511062 0.23852231508322533 0.7503186360040858 -8.881345500089857e-06 6.185557625354043e-06 3.8980985743886315e-07 1.0894961287286155e-05 1.0
0.03374924091283919 0.24502335136350176 0.7509336910244743 -6.595019804702786e-05 -0.00044396585214935547 4.2890425937834595e-05 0.0004965580698237529 1.0 0.023879727474317224 0.2385293244539637 0.7503183712092671 -6.667571289045018e-06 9.60992749363168e-06 -3.587975469324961e-07 1.1972471341716084e-05 1.0
0.0338223944388521 0.24479998337272257 0.7507096990474871 3.562615691639141e-05 -0.00026043909733118305 -0.00015699491770215462 0.0003297356383406919 1.0 0.023759842744263446 0.2385163709333558 0.7503101391590866 -0.00010326533933093729 -1.060371877399003e-05 -7.4136461735881095e-06 0.00011968762821112075 1.0
0.03384387298236446 0.24441766675193452 0.7507054226531139 4.735114285449288e-05 -0.0003460043111223742 -4.9318621653865196e-05 0.0003732414637340194 1.0 0.023614927714579455 0.23846425056183937 0.7503193141055922 -0.00015871559215692075 -5.080605895090286e-05 5.4852262892486215e-06 0.00015729389506913573 1.0
0.03384196420161785 0.24416630993008037 0.7507935741483298 2.241025809128694e-05 -0.0002744709016529629 6.701782321275503e-05 0.00026827980119062633 1.0 0.0235498550417856 0.2384469220051975 0.7503219578549319 -9.415287619822689e-05 -3.082802067723676e-05 5.0972961518022075e-06 6.583849454288264e-05 1.0
0.033894190618614116 0.2439525516993376 0.7508175260188265 4.684771961753162e-05 -0.00022405518604962674 6.84116582950639e-05 0.00022578702807223992 1.0 0.02352317048212579 0.2384421431034554 0.7503240297152652 -2.4466451654118103e-05 -6.120629699868338e-06 3.583004018538636e-06 2.2816689415080115e-05 1.0
0.03391229208435323 0.24386515377913712 0.7508007729922573 1.4840268071908218e-05 -8.621047910263558e-05 -7.032413537788306e-06 8.794208418285527e-05 1.0 0.023511311163510972 0.23843159349311885 0.7503239528410881 1.2213418851268186e-05 -2.072150253980967e-06 2.8230364703649783e-08 1.9299278384552887e-05 1.0
0.03393847844634628 0.24379479707163385 0.7507842393642958 8.146831317442615e-06 -6.312201791010139e-05 -1.3972704672466396e-05 7.400989298693168e-05 1.0 0.023510202479579873 0.23842451588071403 0.7503234521974622 1.6291599489149285e-05 -1.2806058108829427e-06 -1.7149108156417497e-06 1.0925094800246972e-05 1.0
0.03396913348368109 0.2437804852150248 0.750758751158851 3.342312927688127e-05 -9.942536506270271e-06 -5.079829832169768e-05 4.856152888429706e-05 1.0 0.023520755038875244 0.2384157677496176 0.7503237484164507 8.420553326669066e-06 -7.881759680539076e-06 -1.0502045494656536e-06 1.0175890417530786e-05 1.0
0.033987172117215636 0.2440388769562248 0.7506928881985205 2.975168229187131e-05 0.00023430456173458296 -8.67238121974252e-05 0.00026145888619736143 1.0 0.023571737339870818 0.23845978332129428 0.7503282770119727 2.9892749813405983e-05 3.141898842608069e-05 3.897964846029224e-06 6.59291152671253e-05 1.0
0.03386265277463616 0.24473907556188998 0.7505250641786955 -0.00011083877343929807 0.0006556113546921033 -0.00013606164387053904 0.0007343345015509413 1.0 0.023628177388098633 0.23854155851303105 0.7503348141023608 5.538518155464515e-05 7.99574204812261e-05 8.492266957178215e-06 0.00010235383965337958 0.0
0.03374546555939583 0.24561114568136344 0.750387642691986 -0.00013974624823501867 0.0009391412747782628 -0.0001501691939539692 0.0008963831966856222 1.0 0.023741914813045432 0.23871635869128666 0.7503341689536113 0.00011423972384706711 0.00017592271106410762 9.454051790931208e-07 0.00020679871126516328 0.0
0.03358127956199799 0.24667052108201473 0.7504345107228655 -0.00017075138920914578 0.001105483126765663 9.413219135558115e-06 0.001061386219573868 1.0 0.023911820674055537 0.23893303087066106 0.7503371027173185 0.0001712541719764482 0.00022926472701131044 1.6027888490765187e-06 0.00027672232821463806 0.0
0.033057008872238794 0.2478248637761508 0.7508536288263905 -0.00048086101024408235 0.0011671097134913282 0.00039782712311944905 0.0013328644545235009 1.0 0.024304605777080834 0.23870554769046448 0.7504576590003522 0.0003723590871221902 -0.00015256421784247434 0.00010295347606118069 0.00046775195761571315 0.0
0.032805795945840044 0.24876397371585274 0.7525215443310881 -0.00033181176224047777 0.0009413636116465625 0.00157934302296877 0.0019396806389922316 1.0 0.02550425922714821 0.23757738802917147 0.7519733839756215 0.001120348193113343 -0.0010664927490354652 0.0013348903231218535 0.0022257615248437042 0.0
0.03281064959277267 0.24948119097656676 0.7544062751066362 -2.3653523549830224e-05 0.0006750894972752395 0.0020820688578326034 0.0020282265395240267 1.0 0.02664994357454166 0.2368194884105036 0.7534765860162186 0.0012891457417927462 -0.0010040056231100812 0.0017170107513934114 0.0020910111116320554 0.0
0.03337829403859693 0.25154446583996454 0.7553289545784441 0.0005615211836561694 0.0017976226428796968 0.0012194149281442113 0.002306760077733893 1.0 0.028684002226426628 0.23584305010642356 0.7558779106266154 0.001991088657883122 -0.001011260750241876 0.0024422643611565348 0.0032231230684029227 0.0
0.03497855572073197 0.25261066975268576 0.7561921310973784 0.0015917136222021227 0.0013745009931724662 0.0007037130853624551 0.002118244201843258 1.0 0.030130221572471597 0.2354161880204688 0.7573644421362936 0.0016228742860828933 -0.0004523029501775096 0.0017305817418837004 0.0021580866312199422 0.0
0.03773736263675222 0.2527697289926884 0.7579655197174029 0.0028181206903151682 0.0003306946723745413 0.0013725651306253483 0.0032683487961271897 1.0 0.03131626467818262 0.2353309689006413 0.7582958775331751 0.0011572592030470558 4.610805970327805e-05 0.0008513620384593773 0.0014843099500921302 0.0
0.04114479258381378 0.2539895137558919 0.7595390087168618 0.003556917743653247 0.0008726662220375186 0.0015992949708827804 0.0039850366010718095 1.0 0.03224182706262449 0.23543450313884473 0.7587785210762581 0.0007876270074128578 0.00024743703057207296 0.0002300964846507208 0.0010626523127851345 0.0
0.04445038921703215 0.2559236188566586 0.7592713762990984 0.003449491225896244 0.00177982687876537 0.00015624362031365447 0.003826252291017706 1.0 0.03304795865939195 0.23563973098366484 0.7589671445816623 0.0006864025621853617 0.00022285056060302691 1.3167277602824643e-05 0.0008635623824832174 0.0
0.04635103132472136 0.2582612552259031 0.7594008843244718 0.002035226337885881 0.0024654559326332823 -3.226678922181863e-05 0.002986066715899533 1.0 0.03350596778341023 0.235793860908289 0.7589307429567237 0.0004890510177548522 0.00010109748489718607 -2.6720463247741533e-07 0.0005036020802363895 0.0
0.0479162597392595 0.26011163615791644 0.7594563691346667 0.001214861157601302 0.0022067596409592076 -0.00015334135065869585 0.002417745952023421 1.0 0.033794915647129296 0.23593532196749004 0.7588442132610266 0.00031345246438536857 9.572068382827383e-05 -2.323251869906155e-05 0.00028091506988703373 0.0
0.050016826818630414 0.262086543664663 0.7595885216321581 0.0016722076516281624 0.002028591078154186 2.6984256935400552e-05 0.002922074666868171 1.0 0.03398926039707024 0.23607101087854954 0.7587378057745555 0.0002577032182987445 5.929857754710286e-05 2.604541559738413e-05 0.00028609205761145114 0.0
0.051519476260398545 0.26311711962713136 0.7596462399492223 0.001633854410271067 0.0008999616563117392 0.00024225977297203478 0.0018529791810617327 1.0 0.034058354225081924 0.23614918092968235 0.7586876368313693 4.853664488513516e-05 9.295586384832103e-05 -5.855595424543057e-05 0.00011922406445783601 0.0
0.05317204993089787 0.26405880668455184 0.7597708262981191 0.001824054094840969 0.0006593306863192168 0.0003115458879966622 0.00183765891958191 1.0 0.03406948147051285 0.2361665424372341 0.7586829595273782 1.6884904688779182e-05 3.47774269510966e-05 6.902986356199662e-06 1.6337808802722228e-05 0.0
0.05463532646711813 0.26486922066362023 0.7600596322039682 0.0016438785153128246 0.0007773399966294249 0.0002411052745848383 0.0017143698616446323 1.0 0.03403467917120086 0.23612140429429856 0.7587194998196474 -2.188119079335471e-05 -3.3755010130093695e-05 4.0212564910665854e-05 6.332155597002357e-05 0.0
0.05608896596650979 0.2656156951676847 0.7606244127792161 0.0014352217818559038 0.0008055849439583596 0.00042264980954069987 0.0017535028469186018 1.0 0.03396244154861282 0.2359769475807732 0.7588292970547565 -6.142380204037206e-05 -0.00013723767668639655 9.862841125673978e-05 0.0002034094027851456 0.0
0.057707095608641845 0.26605452269535074 0.7614622060509157 0.001480297285001373 0.0005653613369769421 0.0008867428379622525 0.0018654478755574088 1.0 0.033883630245015506 0.23580751975669978 0.7589862157617145 -9.166309406426502e-05 -0.00018524860942459846 0.00014690065781417408 0.00024397100443897723 0.0
0.05917145837034457 0.2663282652212188 0.7623590015709055 0.0015198037722621894 0.0003040508901521878 0.000955190544745862 0.0017245110961489753 1.0 0.03375358700861159 0.23556398338043308 0.7592563729940067 -0.00012260764571579366 -0.0002387066989161498 0.0002570951536904571 0.00037905673510596477 0.0
0.060444296701423185 0.2663599334727153 0.76320096161107 0.001345587137714724 4.362341833752913e-05 0.0008763155981793634 0.001540676240059271 1.0 0.03359873506649251 0.23534226054639334 0.759514338792902 -0.00015536421565439312 -0.00022693167322063556 0.0002715588381540455 0.0003782550256226679 0.0
0.06115409848366162 0.26631435281276433 0.7634791652873973 0.000717993973530273 -0.0001370260541651864 0.0003113679593946795 0.0007559370196972208 1.0 0.033398373270101214 0.2351085520419814 0.7597791494540255 -0.00020433627288254713 -0.0002266536876053145 0.0002689547164482821 0.000404862708399541 0.0
0.062019177266903716 0.26627780237310517 0.7635891076567735 0.0007387192470490467 -4.9272362196242994e-05 5.283675469749067e-07 0.0008635494549466332 1.0 0.033140783844156085 0.23489891960902354 0.7600673094705719 -0.0002585733765450668 -0.00020445722995971095 0.00027620504725769983 0.00043984722268973383 0.0
0.06267771132834016 0.2663089330816707 0.7633396184705826 0.0006271917712275905 4.781268636226135e-05 -0.000312148430219467 0.000731688657632539 1.0 0.0327714852151494 0.23464839275498375 0.7603937645876725 -0.00036472486322627955 -0.00023720062340454315 0.0003127674824666311 0.0005535454666409564 0.0
0.06328122575720688 0.26642270021202197 0.7628848770831257 0.0006299552890857208 0.00014834786722544918 -0.0004805629790778507 0.000754684965783208 1.0 0.032464521462802425 0.23445484977870895 0.7605978559339602 -0.00033418048473052054 -0.00020648224011613067 0.00022515871764945347 0.00042081717907445604 0.0
0.06374779576322315 0.2666619457211046 0.7622714697439782 0.0005348998756834723 0.0002503349153537023 -0.0005886191870366635 0.0007964165926492748 1.0 0.03217056434992755 0.23431084121138665 0.7607497147756332 -0.000294076627122188 -0.00014982251235204133 0.0001492571689255596 0.0003510768293389251 0.0
0.06405641634845008 0.2668310834565709 0.7617707963767623 0.0003330531769285012 0.00020378713623888777 -0.0004926593782356467 0.0006143018115941277 1.0 0.03190231890176154 0.234215145938107 0.7608584653598264 -0.0002565184714275748 -9.517491848570734e-05 9.80132957308413e-05 0.00030873358262510344 0.0
0.06437654360603062 0.2669779073188193 0.7612573229233089 0.00027637025397936007 0.00013196479773727005 -0.00046516406798056747 0.0006258191267971378 1.0 0.03159205421494256 0.2341661988050616 0.760949773131449 -0.0002850465784499366 -3.952924745591758e-05 7.481190006795581e-05 0.000330530229248412 0.0
0.06469708912370427 0.26723971730275625 0.7606576714492381 0.0002853676496804001 0.00021467741886012573 -0.00056243713754466 0.0007255764628806413 1.0 0.0312404798019592 0.2341802952333141 0.761022666469324 -0.00034670941915577254 1.5094839963755073e-05 7.569622998842846e-05 0.0003594893760914712 0.0
0.06490194970125586 0.2675783426678133 0.7600545675770709 0.0002531907300654118 0.00032235386079951803 -0.00059153714455738 0.000732676475802767 1.0 0.03099769646539649 0.23416870812286758 0.7610450470199124 -0.00027887020473470376 -9.414597033733936e-07 4.1941965385889485e-05 0.00024148541034148531 0.0
0.06500609170903886 0.26839696199161034 0.7584050122638524 0.0001148363624179174 0.0007744590161539763 -0.001531671783076234 0.0018238483419840456 1.0 0.03031191138014463 0.2341059897164556 0.7611034103090577 -0.0006248091377584698 -6.384045504823785e-05 5.651062012271399e-05 0.000683785780874143 0.0
0.06502523450384495 0.26867097615994484 0.7578980326679639 1.3703415555951304e-05 0.00044119541649161666 -0.0008389524587462532 0.0006220137980567468 1.0 0.030072505537540543 0.2340123308022478 0.761146130812209 -0.0003462314516851628 -0.00010474046644875308 4.127858027913882e-05 0.00028252427912824193 0.0
0.06520486471288257 0.2689521212513033 0.7573796474019595 0.00012353504187271854 0.0002624585115056274 -0.00048539809974621796 0.0005477320461733941 1.0 0.02986907895410157 0.23388579166508847 0.7612350736358608 -0.00019085209576787018 -0.0001394292107408441 8.455774601342242e-05 0.00023108857853239962 0.0
0.06535819698371685 0.2689008713652689 0.7572188832012311 0.0001686378453872767 -9.141709135851783e-05 -5.820717072175868e-05 0.0002574813261203688 1.0 0.029748824945671472 0.2338009549471292 0.7613270877021606 -7.671347076071314e-05 -9.958660047438203e-05 9.961438607276646e-05 0.00017875668222398143 0.0
0.06552152367088837 0.26846450275627837 0.7571603473726854 0.00019812987952109616 -0.0004814066269580332 7.160903641596533e-05 0.0004921972984625198 1.0 0.029552445942114123 0.23367275774857127 0.7614997977802013 -0.00014166195105333568 -0.0001105017959914117 0.00016760913120253109 0.00030147566424884657 0.0
0.06556312892967915 0.2682492820757679 0.7571350256219422 7.512565649880941e-05 -0.0003280174947288259 1.2988761094180048e-05 0.00022398680287407085 1.0 0.02946134595899161 0.23363935952116277 0.7615573946652827 -0.00011099838638474908 -3.570296066543872e-05 8.301846039017392e-05 0.00011765949497538115 0.0
0.06563796732439162 0.2680038222918058 0.7570902118472759 4.011212474716862e-05 -0.00020714689939021385 -0.00011747660173908449 0.00021470577932977827 1.0 0.029371072129726443 0.23363275923427484 0.7615937256704826 -0.00011641369837753516 2.2625592072083575e-06 2.6125971843091636e-05 7.492748010060356e-05 0.0
0.06571671415000854 0.2676318083289382 0.7570181231577624 4.967766066758754e-05 -0.0002625783512102739 -0.0001839689415797861 0.0004176461019581827 1.0 0.02924063817213396 0.23364105737982224 0.7616146360525444 -0.00015854104643323573 1.7366857030098706e-05 4.351674765259116e-06 0.0001457703575716859 0.0
0.06568089551519386 0.26737258950499576 0.756894883351262 -2.118548429457663e-05 -0.0002700824946411149 -8.31271469329748e-05 0.0002882921619325922 1.0 0.029157585594736496 0.23364984703367783 0.7616030256657641 -6.477399207009248e-05 1.2370375522206103e-05 -2.0958019413438005e-05 8.752138480921056e-05 0.0
0.06564332400587737 0.26718579235889195 0.7567041377836031 -3.128082331596791e-05 -0.00017765950067763617 -0.00020847058549439102 0.0002671804883903463 1.0 0.029100377511597237 0.23365685376267226 0.7615958145255026 -5.997686218404391e-05 1.7119093861170392e-06 -7.935262088650849e-06 5.4507877244323595e-05 0.0
0.06561587158404379 0.26704314916367816 0.7564746437156799 -3.6934021273928605e-05 -0.0001619415356144609 -0.00021675461798918087 0.0002632542783581259 1.0 0.02903312917738862 0.23366531432493012 0.7615914449538285 -5.942662260775063e-05 3.947915096124603e-07 3.7089395106645775e-06 6.295866466439693e-05 0.0
0.06554050292880508 0.26693254432537095 0.756024512748364 -6.881443059510991e-05 -0.0001153236362680925 -0.0004214475791309637 0.00047979453573798747 1.0 0.028962812165770326 0.23368793846143204 0.761569688542251 -7.104040875195952e-05 1.2796649996809825e-05 -8.158911785342715e-06 8.383059680077936e-05 0.0
0.06554177593140109 0.26691051985713626 0.7556970372475917 -1.39972125191934e-05 -7.475324911532201e-06 -0.0003710436853301767 0.00033249028421173207 1.0 0.028945341894533096 0.23368782684802367 0.7615603594123581 -1.981535345465892e-05 1.0315880815421968e-05 -1.6767037187801257e-05 1.892127281376705e-05 0.0
0.06558659433934193 0.2669503704168485 0.7554073657414389 5.657539045543384e-05 2.98128241213914e-05 -0.00029473190549712163 0.00028173381567277904 1.0 0.028936865600573482 0.2336776474660328 0.7615611607132928 -8.839678911312085e-06 -8.392300652222153e-06 2.2723020778130077e-07 9.17791428650837e-06 0.0
0.06561995844341673 0.26703695614719625 0.7550878209939225 5.110475440713948e-05 7.877833028117339e-05 -0.0002868592730906713 0.0003361193487797793 1.0 0.02893099144880246 0.233663861522572 0.7615653855519315 -3.3195446131104278e-06 -1.637712078789719e-05 5.25951495048795e-06 1.8198150662532083e-05 0.0
0.06562646735165772 0.2671337506265754 0.7547864945548339 9.318264972990226e-06 0.00010977714364470472 -0.0002828993403257426 0.00032490660119556617 1.0 0.02892410639169961 0.23365747853593302 0.7615627395688704 -1.0030781529981285e-06 -1.052722566547269e-05 -9.838717983285323e-07 1.1266191545079423e-05 0.0
0.06565696186982896 0.2672881803652335 0.7543419509984145 1.9078952959608884e-05 0.00014709721497454728 -0.00042080963589360125 0.0004672463259958242 1.0 0.028917839678830014 0.23364265378694357 0.7615568521281737 -8.77817391518861e-06 -1.2382702479573658e-05 -5.2524857819600035e-06 1.5247397459564418e-05 0.0
0.06567652179368287 0.26740716814087706 0.7539943800647202 1.1516356042091991e-05 0.00012250824854895685 -0.0003944272408920329 0.0003677669455460259 1.0 0.028914730529765245 0.23363354839672829 0.7615478034096194 -9.891568024241938e-06 -7.268776971323994e-06 -1.1567041482470212e-05 1.2827650512466862e-05 0.0
0.06565385509158526 0.26750977862880926 0.7536614291134681 -2.2413767177790036e-05 9.839749801436411e-05 -0.0003562252844400025 0.00034633156475364377 1.0 0.028918393003771692 0.2336107176381829 0.7615341564489578 1.4213704066988692e-06 -1.8630003279286598e-05 -1.6423737125422965e-05 2.7694281833649134e-05 0.0
0.06562336155693872 0.2676302543698487 0.7533589844244704 -2.8221620935908078e-05 0.00011179890425080722 -0.000283586686745857 0.00032756979193464866 1.0 0.02891866975663535 0.23357348430198305 0.7615298863974397 5.597012038737297e-06 -3.829532411020563e-05 -5.5397621734345395e-06 3.748049614436931e-05 0.0
