0.06309771531724863 0.2796790725587573 0.7640571893175447 0.0 0.0 0.0 0.0 0.0 -0.016940925788116415 0.27930792089781026 0.7639126425547701 0.0 0.0 0.0 0.0 0.0
0.06309504969509204 0.27967828233666736 0.7640599435089035 -2.6656221565890537e-06 -7.902220899302925e-07 2.7541913587558753e-06 3.913510249604287e-06 0.0 -0.016937779324999645 0.2792906208190639 0.7639028003096822 3.1464631167696377e-06 -1.7300078746340652e-05 -9.842245087932078e-06 2.1782119014405918e-05 0.0
0.0630886938597383 0.2796833510281865 0.764059646355903 -6.355835353744066e-06 5.068691519116708e-06 -2.9715300053911875e-07 8.134898688096736e-06 0.0 -0.016911174301156465 0.279148758187577 0.7638031642215217 2.6605023843179892e-05 -0.00014186263148691092 -9.963608816043745e-05 0.00018007545337538771 0.0
0.06308521509178228 0.27968051922215936 0.7640655276139482 -3.478767956019424e-06 -2.831806027114858e-06 5.881258045237203e-06 7.396630858823423e-06 0.0 -0.016946408630013794 0.27896057370974775 0.7635467721606414 -3.523432885732883e-05 -0.0001881844778292563 -0.0002563920608803505 0.00032111975011662666 0.0
0.06308300344319973 0.2796760518441636 0.7640581426719475 -1.9863757217710004e-06 -5.04499061842706e-06 -6.760518320414447e-06 8.909894722348279e-06 0.0 -0.01691621952284992 0.2786799896411124 0.7632066772453356 2.56438112612291e-05 -0.0002761580453317132 -0.0003419095693000875 0.00043746182313923537 0.0
0.06306930689110521 0.27966770287989645 0.7640394371341603 -1.3654197148201537e-05 -7.941317458397092e-06 -1.9420746099269816e-05 2.4641385665558523e-05 0.0 -0.016873071633103715 0.27824233507568186 0.7626131313401548 4.875200609347865e-05 -0.0004391649267067824 -0.0005880770980138473 0.0007355451180487759 0.0
0.06306303814833969 0.2796714520035027 0.7640290259595468 -8.293096248505022e-06 2.631634422779057e-06 -1.2832041999255644e-05 1.2772981622320713e-05 0.0 -0.016969892230715378 0.27794332786333986 0.7621251369439389 -8.027258156669317e-05 -0.0003213930134618112 -0.0005126953775627598 0.0005908984954954332 0.0
0.06302645343404847 0.279635691256277 0.7639722838906498 -3.421171099597884e-05 -3.081874713500575e-05 -5.2206759557532296e-05 7.6121080651826e-05 0.0 -0.016967752632200864 0.2773170735671905 0.7613844974495289 -2.1894656813946023e-05 -0.0005872394180614813 -0.0007068948593599964 0.0009546491868423497 0.0
0.06300764733358559 0.27961991941955183 0.7638818325328012 -2.5234962138117888e-05 -2.1967510733038782e-05 -9.036094705759026e-05 9.578414018438713e-05 0.0 -0.01665501862326198 0.2761381011905693 0.7601920469429768 0.0002654997572493421 -0.001117635839992728 -0.0011294205219599834 0.001714050050561528 0.0
0.06298744660003953 0.27958027055803447 0.7637921647653054 -2.0525124496344685e-05 -3.723904372863051e-05 -9.820441093749072e-05 9.924284983651806e-05 0.0 -0.01626291294179744 0.27503600918262316 0.7591340055703415 0.0004319566915094865 -0.0012164529021701257 -0.001145680156001328 0.0015986397712250138 0.0
0.06299618722823948 0.2795782887346401 0.7636939213005026 7.165129597811369e-06 -9.551180768928996e-06 -0.00010015993216945216 9.743784887547288e-05 0.0 -0.016100540126574095 0.27426995538806154 0.7582231832354435 0.0002502453900302502 -0.0008703656312467263 -0.0009641916725304974 0.0011711719224254534 0.0
0.062993762967218 0.2795852533076384 0.7636245793843636 5.3646290334910725e-06 1.0547434774425513e-05 -7.191254627949268e-05 7.061382894619482e-05 0.0 -0.016120703332937445 0.27372900155821567 0.7579204374515481 -8.993669638135381e-06 -0.0005037480637541023 -0.0003416116653777013 0.0006109257051004839 0.0
0.06290728517220738 0.2794497899959675 0.7634533030612735 -7.240959851502421e-05 -0.00010811317183705229 -0.00014742159454102572 0.00023371464649433606 0.0 -0.015691349524296426 0.2723760434262254 0.7571457686058765 0.0002772240268158681 -0.001098074657803256 -0.0005590423852000742 0.0016279041132600982 0.0
0.06287576569422777 0.279399375293602 0.7632857175802614 -5.3189071664626255e-05 -7.989070887420105e-05 -0.00017497146261360568 0.00018352531095284561 0.0 -0.015382621251481552 0.27150841014769994 0.7564742849250653 0.0003208810919906856 -0.0009674422748925469 -0.0006402359433960879 0.001193290365695771 0.0
0.06287696325083711 0.2793709052096258 0.76305841518692 -1.0672902240707681e-05 -4.105944629440985e-05 -0.00023291837647431118 0.00022218225785804486 0.0 -0.014902834642926967 0.2698228864054983 0.7549657046017803 0.0005105543629387173 -0.0016547491556407894 -0.001471716582464206 0.002239730440474616 0.0
0.06289266944109631 0.2793314476378856 0.7629174680582734 2.459784778121684e-05 -2.707462946278583e-05 -0.00016539563014782908 0.00014874631689913606 0.0 -0.014833920040496976 0.26788779762823045 0.7530045096421248 0.0001952249816934507 -0.0020475009822561417 -0.002105025996268475 0.002783783566118347 0.0
0.06283179555157177 0.27913577241660603 0.7626695373818048 -3.5761683274998307e-05 -0.00016241173776090852 -0.0002210468685732312 0.00032012608329390704 0.0 -0.01531123298185621 0.2661395026268865 0.7510454718770443 -0.0004537757374264693 -0.0018537439459275465 -0.0021291761675682015 0.002678876507779586 0.0
0.06280866875624123 0.2790371720689845 0.7623710889206454 -3.273149692471277e-05 -0.00012796205296689177 -0.0002879332778609323 0.0003236076992791293 0.0 -0.01581767338606213 0.26516392158784696 0.7496020838226817 -0.0006736675007856798 -0.001037504074019649 -0.0015330766713024882 0.0018000121550579486 0.0
0.06284712933231222 0.2790432863530571 0.7621955146419201 1.78958922987588e-05 -2.1556976501262746e-05 -0.00020489559421772512 0.00017355535003191306 0.0 -0.0162151122919593 0.26424069102224784 0.7493797994040406 -0.000505213656876772 -0.0007443678514350892 -0.00020730266508383287 0.0010042432315488896 0.0
0.06288718518019239 0.2789916621846551 0.7619933349773585 4.232342823891999e-05 -2.8810191789451772e-05 -0.00019683094054672421 0.00020684048376941333 0.0 -0.01638698366191669 0.2627605220269836 0.7496274709278903 -0.0001370823437621795 -0.0012656199375739936 0.0004992333334067176 0.0015456280755599965 0.0
0.06289818397704942 0.2789517509338609 0.7618955371686644 3.199692995101224e-05 -1.6047631787596717e-05 -9.868794848829943e-05 0.00011426032168868137 0.0 -0.016366790230948215 0.26240676713957495 0.7497182662600042 0.00011489560402505264 -0.0005371753325984822 0.0003841529410076737 0.00040005973530982055 0.0
0.06290231791343258 0.2789387915757312 0.7618522922415135 6.8860583306406596e-06 -1.5073724605113514e-05 -3.0199681169918065e-05 4.6572716945725566e-05 0.0 -0.01627261940243084 0.262257479889575 0.7497277704078604 0.00020676183351313847 -0.00022895642600446607 -4.5910425915306956e-05 0.0001138959379882599 0.0
0.06289665838357139 0.27892198139379887 0.7618078021822495 -1.5998457199753464e-05 -2.8577932145915378e-05 -2.3338369540820307e-05 4.127815879535548e-05 0.0 -0.016030705880369485 0.26205534595989854 0.7497818267119001 0.00022396726599002291 -0.00012374967926867043 -0.00017266653266868708 0.00032009898227706307 0.0
0.06288786399182915 0.27890188502953095 0.7617932435537111 -2.21080304124353e-05 -3.320612489391725e-05 -2.8160886322900057e-05 3.055082547890348e-05 0.0 -0.01602805362843161 0.26239097046455195 0.7498552539410868 -2.396257051851205e-06 0.00032816262715846525 -9.165400848186629e-05 0.00038830404984436335 0.0
0.06287975114440869 0.2788892956506442 0.7617876643469608 -5.296210863789359e-06 -4.5921560176013035e-06 -1.4650927616835345e-05 1.6627315772347196e-05 0.0 -0.01626816737573409 0.2630798623023319 0.7499288458090956 -0.0002628370426546227 0.0007109128622213863 7.73720747285979e-05 0.0007165404417006495 0.0
0.06286925691260808 0.27888523954611066 0.7617821498821881 -2.8368965407175907e-06 -1.2726263204230126e-07 -6.117548487546542e-06 8.807199688397977e-06 0.0 -0.016535583529350216 0.2638510941677006 0.7500300547557819 -0.0003456440564091277 0.0007630655979531087 0.00020291998542659793 0.0008013639287911898 0.0
0.06282424088565933 0.278818083190285 0.7617260872732884 -3.8467611021839804e-05 -6.24173509880602e-05 -5.559852642161346e-05 9.998580215472188e-05 0.0 -0.016508884198675237 0.2646762006869757 0.7502710914210985 -5.432708678496421e-05 0.0008074110798202919 0.0002633421779263495 0.0008794406372479005 1.0
0.06278942481237798 0.2787353456709803 0.7615256541310722 -4.223890802416544e-05 -8.721829053006636e-05 -0.00018293583136363867 0.00022156727218173474 0.0 -0.015641834619407245 0.26363840314000114 0.7502841134366208 0.0008076478400978576 -0.0007232600950659786 5.230533079715957e-05 0.0013396254255521095 1.0
0.06281646024911625 0.2787386306517782 0.7614172683860277 1.538327482161838e-05 -1.7170852137517368e-05 -0.000147613130156236 0.00011323392205159731 0.0 -0.014878822198597322 0.26281346300021563 0.7500109417649143 0.0009797715523632666 -0.0011779631352080966 -0.00025596936235357053 0.001177133014911979 1.0
0.06282819258299323 0.27872295187672835 0.7613767165622612 2.3373174109682907e-05 -4.418151820903818e-06 -5.583972848057757e-05 3.77537529755413e-05 0.0 -0.014584736833265003 0.2625495851962726 0.7499938102371362 0.00048496149984047257 -0.0005876946648990854 -0.00012102032296089872 0.000387048407448041 1.0
0.06278764681981817 0.2786908075752214 0.7612781461404441 -2.4693530072312235e-05 -1.7418166956610986e-05 -6.300077283436634e-05 0.00011242069746806555 0.0 -0.014044748544687695 0.2623615069338222 0.7497257978383445 0.000387569640122423 -7.158252931007097e-05 -0.00024487099855052103 0.0005983627412102328 1.0
0.06272832157084361 0.2785859823932864 0.7611150287887616 -6.363402699386997e-05 -9.157671484735878e-05 -0.00013561772533633558 0.00021098484085128313 0.0 -0.01265136882022494 0.26174567085656814 0.7494278360840755 0.0011306098757049422 -0.0002880143900455343 -0.00029041975140853596 0.0015894083858815301 1.0
0.06271792067437951 0.2785157448080959 0.7608576302351772 -3.2681724440469e-05 -9.256570494556306e-05 -0.0002549544506028267 0.0002649569565524666 0.0 -0.010226399544073537 0.2604967983421162 0.7493626335036035 0.0023577370672422464 -0.0010553733156419217 -8.547655013540578e-05 0.0027491046609259564 1.0
0.06273914381872661 0.27848210483849484 0.7607553883846635 1.4617713539689566e-05 -5.3134516296262914e-05 -0.0001619902562674101 0.00010522193232647487 0.0 -0.008200498966639923 0.25950849841355617 0.7493350497908017 0.002396052585546554 -0.0012142481219397229 1.1312879015919463e-05 0.0022367974556398744 1.0
0.06274320093454584 0.278444639179514 0.7606866726531278 2.3127137695440347e-05 -2.6306564770819184e-05 -7.497356269684813e-05 7.455068694689784e-05 0.0 -0.006454140516884658 0.2583859026294978 0.7492858577385341 0.0019352413660624816 -0.0013352545904610422 -2.6303681884760877e-05 0.002022403895939504 1.0
0.06272648392907444 0.27838920090499414 0.7606043376400476 -1.3858569150814814e-06 -3.462345359223513e-05 -3.989558222834794e-05 0.0001068402565788279 0.0 -0.0047796601468177435 0.25700812108929777 0.7493396862063375 0.0014941863969116106 -0.0012877220087455904 4.347188661569513e-05 0.0022013740077675755 1.0
0.06269245464591007 0.27831325929705625 0.7604636463007283 -3.989398595303045e-05 -7.375897595381114e-05 -0.00011047981117429647 0.00016687748011328648 0.0 -0.0034726235113977056 0.255839244125572 0.7493848592459331 0.0011079476701425094 -0.0011154429217579208 6.05471478375262e-05 0.0017975678472955047 1.0
0.06265149906118647 0.2781915147485447 0.7602012189570865 -5.577170446925187e-05 -0.00012724678691626522 -0.0002640998552819727 0.0002881932823774976 0.0 -0.001967722856254948 0.25433774670821363 0.749434765577166 0.001367510714058482 -0.0014123090273098719 1.8483957982406922e-05 0.002090929147262703 1.0
0.06264279737230338 0.278160610197112 0.7601563401586803 -1.9477173323180274e-05 -6.118073551126055e-05 -0.0001206964985504088 5.652274685811913e-05 0.0 -0.0016392636285049121 0.2540070071297972 0.7494519126322131 0.0005898794235169862 -0.0005533476594096113 1.5475654997105202e-05 0.00047877449304713584 1.0
0.06260608822651036 0.27803514156516995 0.7599435694536015 -2.2437922611975732e-05 -0.00010074416623254594 -0.0001830631533458218 0.0002395186689116077 0.0 -0.0006055990724057579 0.2529193969147842 0.7495705683571604 0.000900475577140824 -0.0008673186991298383 0.00010891869442107219 0.0014535051819543805 1.0
0.06259093708793993 0.27794358897417576 0.7596879690835763 -1.2378995567501818e-05 -9.25864212602088e-05 -0.00022974115354815192 0.00028497683336918507 0.0 0.0003304888402280497 0.2517484687508585 0.7496960408969743 0.0009215587009404824 -0.0011002797698501793 0.0001291920271131471 0.0015758170446992519 1.0
0.0626229324984373 0.2778957108460035 0.7594633213552987 2.6181572781339335e-05 -5.478153844037297e-05 -0.00023655199175579722 0.00023277471023987445 0.0 0.001353544995670864 0.2502163570792929 0.7500140945038747 0.0010788151064792355 -0.0015802305822211365 0.0003018760800370378 0.0018556057202814813 1.0
0.06265094992315674 0.27787448062802467 0.7593871978350002 3.4263734362255014e-05 -1.9869351875085346e-05 -0.00010702502958526315 7.549664814423545e-05 0.0 0.0019867377678840477 0.24926828039239457 0.7503014614684579 0.000776386882201217 -0.0011881909860549217 0.0003296859811457602 0.0011561755921250909 1.0
0.06269486813976219 0.2778097714552488 0.7592976208071808 4.5281631846374025e-05 -5.014688973290198e-05 -7.033004103606184e-05 0.000114771077516182 0.0 0.003099752719656057 0.24805414683312624 0.7510560555753558 0.0010154308685781847 -0.0011571936443725101 0.0007006154603087381 0.0017701123668651636 1.0
0.06272269381979088 0.27768073812043076 0.759151626986362 3.163858719611343e-05 -0.00012149818735631406 -0.00011356382019733316 0.00021039437044447656 0.0 0.004979144576788612 0.24766876964065992 0.7522883868409178 0.0017622474595721327 -0.0004283708215288243 0.0012179432152392507 0.0023604409270752223 1.0
0.06268290410378702 0.2774756777347284 0.7588835931227849 -3.425867301201375e-05 -0.00020835106739569255 -0.00024222670864291034 0.00033522426693297433 0.0 0.004794391961450483 0.2474965424471088 0.7531674224659494 0.00018434178597654814 1.3414173116952201e-05 0.0010317202750893405 0.0009065442222965276 1.0
0.06267855638795185 0.2773981339683257 0.7587159475606082 -2.6994597258802612e-05 -0.0001275464662889218 -0.00023369307392933107 0.0001851749205041207 0.0 0.004788653598988854 0.24744555732601303 0.7534452093933082 -0.00015167400978323572 -1.0466458756849936e-05 0.0003631493794342861 0.00021671880771609265 1.0
0.06265186213239501 0.27727301253883396 0.7584699845066624 -2.6753760076106668e-05 -0.00010608897930915412 -0.00025110442777637177 0.00026651468456787843 0.0 0.004928145054370972 0.24755655849651664 0.7536315546340934 -0.00012188617586251583 9.992577427675215e-05 3.0278839727109093e-05 0.0002740944102914949 1.0
0.06267042101324188 0.2772049064489428 0.7582299278973916 1.668653809675214e-05 -5.4821253779499635e-05 -0.00023275861436647182 0.00026149150532270597 0.0 0.005419059773463645 0.24775229632402418 0.7536797570441183 0.0003802512050623759 0.00013876595645467295 -9.005105412000356e-05 0.0005963753822970505 1.0
0.062696763938816 0.27717072931139214 0.7581064109322998 3.610083979596217e-05 -2.1596807176295223e-05 -0.00012179413892102447 0.00013236192288618596 0.0 0.005898322950307316 0.24797106913194022 0.7537112508078978 0.0006337767863323946 0.00019639708513942097 -1.4964681915726076e-05 0.0004991601703505878 1.0
0.0627413933660766 0.27713686166221857 0.7580452274565586 5.284116344210697e-05 -2.930783166427883e-05 -5.121507759708883e-05 7.558048161311722e-05 0.0 0.006297440523381013 0.24802000924797526 0.7538920963602779 0.000648961475636511 2.89027845236608e-05 0.00025560506575785733 0.00040078916355216414 1.0
0.06280829693188875 0.27706811948945537 0.7579806495039878 6.563780941404304e-05 -7.070145653781405e-05 -4.591984689651591e-05 0.0001159573413601427 0.0 0.007371379143807345 0.24784290816113747 0.7544751650707787 0.0010113248280102507 -0.0001356624180398802 0.0006456037234419352 0.001246907582738688 1.0
0.06282039291944386 0.2770091308915735 0.7579349458590072 1.7991673545240707e-05 -7.27837956815065e-05 -4.435748625865866e-05 8.436344346769145e-05 0.0 0.008024993482261548 0.24779299650937633 0.7545138191864849 0.000605860642203174 -0.00012903205429995934 0.00019258936695854684 0.0007004616748020947 1.0
0.06283482587833765 0.27697011777841984 0.7578874201318488 6.961967772605086e-06 -4.345660456995639e-05 -4.8252630828241814e-05 5.5476478727049534e-05 0.0 0.008499829420630309 0.24762453632325745 0.7544934914240011 0.0005027766927218506 -0.00016396927080086256 -6.773196489890656e-05 0.00046232490104510535 1.0
0.06284887484062508 0.27694799995252484 0.7578502695043676 3.383192388112241e-06 -2.7552566142796905e-05 -5.844614206417412e-05 4.503761100371241e-05 0.0 0.008227472853766776 0.24702890574145892 0.7545134428337031 -0.00022785893187608807 -0.0005126272881937824 -7.720381352269693e-05 0.0006491864312751195 1.0
0.06284576874516853 0.2769411010950698 0.7578326725832281 -1.017401921726902e-06 2.590415494228162e-06 -2.5233397135312585e-05 2.229661548180039e-05 0.0 0.007886135072630291 0.2466957705282074 0.7545404967224283 -0.00048801215970696116 -0.0004032858843632599 -3.51458539371798e-05 0.000515330330023411 1.0
0.06283037346598766 0.2769377760046246 0.757814640248436 -1.280666733034706e-05 5.049232620521524e-06 -7.74471439708569e-06 2.3261383112000464e-05 0.0 0.0070211457330267525 0.24619831614936036 0.7543822506252671 -0.0009144116762143241 -0.0004765442556677931 -0.00011591887299242253 0.0009924711088372552 1.0
0.0628209679519263 0.276933067384648 0.7578131637057458 -8.231768013108659e-06 -4.4913555462889486e-06 1.3823105331308474e-06 1.0221716588491029e-05 0.0 0.006427795495757735 0.24636283527724276 0.7543308154141972 -0.0006721962974480338 6.89766153899752e-05 -3.053132056952583e-05 0.000616333872193719 1.0
0.062805760149287 0.2769312317032552 0.7578087233868129 -1.3078829683746097e-05 -7.920707022985689e-06 -2.940963477301382e-06 1.616594479584157e-05 0.0 0.006184191502689599 0.24708429680388816 0.7540195862968565 -0.00018198287111292563 0.0007487402947214984 -0.0002462072151375703 0.000813619761703477 1.0
0.06278907584207016 0.2769231145613203 0.7578006519782455 -1.8874431707302938e-05 -9.421884646619079e-06 -7.338127013384453e-06 1.9918135372684804e-05 0.0 0.0062612234502519015 0.24764703740622482 0.7538418609731873 0.00016035806251006178 0.0007693458389815669 -0.0002626020136929536 0.0006060563164042281 1.0
0.06277797382094558 0.27692583718206687 0.7577971421096836 -9.9576732773182e-06 1.8299069270680441e-07 -6.999327541665718e-06 1.2319141653937564e-05 0.0 0.0062401899909007 0.24813889545933995 0.7537632314806063 0.00012935252504597328 0.000533952157787332 -9.363141335704014e-05 0.0004969188856610954 1.0
0.0627172147444913 0.276918565298238 0.7577941191162655 -5.240761611165959e-05 -4.24523615052492e-06 -3.816318490826254e-06 6.0507807864867046e-05 0.0 0.005899018278850618 0.24932578919876872 0.7534657351136206 -0.00030012729880360964 0.0009812464303610173 -0.00022643801319388728 0.001265040703263894 1.0
0.06267676554388459 0.27692251342686924 0.7577704039195107 -5.0772767401987206e-05 3.1665957451692063e-06 -2.0015916006292787e-05 4.871271148804335e-05 0.0 0.005721097640691112 0.24979408340466555 0.7533389655860393 -0.0003142430676087621 0.0005690199239086774 -0.00015357051242578646 0.0005432340070731075 1.0
0.06261876688667438 0.2769439838895371 0.7577537183060499 -5.893157561860974e-05 1.994430144815832e-05 -2.014533473230367e-05 6.249887284352095e-05 0.0 0.005370711847464556 0.25050879725148395 0.75317861626201 -0.0004424289397120661 0.0006079861585095922 -0.00016068679236086334 0.0007709312750402496 1.0
0.06257409441985975 0.2769547283590782 0.7577354445270061 -4.646804193618117e-05 1.555794797795983e-05 -1.8447291045208775e-05 4.963614825520183e-05 0.0 0.005099513011961766 0.25093888287855665 0.7531108788290414 -0.00029155766402497705 0.00048013390037647123 -7.585751444534765e-05 0.0005277934653187607 1.0
0.06241631345734957 0.2769997279470561 0.757710198134601 -0.00013841706823035642 4.095228650538822e-05 -2.426471373823071e-05 0.0001651100429357297 0.0 0.0044581617998582295 0.251629693644941 0.7528746972745763 -0.0005392038431638835 0.0006278009496780345 -0.0002121643335488251 0.000980860050584917 1.0
0.06231775679492462 0.2770385119228709 0.757709366262634 -0.00011880452160656592 4.254194302125793e-05 -3.928933319584913e-06 0.0001108570667156829 0.0 0.0039320927701142205 0.25199199010065115 0.7526354094078821 -0.0005471936634021654 0.0004027583180018694 -0.00023862822626392042 0.0006954652719057407 1.0
0.06226624280533761 0.27705453148848713 0.7577087817769832 -6.285610960828279e-05 2.0766397117397936e-05 3.5475951840388873e-06 4.8283885235841185e-05 0.0 0.0035910758013059274 0.2522192010922964 0.7524737283949183 -0.00039861292521620206 0.00026235344944160123 -0.00019676282585243316 0.0004058913414033118 1.0
0.062169545147256366 0.27707463290411954 0.7577158247018458 -7.980916805711114e-05 1.4113702484537786e-05 8.707384220622843e-06 9.782296255535103e-05 0.0 0.002897968786750608 0.25262311547290484 0.7521434721591688 -0.0006189791295535053 0.00037987913693834485 -0.00031838563461091777 0.0008760852362324868 1.0
0.06212236577979746 0.2770839679309437 0.7577217374141427 -4.4184983805777664e-05 7.152784870147113e-06 6.425311920643919e-06 5.479788225521364e-05 0.0 0.002616926964413947 0.25275772966185983 0.7519670865224829 -0.0003269371471659277 0.00013018525873393998 -0.00019327252067502792 0.0003839006467333617 1.0
0.06208922041216681 0.27708338091474805 0.7577159183162417 -3.0081110832074386e-05 -1.4133986797414485e-06 -4.467892062985922e-06 3.1497024765887454e-05 0.0 0.0024404541819673608 0.25284549340317414 0.7518541221674823 -0.00016549041589493285 0.00010418608979752926 -0.00010832121149353683 0.000207504302255808 1.0
0.06203506675903288 0.2770949367786476 0.7577099917814487 -5.077182935346973e-05 8.660687552295886e-06 -9.991236647362008e-06 5.1688657565671304e-05 0.0 0.0021004699217135386 0.25303441427203854 0.7516781037669168 -0.00027009171030032444 0.00015473467636549607 -0.00013800502424551864 0.00041120045396790897 1.0
0.06195951225092395 0.2771168122046449 0.7577014491541461 -8.256269839685086e-05 2.511387466991519e-05 -1.10654205265281e-05 8.329994447547746e-05 0.0 0.0016261304569185875 0.25322618774375577 0.7514072636966244 -0.0004779391244142199 0.0002179662690489926 -0.00026226921269905095 0.0006108963570594698 1.0
0.06192576678695948 0.27712777165638747 0.7576955835926853 -4.1912354723118434e-05 1.5832462290676795e-05 -5.4939855456599435e-06 3.654562791510961e-05 0.0 0.0014692287482648502 0.2531990315761777 0.7512070224461448 -0.00023978142871336743 3.0225539798238053e-06 -0.0002309437234712039 0.00025442937239819846 1.0
0.061873898130026854 0.27714390252419274 0.7576911498058313 -4.798226476917878e-05 1.533667028785332e-05 -3.4650649777358167e-06 4.982645941218601e-05 0.0 0.0011829387712639055 0.25324429901854856 0.7509524107756703 -0.00026971373183263387 2.1816329856163836e-05 -0.00026099646246695513 0.0003486579021922988 1.0
0.06181296162421537 0.27715669360634504 0.7576844099423271 -6.021026022080723e-05 1.2867010821039994e-05 -4.259762315614436e-06 6.594353834756634e-05 0.0 0.0008555895067246237 0.25327899773503343 0.7505745589470008 -0.000325062054729413 3.0175492498577417e-05 -0.0003730623348421962 0.0005294262660614495 1.0
0.0617878388277518 0.2771553767862764 0.7576749306760134 -2.6451522038924372e-05 -1.8702951562328971e-06 -8.958256734239868e-06 2.8132230628495462e-05 0.0 0.0008235322022109535 0.25317332626346645 0.7502730812661813 -4.014709480949102e-05 -0.00010656071073718407 -0.0003117048623869749 0.00033092412300717835 1.0
0.06177070894567633 0.2771562321323678 0.7576661506707295 -1.4945543442473036e-05 -2.621702969112269e-06 -1.0379785163067243e-05 1.6356846245281068e-05 0.0 0.0009864007275824243 0.2530428353123928 0.7496237532955045 0.00016448636541332447 -0.00013280359312735628 -0.0005969515171803596 0.0006565702213009947 1.0
0.06176058869488097 0.2771572234471007 0.7576636468363983 -9.06266825442949e-06 8.457951460949895e-07 -3.979239406031692e-06 1.0986517515658324e-05 0.0 0.0011339385654091415 0.2530078937373105 0.7491102848795879 0.000185764345241569 -4.853556174373052e-05 -0.0005775902371088622 0.0005508713652227197 1.0
0.061754379350549525 0.2771506083496162 0.7576451800248207 -4.265895162378617e-06 -4.583505957265659e-06 -1.5369657919739645e-05 2.2272937927885355e-05 0.0 0.0011603036236068358 0.253076019549969 0.7487347827340403 6.774892751933598e-05 6.084417613453583e-05 -0.0004092350021233887 0.00038208148095453037 1.0
0.06174470374823919 0.27715206186656133 0.7576433917753554 -7.074898923278893e-06 1.5407911387849924e-08 -5.009971668972256e-06 9.282224303276646e-06 0.0 0.0011226353141129196 0.2530353585727464 0.7485867713150542 -4.696691059200291e-05 -1.6097636970691164e-06 -0.00013440203997373026 0.00014728392213151145 1.0
0.06173433422794297 0.2771500251957268 0.7576349728476451 -1.5459782900838582e-05 1.6037570042685942e-07 -6.747580104639965e-06 1.2375787773552048e-05 0.0 0.001099787370839289 0.25297515110755325 0.7485031468237922 -0.00010198576479285908 -4.008943054973314e-05 -2.1755997075711774e-05 0.00011027525459862393 1.0
0.06169622849681085 0.2771610076076678 0.7576290374666509 -3.706850444889342e-05 9.322308656366626e-06 -5.972132768912585e-06 4.070195854551444e-05 0.0 0.001126630221924007 0.25285624224363173 0.7485669016899376 -8.062701037401393e-06 -0.00013231747694652618 8.937967487093694e-05 0.00014867012648316178 1.0
0.061645453416964126 0.27717647146326774 0.7576272350024545 -5.1531088676802126e-05 1.590780716308797e-05 -2.1595666623975905e-06 5.3933770511186796e-05 0.0 0.001175307820751289 0.2525656591961347 0.7488763671125004 8.573293359619274e-05 -0.00030470690182259806 0.00028738505130215114 0.0004160787982912698 1.0
0.061599074821888304 0.2771497840643346 0.7575923324531005 -5.169998159861463e-05 -1.84046096143178e-05 -2.941524652135391e-05 6.334022222661791e-05 0.0 0.0011630624314705974 0.2524136137539773 0.7490290799321259 3.6255263818642765e-05 -0.00020522920925667942 0.0001682998091579993 0.00022585573081002882 1.0
0.061564193007125345 0.2770951109006573 0.7574744463032352 -3.658725138904839e-05 -5.646293317507132e-05 -0.00011063938788918129 0.00013324682805546646 0.0 0.0011684199687901945 0.2523422957487815 0.7491286850554068 1.5133872898273756e-06 -6.65702284357325e-05 9.640966579698557e-05 0.0001063020867712001 1.0
0.061548448579788334 0.2770898575895837 0.7573948453007132 -1.3395911374486034e-05 -2.2794394428962025e-05 -0.00010168240364254953 8.458374656074039e-05 0.0 0.0011486087226083715 0.2521406264819785 0.7493633247022758 -3.493294770496352e-05 -0.00013952742308182437 0.00017723918510678378 0.0003121689364434058 1.0
0.06137420077297033 0.27678982007687214 0.7570827825417433 -0.00014429818814588492 -0.0002557396002536846 -0.00028318916413811157 0.0004594611208693876 0.0 0.0009763453403774373 0.2519401719879521 0.7492862636810179 -0.0001633096626763748 -0.00019582596916069354 -4.062426103913124e-05 0.0002936216280097945 1.0
0.0612565151701869 0.27659272709569444 0.7567729856341882 -0.00014479605692160012 -0.0002443009219103022 -0.000336210629991032 0.0003995376254982372 0.0 0.0011573525406097917 0.25171581331347254 0.7492376420774469 0.00011053954842711753 -0.00023438336747967883 -8.537755673258929e-05 0.00028319232978038397 1.0
0.06113351760912984 0.2764240022251943 0.7565041475954064 -0.0001367382256464269 -0.00018665876159510233 -0.00029180004119751886 0.00032877668733520267 0.0 0.0013827909266695708 0.25143039894842684 0.7491863100500059 0.00025786472228854366 -0.0003023630779076512 -5.76918516506521e-05 0.00035603898349305315 1.0
0.061053141135397705 0.2763907631314489 0.7562816001719345 -8.402400530170399e-05 -3.711483492990486e-05 -0.00021833669269696925 0.0002356607013690195 0.0 0.001681126840189132 0.2508831657971045 0.7491170542786512 0.00033997810686423356 -0.0005307665785349411 -5.214825069290943e-05 0.0006369822494544082 1.0
0.061009304393000036 0.27638101140550225 0.7561443867888281 -3.075625728492536e-05 2.9133134435534757e-05 -0.00012161973703716756 0.00015133923021267597 0.0 0.002002359776699352 0.2502780300355834 0.7491313281305341 0.0003453511761576506 -0.0006206532418442632 5.1118574391980655e-06 0.0006921424561777553 1.0
0.060976361377048996 0.2763527567865447 0.7560730104130682 -1.426313948527578e-05 9.067904249679076e-06 -4.833558141284188e-05 8.793152758578263e-05 0.0 0.0022807743027602654 0.24963378494396596 0.7490791709896453 0.00027978634070387106 -0.000669550984216705 -1.2491216109740698e-05 0.0006922347799363668 1.0
0.06095206698485021 0.27632903597320135 0.7560195599939006 -2.1252764993242464e-05 -2.9597136345418196e-05 -3.5205989863540445e-05 5.53088863192947e-05 0.0 0.0024360226363417284 0.24905172405680864 0.749055575326136 0.00013299164632118914 -0.0006049091252485189 -1.6546751533258735e-05 0.0006035710075742829 1.0
0.0609399129822888 0.2763091907511236 0.7559956041269643 -2.649772000479762e-05 -5.877389526099884e-05 -4.200293515937341e-05 3.757281555508065e-05 0.0 0.002516213362548631 0.2486618745250645 0.7490525221264852 4.318330124476119e-05 -0.0003832981599565153 -3.0422313877931568e-05 0.00040155685028408063 1.0
0.06092384519126296 0.2762825115479904 0.7559732367198038 -1.589261933863023e-05 -3.2074910315600994e-05 -2.846763985208875e-05 3.587332507899607e-05 0.0 0.002614879712706967 0.24819465246065625 0.749056699313085 8.633152580524587e-05 -0.00039356949994081224 5.595774971841626e-06 0.0004752842131938838 1.0
0.06088608217031655 0.2762355542806536 0.7559457445876551 -3.8895152857883875e-05 -4.4402166486694466e-05 -3.42820185106565e-05 6.678965240924402e-05 0.0 0.002865929692732071 0.2471599382895372 0.7490328543498663 0.00022723189809733036 -0.0009349591537798443 -1.793477964396657e-05 0.0010655501221852122 1.0
0.060821023729398294 0.27617408361373397 0.755867164564913 -6.38729467031566e-05 -5.250176006409165e-05 -7.709134165989742e-05 0.00011995731139484271 0.0 0.0028857270532998253 0.24568041903208346 0.7489488074012526 9.63010178762534e-05 -0.0015262727063451165 -7.728824011906272e-05 0.0014957146194704708 1.0
0.060796208498252235 0.27611430616889937 0.7557325644198668 -3.641220390439587e-05 -6.344410723974075e-05 -0.0001334660921179805 0.00014962274132213193 0.0 0.0040905606871704395 0.24449629795395195 0.7490988074425201 0.0010430929351820072 -0.0013844091587363735 0.00010710561129381183 0.001683145147082156 1.0
0.0608002059951568 0.2760720391396283 0.7557087447967443 2.2404237253480884e-06 -4.734814091021169e-05 -5.1951721299658e-05 4.851454630041681e-05 0.0 0.005468525556912851 0.24359776675368158 0.7493048144302413 0.0014963922865170488 -0.0009648932582040784 0.00021637671201901943 0.0016479270023431743 1.0
0.060808510251969705 0.276035490614763 0.7556914021938406 1.946469331140708e-05 -3.1929586717873896e-05 -8.09188485277459e-06 3.77313186535916e-05 0.0 0.006099768744383997 0.2432049406729642 0.7499080787311195 0.0008814809360498561 -0.00032706825649150405 0.0005870781644604119 0.0009694213203219838 1.0
0.06079863365280326 0.27584396199400557 0.755435445636433 2.1475596617671727e-06 -0.00016317516939455442 -0.00020068961947552002 0.00032087470521642743 0.0 0.00768929768339184 0.24309397889621245 0.7506232821012003 0.0013710785631279674 6.170869507171351e-05 0.0007717399645301611 0.0017270907473563028 1.0
0.060812082919082903 0.27566257606482764 0.7551254883270876 6.866999829242502e-06 -0.0002031563855156928 -0.00032537796120197697 0.0003701474645878462 0.0 0.009395404739168067 0.24324537956355866 0.751887022459066 0.0016476842229750657 0.000229300000820524 0.001235141839794262 0.0021695243597839946 1.0
0.060759711464528465 0.2755961888364074 0.7549247931896476 -4.950471408683574e-05 -0.00010303380486346005 -0.00025753026035669113 0.0002090585964189439 0.0 0.011273512540112142 0.24289881218937992 0.753257034055645 0.0018760668177804454 -0.000293330341138158 0.0014183807968525866 0.0023415052041937585 1.0
0.060721295847432175 0.27555370702127324 0.7548694166370711 -5.221711176239045e-05 -3.152554215771909e-05 -8.072717677647523e-05 7.051464929970584e-05 0.0 0.012441779130045696 0.24283593405687767 0.753178692779531 0.0013309255212043502 -0.00024798461125008736 0.00016016723084519643 0.00115177188269633 1.0
0.060673681669222296 0.2755033913065354 0.7547811519879398 -4.850236472514008e-05 -1.8376005122110406e-05 -3.379646091676687e-05 0.00011996950225938498 0.0 0.013846540153172906 0.24238873811242329 0.7530762604268859 0.0013545929016829162 -0.0004666852897248085 -0.0003212692793140532 0.0014394795316023193 1.0
0.06065725437233566 0.27548731052854575 0.7547693889987126 -1.8920720052012266e-05 -4.784896233493456e-06 2.475100490571263e-05 3.649530910872234e-05 0.0 0.01411366741955646 0.24201291161240174 0.7530460000150172 0.00029747641431915697 -0.00044027061513638994 -0.0002795271786918282 0.0005453069902654278 1.0
0.06062729386304693 0.2754645189165929 0.754765509733905 -2.0400100676394062e-05 -2.7357560534529348e-05 -3.177066818356932e-07 2.670936183680684e-05 0.0 0.014063825908100194 0.24166746619944915 0.7530405871538363 -0.00022594175177132999 -0.0003319045526554524 -3.421047100639969e-05 0.0003087308336099618 1.0
0.060580654359422864 0.2754539303552836 0.7547505681988508 -3.9220558007641484e-05 -3.28018495187476e-05 -4.2459311784855056e-05 4.9200791321460896e-05 0.0 0.013915740135449576 0.2413491758790456 0.7534681367672089 -0.00020143690373535287 -0.00027242371294121013 0.0005029660331468531 0.000546953455565245 1.0
0.060562200306548124 0.27544005605053856 0.7547407635181087 -2.4557229522768517e-05 -1.4402894374237785e-05 -2.6282709843444146e-05 2.9077244113407947e-05 0.0 0.013487561257406187 0.2414355467647194 0.7540920817376039 -0.0003913462966569064 6.939765070533216e-05 0.0008319812680968788 0.0007757769604220055 1.0
0.06054642833908759 0.27540895697615725 0.7547004439613115 -2.0981023849583293e-05 -2.215908314649124e-05 -3.4325904973817815e-05 5.191207943047092e-05 0.0 0.013177706737018001 0.24236618335472868 0.7554443860433776 -0.0002768512403666563 0.0008621362658708598 0.0013473303437851415 0.0016694639293941805 1.0
0.06049611708312428 0.27540390065491693 0.7546751532917452 -4.215639690411845e-05 -1.2306011872330403e-05 -2.8172696865048984e-05 5.586945900771842e-05 0.0 0.013299456518883064 0.243021237969459 0.7561890729598908 0.00012315385673271838 0.0008771575410707312 0.0008464330172578403 0.0009997206761335328 1.0
0.0604597522261485 0.27540749664660835 0.7546764378192169 -4.111517564623652e-05 2.568383036845907e-06 -6.856263167746089e-06 3.8730424091107626e-05 0.0 0.013090353481470604 0.24332342244188862 0.7563452005449903 -2.0978753233670587e-05 0.00038232389713337584 0.00019766697409976929 0.0003801289807360121 1.0
0.0603956337871294 0.27541531401658553 0.7546727496856521 -6.11122617833683e-05 1.3278438149563476e-05 8.463111870910962e-06 6.203234302457816e-05 0.0 0.012774900290586352 0.24405945610106067 0.7567528513771604 -0.000337728109210739 0.0005568599624687449 0.0001628384158131055 0.0008861194248487362 1.0
0.060303172574008 0.2753717024446313 0.754583152794561 -9.428197919488361e-05 -3.3426238949326066e-05 -7.195387844277694e-05 0.00013700902191440836 0.0 0.011555796897523252 0.24427504306771625 0.7573746862026829 -0.001153170580977011 0.00019610081438522614 0.0004690895298026898 0.00144123113347942 1.0
0.06015099340714025 0.27537433912187975 0.7544564979815082 -0.0001496742583102016 -1.0570180226818741e-05 -0.00013359200978984385 0.00020008271669523956 0.0 0.01083594036656249 0.24387582070784108 0.758203771311593 -0.0009852477976652252 -0.0003871563194977276 0.0008782064761236654 0.0011679671234677033 1.0
0.060039773596550765 0.2753980920624233 0.7544263619355457 -0.0001250545939642744 1.7860712972461247e-05 -6.254960797485163e-05 0.00011673874264091458 0.0 0.011184303840797823 0.24375902683156714 0.7579550055429497 0.0001282102836126541 -0.00022954395562366936 7.420011846021805e-05 0.00038495773449391535 1.0
0.05991707469404685 0.27532025829445106 0.7543668301187383 -0.00012072818165900922 -5.7527290858803175e-05 -5.049088121222194e-05 0.00015192451610060085 0.0 0.012542559026970086 0.24297169924760117 0.7570139386106469 0.0014707708569493662 -0.0006719701166388147 -0.0008821905191498834 0.0018212093393288084 1.0
0.0598903117150734 0.27525939210914335 0.7542833579250228 -3.4471586590479047e-05 -6.902628515738326e-05 -6.348825966892825e-05 0.00011254715260690214 0.0 0.013611327325610148 0.24265426790098726 0.7563150590069644 0.001507677658143365 -0.0004525192613622761 -0.0010410329065085227 0.0014142842901589334 1.0
0.05976074919373418 0.27487700251824104 0.7537976006681408 -9.357795219610375e-05 -0.00034579560726358824 -0.000422709019375139 0.0006262278935103855 0.0 0.01522081653729828 0.24254182865813922 0.7554948257147263 0.001628941755267297 -8.238250177248694e-05 -0.0009352068960874033 0.0017397735119079264 1.0
0.05961522418527693 0.27437749299708103 0.7530261386110422 -0.00014614715607433326 -0.0005316644674760753 -0.0007957393872004764 0.0009433230186373376 0.0 0.01613420486513332 0.24270835419407227 0.7543433698093085 0.0009123141846877835 0.000279171555974367 -0.0009976549259045084 0.0014721441383525873 1.0
0.05942675057143357 0.2740319529653144 0.7525140963068101 -0.00020119879259972823 -0.0004196364921503276 -0.0006496945754249549 0.0006422902350831562 0.0 0.016861201839029755 0.2428038030587692 0.7534904664759158 0.0004626021638582851 0.00017449043076929167 -0.0007826981901052195 0.001141817474147028 1.0
0.05895785551230577 0.27376709556342294 0.7519837012925898 -0.00044956199452059225 -0.00025794052831624396 -0.0005244913981968128 0.0007316883183916864 0.0 0.01760677830914598 0.24248604816958774 0.7525623493814267 0.000591233663059885 -0.0002636437784126855 -0.0008489485623459679 0.0012384919620283825 1.0
0.05788281134004534 0.2733743070577883 0.7512137732726217 -0.001030551533466274 -0.00031441851471210644 -0.0006613359262692981 0.0013927157471621628 0.0 0.0179119949688107 0.2421964158751862 0.751031055231805 0.0003900146004821649 -0.00039526816221174707 -0.0015006480966821868 0.0015753938451984757 1.0
0.05534812342706234 0.27110602548760354 0.7496499756661189 -0.00243896633579846 -0.0019788495046272397 -0.0014269232796078773 0.0037551689301636103 0.0 0.015261719733456561 0.24060347577662797 0.7496073004064095 -0.0022038918843751833 -0.0015508962964930451 -0.0015436306153227487 0.0034171308614231112 1.0
0.050541682689628546 0.26559686954799355 0.7493846435159697 -0.0047518923671891426 -0.005330481035818479 -0.000585491936194182 0.007324403413618654 0.0 0.015207050239881267 0.24005320597425783 0.7494581041729076 -0.0008387541766685699 -0.000866360041538564 -0.00036602147642767423 0.0006210755517927992 1.0
0.044358976222186715 0.2605869840082151 0.7491682683151336 -0.006463977660010284 -0.005809010353177605 -0.00018337732172196694 0.00798959538150418 0.0 0.015135138756790643 0.23972098481796797 0.7493726108837039 -1.3956902446461174e-07 -0.00031788263886320606 7.323548303851679e-05 0.00021058495221692205 1.0
0.03885128053342473 0.25660412078975137 0.74947809276943 -0.005993236686678426 -0.0044558691989713545 0.0004003477440137004 0.006723602747462825 0.0 0.015121108939203484 0.2391197636017054 0.7492023473992178 0.0002809726644950122 -0.0003505112567313796 4.046109671216149e-05 0.0006942625639205589 1.0
0.036002339612553 0.2553297868278422 0.7491485670297893 -0.0031086953422532096 -0.001259403971857313 -4.629245085962684e-05 0.0031301958641917734 0.0 0.01471612194796491 0.23871521606296908 0.7492783133457953 -4.825783720394951e-05 -0.0003288961713868742 0.00010380697593273828 0.0006675044048508087 1.0
0.03498864253836652 0.2549551777601595 0.7490662066250962 -0.0004899086870781187 0.00047779038026699467 -0.0001886949535348935 0.0011039037565365424 0.0 0.014683059921561176 0.23887382921689512 0.7492581443213049 -9.54496858948e-05 6.837446471605327e-05 -0.00010689974399713965 0.00010407155763222562 1.0
0.03474326299243956 0.25531568981898994 0.7491882146803275 0.0005312951269171488 0.0009712314011671403 -8.084759306788494e-05 0.0005193369369230664 0.0 0.014611676545648976 0.23927906589840925 0.7492888631850102 -0.0002964372974427285 0.0003743811252369113 -0.00012562153420183774 0.00032782886582829345 1.0
0.035134677060318996 0.25616318252971726 0.7495642092973432 0.000615957524080603 0.0007530124461071654 0.00027740238056348106 0.001006256898558559 0.0 0.015148109284945935 0.24029053565397146 0.7494545685591111 0.00025125464819764033 0.0009308246289082258 0.0001388045819082941 0.0012475757262742015 1.0
0.03591480061607736 0.25707224041948046 0.7500099647322692 0.00045853864809999737 0.0004845317781630148 0.0005981820816707822 0.0012519749072716032 0.0 0.015121576805977225 0.24076852021353148 0.749695740626618 0.0003483689778983937 0.0007471473775500757 0.0003305559682456091 0.0005496980080385207 1.0
0.03676401798787606 0.2577761018711465 0.7502175750453893 0.00045892731474317036 0.0004975181545256793 0.00031573844057873363 0.0010699675334912492 0.0 0.01548573695275641 0.24127472558387608 0.7499963033809439 0.00030290052913836197 0.0004493138960456038 0.0003109136925316993 0.0006276531358927597 1.0
0.037864947131145375 0.2577363089280005 0.7509732294436863 0.0009064052118237416 -5.9548434576028354e-05 0.0006555475755007892 0.0013490916956649633 0.0 0.016210668703636272 0.2419836962570534 0.750171724980953 0.0006386389021739162 0.0005249991850935947 0.00020629684288362928 0.0010460110357373743 1.0
0.037728795771826765 0.2569106900151277 0.7523891081643125 0.00012447749804760794 -0.0007732036736040689 0.0012817769360838665 0.0016747872526313781 0.0 0.01668402883851844 0.24214103626006978 0.7504614555849669 0.0005241383017372299 0.00019812827560851474 0.0002645513860999485 0.0006226005853531389 1.0
0.03731642418129553 0.25506912341803567 0.7533602363604986 -0.0004889639244528318 -0.0018928404160836586 0.0011797972804725224 0.0021337155673843626 0.0 0.017473039831937612 0.24200545300974308 0.7507622541617649 0.0007751350604553659 -0.00011687567237541149 0.0002737861431151955 0.0008101816903803754 1.0
0.036746979521279886 0.25295409094386206 0.7540352097483611 -0.0007299681645258813 -0.002255164881965548 0.0007611794811460209 0.0022770307801348675 0.0 0.018359313637626745 0.2417131355453289 0.7510878164971311 0.0008934754322210305 -0.00032119325739886145 0.0003274560659927481 0.0009899959944319086 1.0
0.03523983890478309 0.25086963808545665 0.7538450181589986 -0.001418295433016297 -0.0021305240930529243 -0.00017455330132634396 0.00256573755468971 0.0 0.020006387621660324 0.24199565128809322 0.7510611669409375 0.0015718496116446266 0.00017081088169303995 4.276123029171187e-05 0.0016936892159045108 1.0
0.03316779939378924 0.24929422499548493 0.7534217112885645 -0.002027431879907209 -0.0015307520464373716 -0.000651089681205931 0.002649616215010089 0.0 0.02055426311315552 0.24193145439524014 0.7509400081911318 0.000769015755061511 4.0833433947393204e-05 -0.0001488790240341358 0.0005750795735124591 1.0
0.032822196858213394 0.24827567964412428 0.7530861993956711 -0.0006433742740765471 -0.0008648018562052856 -0.0005277244935610018 0.0011404311136352673 0.0 0.020733922909145046 0.24189126270109368 0.7508672863265642 0.00018666188260524943 5.378521989193711e-05 -0.00014156332549359742 0.00013930294970053935 1.0
0.032258464018051734 0.2474467540019112 0.7527659040623613 -0.00028753225637132224 -0.0006427143604813209 -0.0002388514267711829 0.0010021024065609433 0.0 0.0208466481447028 0.24185527715635274 0.7508216480237512 -7.260373407916564e-05 -1.4424534037180657e-05 -6.733473171170103e-05 0.00015863180614219651 1.0
0.0316033291283092 0.24720405553120858 0.752694013090169 -0.00044894674750279033 -0.0002545060400136827 6.252427386524873e-05 0.0007486831362318205 1.0 0.02088369701597009 0.24184523759868926 0.7508269355186625 -0.00010532913053166949 -8.425852451732739e-05 4.552567240079003e-05 6.942041126597846e-05 1.0
0.031324493327891126 0.2471585719473457 0.7526886764527515 -0.00025275998718478387 -8.5616249268021e-05 9.361207516544556e-05 0.0002987281428440821 1.0 0.020753414288200257 0.24186033711210955 0.7506710715377165 -7.333488346169143e-05 -2.4143346040170533e-05 -8.144694671706753e-05 0.0001854480860613611 1.0
0.03099902619495488 0.24645706095853215 0.7529355959821527 -0.00038396669806120505 -0.0006263381623039636 0.00025177802167925304 0.0007651291125770955 1.0 0.020414454398006637 0.24190077857093006 0.7502948837148552 -0.00020969232740706515 5.60061641831924e-05 -0.00035215012918042967 0.0004817621423988047 1.0
0.030672936592432417 0.24635894862454755 0.7532147253940303 -0.0004846983686589636 -0.0003231502701737097 0.0002501309937409744 0.00046282447061730264 1.0 0.020259726215917418 0.24189763167806885 0.7501568285717257 -0.00012611758947764034 5.1230238098486927e-05 -0.00025323561872127743 0.00023906134332533544 1.0
0.03082065640966378 0.24737974521160777 0.7530257234112014 4.57343577326152e-05 0.0008282139216872161 -0.00012900540049519676 0.0010429031266258842 1.0 0.020463171704884275 0.24191491485047026 0.7502058624055217 9.251630856108549e-05 -1.6196801020750196e-05 1.5282725315876255e-05 0.0001862478799342102 0.0
0.031066424478481385 0.24809940591417645 0.7533503817726023 0.0003972054677482172 0.0009598514810680171 0.0001671447681157953 0.0008318271456175994 1.0 0.021001714931652798 0.2417148307725623 0.7505824411405227 0.0005608698926741283 -0.00017472885653505084 0.000398752623435164 0.0006900816406277417 0.0
0.031156733302432266 0.24915556204032055 0.7542195464968628 0.00013911991580554196 0.0011508075624584533 0.0007776434721830697 0.0013596266890529398 1.0 0.022042660540071316 0.24098189917718216 0.750796089987526 0.0010909156319863214 -0.0006903957122100834 0.0003417665416139467 0.0013142315072826487 0.0
0.03137183933038139 0.2497031975660806 0.7548802922016367 0.00018139046751957017 0.0006748741902687542 0.0008205129899556156 0.0009092825649485838 1.0 0.023490933728069114 0.23950997367404195 0.7515005317879585 0.0015008976952754593 -0.0014658816349047586 0.0006553081797664554 0.0021704840015733134 0.0
0.03230592843970475 0.2500718546084946 0.7553931161242922 0.0008152803132083732 0.00022684006134673844 0.000612056577381096 0.0010922253867177451 1.0 0.023956915791717177 0.2384507653604015 0.7522358005593063 0.0006643578009362109 -0.0012830372978964706 0.0007327398188247457 0.001375816107003002 0.0
0.03234214781035672 0.2507364956377467 0.755499525222741 0.0002247142194248606 0.0004090120433364296 0.00013107270546845138 0.0007066189930441697 1.0 0.02362817696817827 0.23735763647294697 0.7528543184686183 -0.0003855314183885718 -0.0010994074891901167 0.0006341088247276769 0.001258050536902222 0.0
0.032028011687505346 0.2517425336271178 0.7560596608455895 -0.0003040237008634418 0.0010060695286126789 0.0003313786525690057 0.0011674591046562884 1.0 0.02232760963618158 0.23608330564626764 0.7535351627294111 -0.001461315206580481 -0.0011385638592778463 0.0006592396883088284 0.001966111933059748 0.0
0.03395322017697122 0.2521201614275412 0.7568295768300247 0.0014854543249099292 0.000648444293878677 0.0006863089358631782 0.0021295470922468632 1.0 0.02024525472340064 0.23486283678806733 0.7542863491180198 -0.002266321330206658 -0.0011385596769819784 0.0007160154707831644 0.0025715409042132505 0.0
0.03694598647010822 0.2524531127011359 0.7582927287334587 0.0030478018874463323 0.0003295930654161009 0.00151299557767859 0.00334385727566328 1.0 0.018029939255722126 0.23387730209169824 0.7548899305149336 -0.002353977758365499 -0.0010134303200860463 0.0006193424147749048 0.002479323567239536 0.0
0.0370230770636207 0.25338215015036586 0.7598211633770918 0.0009158216277706091 0.0007805459232917376 0.0017336639553368362 0.0018172395307240363 1.0 0.017042524051812186 0.23361638646114877 0.7550232845350937 -0.0010816667719396223 -0.0003882828354970064 0.00017883716940539953 0.0009937747429976363 0.0
0.04013583373061659 0.2559039935145448 0.7601199055339887 0.0025155903362557757 0.0022833859003981993 0.00054835496042268 0.0038967914181157236 1.0 0.014475534898212426 0.2337046204029746 0.754714676386629 -0.0019867705569143685 0.0001329431430755777 -0.00029115793145517184 0.0025562243052801737 0.0
0.04136136646283806 0.25832861388547396 0.7594257482910686 0.0014564640550404917 0.0027463145579150537 -0.0007864027980612893 0.002958117958971203 1.0 0.013691459055120566 0.23383486912429546 0.7545867898210037 -0.0010127504961992117 0.00030261555492877915 -0.0002816418958957388 0.0009328013677503823 0.0
0.04212151342779379 0.2601272732924646 0.7588235711976352 0.0005664641782445006 0.0021451672247559494 -0.0010200599252535808 0.0019849681484628273 1.0 0.013045326545797984 0.2339275977406465 0.7545005198448711 -0.0005681910164200718 0.00011947483858079568 -0.00012203050873325048 0.0005622890270393398 0.0
0.042739324224436985 0.2618463903914693 0.7584238346432399 0.00046399106325027787 0.0016104197754510446 -0.0005747022198002743 0.001817304610674273 1.0 0.012500546859863793 0.23399537935688663 0.7545059370380861 -0.0004838528423668342 -2.9492128264863244e-05 8.010511770683594e-05 0.0005388521387205835 0.0
0.043775880283714416 0.2635112878929625 0.7584047620196128 0.001037446684301417 0.0013424705002309267 8.055918082300236e-05 0.0020097341157427288 1.0 0.011944247063450418 0.23405090449013688 0.7546305142661275 -0.0005455821020489613 -4.6997357917074245e-05 0.00021512757907190204 0.0006214904332421498 0.0
0.04410010332345399 0.2638215387371298 0.7584727902023034 0.00046745195900826063 0.0003393660258121781 0.0003844914744333596 0.0005188668244081782 1.0 0.011702776253822994 0.23407267662161943 0.7547018749710797 -0.0003156256770664686 -4.48010930811254e-06 0.0001249129832344726 0.00026510594864616885 0.0
0.044657896873995 0.2644210236473391 0.758763355493714 0.00045183784422148706 0.0004522474115416362 0.00041649260309431003 0.0007284141355805656 1.0 0.011489912930324683 0.23406861136040516 0.7547609659511346 -0.00024563074086173626 4.063004681364687e-05 1.8747467161934627e-05 0.00014839034896947136 0.0
0.045873123855184356 0.26563605027695836 0.7593461253854382 0.0013578967464120914 0.0011824238701258173 0.0004797914128297032 0.0018938069337763412 1.0 0.011158180659033491 0.23403474622621318 0.7548539735358234 -0.0004241663971135785 -7.45427686290798e-06 3.483185253442576e-05 0.00039775430502520643 0.0
0.046690799668288166 0.2664544804706123 0.759750260831132 0.0008413098220618111 0.0010082281747491552 0.0003735493424310765 0.0012747901203718744 1.0 0.01087702642569032 0.23397589889588274 0.7548981646874001 -0.00018514425903227083 -5.592855536850555e-05 4.759353018775613e-05 0.00029007285709417444 0.0
0.04713823216856643 0.26689267501444114 0.7600341535306746 0.0005184811548613469 0.0005951143567673092 0.00027298875286637465 0.0006039368980537987 1.0 0.010652096392858868 0.23392203044647125 0.7549166799650345 -0.0002589805684190341 -5.993574159730665e-05 1.537556832831592e-05 0.00022137094503025655 0.0
0.047882481455534184 0.26755588503103545 0.7605095995622233 0.0006309594761351184 0.0006213258127085804 0.00039202098266580287 0.0010823280175278225 1.0 0.010436550554329897 0.23386292010057175 0.7549278742726875 -0.00022673009953636599 -5.691594627899851e-05 1.3914110983131989e-05 0.00021718403718996501 0.0
0.04988779390234227 0.2693557128086406 0.7616353134761734 0.0017798795721304162 0.001552422399548019 0.0010255114358532235 0.0029982688561158806 1.0 0.009761023644229889 0.23369501722285338 0.754967176668607 -0.0005981260260272446 -0.00014812360016717063 3.8175098409072686e-05 0.0007044323567372367 0.0
0.05155721824587366 0.27094406654915876 0.7620867543097314 0.0018548816881099794 0.0016876588175709758 0.0006555544760846136 0.0023821816298492935 1.0 0.009178981347369098 0.23358494609955952 0.7550705740247909 -0.0006309927579288473 -0.00013141493908068127 9.513659529331752e-05 0.0006168923665020885 0.0
0.05337534512669044 0.2727101250545847 0.7617139781663916 0.0019821288951943207 0.001933649368246141 -0.00023279756727655776 0.0024464191592484703 1.0 0.008407391613300277 0.23343266114861871 0.7552937951961054 -0.0007938061274832854 -0.00015103145873626204 0.0002243092437957499 0.0007934106928622193 0.0
0.05450673045612703 0.27374880038866656 0.761194484785619 0.0012659912276168596 0.0012026744525450348 -0.0006810489559411239 0.0016569390677131403 1.0 0.007990655965506306 0.23336544834548928 0.7553994908951 -0.000497270417447668 -8.003373623959763e-05 0.00015292028291718796 0.00044446463792925054 0.0
0.05621951634379054 0.2748486176971809 0.7598985752760647 0.001385481913222945 0.0008618624260103198 -0.0013947116161160795 0.0024284986202237555 1.0 0.007279131277043054 0.23324864752456112 0.7555658334547871 -0.0005986597542080735 -9.432474024480717e-05 0.00015058851824255299 0.0007310293354888424 0.0
0.058416709856172616 0.27608944400552454 0.7573124292834137 0.002014384491846858 0.0010281021169442541 -0.0025395230397412556 0.0036449771038022695 1.0 0.006465443901839507 0.23320826563268995 0.7556975490600667 -0.0007607163306120483 -4.285149210120497e-05 0.000120819546281305 0.0008454303411814994 0.0
0.05930589390333647 0.2764113853056254 0.7565972412120606 0.0012383958693734025 0.000486735580950976 -0.0011131345284203329 0.0011989056908359892 1.0 0.006206825847455879 0.2332048114708866 0.7557154308050756 -0.00037324917303480684 -4.571752837012274e-06 1.8912403127154747e-05 0.0002566954139056588 0.0
0.05989145543377226 0.27648549232678477 0.7561388163824221 0.000643714616968845 0.00012877673641008888 -0.0002454910528387025 0.0006313842536070388 1.0 0.005992947750565326 0.23322259094330317 0.7557319401930938 -0.00020258974446778016 1.7088968698570465e-05 -2.4603890172624096e-06 0.00018947643415235553 0.0
0.06055464363095139 0.276391569620431 0.7560919232726168 0.000435052313612859 -0.00017276852525502763 0.00020257398183101682 0.0007186204791417351 1.0 0.005780527645837566 0.23325607642156376 0.7557527641977262 -0.0001359541079207359 4.0032937822022824e-05 1.4714150669263451e-05 0.0002290970247335422 0.0
0.06124779624133593 0.27581436584033625 0.7560598200746874 0.00058364944891649 -0.0005611283734560113 0.00018620605578814164 0.0009961128290734058 0.0 0.005515993093491026 0.23333680797177275 0.7557745482650472 -0.00023243583470195373 7.256180821417947e-05 2.9386173308268283e-05 0.00029918433266773383 0.0
0.06147850055300093 0.2754899802419938 0.756160240961891 0.00033019040373043055 -0.0004301804105160327 7.8330025944463e-05 0.00036148751195864753 0.0 0.005265188437389389 0.23343827994444802 0.7557775516266921 -0.00027304422145781287 0.00010333585432408405 1.0891930550481764e-05 0.00025165914541390433 0.0
0.06343271832090579 0.2751896192464109 0.7556618461365188 0.0018314520356767707 -0.00021762164581660688 -0.0006284749342111716 0.0019491583655726695 0.0 0.004742015869733045 0.23360580491315608 0.7557577788531719 -0.0005633710339693964 0.00015727839801322932 -3.980170492801625e-06 0.0005390386220159788 0.0
0.0640526716705786 0.2751896859055487 0.7553763202994067 0.0010643203814514261 4.868180579146943e-05 -0.0005551275012233203 0.0008140183910447939 0.0 0.004663602495092714 0.23359933485770262 0.7557465718676506 -0.00019519125730655545 3.166232197150582e-05 -1.948163753748332e-05 0.00010453886057658877 0.0
0.06541546739804498 0.2752364807710759 0.7546912195722357 0.0011787745443470063 8.232541039871551e-05 -0.0005801363507311349 0.0014271836823828384 0.0 0.004517058441348652 0.23357086957572704 0.7557633125994582 -6.362792588174109e-05 -4.528012478806055e-05 2.7245963406072083e-06 0.00012423915881506781 0.0
0.06603416452388212 0.2752904099241824 0.7543347149396605 0.0006843069377454541 0.00010106857252884806 -0.0004330700964838369 0.0007625094743530694 0.0 0.004484407172647353 0.2335619920492717 0.7557785802318612 2.1564534279410385e-06 -4.06861229661295e-05 2.1945870398895737e-05 5.1568610755020795e-05 0.0
0.06711112161912373 0.2754340318538504 0.7537027603549173 0.000887511886911977 0.00010544422816764607 -0.0005236282943600723 0.0012436808343753675 0.0 0.00438959888462159 0.23353971523131778 0.7558618383611057 -5.402857446573227e-05 -2.7535089242136904e-05 8.08958674433134e-05 0.00013208544215999072 0.0
0.06811752190177414 0.27553153473930675 0.7531500031981051 0.0009623922985845041 5.135259178477486e-05 -0.0005282862918566454 0.0011811811991152693 0.0 0.004332334382152305 0.23353132751538322 0.7559264454601113 -7.705390055562884e-05 3.0716365030443035e-06 7.823031572549272e-05 8.491245910593299e-05 0.0
0.06911456098748457 0.2756314576350725 0.7525998766484382 0.0010475898718761466 9.000437531080216e-05 -0.0005402944942156178 0.0011022481944574533 0.0 0.004207650177748733 0.2335613103313728 0.7559993629402779 -0.00014789203114058534 4.3513227108116996e-05 7.292875137854085e-05 0.00013552367138488754 0.0
0.0692493607733555 0.2756620896972641 0.75251679486119 0.000382312677951037 2.8950298582559365e-05 -0.00017719490700349408 0.00019583161529696408 0.0 0.004156363218463979 0.233574056755518 0.7560063341399449 -9.45607507940059e-05 2.8940357401764655e-05 1.1107670423614431e-05 6.620053015556987e-05 0.0
0.06927970855418564 0.27569774432500466 0.7524667735832598 -0.00015380880609770623 3.7406893754476814e-05 2.5925079192802754e-05 1.6711019944019943e-05 0.0 0.004121406103119477 0.23358900373427927 0.7560035544775355 -7.626505929962527e-06 4.206201123275864e-06 -1.544284485645914e-05 3.0122002505449997e-05 0.0
0.06923094690935527 0.27572747625036337 0.7524671322679714 -0.00013206468396706635 2.2151554794464667e-05 4.079017153597788e-05 0.00010954646612732117 0.0 0.004088869508402695 0.23359700702815178 0.7559984485478873 -2.5403170141587397e-05 5.40955665102309e-06 -1.664378593544843e-05 3.833487205719381e-05 0.0
0.06913524883636252 0.27575053779891046 0.7524950675491048 -0.00016288528633105455 2.7347172488692127e-05 5.3744811815723036e-05 9.758550223983291e-05 0.0 0.004072433850330055 0.2335982730442469 0.7560023087904564 -4.994021051658504e-06 -1.7269755161626204e-06 1.2305370309267345e-06 1.6839527211214348e-05 0.0
0.06893545215724318 0.27577162675021494 0.7525800758385227 -8.89508361596325e-05 3.259364369818112e-05 2.3969747664818227e-05 0.0002029764789210955 0.0 0.004050106265390805 0.23361042191606693 0.7560021435428123 -2.4241670523141914e-05 5.80647292179923e-06 1.1625415682513856e-05 2.4966975571179373e-05 0.0
0.06876664835333643 0.2757724469564011 0.7526363829297221 -0.00011061019404789486 5.156192458425881e-06 3.188852545038534e-05 0.00016901193811984087 0.0 0.0040172228586278416 0.23359024299579556 0.7560094739271631 -3.5093627283901184e-05 -1.2923592459593834e-05 1.2266798957359684e-05 3.718557956739594e-05 0.0
0.0686928789728871 0.27575418797634144 0.7526621733158056 -7.070878601877486e-05 -1.771345333126849e-05 2.084794604249472e-05 9.521718640733215e-05 0.0 0.0039972512906403255 0.23358260156725105 0.7560110909530766 -3.1217414558810406e-05 -9.348513564600571e-06 5.348673347412635e-06 2.4164761123208196e-05 0.0
0.0686908799125565 0.27575903067535457 0.7526468279794667 -4.3405105382489026e-05 -7.384348903100092e-06 8.279872344980573e-06 9.519933692411298e-06 0.0 0.0039952377992597335 0.23357467890681452 0.7560066926521449 -6.656068864562041e-07 -1.0025670617986411e-05 -8.615039361756135e-06 7.520499474367013e-06 0.0
0.06863672384117403 0.2757892671720365 0.7526071872577287 -1.7967622727387477e-05 2.8800411150815795e-05 -5.158787345005765e-05 7.71266357255992e-05 0.0 0.003992804571435629 0.2335726125829457 0.7560044935793225 1.932820125064324e-06 -1.5657045964974068e-06 -5.168365508688729e-06 3.930845627062173e-06 0.0
0.06850900261556085 0.2758378346855582 0.7525996434599413 -0.00011446789356576954 5.40370349547198e-05 -1.980020332762235e-05 0.00014032900447582836 0.0 0.003987242602065661 0.23357591534098937 0.7560058872667232 -1.4983791004845028e-06 4.864199390369834e-06 -1.0302664637358727e-07 7.719787330583466e-06 0.0
0.06844705396707891 0.27585520073041203 0.7526098895144059 -0.00010169929949941294 3.0574041934330305e-05 1.6081192602642444e-05 6.212107708345789e-05 0.0 0.003955862245345341 0.23358645467547073 0.7560079937070647 -2.7238815965262306e-05 1.2197920527562437e-05 3.2928956241055603e-06 3.273422400032363e-05 0.0
