0.06301957893115058 0.2786251406140095 0.7633309469586126 0.0 0.0 0.0 0.0 0.0 -0.016934828616893507 0.28003261883495434 0.7645558455893928 0.0 0.0 0.0 1.7758013284421416e-07 0.0
0.06300417991855747 0.2786350973454628 0.7632963734798925 -1.5399012593106387e-05 9.956731453319989e-06 -3.457347872004579e-05 3.913555315670956e-05 0.0 -0.0169338070622349 0.2800318869340335 0.7645653907652903 1.021554658607593e-06 -7.319009208139882e-07 9.545175897462954e-06 8.917686841766985e-06 0.0
0.06299838531827706 0.2786090721939291 0.7633036392942394 -5.794600280412121e-06 -2.6025151533715096e-05 7.2658143468462555e-06 2.7634723861211684e-05 0.0 -0.016929346117319943 0.2800258419297314 0.7645877942577702 4.460944914956577e-06 -6.0450043021242905e-06 2.2403492479949882e-05 2.4223346807368995e-05 0.0
0.0629898908428215 0.278584597998479 0.7633031021840078 -8.49447545556159e-06 -2.4474195450097103e-05 -5.371102316242826e-07 2.5911982625719853e-05 0.0 -0.016904419600764175 0.28006122346283313 0.7646862443355416 2.4926516555768413e-05 3.538153310173042e-05 9.845007777131709e-05 0.00010703966651242818 0.0
0.06298155498506408 0.27858544189031753 0.7632985098116309 -9.08543622534422e-06 2.2329941439008416e-06 -7.155870512691836e-06 9.554504803203265e-06 0.0 -0.01684160373656697 0.2800769591482908 0.7647037222237083 6.30188749282122e-05 1.8009012158777027e-05 2.1479062047160282e-05 6.953117874938225e-05 0.0
0.06297434642220259 0.27857782004915493 0.7632980133950396 -6.964954346679082e-06 -6.996337682181756e-06 2.0338804548641394e-07 1.0502488784478399e-05 0.0 -0.016808721578612695 0.28009335126006385 0.7647103402211748 3.410564973286401e-05 1.3689444846773859e-05 2.2745293212698452e-07 3.361554675690707e-05 0.0
0.06295168528589795 0.2785834564088745 0.7632888858617773 -2.2417193727948298e-05 6.361102106858436e-06 -1.1201316668020084e-05 2.5324381323883866e-05 0.0 -0.01677574993268115 0.2801009353835053 0.7647272840196431 2.872688322623672e-05 5.082767289936938e-06 7.395820293153347e-06 3.774479282815743e-05 0.0
0.06294369951490247 0.27858956100802756 0.7632836173714362 -1.0272174480384289e-05 3.8522327983536455e-06 -3.820550688858122e-06 1.1252095983003053e-05 0.0 -0.01676754649901127 0.28010472524713054 0.7647303202335228 5.7533852111932545e-06 2.2055189935357425e-06 7.775068629049752e-06 1.3010254644736172e-05 0.0
0.06293893529214191 0.27859722457469277 0.7632755923173905 -5.972340189349347e-06 7.741201314652376e-06 -9.924901226378678e-06 1.1286411568250472e-05 0.0 -0.01676248358633436 0.2801035875847391 0.764733646922821 -3.252204527340957e-06 -4.023183038675152e-06 3.5633067268653554e-06 5.215599079294151e-06 0.0
0.06292960065007559 0.27858209575445153 0.7632673187436835 -5.864445325946537e-06 -1.5720310044452292e-05 -5.127031972371413e-06 1.963272171909893e-05 0.0 -0.016760417820738144 0.2801082917444615 0.7647316235973906 -1.6434909123160971e-06 3.653498502852912e-06 5.577949322350374e-06 3.536572955900577e-06 0.0
0.06292392857049413 0.2785757132052377 0.7632662054540891 -5.336053351653333e-06 -1.1235349280087498e-05 -2.5936004956747336e-06 9.77678404533766e-06 0.0 -0.016760545003233093 0.28010922815476136 0.7647316247063085 3.1558738733963823e-06 5.5667068344702985e-06 5.2369524722373e-06 2.5690168139067583e-06 0.0
0.0629189847625633 0.27857143749541474 0.7632679726538196 -5.01236407015048e-06 -5.471691830901824e-06 2.448015528910373e-06 5.874213004419473e-06 0.0 -0.016759394273157494 0.2801024502850174 0.7647277503433837 5.521536581257905e-06 -5.761746839205782e-06 -8.978513170450247e-06 7.421863521310252e-06 0.0
0.06291278650296733 0.2785639254883719 0.763271219031308 -6.865125332765472e-06 -6.6130578461026104e-06 4.589026634969617e-06 1.00086393037741e-05 0.0 -0.01676274940115017 0.2801031995268052 0.7647234519568696 -2.3833039576909336e-06 -9.345302333623929e-07 -4.175337188211329e-06 5.338117365040492e-06 0.0
0.06290900579424684 0.27855721148558316 0.7632676654596072 -5.32992402892481e-06 -4.166105886263565e-06 -2.4097076620597006e-06 9.371964715742489e-06 0.0 -0.01676068270977045 0.28009858979154995 0.7647198728907592 1.6321571114638473e-06 -4.390103375022938e-06 -2.8799593692692284e-06 6.500671763007243e-06 0.0
0.06289678230048437 0.2785506785191384 0.7632617576449616 -9.752099790953015e-06 -5.5437165908507305e-06 -6.684842627788834e-06 1.4565113623016208e-05 0.0 -0.01675043428756799 0.2800969494388764 0.7647185907793809 8.064228612399742e-06 -2.3127834137646573e-06 -2.2405811539225187e-06 1.0191853040099812e-05 0.0
0.06288364500831908 0.2785485117997513 0.7632581862995269 -1.4034175526012502e-05 -3.3080298235956884e-06 -6.164110562586979e-06 1.3726998259863202e-05 0.0 -0.01674342686098624 0.28009788705715305 0.7647184705063043 9.17135408167391e-06 9.797980674597381e-07 3.7029414538014703e-07 7.357875658085964e-06 0.0
0.06286030751411688 0.2785469467991472 0.7632523976529223 -2.3359955284234703e-05 -2.607950371153964e-06 -5.9162734277779615e-06 2.412664002972356e-05 0.0 -0.016738531778155742 0.2801069696632289 0.7647089136594555 5.8308815346014405e-06 9.123407852840477e-06 -7.787532229991638e-06 1.3851361171696998e-05 0.0
0.06283953251767858 0.2785470205524663 0.7632545602686425 -2.2544709622083215e-05 1.275148947571215e-06 1.9687387903781483e-06 2.116865397851791e-05 0.0 -0.016732009666780505 0.2800985431635475 0.7647015240332091 5.3492289455582335e-06 -4.8717543795952044e-06 -8.734295142031032e-06 1.3074638272988211e-05 0.0
0.06281430519196274 0.27854987297531286 0.7632545818451838 -2.4859804353668436e-05 2.8568128921195224e-06 2.200935972994274e-06 2.4994540488376414e-05 0.0 -0.01672820332092894 0.28009402316915505 0.7647032017233559 3.063621470237781e-06 -6.965443107017609e-06 -9.85855124592846e-07 6.20268256333734e-06 0.0
0.06279234040713227 0.27854913105224854 0.7632564002779125 -2.2007690594529138e-05 -2.923308642377383e-07 2.400238484985468e-06 2.2300741626684726e-05 0.0 -0.01672613688499913 0.2801006456041918 0.764694282392711 1.3031321059875849e-06 3.558903409754387e-06 -6.227504938034218e-06 1.0910266263133479e-05 0.0
0.06277037200733791 0.2785499176191713 0.763255140362638 -2.0779613171258155e-05 1.8965452614744097e-09 -1.297870074805082e-06 2.188888748777054e-05 0.0 -0.016726281436799138 0.2801109154690258 0.7646809063723614 3.8026599959270876e-07 1.0419553800530092e-05 -1.2365373189714406e-05 1.7247135508709142e-05 0.0
0.06274742842206635 0.27855278658774385 0.7632427695640868 -2.230412952028275e-05 2.119977045131858e-06 -1.1728415239517657e-05 2.6326129243106077e-05 0.0 -0.016725782388424735 0.28011023184692313 0.7646762865215345 5.398342180211175e-07 3.7669511919853142e-06 -6.961297850444709e-06 5.055601898801266e-06 0.0
0.06272969843172435 0.2785453728688708 0.7632388632810703 -1.839538638665994e-05 -5.578786279649598e-06 -7.388254552516436e-06 1.9699112866741163e-05 0.0 -0.01671867456575575 0.28010604806112466 0.7646778101115382 5.887415767736128e-06 -3.4590701897650213e-06 5.090095406570655e-07 7.3873676446913124e-06 0.0
0.06270785805750549 0.27851093290717394 0.7632192077145373 -2.1278983702992898e-05 -3.1719628766568616e-05 -1.7783971949047805e-05 4.479241560488034e-05 0.0 -0.01671011497779254 0.2801030586860537 0.7646791411059211 9.606143239001361e-06 -5.5962667606561556e-06 2.738293849212521e-06 9.70929318560849e-06 0.0
0.06270067397833096 0.27848411104576726 0.7632049695536774 -9.276108320093218e-06 -3.26918385955134e-05 -1.5505091773428238e-05 3.217613174511911e-05 0.0 -0.01666246473864217 0.2799836590746597 0.7646280942963809 4.363027888001534e-05 -0.00010581492335628897 -4.149225571704943e-05 0.00013748496628902552 0.0
0.06269480608644547 0.27845498936285973 0.7631972786540598 -4.738424610809977e-06 -3.10905415028792e-05 -8.639287790194614e-06 2.9730840767278923e-05 0.0 -0.016575562438668402 0.27970586788826196 0.7644530925957528 8.702348672001098e-05 -0.0002708817996087711 -0.00016454573103175056 0.0003415093434851255 0.0
0.06268386552758541 0.2784130107362411 0.7631631388177347 -8.415152634674793e-06 -3.908639858606959e-05 -2.841832834166056e-05 5.494761843665204e-05 0.0 -0.01641656476547096 0.27905405726614657 0.7639924486504276 0.00015833142762874242 -0.0006333631509434985 -0.0004461866690177688 0.0008119535546718304 0.0
0.06267949808331379 0.27838881852933406 0.7631486121178614 -5.945481778269675e-06 -2.5325616454942938e-05 -1.9690099168546357e-05 3.0230802217324562e-05 0.0 -0.01633232972516762 0.2783305962971476 0.7634724301436363 0.00010886505489876623 -0.000784841058609959 -0.0005679853437875648 0.0009023965313492749 0.0
0.06266950102051451 0.2783735012107423 0.763137817708865 -9.966626777527619e-06 -1.360003680579164e-05 -1.1686421120869482e-05 1.977983164668382e-05 0.0 -0.016142922212657042 0.27718062775545715 0.7625658605905703 0.00016899405479198378 -0.0011353873687793743 -0.0008895892783924827 0.0014599031294410556 0.0
0.06263440052763239 0.2783161429670453 0.7630994239412586 -3.259176617285411e-05 -4.8939644242150215e-05 -3.19157916441769e-05 7.646571888857908e-05 0.0 -0.01610995486160779 0.2760738273791999 0.7617331713737622 5.423149774928646e-05 -0.0011571816262674318 -0.0008885310668739431 0.0014031988208495188 0.0
0.06259363387880884 0.2782482972984663 0.7630436147524134 -4.4294910695510844e-05 -7.18420449072179e-05 -5.6156006459073005e-05 0.00010007479759744205 0.0 -0.016119963134899364 0.2747823721244732 0.7608127616016997 -2.3720283935525695e-05 -0.0012612744269464126 -0.000906660238905699 0.0015727254153794818 0.0
0.06255492619668633 0.27819499354375277 0.7630037569733489 -4.195635917798689e-05 -6.18253769781723e-05 -4.698334630518762e-05 7.571587893781323e-05 0.0 -0.01624221171468137 0.27357208494457425 0.759942084208609 -0.00012880603991251887 -0.0012087614768364148 -0.000852246236777368 0.0015022887256127338 0.0
0.06252111525262292 0.2781625437683425 0.7629888249099221 -3.484052140541802e-05 -3.70700945390658e-05 -1.970433026937524e-05 4.661585312561365e-05 0.0 -0.01646098391874922 0.27243979238893695 0.7590858854882465 -0.00022692130047423812 -0.0011163605409589244 -0.0008271866627755571 0.0014347022886194993 0.0
0.062497696497109075 0.2781475882851173 0.7629834586826744 -2.1577473214555445e-05 -1.079136310940915e-05 -1.159124763081985e-06 2.993494281583828e-05 0.0 -0.01664427824594569 0.27127764479651 0.7580614860709369 -0.0002050525619978818 -0.0011279306114690014 -0.000983710377290857 0.0015621989440211467 0.0
0.0624775367417049 0.2781329586203976 0.7629804140536737 -1.5238612073542165e-05 -3.730759843898596e-06 6.44244778340393e-06 2.6460184514799423e-05 0.0 -0.01684644654815676 0.27068766082797635 0.757441734468805 -0.00019440190216332402 -0.0006535596270850582 -0.0006980409355665258 0.0008846572973991926 0.0
0.0624324037360208 0.2780785256297717 0.7629296450690232 -3.969746455680992e-05 -4.595405860120645e-05 -4.185651104873656e-05 8.581126416287171e-05 0.0 -0.01717040829680996 0.269060561863763 0.7556897667234568 -0.0002819799510083992 -0.0014243282542027828 -0.0015796460990804288 0.0023790209769200743 0.0
0.062414950860587785 0.2780223523799779 0.7628767839044002 -2.685387062086921e-05 -6.760087809322261e-05 -6.452445248475857e-05 8.067334378798513e-05 0.0 -0.0172874616786397 0.26847461753166385 0.7550376604639238 -0.000157473010262017 -0.0008200397215708335 -0.0009184328209526463 0.000960878290264005 0.0
0.06240112133162944 0.2779488869587133 0.7628042935009215 -1.526595752660708e-05 -8.046543611380252e-05 -8.032330012752716e-05 0.00010160376048103032 0.0 -0.01734993499358684 0.2679097039939955 0.7544285508144274 -5.205010782894365e-05 -0.0005646171208193646 -0.0005896224121780222 0.0007507730615726096 0.0
0.062417446738201994 0.2778281209825652 0.7627164592204357 1.4783736341652098e-05 -0.00011753574706421392 -8.889846212775658e-05 0.00015030121405809382 0.0 -0.017438010667138404 0.26701842114862834 0.7532806561627 -6.012758546225511e-05 -0.0007603044450562029 -0.0009504309717523705 0.0014628169748308565 1.0
0.0624325846596627 0.2777488567752184 0.7626528838032359 2.222466162323831e-05 -8.90314544144208e-05 -6.576178326506591e-05 0.00010567027997872506 0.0 -0.0174491096146668 0.26667676133246104 0.7527317786280632 -1.3384632740081988e-05 -0.00041490368920479913 -0.0006357018173809739 0.0007202551792637639 1.0
0.06244198351308269 0.27768766580486276 0.7626196564575273 1.4153457332833192e-05 -5.860087662636394e-05 -3.07666120051351e-05 6.763961591590222e-05 0.0 -0.017476004626317505 0.26646755391969 0.752253955955383 -2.1917480454078175e-05 -0.00019803113540200752 -0.0004815076144184877 0.00047259888866842386 1.0
0.06245825133241917 0.2776025583252894 0.7625758248324622 1.1977846243276436e-05 -7.198370579827279e-05 -3.247902320514983e-05 9.588312144704563e-05 0.0 -0.017567464012246847 0.2663176913818022 0.7518079013129334 -9.910830741972522e-05 -0.00011853351492204932 -0.0004317389956208672 0.0004405894924059963 1.0
0.06245555322825638 0.2775622432240404 0.7625368099875833 -4.8564656267102935e-06 -4.476554636701551e-05 -3.769098874266242e-05 6.0870348120914235e-05 0.0 -0.01756840951682891 0.2661601443787194 0.7516485207760685 -3.812641584117831e-05 -0.0001881032998566702 -0.0002329088769665211 0.0002951140873590192 1.0
0.06245975185032691 0.2775016010451779 0.762474221088201 6.610564771238937e-07 -5.3753555584179904e-05 -6.0619511140793574e-05 8.39304359562429e-05 0.0 -0.01732691630845967 0.2657757821307433 0.7515397771965777 0.00022159107766532896 -0.00029307196968078055 3.441093440661319e-07 0.0004362639345085171 1.0
0.06246442595752347 0.2774839988258293 0.7624604807091724 3.864549233686298e-06 -2.7294640332794783e-05 -2.9595307248214606e-05 2.336552831529821e-05 0.0 -0.01726213400401246 0.265650654818426 0.7515554748024624 0.00013358329517517868 -0.0002520163035771225 -1.2424176579332673e-05 0.00013708928328352995 1.0
0.062464451356917396 0.2774627986918563 0.7624418042579981 3.62744352268756e-06 -2.030125413837447e-05 -1.7052860170191597e-05 2.7276622050629323e-05 0.0 -0.01732362182390254 0.26553008068277734 0.751495576704565 -3.451666483368078e-05 -0.0001581157720169802 -7.896636280342736e-05 0.00015214072259844488 1.0
0.06245937230720301 0.27745896869392644 0.7624283866667744 -3.883236681103637e-06 -7.241077533032167e-07 -7.003402749595786e-06 1.6387110554729275e-05 0.0 -0.017323523762081853 0.26550667043389276 0.7514567112311692 -4.4643628573963414e-05 2.774363394752392e-05 -2.4758570730432907e-05 4.415007731677252e-05 1.0
0.062454947646226555 0.2774654294993356 0.7624119393932894 -5.180498252081378e-06 6.3211806023321575e-06 -1.1915324253964137e-05 1.788626425390734e-05 0.0 -0.017419556315113716 0.2656251518706999 0.7514871499332006 -0.00011976782538969863 0.0001427922274609066 -1.1512143640349812e-05 0.00015805111842331703 1.0
0.06245117537920668 0.2774604078586933 0.7624023991566874 -4.3836476227086074e-06 -4.045446258143793e-06 -1.34041222277493e-05 1.1772403982436474e-05 0.0 -0.017658930765164237 0.26598914173353416 0.7515773583649675 -0.00023668784653240545 0.0003624409097934657 7.754047777685136e-05 0.0004485647446512863 1.0
0.06244972615163727 0.2774558068372526 0.7623840896947771 -2.637465536056282e-06 -5.250091658825175e-06 -1.9873189531745693e-05 1.7284329194422473e-05 0.0 -0.01831315583134683 0.2672786432193733 0.7519395392852716 -0.0005959872641606658 0.00118830538935622 0.0003558908589836548 0.0014784274875223292 1.0
0.062447266123508295 0.2774335592199893 0.7623747489538668 -5.400028933674513e-07 -2.4208504514382334e-05 -1.3201536848099413e-05 2.592363051145435e-05 0.0 -0.017988120121851112 0.267847453294743 0.7525175885886537 0.00013532134412855244 0.0008034620790077079 0.0006005117222005142 0.0009096976151473362 1.0
0.062424419378162115 0.2773627846919735 0.7623395929485809 -1.934000844081737e-05 -6.57916894681259e-05 -2.7998851680081655e-05 8.113457178411188e-05 0.0 -0.016191567574333075 0.2675989302282291 0.75372468150474 0.0016685768316469073 -0.00012612190553714885 0.0011829804862856356 0.0021104765113956277 1.0
0.062346862854626275 0.2772070832994941 0.7622062687751008 -7.322121346372904e-05 -0.00015301442835734865 -0.00012275995379431028 0.00021972498059979196 0.0 -0.013654006041326449 0.26616012061746663 0.7549439238949869 0.002771783907737744 -0.001509302963773351 0.001315354216904503 0.0032115324328688814 1.0
0.062247525010535515 0.2770530252805857 0.7621337552421865 -0.00010710353547108714 -0.00017005246002866207 -9.7552776322396e-05 0.00019993038581660793 0.0 -0.008220646188662863 0.26169544130730216 0.7571715180143155 0.00536307819390697 -0.004405192021781514 0.002133593473017326 0.007361253661380809 1.0
0.06211420295989154 0.2769909758566282 0.7620623795779544 -0.00013830749263497394 -8.271289480465507e-05 -7.513838631185245e-05 0.00015859094668043084 0.0 -0.0039404084922006226 0.2558277072131837 0.7586103609462179 0.0048859723494421945 -0.006252567385898851 0.001654398751849468 0.007486495309963387 1.0
0.06201691858905228 0.2769227589318735 0.7619926515021377 -0.00010785872313656657 -4.8934605149224076e-05 -6.03207123380009e-05 0.00013717678540980916 0.0 -0.0022073294828429046 0.2526223440273279 0.7589204506292645 0.002052478505137774 -0.003999212961143645 0.0004050639988704949 0.003558449493719011 1.0
0.061945994931687356 0.27693856604083966 0.7619302550024711 -6.667307569460968e-05 2.654545809077502e-05 -5.250179066787192e-05 0.00010028076146094765 0.0 -0.0014053280199818414 0.2511078295612934 0.7589681280759871 0.00019332924727393451 -0.0012919639288888197 -0.00021168201963758424 0.001615631722839594 1.0
0.061886560457648634 0.276992793082548 0.7618216957193253 -4.587503381920886e-05 6.674218880087349e-05 -9.650366541016685e-05 0.00013413967524680774 0.0 -0.0003722684537295395 0.25005907427410995 0.7588716243432172 0.0002837286521283676 -0.00021221383330278045 -0.00033390524329768675 0.0016030594672638602 1.0
0.06187015164724584 0.27701532251054045 0.7617675602396431 -1.349254435230794e-05 3.154260806884684e-05 -7.393657633946108e-05 6.0980310323891965e-05 0.0 3.156469858317421e-05 0.24965255855137392 0.7585423438058153 0.000350768264375711 0.00013034017767581986 -0.00032416798330157183 0.0007916507193826872 1.0
0.06185661809468445 0.277007459517048 0.7617240596578373 -1.0298123318948693e-05 -1.721586996239805e-05 -5.071235610210833e-05 4.3748816972895396e-05 0.0 0.00036493855511360865 0.24938466388786223 0.7582368010540907 0.0006418965813284828 -0.0003083008454286256 -0.00019430178103427916 0.00036153467985697643 1.0
0.06183952643000659 0.27697731022593497 0.7616579470207077 -1.783606299908259e-05 -4.302879490050102e-05 -5.134226217453006e-05 7.502727707922206e-05 0.0 0.0008893942819498372 0.2490586308859855 0.7578884241530622 0.0009438046480857421 -0.0008158865718261446 -0.00016144368798033117 0.0006790493985671959 1.0
0.0618414364420451 0.27696595479561054 0.7616078136285123 -7.139585400327159e-06 -2.541198899374064e-05 -5.070774644564038e-05 5.472106803776e-05 0.0 0.0013079536017986282 0.24884915316631845 0.7577092456787553 0.00045984884423628733 -0.0005395331081654922 -0.00021369127185246178 0.0005778040195908128 1.0
0.061828900224013106 0.2769119472430028 0.7615415228605638 -1.09115435661565e-05 -4.991552451663153e-05 -6.519561250774364e-05 8.39840994445112e-05 0.0 0.0018656933638011776 0.2483941934015396 0.7574664444821408 0.0004117436820772402 -0.0003403676287137142 -0.00025796031129916765 0.0007397786320822676 1.0
0.06181528505414138 0.27688548631404103 0.7615202855869321 -1.5627233073099996e-05 -2.2912418794443826e-05 -3.288622047307099e-05 3.638485807216899e-05 0.0 0.0020286862506930844 0.24810980241997124 0.7573948158408476 0.0002211019375634414 -0.00028523554685264086 -8.241759149860134e-05 0.0003327573903415255 1.0
0.061795436875076847 0.27686433240010205 0.7615065516843025 -2.043053916332257e-05 -1.535315971487247e-05 -1.3107192058110052e-05 3.20775951263843e-05 0.0 0.002213686736669199 0.24778148652454376 0.7573382640118207 0.00015466344187595388 -0.0003086102649485969 -4.829684361373098e-05 0.0003798237496458103 1.0
0.0617239869219481 0.2767743846249494 0.7614474355207629 -6.355573502436242e-05 -7.774663567765026e-05 -4.1832650423982836e-05 0.0001287559872303848 0.0 0.0025709935394706163 0.247303933174006 0.7573424546234458 0.00023668115309068225 -0.00040328562959484953 -9.705368661752983e-06 0.0005997674305701847 1.0
0.061689306417620465 0.276719648339932 0.7614179713818766 -4.810785112798698e-05 -6.85557500470226e-05 -3.816898765427761e-05 7.550877055074265e-05 0.0 0.0027205766129618056 0.2471209776732124 0.7573621181988839 0.00019605437225512107 -0.00022893496155337932 2.0406118188173218e-05 0.000250371518576199 1.0
0.06160434296651237 0.2766040123104178 0.7613479434825546 -7.793991146130945e-05 -0.00011077560028301294 -6.998643304872591e-05 0.00015391066943819959 0.0 0.003056023239201836 0.24672008408945698 0.7573161957002905 0.00033848724491494444 -0.00034498096453414 -4.1611894061323285e-05 0.0005014399099718404 1.0
0.06153793183601204 0.27651563515482996 0.7612807556102348 -6.953430970683275e-05 -9.780297757286436e-05 -7.321644227810583e-05 0.0001316957932164124 0.0 0.0033493820496366526 0.24638609647370432 0.7572041844770777 0.0003254076245884141 -0.0003393519422188861 -0.0001143902123536392 0.00046703901129312034 1.0
0.06147763380993303 0.27645042701553685 0.7612473472551874 -6.03866921809917e-05 -6.953408667725943e-05 -4.085444701133776e-05 9.572927484974078e-05 0.0 0.003646994168459862 0.24619245780713678 0.7569776412672035 0.000309751226108836 -0.00023196129798535263 -0.0002407627261119141 0.00043098292484397875 1.0
0.0614535420852503 0.2764157418459427 0.7612444456481924 -2.476349879054342e-05 -2.7473938991503997e-05 2.4452850113771372e-06 4.088089767392154e-05 0.0 0.0038212302707906765 0.24612404905756136 0.7567328697755815 0.00016226921087802797 -5.88713666323639e-05 -0.0002613788060606112 0.0002963487275212131 1.0
0.061412648945492566 0.2763316302790961 0.7611993888680416 -3.134710465487936e-05 -6.659180332658272e-05 -2.8705945967437104e-05 0.00010237586311049807 0.0 0.004128150273988978 0.24606842820284963 0.7562507399228968 0.00027302797616233143 -3.1275391508950626e-05 -0.00046001621119325244 0.0005691180444023218 1.0
0.061383018256933625 0.27618696010042115 0.7611193606359358 -3.0346090001103813e-05 -0.00014155779527136282 -7.742525604828815e-05 0.00017338153065137675 0.0 0.004572201951653917 0.24602505727130783 0.7552936332846022 0.0004296790037891585 -2.791315773641249e-05 -0.0009096044577764737 0.0010742215049618293 1.0
0.06137208494045067 0.27609940324986987 0.7610581716853307 -1.3155797392595243e-05 -0.00011166790876242604 -7.473097395567399e-05 0.00010543673833035487 0.0 0.005145325494749326 0.24566658554493015 0.7547539791984607 0.0005772207657797233 -0.00030643946812590586 -0.0006764503269413947 0.0008657090720337335 1.0
0.06136660085198714 0.27608967124415995 0.7610385637786989 -9.835443708498325e-06 -2.9463819198150272e-05 -3.5803915076755583e-05 1.842771301372649e-05 0.0 0.0053332300961470135 0.2455373209610935 0.7546724199651512 0.0003016509493913997 -0.0002449816988827794 -0.00013678029406442415 0.0002245111728271153 1.0
0.06133742192579653 0.2760150038422634 0.760945653547425 -2.330524388450241e-05 -4.414439925970775e-05 -7.34619985840224e-05 0.00012155609583806135 0.0 0.005819395246485496 0.24553591312186177 0.7542170225878352 0.0004012915194074299 -3.4503510411471245e-05 -0.00026743087952615496 0.0006475054963945585 1.0
0.06133076800410603 0.27598506524072136 0.7609240026089822 -1.1959486847156663e-05 -2.4684817576270393e-05 -2.7962055797334053e-05 4.7810144846444997e-05 0.0 0.005901590682339704 0.2455388285222948 0.7539333760076129 0.00011182579327625254 5.4550018055815955e-05 -0.000248430279679334 0.0003495417594126562 1.0
0.06132731994888292 0.2759708101136701 0.7609079749136805 -3.5820249694812088e-06 -1.5048010421581081e-05 -1.1581546376842376e-05 1.4575277724602825e-05 0.0 0.005834992193666151 0.24543303768224667 0.7536150942826894 -0.00010079528006233925 -3.805171856958192e-05 -0.00032807138202463587 0.0003174939230034129 1.0
0.061318008681021795 0.2759560023476253 0.7608747042064863 -8.795354690475175e-06 -2.224027647499175e-05 -2.9519784011937894e-05 3.4880687989684724e-05 0.0 0.005381387374750067 0.24494257837859695 0.7528941241649716 -0.0004376016227119773 -0.00044232134192049574 -0.0007396842929528061 0.0009602040078572444 1.0
0.06130995692387022 0.2759439212372567 0.7608551092159725 -6.404256702813576e-06 -1.667441421002412e-05 -2.3065002650032175e-05 2.9763555835877426e-05 0.0 0.005269642804962858 0.24474163216363953 0.752676181504875 -0.00021655450731129778 -0.00033787289521172655 -0.0003956824992186126 0.00035829256466371885 1.0
0.061283476625157804 0.2758738360458771 0.7607844887869 -2.303347996812916e-05 -5.647482309461272e-05 -6.246304277487357e-05 0.00010180233293394304 0.0 0.0052068779535404544 0.24456832688227553 0.7523484641800988 -4.562994276191096e-05 -0.00021951077587565733 -0.000246607949694028 0.000340778364404199 1.0
0.06125849223573508 0.2758356393943151 0.7607398318731883 -2.9363849909968097e-05 -4.991158072379929e-05 -5.7195398014781375e-05 6.314176968226763e-05 0.0 0.0052414302539254 0.24450878308005652 0.7522334006355168 8.915511383579598e-05 -1.2225522551176469e-05 -7.5984832405053e-05 0.00013536809599941834 1.0
0.06122968910057 0.27579958198869203 0.7607249062572391 -3.194667134018667e-05 -4.5299960683345186e-05 -2.6489776180420097e-05 4.7852371169153466e-05 0.0 0.00525617952421367 0.24447467922259797 0.7521988731788173 0.00011112740177348653 3.558542530728911e-05 -1.7561338027525028e-05 7.56940738937724e-05 1.0
0.06120430499956394 0.2757781489881302 0.760719655213936 -2.4247490144984865e-05 -1.6526715431081562e-05 6.038389015561814e-06 3.31180162620517e-05 0.0 0.005288138402825951 0.24445917902247669 0.7522016649095399 1.556442949065932e-05 9.310032868442293e-06 3.805153991138805e-05 2.6568196514422065e-05 1.0
0.06117511087491641 0.27576109248251934 0.7607104176727814 -2.678798913369347e-05 -9.208268426477268e-06 2.653252180980911e-07 3.6738273212832024e-05 0.0 0.005332380291667697 0.24445933519447113 0.7521903380068787 3.956783697140929e-07 -2.897635416828838e-05 -2.842256135524967e-05 3.24769529135639e-05 1.0
0.0611408940347808 0.2757446452540203 0.7607120793745935 -3.251888269090938e-05 -1.1834312816268408e-05 1.6503382682061005e-06 3.88580057597562e-05 0.0 0.005431941259863703 0.24449379560644743 0.7521987424414405 5.144413930474403e-05 -8.899591161349213e-06 -3.4765541056838245e-05 0.00012025710874620559 1.0
0.0611091640288502 0.2757436725326608 0.7607149921546225 -3.276741335281151e-05 -4.859132289212747e-06 2.1316860968236453e-07 2.9698899445736918e-05 0.0 0.005582292135711283 0.2444908846962662 0.7523240530884456 0.00016911066833982563 1.665951615658387e-05 0.00011988020459753688 0.00018663844956457278 1.0
0.06108471151925397 0.275738096413883 0.760721147849528 -2.7020591935959757e-05 -8.610340765099254e-06 -2.5732748417382664e-07 2.64554344027383e-05 0.0 0.005783170410445888 0.2445159003934906 0.7524486545072472 0.00021033671663010995 1.674107604286365e-05 0.00012300160370094283 0.00024267604961562887 1.0
0.0610613471253912 0.2757287152026846 0.760729000180117 -2.2007804418478105e-05 -7.112622830931614e-06 9.241032446754202e-06 2.626496395597215e-05 0.0 0.006017168420060082 0.24456911098436562 0.7525858758550259 0.0002470159461161112 5.3315017853371654e-05 0.00016162035521226717 0.0002741648189005621 1.0
0.06104809099068962 0.27572599512884344 0.7607309051926879 -1.3151161511332195e-05 -5.2078477599921835e-06 4.755114954695432e-06 1.4343492544079302e-05 0.0 0.006175162570576441 0.2446159954997119 0.7526651185810167 0.00017183060988074266 5.222030630069354e-05 9.394765594505363e-05 0.00018390702236508117 1.0
0.061039994878732594 0.27573206293092956 0.7607224759254212 -6.753698897060225e-06 4.833507471849366e-06 -7.983482323339349e-06 1.2563782569270746e-05 0.0 0.006290003355825366 0.244655304572552 0.7527119234919378 0.0001056562728238304 4.433940445945983e-05 3.508251548690997e-05 0.00012821195089165647 1.0
0.06103099169541744 0.2757292895123133 0.7606964503565997 -8.026294400859984e-06 -1.579923419584314e-07 -2.6520015063359716e-05 2.765513593542625e-05 0.0 0.00670913900793366 0.245011269007922 0.7525986823020815 0.00035188802255733725 0.0003109659365896478 -0.00011398424127667483 0.0005587035006338035 1.0
0.06103503042474251 0.27569732152671866 0.7606763563413979 1.5508318071482159e-06 -2.7373357309935237e-05 -2.436486028249132e-05 3.8620199723399406e-05 0.0 0.006763071939513372 0.2449735723152609 0.7527250483768251 0.00013917278293477112 5.953495431167089e-05 6.50490640873777e-05 0.00016296869962903422 1.0
0.06103336506220728 0.27565149101817527 0.7606622664804088 -3.988601241383818e-08 -4.8189323915898406e-05 -1.5790883749746112e-05 4.75783185493491e-05 0.0 0.006675799938937368 0.24481859079296844 0.7528888061517622 -7.508484463933233e-05 -0.000160595149088847 0.0001853511652701216 0.0002126444135784865 1.0
0.06103817052218624 0.27560190061208323 0.760630010737436 3.78014656376184e-06 -5.624930880325156e-05 -2.6426477322911086e-05 5.890794053631471e-05 0.0 0.006806258893008258 0.2448129994204484 0.7529874652794286 4.9503923919753696e-05 -8.806590007077784e-05 0.00015023807155542678 0.0001726751452761176 1.0
0.06104680757022275 0.2755887069326127 0.7605870010006667 7.907069941203383e-06 -2.0884181441145168e-05 -4.06109244837935e-05 4.6487931793379736e-05 0.0 0.00691814262653312 0.24490356138599373 0.7529427561622335 0.00010755439772445582 5.783336412302229e-05 -1.0131863297690877e-05 0.00016196799099985043 1.0
0.061058333167692894 0.2755663571548147 0.760563884525484 1.2002735154485544e-05 -1.2523687359607681e-05 -2.8908054718479783e-05 3.365954378493384e-05 0.0 0.00721980302733269 0.24517790910251494 0.7527998745450702 0.0002991870882831846 0.00028669289651956796 -0.00016816835663399646 0.0004249386869922871 1.0
0.06105925314284722 0.27553743552654114 0.7605781592596509 2.999614596079671e-06 -2.0250401899133518e-05 8.858731924090211e-06 3.220216851160308e-05 0.0 0.007355152170721163 0.2452717745355029 0.7527562456785866 0.00022336559540338407 0.00019974849055159818 -0.00011478423754688661 0.00017230589456882156 1.0
0.06104791920630866 0.2755217703799128 0.7605454637286069 -1.1016293544114628e-05 -1.8307187265517965e-05 -1.8552807121557484e-05 3.86246901798433e-05 0.0 0.007611894762073117 0.24543660387614888 0.7527090407076192 0.00025730811375777266 0.00017499583680258976 -5.57810666610661e-05 0.0003014362010258843 1.0
0.061039686822000415 0.27549924711849477 0.7604691913624314 -1.1646204283176653e-05 -2.5366582258177786e-05 -6.923214300143132e-05 7.95943800421395e-05 0.0 0.008055400958303746 0.24555004706841482 0.7526370828754417 0.00037160182245085264 5.989651474076909e-05 -2.1416733354045282e-05 0.00046508591978419494 1.0
0.06103358141329137 0.27543369281163627 0.7603850870086152 -8.53251548112438e-06 -6.225071704927209e-05 -9.50753588267185e-05 0.00010721043847917235 0.0 0.008917042716511872 0.245386746691072 0.7523622690802321 0.0008158895912978546 -0.00015808083157984335 -0.00022480129597939405 0.0009274577591642209 1.0
0.06104658331590696 0.27534964625071895 0.7603369970682656 1.2096970818512586e-05 -8.755166119059277e-05 -6.595599141619197e-05 9.753499831382452e-05 0.0 0.010618676173226935 0.2457719113700121 0.7520295166724842 0.0016780645734972212 0.0002715312643978287 -0.00035949909243347786 0.0017729549735751955 1.0
0.061065848172262543 0.2752432166876207 0.7603069086422558 2.3658927935611782e-05 -0.00010903694256719115 -2.858098135650922e-05 0.00011079563541063485 0.0 0.012594747486611773 0.24633566025421716 0.7514874814974256 0.0021075848245301096 0.0005974091072081309 -0.0005630649570726831 0.0021290978719790627 1.0
0.061066495165435365 0.27520245314536235 0.7602927816413082 7.6249313175539736e-06 -5.66190928696039e-05 -2.1266017666411963e-07 4.521951788779285e-05 0.0 0.012931786890591832 0.2463480086136063 0.7513867601662529 0.0006965324500394772 0.0001950973452819752 -0.00020511643689411822 0.0003609786449949116 1.0
0.06107504530459059 0.2751303672418403 0.7602874981539463 4.45740300961013e-06 -5.7146667861663594e-05 5.69688706589722e-06 7.080015231950027e-05 0.0 0.01306966998395471 0.24601435132109353 0.7513180580103497 -0.00010044689506677002 -0.00032470466815022963 -8.444005091911162e-06 0.0002962551234910239 1.0
0.06107385432695833 0.2750945499738949 0.7602696723536582 -3.7806967818516088e-06 -3.081644495437968e-05 -1.8309822327142595e-05 4.242065485395047e-05 0.0 0.012741738990173536 0.24577467677406456 0.7513893505362594 -0.0005965706791849634 -0.00038789680702162123 0.00013322162030347855 0.00048409265510816887 1.0
0.06107429799217415 0.2750972623794434 0.7602451501932088 -2.315641639512934e-06 2.261685165298343e-06 -3.2189538067704615e-05 2.3641999788261748e-05 0.0 0.01268696951153795 0.24581408630897011 0.7513412909401245 -0.00027574109968486684 -9.563985252995848e-05 1.7088522152335858e-05 0.00011522604528685609 1.0
0.06107039592338417 0.27509196573668204 0.7602115751991231 -3.156537705545935e-06 -1.109839728838367e-06 -3.876713457090332e-05 3.3174350334372695e-05 0.0 0.01261835901970952 0.24614933857711271 0.751246922729799 6.064779161559544e-05 0.00035305882026365166 -0.0001225803895786825 0.0002872676047697575 1.0
0.061073941004513826 0.27508477057463027 0.7602084821747815 4.3373641554817405e-06 -7.592606867542673e-06 -9.385838858379656e-06 9.6709349949804e-06 0.0 0.012564871616166267 0.246494340822138 0.7511437831521174 0.0001992564224580658 0.0005378470364530755 -0.0001679277757934481 0.00036479844881947166 1.0
0.061074201492427815 0.27507362821833725 0.7602094899037086 2.049335110283761e-06 -1.4519029377151103e-05 5.088955153361253e-06 1.1285242330309178e-05 0.0 0.012642827557147955 0.24704069240504264 0.7513365836174694 0.0001562413423985931 0.0005962244906250963 0.00010920368712424904 0.0006192593957346098 1.0
0.061071617012903694 0.27506552396790857 0.7602132445171251 -2.4032561368205687e-06 -1.1162601009040711e-05 1.0429081289997348e-05 8.297217818208354e-06 0.0 0.013440587995065931 0.24782231780152805 0.7516526634326949 0.0006200253572960918 0.0007086017358207426 0.0003684372696698048 0.001139108388103946 1.0
0.061066763298131696 0.27506243006091263 0.7601967297488331 -4.429597702982661e-06 -9.206921621509855e-06 -1.057914790615791e-05 1.8544578133998964e-05 0.0 0.014120873355474151 0.24860778053657714 0.7515991836469313 0.0007816699015374432 0.0007649166649425272 6.799609302100701e-05 0.0010560515209076314 1.0
0.06106242733271279 0.2750566097958778 0.760173107476414 -6.0621532699756e-06 -1.2819824598718287e-06 -2.7917885828822055e-05 2.45239347086871e-05 0.0 0.014420150374506724 0.2488683624909042 0.7517315094461502 0.0003879812701070522 0.0003399132692598121 8.484372167882874e-05 0.0004101305417510917 1.0
0.061058453030443854 0.27504770198217765 0.7601291418238183 -4.4462254257461734e-06 -4.91277355353837e-06 -4.8076728458491125e-05 4.4368944483208764e-05 0.0 0.014557857653149838 0.2489045066805374 0.7518228442592056 9.856619157238176e-05 -8.32350889390192e-06 4.453443389335973e-05 0.00014530992224345157 1.0
0.06102458491292045 0.2750450120936888 0.7600862075951259 -2.9352072595901085e-05 -4.8007567133457816e-06 -4.838895446678137e-05 5.5593092592119364e-05 0.0 0.014966867701255493 0.24902415900352293 0.7515232908674504 0.00022309534115391843 -6.390819930385503e-06 -0.00026884768859656704 0.0005469444965495283 1.0
0.06095897659542669 0.27503539494388335 0.7600684378507349 -6.427870324477602e-05 -8.958528159588965e-06 -1.994154133830842e-05 6.807632773693024e-05 0.0 0.01566803467585453 0.24931223320803444 0.7510656578331588 0.0006236180697053667 0.0002257798053220383 -0.0004767444389409626 0.0009063528567245266 1.0
0.060863586153819066 0.27498783478881406 0.7600625020905929 -9.93351149112914e-05 -4.293781988041427e-05 -1.1746040966812116e-06 0.00010662414322959871 0.0 0.016219402875987565 0.2494084134159243 0.7506850135319708 0.0006940920661096853 0.00021648407077160876 -0.0004248819640290735 0.0006567847977050573 1.0
0.06077679379624391 0.2749165891467888 0.7600166138586376 -9.632534306040537e-05 -7.340878176419189e-05 -3.26201538910666e-05 0.00012223315264705024 0.0 0.016381108581098997 0.24939499899074374 0.7505921860481288 0.00033244595256242884 8.007868344408445e-05 -0.00014251804171165375 0.00016449336872962565 1.0
0.060637772791138855 0.2747727814396129 0.7599235451948663 -0.0001315101391923357 -0.0001413977939969471 -9.021786892635247e-05 0.00021916500526975746 0.0 0.016506410769542186 0.24930569175072537 0.7505854412263175 4.2755466691785375e-05 -9.89480943817552e-05 4.236965191111884e-05 0.00015849798481874268 1.0
0.06024160220194043 0.27416990873521596 0.7596850906880761 -0.0003605136312224324 -0.0005511837925499301 -0.0002320881050475004 0.0007571483159000134 0.0 0.016604399467676556 0.24921301604121 0.750621880585672 -2.706015259425947e-05 -0.00017396433846367232 0.0001408506850860491 0.00016869891021656716 1.0
0.05960559623563577 0.27326133269365815 0.7594429809961177 -0.0006388647167502771 -0.0009352609545809923 -0.0002726835878552815 0.001147051191491856 0.0 0.016680936699728664 0.2492201774949301 0.7505141299199043 4.418950619730023e-05 -3.12114360440899e-05 -6.239712719235567e-05 0.00012808514296606157 1.0
0.05888725290477834 0.2723651934668663 0.7593649924098017 -0.0007716526978366991 -0.000990660771497476 -0.00011696208446222523 0.001146234706659301 0.0 0.01675803846694802 0.24924771554684194 0.7503383479181401 0.00013595154483484576 6.997804176857383e-05 -0.00024052340801624322 0.00017536322632496321 1.0
0.05631468890279557 0.2689280844927479 0.758532477184234 -0.0023490426124621665 -0.003104432893629777 -0.0006934675513755601 0.004327768477220865 0.0 0.016945588161483845 0.24924559553965756 0.7500755868651617 0.00023031440445553841 4.776651159677059e-05 -0.0003235050310962332 0.0003256217517501821 1.0
0.05482813473782837 0.2671167220601179 0.7583843135703592 -0.0018863919867533289 -0.0023532014049003525 -0.00031300154731365813 0.0024805691188197194 0.0 0.016986372342920348 0.24924598657310942 0.7500197019130218 7.636283521813127e-05 -6.9439160655241955e-06 -0.00011490157269633864 8.215714132169818e-05 1.0
0.05340183648326796 0.26543069141105574 0.7581466181471985 -0.0014596802060192757 -0.0017132645045281657 -0.00020851430593350444 0.0020702160421818467 0.0 0.016987689339475684 0.24923701569661855 0.7499990267730098 -2.3219880295367412e-05 -2.663919226208711e-05 2.1721497183693186e-05 7.068586099774339e-06 1.0
0.051969814754205514 0.2639604330694803 0.7580658846758126 -0.0012628607880601774 -0.0012598207617197077 -4.909472167375008e-05 0.0020684827838976273 0.0 0.016988345442505517 0.24921969124351803 0.7499980621376833 -2.3020694791428336e-05 -3.3423334577697146e-05 5.12463769701785e-05 2.3511312316999315e-05 1.0
0.050050743121350334 0.26213753246625415 0.7576631493753164 -0.0016834105061429886 -0.001526831612111033 -0.0003024250448650585 0.0027646408392054877 0.0 0.01698901653654274 0.2491808388810775 0.7499996137874128 -1.601500425032656e-05 -3.852696408357483e-05 2.6852756785309014e-05 4.652018551032326e-05 1.0
0.048814780381972296 0.26107061649738683 0.7575335887774627 -0.001348422513357891 -0.0011360761726717807 -0.00019023797337930758 0.001659594789284995 0.0 0.01698246863117096 0.24915718565662925 0.7499945797044576 -3.8258991311132165e-06 -2.053822314897079e-05 -2.1765577721641887e-05 2.053322838519399e-05 1.0
0.04721761716732152 0.2597752520877646 0.757375581210693 -0.0015998177630402598 -0.0013315393749054071 -0.00018923304546077295 0.001918348061342162 0.0 0.016986932119034296 0.24911705751296206 0.7499965974032569 1.7741795901211194e-05 -3.5895275393720375e-05 -2.55453648263241e-05 3.35138997344144e-05 1.0
0.046031827307505595 0.2589304543899762 0.757154579836519 -0.0013592754492888126 -0.0010762812141136555 -0.0002493969014296473 0.0015761540015688724 0.0 0.016987093794242788 0.24905525636537082 0.7499969945852282 1.4392085304714214e-05 -5.973564489992533e-05 -1.240715058143017e-05 6.794014842360753e-05 1.0
0.04488330135410976 0.2582482418167947 0.7570153423491093 -0.0010184259541242313 -0.0005430501032174331 -9.885990516930038e-05 0.0013257724234988872 0.0 0.01697656025482476 0.24898906868147874 0.7499900874771794 -1.8214690304150767e-05 -6.764058297701666e-05 7.002750454396066e-06 6.73738873202968e-05 1.0
0.04418212647978183 0.2577951669712362 0.7568866873108856 -0.0007228087755285535 -0.0004378573412867873 -0.00012970176591380693 0.0008422244044851536 0.0 0.01694568811120701 0.24893216690847758 0.7499734390972099 -3.2158887283017586e-05 -6.146451197725309e-05 -1.3839746095343202e-05 6.586511722321695e-05 1.0
0.04325887659662621 0.2572056580427857 0.7567506215561681 -0.0008488161263271526 -0.0005472437818432616 -0.00013150760473076682 0.00108190101529255 0.0 0.0168778599483418 0.2488631769758786 0.7499297144208154 -6.716625938006686e-05 -6.675626133287907e-05 -4.083274034473408e-05 0.00010510945874299354 1.0
0.04249700946786557 0.25662554609105753 0.7565737853943715 -0.0008077682385827392 -0.0006257233356549419 -0.0001880502573633469 0.0010164343827780147 0.0 0.016780652589025096 0.24882051157321863 0.7498655168683911 -0.00010128009727934881 -4.517964425501347e-05 -6.656143934189987e-05 0.00012621034664869263 1.0
0.04179961456992299 0.2561151608059553 0.7565189554317638 -0.0006994446494328524 -0.0005354342780320785 -6.085079000669335e-05 0.0008359663258757605 0.0 0.01659091938686388 0.24879811108000274 0.7497223941949683 -0.0001845411852423583 -1.9398659691199443e-05 -0.0001378642166192459 0.00023695365761539278 1.0
0.04095455165436448 0.25541517494047694 0.7564230685699604 -0.0008692523602082098 -0.000718489565362111 -8.75395234814104e-05 0.001099224681275481 0.0 0.01630246871056698 0.24879673114512219 0.7494554291806477 -0.00028749291452522967 3.1268605753719943e-07 -0.0002610300687367063 0.0003940352448170786 1.0
0.040410397427597125 0.2549712949811343 0.7564002173195132 -0.0005915435416625123 -0.0004766690679891459 -2.97652594399812e-05 0.0007187818607840243 0.0 0.016114323144308672 0.2488249565135644 0.7492366828414535 -0.00022249296176847798 2.823434046948001e-05 -0.0002493386310021115 0.0002931649149161522 1.0
0.039767472543271926 0.25449486457619735 0.7564309106624221 -0.0006006701247973029 -0.0004378619800898837 3.852754828230788e-05 0.0007899210281844128 0.0 0.01607133692336541 0.2488000835701173 0.7491767971924234 -5.581531125027255e-05 -1.2327707942806752e-05 -8.663860365062004e-05 7.123289848504175e-05 1.0
0.039066748646614344 0.25394295724011845 0.7564593058331458 -0.0006567022913270477 -0.0005044070627716842 3.858296653845656e-05 0.000891468929453117 0.0 0.016077069478035694 0.24869521521141272 0.7491840583862667 4.1546296486419723e-05 -0.00010093292771049605 3.469641939703955e-05 0.00010143471778191766 1.0
0.03797396730948124 0.2529642465849274 0.756473249334286 -0.001067253818261368 -0.0009318177890169578 1.4681236246555227e-05 0.0014753831681190302 0.0 0.0160728880961644 0.24857258342709315 0.7491823256461411 3.6774648719547946e-05 -0.0001427422737620395 4.501620043887357e-05 0.00013564469531051932 1.0
0.03736859962225378 0.2523511021303746 0.7564942197710537 -0.0007399145801967039 -0.000740431244569113 1.0632194370117063e-05 0.0008766157523603533 0.0 0.01603509170658892 0.24849385874368213 0.7491732847623146 -2.9826459795710253e-05 -0.00010008789865559909 5.084257905469515e-06 8.708347847396113e-05 1.0
0.036955927101693146 0.251908549501396 0.7565329867725558 -0.00043084321922851564 -0.00048019212874185 3.302643189208567e-05 0.0005633718575871428 0.0 0.015987065990439562 0.24840938715884667 0.7491817380126895 -8.039450704109284e-05 -7.624667766219028e-05 -1.929934449342209e-05 8.711590880010399e-05 1.0
0.03662295494072248 0.251488809900892 0.756499564299026 -0.0002571597032448794 -0.00036070289354530574 -2.814493728742524e-05 0.0005538303802874737 0.0 0.015944170542360872 0.24837443879021817 0.7491655782981509 -7.476054843040273e-05 -2.4155583644571784e-05 -4.0880736715892286e-05 6.10918468529455e-05 1.0
0.03641448404932876 0.25108765358960533 0.7563725981759811 -0.00012827928720633296 -0.0003157812375763413 -0.00011564318888695195 0.0004921357515059932 0.0 0.016052414211458838 0.24838294683841028 0.7491858475893145 8.84543465417724e-05 2.0186203518538322e-05 1.0275714167415925e-05 0.00011316200774032014 1.0
0.03632652858387305 0.25045243891630503 0.7558144212084652 -9.279986292458489e-05 -0.000592694498177317 -0.0005146921194322558 0.0008395324240639597 0.0 0.01608395258066779 0.2483889259414734 0.7491878913228761 7.810950249754805e-05 1.3161808276949154e-05 1.8825602193926652e-05 3.300286300345138e-05 1.0
0.03655715301215524 0.24984691664697334 0.7548298041339021 0.00015575167768341685 -0.0006903350843613597 -0.0009989035508972891 0.001167883531945931 0.0 0.016079721170333395 0.24833335571779547 0.749187596684191 1.583037244964067e-05 -5.0902384608523586e-05 5.786930941461562e-06 5.154965606690071e-05 1.0
0.03675520354385746 0.24961134332447926 0.7543550514105398 0.00020490874085536172 -0.0003635139797182385 -0.0006555753999194544 0.0005841784376494891 0.0 0.01607671241475665 0.2482885756686142 0.7491897453037863 -1.7435510126644497e-05 -6.099558728361228e-05 -6.516777407772241e-07 4.757447349634294e-05 1.0
0.03689174290815724 0.2492140756679876 0.7537245373960694 0.00019320063941634662 -0.00029812503528982954 -0.0005726911072649919 0.0007203683398559779 0.0 0.016084588930353205 0.2482587768954227 0.7491904437924849 -1.4305445806683222e-05 -4.314208057797173e-05 -8.020014598827816e-07 3.121793573312371e-05 1.0
0.037062875301969 0.24851834744837853 0.7527891543316667 0.0001441391618085447 -0.000600124987533908 -0.000802802895594645 0.0012032465763601764 0.0 0.01610331643329247 0.24823645973010652 0.7492078528484741 1.1338734464957337e-05 -2.45759665670873e-05 1.4967744839357173e-05 3.3074908630360685e-05 1.0
0.036984063511377153 0.2480843157666078 0.752354555939711 -8.1570069819538e-05 -0.0005128410745873051 -0.0004936005305279233 0.0006516486715013113 0.0 0.016104037655682257 0.24823457867293308 0.7492078116044265 1.5182570660285883e-05 6.990890822438086e-06 4.374979996476265e-06 1.3997844829033928e-06 1.0
0.036877071289094995 0.24780767421998418 0.7521804379139799 -0.00015257441114239264 -0.00033072102026456224 -0.00018693197736331568 0.00029360472743214093 0.0 0.016107193755421228 0.2482294850430675 0.7492112810268504 1.6182755099860408e-05 6.870178813856937e-06 5.281118379308051e-06 7.886382335829194e-06 1.0
0.03670930138757875 0.24755730833220616 0.752073080262891 -0.00017959995286534691 -0.00023588539617542815 -7.763509950879267e-05 0.00031773374518232904 0.0 0.016109674881397983 0.24821585568550533 0.749213138884766 -5.424693256501217e-06 -1.2299447216352392e-05 -8.88314247460958e-07 1.3531674420456591e-05 1.0
0.03656125458845184 0.2474205654283824 0.7520701592928953 -0.00013754457416986326 -8.982259043768619e-05 2.9897454986283e-05 0.0002434833696918151 0.0 0.01611343223518531 0.2481975622739198 0.7492154403451172 -7.409869402898655e-07 -2.5733368355246898e-05 8.590347844363565e-07 1.9557282267988764e-05 1.0
0.03644792502908888 0.2473236069033984 0.7520881477392728 -0.00010492143601635188 -5.219830713426007e-05 5.7706399394320275e-05 0.00013335935511204025 0.0 0.016112352685903004 0.24818739251472063 0.7492118511865743 3.300981739315072e-07 -1.4939113954418947e-05 -2.634099370284411e-06 1.0304957609578238e-05 1.0
0.036346991455898425 0.2472562538295617 0.7521060361145756 -7.480099619582489e-05 -9.865811461032511e-05 -4.362144629800754e-05 0.00010599105231154078 0.0 0.016113239814999788 0.2481699993628851 0.7492111144396395 2.155342562620043e-06 -1.6370268128089048e-05 -9.234537962582481e-07 1.6533591379695586e-05 1.0
0.03626477368229046 0.24722055633485604 0.7521197762217183 -6.584557281266571e-05 -7.160862471869309e-05 -3.951693259565746e-05 0.0001045552891082265 0.0 0.016113701175157556 0.24815716321542886 0.7492106295920246 1.0025266757846223e-06 -1.212677249766194e-05 3.540624730259864e-07 1.4198438360667612e-05 1.0
0.03618335991020239 0.24718976258851186 0.7521246332390559 -9.103418280105626e-05 -1.9226181808187546e-05 2.2728991978156047e-05 8.648473842045494e-05 0.0 0.01611574713210294 0.24814756473298719 0.7492128624184071 6.476225286711592e-07 -7.610064212983756e-06 1.066735329385721e-06 9.6870514371611e-06 1.0
0.03614011449901436 0.2471638769465289 0.7521276465389112 -5.258844005984812e-05 -2.5132157259596596e-05 7.863369363285877e-06 4.8287032968121336e-05 0.0 0.016118649139425897 0.24813857236417056 0.7492159168738951 3.456104444274898e-06 -8.523307144010125e-06 4.112806985592818e-06 9.648095445380164e-06 1.0
0.036140842152898166 0.24708262645297838 0.7521642854284087 -8.77541410227898e-06 -7.773064989978511e-05 3.232004562191102e-05 8.924773686848505e-05 0.0 0.016122356417132222 0.24812902614232057 0.7492202834126414 4.106843963285555e-06 -9.628008357156658e-06 4.784367447363909e-06 1.1282230760110681e-05 1.0
0.036147310610136055 0.24697511745294348 0.7521316147387972 1.471704713703603e-05 -0.00010896722571665702 -1.0778263782004415e-05 0.00011399144073129843 0.0 0.016125960628616334 0.2481205008921863 0.7492242972530441 3.83544006786977e-06 -8.84392406582269e-06 4.157512415660001e-06 1.0330195256407725e-05 1.0
0.036183471946658614 0.24679301223754382 0.7519733582344815 3.865925773556485e-05 -0.00018279005419952419 -0.00014355829642262645 0.000242592449991478 1.0 0.01612962214635235 0.24811158349641096 0.7492281537774924 3.269230659842945e-06 -8.84593778148186e-06 3.2726531546844112e-06 1.0009171881800983e-05 1.0
0.036454175632927605 0.24661155515833236 0.75157975388276 0.00023957542258848426 -0.0001943989690615513 -0.0003854736189463865 0.0005112388171297727 1.0 0.016133431572125573 0.24809713424495758 0.7492316593079266 3.7056022726684267e-06 -1.450487932696016e-05 3.3675543404763524e-06 1.544258405220885e-05 1.0
0.036586463975323925 0.24653660374887243 0.7514084585609936 0.00018247678708212023 -9.218740970085108e-05 -0.00025432984395084126 0.00023653915507879369 1.0 0.016135514140628485 0.24809055764946814 0.7492343044272688 2.157492978860289e-06 -8.234958018387778e-06 2.4944754796421e-06 7.68100252032608e-06 1.0
0.03672224452207928 0.2463577799919937 0.7511614466530896 0.0001392940553979714 -0.00014127731009812102 -0.00023075935789919387 0.0003156586988101739 1.0 0.01614002953620832 0.24807674929322857 0.7492394182151962 3.984644117922413e-06 -1.2162567964860528e-05 4.697106927388002e-06 1.4883412763147219e-05 1.0
0.03689420253169764 0.2462416427148327 0.750855194354357 0.00014959159115322937 -0.00011670638285953325 -0.0002643879698696021 0.0003806580603642154 1.0 0.016146631252990932 0.24806137841141565 0.7492470068389301 6.49795634813415e-06 -1.5227045521711909e-05 7.574665905170041e-06 1.8757511607958482e-05 1.0
0.037064291594009806 0.24619537930719432 0.750607042665803 0.00015492249448940102 -5.6797290145389924e-05 -0.00023803331867677045 0.0003135150095283813 1.0 0.016149441131493806 0.24805029813344215 0.749248335367829 3.975345048147276e-06 -1.2295498901354292e-05 3.0055503420231843e-06 1.1667539236575514e-05 1.0
0.03717977451943445 0.24616411779273395 0.7504622233926869 0.00011869302542287642 -2.6747899895180447e-05 -0.0001608431301421657 0.00017780249132403995 1.0 0.016154896779305875 0.24802665017236622 0.7492541612387656 4.9338409583196844e-06 -2.159000698114497e-05 4.691375855491505e-06 2.4273200979533962e-05 1.0
0.03725883521765622 0.24613452796904936 0.7503483279681863 8.825881900570026e-05 -2.475560425866439e-05 -0.00011644247088669758 0.00013508980374334875 1.0 0.016154989755429044 0.24801678222647375 0.7492536440298608 7.042450330988387e-07 -1.3103923171896434e-05 1.031974909847725e-07 1.0645228231548875e-05 1.0
0.03730184304697921 0.24611272582225324 0.7502506535484955 5.071227506230389e-05 -1.8134439670522022e-05 -8.968757494901445e-05 0.0001216275923528525 1.0 0.016154444805833335 0.24801306415533286 0.7492522297431521 -1.2753266952699535e-06 -3.8335994235318445e-06 -2.104832270405752e-06 3.595815900804074e-06 1.0
0.037311702776442225 0.24610797751860367 0.7501702345131603 -7.907035632508992e-06 -9.327062697930995e-06 -6.022971521983347e-05 7.774112264585656e-05 1.0 0.016155216565500508 0.24801304648634134 0.7492535442562579 -1.463021943208293e-07 2.380719359345799e-06 2.9124583582661246e-07 1.3002409375644242e-06 1.0
0.03730603182681342 0.24612284341894805 0.7501133345370281 -7.516753589875764e-06 -2.4589465720294406e-07 -7.525060575675177e-05 5.656179924559259e-05 1.0 0.016141033529258473 0.24800204245042368 0.7492343908866882 -1.170420742533466e-05 -7.924771495789787e-06 -1.5671963098202107e-05 2.6535700452585944e-05 1.0
0.03727047685716686 0.24614619411113153 0.7500715548989878 -2.6690969254596916e-05 2.9202481282914464e-05 -5.5481082632608566e-05 5.9589057280295336e-05 1.0 0.01614618126916018 0.24797928802629393 0.7492392645006746 8.916864727145713e-07 -2.2461880167994228e-05 -6.818096879100548e-07 2.4745057745067067e-05 1.0
0.03722314329398475 0.2461579417391907 0.7500638405746746 -4.476835862850874e-05 2.0894914078533887e-05 -8.764150307907748e-06 5.127314077235098e-05 0.0 0.01615089448712918 0.2479523088019746 0.7492434968746795 5.946282227206652e-06 -3.0756615580594516e-05 5.40998966498681e-06 2.6270102828500723e-05 1.0
0.03717718553286875 0.24616988794836164 0.7500667273846447 -4.8642425669711935e-05 1.0091283412550442e-05 1.1988407205279662e-05 4.669426302155648e-05 0.0 0.016156897008799114 0.24793195898036763 0.7492521990754071 8.281408132673397e-06 -2.5232344719917824e-05 1.1107330473290206e-05 2.3185801460471485e-05 1.0
0.03707572061069315 0.24626350491117746 0.7501043663917006 -9.26343701515811e-05 7.739529159685104e-05 3.6668752803012346e-05 0.0001420421806994362 0.0 0.016159061295217006 0.24791750739398777 0.7492551496815257 3.703814557919163e-06 -1.3285700955195044e-05 5.491538275491046e-06 1.5307864896180114e-05 1.0
0.03714165074950364 0.24624835873102022 0.7505173231164521 3.648962189845225e-05 9.63186487879323e-06 0.00036354090047393964 0.00041934425534012176 0.0 0.01615941975140106 0.24791044071244941 0.7492549133300879 -2.2889772755628016e-07 -4.008914111055958e-06 -4.717782098754555e-07 7.1759144023268655e-06 1.0
0.037164535624971365 0.24618871299853146 0.7506402491568084 4.7516553345912904e-05 -5.75428443740572e-05 0.00021773918943923163 0.00014729363718857252 0.0 0.01616157448430866 0.2479176895392326 0.7492579407174853 -2.935786840949291e-07 8.80858690027179e-06 -3.0828023475386097e-07 7.710993602789935e-06 1.0
0.03733028968009339 0.24606635268313862 0.7510375175457162 0.00015990287249044961 -0.00013062993462949915 0.00036040076461821464 0.00042573676900352304 0.0 0.01616159794011851 0.24788347365103558 0.7492575416896563 -9.70398662171844e-07 -2.630935909250808e-05 -1.8772174933378647e-06 3.4489007550711366e-05 1.0
0.03748627356521676 0.2458998903968403 0.7511983051175171 0.000175278636834293 -0.00018121378732630794 0.00019447194732680794 0.0002984490163843748 0.0 0.01617270640017519 0.2478629942121491 0.7492704971444714 1.1060154205743082e-05 -2.847748796689888e-05 1.2799882407855309e-05 2.7308348450765163e-05 1.0
0.03770317524861135 0.24565900790256043 0.751229778345799 0.00021320452727257043 -0.00024255631450019303 1.45944846572526e-05 0.00032091517123516457 0.0 0.016203071404197293 0.2477872281993275 0.7493054440256403 2.9420445950484103e-05 -7.260445240726538e-05 3.403227781780439e-05 8.703240016801246e-05 1.0
0.03784601557657262 0.24556918819687704 0.7511546196311746 0.00015009745633108807 -0.00011392982720944599 -0.00011438549210585839 0.00018307803122826128 0.0 0.01624028654442433 0.2477241415240265 0.749346537680876 4.04440200488566e-05 -7.259658947637347e-05 4.5320203457008456e-05 8.607005617975275e-05 1.0
0.03804259990543376 0.2454439081353774 0.7509068254025284 0.0001712043102286423 -9.130362552381492e-05 -0.00025404250583923834 0.0003341945358611019 0.0 0.016344027448695723 0.24756408205609723 0.7494588839979602 9.74133580559434e-05 -0.00014844394735816783 0.00010544535314602618 0.0002188593467063597 1.0
0.0381410193302399 0.24536041173522113 0.7507053518570949 0.00011109526326586956 -7.363939249232933e-05 -0.0002193368701900468 0.00025576624832595305 0.0 0.016420696278713683 0.24748055714115888 0.7495363564122808 8.977540312832406e-05 -0.00010362610253254528 9.206441578401113e-05 0.00014199710644859952 1.0
0.038192440212426855 0.2452806379046402 0.7504810614904316 4.1563147572714345e-05 -7.042788773725867e-05 -0.00022546311211532453 0.0002282176488254799 0.0 0.01648248801066043 0.24740274420885033 0.749595806185066 6.552113378748997e-05 -7.43435700017922e-05 6.2755567644629e-05 0.00010997930473542076 1.0
0.0382064530247021 0.24527323920443939 0.75027905413906 1.2153226168913327e-05 -2.2998854242263066e-05 -0.0001595341764013834 0.00020723807219391743 0.0 0.01667216579547659 0.2471928868439314 0.7497571601537416 0.00016357159219318725 -0.00018029695963800153 0.0001372322944317461 0.0003247521883633104 1.0
0.03814084207084776 0.24533156163953448 0.7501661099409571 -6.479696963051067e-05 4.683871067796922e-05 -0.00011518023901515738 0.00014347040769939896 0.0 0.016785381108261666 0.24707274495497064 0.7498428602319716 0.00013422854061609748 -0.00014161675879231642 0.0001023105483228321 0.00019758488953467877 1.0
0.03806086843351653 0.2454112389416623 0.7500790454583763 -8.464311131456439e-05 8.736129532009256e-05 -7.201166109080314e-05 0.0001441939113446415 0.0 0.01686399530439451 0.24702615421038074 0.7498932652226954 8.590142969409384e-05 -6.248946931144369e-05 5.523540979633693e-05 9.431462770640035e-05 1.0
0.03798979852684683 0.24548922989204183 0.7499956360484502 -7.659432546120226e-05 9.6117965371529e-05 -7.740355138875196e-05 0.0001317539014348247 0.0 0.016986227520019062 0.24698018475036373 0.7499690642069454 0.00010552868198741967 -3.0382459175028303e-05 6.257019470973402e-05 0.00014548050954540795 1.0
0.03797209278448193 0.24550253509137748 0.7499676125617682 -1.3269033774963428e-05 1.4955346233374417e-05 -4.482793466085472e-05 3.9376973770837006e-05 0.0 0.017106355007126903 0.2469463223715388 0.7500381686679249 0.0001171030113671464 -2.2716312883338952e-05 6.712877139960507e-05 0.00015577916273064112 1.0
0.037976208086301116 0.24548823477233792 0.7499587079177629 1.3828222912461917e-05 -2.9385801964786995e-05 -9.949633030864011e-06 1.1973222780664822e-05 0.0 0.017244962693798094 0.2469074740327931 0.7501092003718818 0.0001345449350705029 -2.7153909567615673e-05 6.822034807837238e-05 0.00015818567666731252 1.0
0.037989356771954766 0.24546508515140808 0.7499615398789656 2.7024377922215282e-05 -4.2026562421011246e-05 -1.6983840449996419e-06 2.9494568154747667e-05 0.0 0.017315572242026563 0.24687639539356784 0.7501413683939104 9.033668508368512e-05 -4.4519705182969295e-05 4.4907585507030225e-05 7.683509578757693e-05 1.0
0.03800157745945608 0.24543569479843058 0.7499757696956016 1.4929876694345028e-05 -3.043982831582153e-05 1.4586114304192737e-05 3.7577722097157306e-05 0.0 0.017378416077852406 0.2468566508981432 0.7501679006816584 6.556122114665575e-05 -3.783855707812888e-05 3.093661861826198e-05 7.290088504445595e-05 1.0
0.038015718282271745 0.24540622925577898 0.7499914531650038 3.687408708118192e-06 -2.0945009426798965e-05 1.9180959241625004e-05 3.364649408661962e-05 0.0 0.017511090480828485 0.24685637151118942 0.7502201899583189 0.00010462812639635099 3.956014907963482e-06 3.644645155179754e-05 0.00014462915598757964 1.0
0.03802510165752464 0.2453817918360644 0.7500087576267138 2.274696374630363e-06 -1.5998463304264533e-05 1.3682154177972075e-05 2.9931416579540823e-05 0.0 0.0175689100343581 0.24684110282978156 0.7502399722901837 7.296301017653638e-05 -4.475570285259595e-06 2.5019828603373224e-05 6.61343303346824e-05 1.0
0.03803438759253706 0.24535741129954036 0.750026200460047 6.145264501499739e-06 -1.983841782144687e-05 1.4722642193311467e-05 3.315215787940448e-05 0.0 0.01766782124106311 0.24684572016056114 0.7502717405189914 9.858603583601916e-05 1.7134445481682171e-06 3.381938548569296e-05 9.786072695416847e-05 1.0
0.03804504557726118 0.24533608940993668 0.750037865027556 1.268947366075828e-05 -2.4059987083117752e-05 1.4317671612201595e-05 2.6686322794141942e-05 0.0 0.0177141774161576 0.24683120786512222 0.7502857393697671 5.7077960468964205e-05 -1.1642110160028792e-05 1.781901594850883e-05 5.2522992528628726e-05 1.0
0.038052520141205005 0.245312684978136 0.7500490216603973 9.468422479160303e-06 -2.395884377352127e-05 1.0493072669834423e-05 2.6659243146343225e-05 0.0 0.01773409326967397 0.2468147389328268 0.75029048040724 1.7554941802318263e-05 -1.9717966580552835e-05 3.6898450303967967e-06 2.7732857143344757e-05 1.0
0.03805302460784542 0.24530746033256648 0.7500439634267508 2.112300611051923e-06 -8.732217443255659e-06 -3.102229293456926e-06 7.4299943852755604e-06 0.0 0.017738714550989153 0.24680343792876816 0.7502917428654836 -7.597946832631805e-06 -1.4599266677185333e-05 -3.786049328915119e-06 1.1291521430836332e-05 1.0
0.03802183656502206 0.2453523053443383 0.7500059102178729 -2.7721471220025054e-05 3.918012599693423e-05 -3.511054861243304e-05 6.540159817399434e-05 0.0 0.017739908726101056 0.2467938692210169 0.7502927191756621 -1.87400842786564e-06 -9.160398223314093e-06 6.095880155087588e-07 9.241500602816784e-06 1.0
0.037991509665332136 0.24541811188972731 0.749953024651157 -3.570735822002112e-05 7.178712059364207e-05 -5.68203284987176e-05 9.201517031565826e-05 0.0 0.01774661080744593 0.24678765582030082 0.7502944545818065 1.0320406444796787e-05 -4.357536385959255e-06 3.841273112110265e-06 1.1236623010533217e-05 1.0
0.0377170776525274 0.24511543641680844 0.7499695589523244 -0.00024380256713979823 -0.0002412673855460898 1.3051447642290324e-06 0.0004050423911365073 0.0 0.017756785240107514 0.24678005038857592 0.7502970447835703 1.1520443507902128e-05 -6.0679005873868e-06 2.5794607493223725e-06 1.067766183209101e-05 1.0
0.037479184379035975 0.24492301399533825 0.7500732544974955 -0.000276573603643286 -0.00025907179757200495 0.00010097720696751305 0.0003325387884170599 0.0 0.01777024012539005 0.24677300119370651 0.7502997034206252 2.138005805413381e-05 -5.610628976176596e-06 5.046681353996907e-06 1.641416730258537e-05 1.0
0.037295567606018244 0.2448339351550607 0.7500378176909659 -0.0002120696900273916 -0.00013873342166769424 9.049025832333235e-06 0.00019663019581256613 0.0 0.01777082576305531 0.24677089443471076 0.7502998826704965 1.5433571105179233e-06 -4.855889560711984e-06 -1.7749987812666634e-07 2.235931759284808e-06 1.0
0.03701603653962697 0.24474525430036423 0.7499812294936504 -0.00025121485998283655 -6.754715110344453e-05 -5.8231563005620225e-05 0.00029442294807464334 0.0 0.017780680550856933 0.24677088756538124 0.7503031881698604 5.217545213619512e-06 -1.9052919967996063e-07 1.8586272934792522e-06 9.859946016839248e-06 1.0
0.03678573791248447 0.24464736742763624 0.7499760187276234 -0.00022230507858548947 -5.162977946151291e-05 -3.810761865367235e-05 0.00026451900476873874 0.0 0.017785021126268057 0.24676892846270485 0.7503041231149513 3.008038914321488e-06 -6.175605573992259e-07 1.021951916223793e-06 5.582570990381904e-06 1.0
0.036307071119989674 0.24446297558335608 0.7497923601460591 -0.0004315877460426111 -0.00014660853169664638 -0.00017013964933840938 0.0005399988616511445 1.0 0.01778599364632239 0.2467674287453352 0.7503040908761767 8.807091257439468e-07 -1.4216473763114091e-06 3.6413726267730184e-08 1.6226578658697162e-06 1.0
0.03598169631032282 0.24452716953251905 0.749604216268669 -0.0003819370000362727 1.4777888957317532e-06 -0.00020354238753125017 0.00038279662601482464 1.0 0.017793467042980772 0.24676538984473423 0.7503060194032716 6.63548303356552e-06 -2.382897721539057e-06 1.4913502828598732e-06 7.532567470552912e-06 1.0
0.035935889835846425 0.24438040015062912 0.7495697668103269 -0.00010761275035842447 -0.0001288670909429507 -5.984903693926816e-05 0.00015103608520346766 1.0 0.017800442564744005 0.2467642747950078 0.750307804825006 8.096660557490147e-06 -2.0105167726741323e-06 1.9666476344250358e-06 7.694266500521727e-06 1.0
0.03582109990097184 0.24441777189328096 0.7495030333590984 -4.063983089459719e-05 1.9182522591171638e-05 -3.615667433585218e-05 0.0001338996143175225 1.0 0.01774779632595553 0.24670140123612133 0.7503433340431284 -4.34767145996714e-05 -5.4098759321321676e-05 3.093598320519748e-05 8.86720735937114e-05 1.0
0.03586286784886275 0.24436779127284944 0.7495244217711251 6.667009485671849e-05 -2.1154813935178325e-05 2.4918810306628932e-05 8.093344251070689e-05 1.0 0.01768366180774741 0.24672910206032803 0.7503356052805025 -7.119771728208212e-05 6.734748578011991e-06 3.239573728134053e-06 7.27052278245038e-05 1.0
0.03587768126698685 0.24435401390031306 0.749533431994371 3.376721004864179e-05 -2.354323656786778e-05 3.392490657257213e-05 2.410592446444178e-05 1.0 0.017628556694373753 0.24673611788034844 0.7503164515122386 -6.480719250555928e-05 1.5439041781255717e-05 -1.9410576669985773e-05 5.605424405447654e-05 0.0
0.035774052913569436 0.244503291493208 0.7494692721467944 -0.00010507513770064713 0.00011755343412033475 -5.301079269575348e-05 0.00017868352837558348 1.0 0.017600595909716892 0.24676169986424343 0.7503154623646142 -3.281661025428749e-05 3.0832380023697256e-05 -1.0740018104074985e-05 3.741755939733611e-05 0.0
0.035759528828447136 0.24485300524612272 0.7494661805910824 -8.539511470148116e-05 0.00034262669750860075 -4.718467279660952e-05 0.00035929068606293586 1.0 0.017428158594719613 0.24622223941463245 0.7507773710330239 -0.00014191161459591858 -0.00045386886256006803 0.0003944894555273037 0.000726015606959458 0.0
0.035749768277852915 0.2453947931764678 0.7496123684171426 -1.2136563144325599e-05 0.0005736434088648515 0.00011789864998222694 0.0005615352111189659 1.0 0.01851219930101603 0.24395662798337842 0.7546652556248024 0.0008961453789488349 -0.00210183089952148 0.0034720702288560078 0.00461599823193013 0.0
0.03472801522537705 0.24668846188767957 0.7517657284224567 -0.000858486715516057 0.0012266727421906547 0.0019023375022189733 0.0026891247491967574 1.0 0.020236939828492513 0.2427271733343799 0.758559487457279 0.0017950985370225236 -0.0016942384554786342 0.00443854472836916 0.004539077200307748 0.0
0.0334277724443387 0.24755289509777026 0.7548500526772387 -0.001396634213421271 0.0010505295170798877 0.003259214033784406 0.0035168773308150974 1.0 0.020250234485449964 0.24255364686988065 0.7594916992908378 0.0004908335286029865 -0.0003906418765753915 0.0017694609290689473 0.0008486169532393312 0.0
0.034773431178292055 0.24851189784712382 0.7567324127020465 0.0008234517622968207 0.0009364796067928261 0.0024347359046605647 0.00247605451725443 1.0 0.020039235564373276 0.2426829662380136 0.7595328078290223 -0.0003338796461957383 0.0004177034734433179 -0.00029765519667296515 0.00012021572342007792 0.0
0.03933035540297458 0.24908674583781296 0.7611484453269742 0.004433974501800601 0.0005557478784700703 0.003981346251785544 0.006259317157163827 1.0 0.019909851607174414 0.24285454790178868 0.7594361809355062 -0.000480818522314525 0.0005430633534216842 -0.000916721776275439 0.0004185523470671236 0.0
0.039646375793662585 0.2538232349488054 0.7632827397785716 0.001772869408497396 0.004028802708355364 0.0024677374539384075 0.00541198637840858 1.0 0.01986331384158685 0.24291876877564106 0.7593817385901372 -0.0002429910370581163 0.0001918352835959234 -0.0005033188424449672 0.00017584981368867975 0.0
0.04301465261512551 0.2612186085499345 0.7631187832483809 0.002849733878023675 0.007544221148031706 -0.00011880277945706345 0.007990634996447627 1.0 0.01984377997169425 0.242964263191906 0.7593444607232614 7.26890838421057e-05 -0.00017462319846917723 0.00021638697562512187 0.0 0.0
0.047595079823700134 0.264867284469962 0.7627331998286913 0.004121934984019735 0.005095367596379477 -0.0009409047535715097 0.005916576065045528 1.0 0.01985168128813205 0.24294152036875089 0.759324036320054 0.00027622876689530117 -0.00028479694781527345 0.0005771934014069029 1.7753681273251156e-05 0.0
0.05175225016395346 0.26639728980074096 0.7622632146347034 0.004157198803983269 0.0017058932351981873 -0.0007565134537885967 0.004399785797003053 1.0 0.01983459287477525 0.24292054736811097 0.7593011090067286 6.915853331265678e-05 -1.9186594411566872e-06 0.00010578947659795924 0.00010197401302634596 0.0
0.05311473561837322 0.26678044270695217 0.7620025351859717 0.001891952245985125 -0.0005831341824817889 -0.0002740140326973879 0.0014895457155411677 1.0 0.0198271757703917 0.2429207142090085 0.7592976865976937 -0.00014268993490663636 6.667705067564707e-05 -0.00019624005128507154 0.0 0.0
0.054974960298123876 0.26730121370810606 0.7614940876523407 0.001606031263256025 -0.0005271605473772627 -0.00014825872033073654 0.0019325835799571512 1.0 0.01982060811682268 0.24291713945565213 0.7592931315116284 -3.5019083257770833e-05 3.260728433692668e-05 -6.895142605124695e-05 1.4409077150960266e-06 0.0
0.05641314090910048 0.2678976648866622 0.7614422817963433 0.0011117245341643385 0.0004958905324802161 0.0003052272700972071 0.0017141155111847542 1.0 0.019815744723559528 0.24291491511214833 0.7592908291515817 -3.827078191380212e-06 1.159646632896557e-05 -1.3674388740633403e-05 8.441168508779666e-06 0.0
0.05834943047146766 0.2688191084676611 0.7618510806245506 0.0014640885874562264 0.0017034836191188517 0.0002679063295392813 0.002057510507350136 1.0 0.01981767979063127 0.24291351711924972 0.7592788490367548 6.680369557902384e-06 -3.1369284674083355e-06 -8.925498832966321e-06 1.1910813187631774e-05 0.0
0.059049067402776066 0.26908377458943966 0.7619210918389329 0.0013899122216589708 0.0009353887119655738 6.678825056789621e-05 0.0007762228750631504 1.0 0.01982469175722487 0.24290393100577773 0.7592621399710794 1.0486823623696304e-05 -1.0865178375372509e-05 -1.763806168137495e-05 2.05121570403711e-05 0.0
0.05942299541056461 0.2692538679544217 0.7619695033224609 0.000604280694998331 -2.1786041244802913e-05 4.8066033563001184e-05 0.00035501335927179065 1.0 0.019823377588586384 0.24290981015222077 0.7592383916696945 2.6411162765769075e-06 -3.790003492142918e-06 -2.5047917130853642e-05 2.4038959081321322e-05 0.0
0.05992244391097471 0.2694612006534225 0.7618965189758322 0.000277161500408977 -4.8528158911654174e-05 -0.00012700744234201696 0.0006178544864678028 1.0 0.019823845504031913 0.24292549856102313 0.7592058144720123 -2.4429440876240357e-06 1.5624732990044815e-05 -3.337313584345475e-05 3.639411502153426e-05 0.0
0.06030131855387992 0.2696129472816079 0.7616962390368763 0.0001646493545195333 3.4504651423772e-05 -0.00026814770718534153 0.0004643728402532821 1.0 0.019823367679979737 0.2429451158843421 0.7591752073953009 -1.1990247229801903e-06 2.3658107457083985e-05 -3.092187271497152e-05 3.64368706763616e-05 0.0
0.06065276945118379 0.26977013389063914 0.7615298262706123 0.0004600898478888426 0.00019219892502278713 -0.000237123883208432 0.00040230372922832065 1.0 0.019829024622736505 0.24297172230265907 0.7591406105001794 3.834938488082951e-06 2.7753721161985607e-05 -3.361738723060885e-05 4.386306662977928e-05 0.0
0.06077713960714619 0.26985064464001396 0.761471977111051 0.0002451494307977723 0.00015575832210988757 -2.3444351710152282e-05 0.00012413787704717216 1.0 0.019839027848656154 0.24297901428721003 0.7591154084181511 1.0488724710261901e-05 1.0913485977056249e-05 -2.5529181760306112e-05 2.8350422001157063e-05 0.0
0.06082562936556097 0.26990578928140385 0.7614712409980674 8.969401506677918e-05 8.337361440068308e-05 5.963453718217337e-05 0.00010220070117576262 1.0 0.01984793725350056 0.24298788384720837 0.7590988509699678 1.1446651755477782e-05 4.60575075924874e-06 -1.6128937637853118e-05 2.0283209311881994e-05 0.0
0.0611683368578657 0.2699393974677225 0.7609072476878972 0.00017824565446468454 -2.004306906766345e-05 -0.00046423314926547773 0.0006570179053971962 1.0 0.019853179830750977 0.24295953635835493 0.759045135444356 6.5003027031976784e-06 -2.7186621790973317e-05 -4.573935114046652e-05 6.083092408087158e-05 0.0
0.06135404891654674 0.2697480188700461 0.7604865617465664 0.00022947887732058865 -0.00016818690588601623 -0.0005054889097604746 0.0005176016416637432 0.0 0.019847818785861483 0.24294879328226401 0.7590409240586449 -5.5911156548453134e-06 -1.830251130119547e-05 -1.564374847056562e-05 1.485450965280321e-05 0.0
0.061540073839551304 0.26897659115336603 0.760370039985133 0.00023267193637587034 -0.0007141568121598017 -0.0002277887710735379 0.0007735396233753365 0.0 0.019843844644212155 0.24293856256222635 0.7590368546267011 -6.931499307000165e-06 -1.0550435405153655e-05 -2.728458918267718e-06 8.785882176912715e-06 0.0
0.06171426187296836 0.2685313481407338 0.7604533326441895 0.00017616993588512526 -0.0005953771510003372 9.101547581680746e-05 0.0004919407500834352 0.0 0.019845349446142375 0.2429305007082113 0.759032302150018 -7.836741557591924e-07 -4.342592953794609e-06 7.606170746777321e-08 9.884341371759333e-06 0.0
0.06188572337634841 0.2681519076761468 0.7604964586020435 0.00015071693603890178 -0.00040750471156607445 0.00016124221866295683 0.00041969001673604014 0.0 0.01984678406027987 0.24292166795320969 0.7590286331686612 3.2101050528151346e-06 -4.425700757572774e-06 -1.6298971691813816e-06 1.1442130086262309e-05 0.0
0.062283553590180576 0.26781117653083486 0.7604641221142161 0.0003362336326590705 -0.0002801163383084655 4.215133160745552e-05 0.0005293452900270764 0.0 0.019844528118257713 0.24291918236390497 0.7590274603424682 5.358188961461657e-07 -2.82792696433762e-06 -2.0048391126552243e-06 2.996200067419164e-06 0.0
0.06288903686035634 0.2674348117751254 0.7603413021800489 0.0006137061328429665 -0.00028626648885971115 -0.00015651591215317512 0.0007233989977465014 0.0 0.019842844074930397 0.24291774737044272 0.7590218077962003 -1.4977410173221301e-06 -1.938929585837328e-06 -8.085678908366484e-06 4.498102746041967e-06 0.0
0.0636173551885494 0.2670877202257601 0.7601335713773052 0.0007911881494074322 -0.00032774985512270334 -0.0003047558592032607 0.0008391008522229096 0.0 0.0198419855468803 0.2429162047167899 0.7590206566825934 -2.118064398222961e-06 -3.662584769816507e-06 -5.214983702708782e-06 3.6377473843645908e-06 0.0
0.06441812540726297 0.26675148175245056 0.7598591721538395 0.0008232852782894223 -0.00038363711107249066 -0.0002953996042500657 0.0008943906476829333 0.0 0.019840224786138824 0.2429146254112733 0.7590176834130146 -2.7025769475619933e-06 -3.495087338406946e-07 8.404331506012687e-07 3.31844691622832e-06 0.0
0.06518618896941336 0.26649674759196357 0.7595850524678096 0.0007776341446907512 -0.00031498642494721263 -0.00026387932922563646 0.0008624200172878989 0.0 0.019839833241361415 0.24291466881949697 0.759015680847536 -2.28090466062364e-07 -6.969129559847365e-07 -2.144211765221178e-06 2.1051522445187032e-06 0.0
0.06609228952116056 0.2662630768416285 0.7592356067604217 0.0008504710976236573 -0.0002016887447749919 -0.0003172150261023379 0.0009968476858905674 0.0 0.0198384905971454 0.2429211642913625 0.7590075632502007 -4.5225701022020655e-07 5.2967081110291345e-06 -7.199196250142772e-06 1.0320839126567459e-05 0.0
0.06650150613795064 0.26618144633438795 0.7590634591838776 0.0004625152593662196 -8.543325222845768e-05 -0.0001939712059388523 0.0004637334025251868 0.0 0.019840657017309988 0.2429232848599988 0.7589957166085893 1.606933436931004e-06 3.644005076796335e-06 -1.2031111086934147e-05 1.2582575149756455e-05 0.0
0.06695577439941307 0.2661037995366749 0.7588646976600397 0.0003905176669203084 -5.4707255334399596e-05 -0.0001696977181016665 0.00047924300721881107 0.0 0.019845101089502635 0.24292430904201912 0.7589839387148042 4.243175673327756e-06 1.7939184207268858e-06 -1.3077996367894429e-05 1.235489332344885e-05 0.0
0.0672011725064617 0.26606571427508685 0.758748234937285 0.00023090646258895468 -3.5898712439183414e-05 -0.00010987862389991958 0.00029146156384358393 0.0 0.019843811870085503 0.24293033706665607 0.7589743160036283 2.586281548829571e-07 4.566259244944163e-06 -1.0654580111383149e-05 1.137637974900656e-05 0.0
0.06733949442942413 0.2660374038165128 0.7586821528891188 0.00012776560649556618 -3.0979462215791455e-05 -6.330227948558993e-05 0.00015639430654356345 0.0 0.01984576656956319 0.24292745031078095 0.7589761399784449 9.907466309700114e-07 -1.7926738700643e-06 1.3227128060801337e-06 4.0499054231184904e-06 0.0
0.06740109775860459 0.2660232184445314 0.7586412688478381 7.006842293020296e-05 -2.579780830716321e-05 -4.1334187816262266e-05 6.879349230245254e-05 0.0 0.019844703822475277 0.2429287931797026 0.7589723664490954 -1.1824128672375816e-06 -1.1722485031861023e-07 -3.457339674909759e-07 4.097323552099099e-06 0.0
0.06738859138157152 0.26601872497168777 0.758635279883444 1.1514515815731936e-05 -1.1315559040168456e-05 -1.417144675260149e-05 1.139891658484386e-05 0.0 0.019845184480141245 0.24292924809003935 0.7589701755094751 -1.9075373025229725e-07 6.449845018680527e-07 -1.3556714790572401e-06 2.390158741189072e-06 0.0
0.06732302140177208 0.26602170204442516 0.7586500200018438 -4.817360731293409e-05 9.982485555907615e-07 7.618462192386123e-06 7.628356509702073e-05 0.0 0.01984746111181666 0.24293146089315582 0.7589687459186224 2.0866182150066816e-06 2.4964983000330566e-06 -2.588825490790448e-06 3.4893077006589287e-06 0.0
0.06725147007033759 0.26602490759447706 0.7586679778046514 -9.4058302477653e-05 1.1629415559652343e-05 2.540715717330315e-05 6.850762906003972e-05 0.0 0.019850698694982627 0.24293771835112096 0.7589631228859337 3.9941622102285385e-06 5.883723955912917e-06 -6.231423900544468e-06 8.873259327201675e-06 0.0
0.06715865492964736 0.26604264209452233 0.7586763325573844 -7.508205138289091e-05 1.4327079374322138e-05 3.0965174892994983e-06 9.613704246543459e-05 0.0 0.019858297260196684 0.24293815233561197 0.7589560296736235 7.53381637719887e-06 2.340412393890048e-06 -7.934687765283124e-06 1.051995039440577e-05 0.0
0.06702238368639314 0.2660806464170619 0.7586841538587913 -0.00013383330699316562 3.775354063098489e-05 6.775958068068743e-06 0.00013984942178537664 0.0 0.019859373765953783 0.24294216020456053 0.7589497656767615 2.42785338436622e-06 3.309278343121733e-06 -6.695704041816336e-06 7.512197545143406e-06 0.0
0.06694375878298364 0.2660853738967817 0.7586846022444406 -9.073454804377145e-05 1.3049068066814395e-05 -1.4974206208868377e-06 8.169464588748992e-05 0.0 0.019856088284852233 0.2429433784280992 0.7589445491373055 -3.1060746554878603e-06 6.600946530227816e-07 -4.772788781559972e-06 6.048455160823074e-06 0.0
0.0668814007142057 0.26606269447888814 0.758666892055553 -6.108206896411294e-05 -2.0851628620922017e-05 -1.699738208456566e-05 6.640822133745084e-05 0.0 0.019853043795683978 0.24294416351905726 0.7589406345608712 -4.965542469101178e-06 6.655741639892087e-07 -3.949816580906996e-06 5.244367398574004e-06 0.0
0.06684310165903459 0.2660588416194363 0.758658064050279 -3.4640795779475776e-05 -1.5156239209362078e-05 -1.0707205847575277e-05 3.981667410198315e-05 0.0 0.019849571239071998 0.24294723166810786 0.7589337549978389 -4.299491496884477e-06 2.4270717820363842e-06 -5.5301069110927204e-06 8.339780493999155e-06 0.0
0.06681069998163376 0.2660571053060464 0.7586594529880513 -2.566955360347321e-05 -5.332941760395827e-06 1.3538355627034165e-06 3.414817750376459e-05 0.0 0.01984671001960664 0.242944969922182 0.7589342000842972 -2.665251766469066e-06 -9.497191808319902e-07 -6.977396852099513e-07 3.714661559674288e-06 0.0
0.06678686316119137 0.26604831856989014 0.7586531306129933 -2.2795955119853367e-05 -4.156535761994211e-06 -1.6671636406042912e-06 2.55863158188696e-05 0.0 0.01984604068602844 0.2429437818161606 0.7589343223020633 6.862201305412264e-08 -1.5434078924720787e-06 3.920303566005453e-07 1.1092932959796106e-06 0.0
0.0667294629472999 0.2660492464896418 0.7586480742132897 -5.85117804931305e-05 5.1529090714484775e-06 -3.440068436688829e-06 5.602667201338409e-05 0.0 0.019845676856525486 0.2429427292784265 0.7589352400180743 7.259005904593154e-07 -1.7208097940998434e-06 1.321487729422771e-06 1.4984276462145251e-06 0.0
0.06670025771506255 0.2660504935173713 0.7586496199820111 -4.422150152907967e-05 4.270474705772278e-06 7.365143560376604e-07 3.170907265606379e-05 0.0 0.019846200416715535 0.2429431476865602 0.7589325572250726 3.0686809157528186e-07 4.7240712088407403e-07 -1.9010360298289363e-06 2.949150374013707e-06 0.0
0.06667643129135217 0.26605031211238134 0.7586523709864913 -2.347980023281374e-05 -2.7367332930021955e-06 1.593477064794715e-06 2.1565741673818987e-05 0.0 0.019852150565257274 0.2429387172188649 0.7589346288967072 5.017754000440326e-06 -3.436210423891301e-06 6.511627521385926e-07 7.664749134190128e-06 0.0
0.06664465731169911 0.2660514099315424 0.7586581390626564 -2.6879458454274284e-05 -9.258965141581459e-07 4.710676577457248e-06 3.288402146676149e-05 0.0 0.019856791782085027 0.24294056713456894 0.758934825618027 5.467802291473215e-06 7.876230849274691e-07 1.8327083228124593e-07 4.971233754128484e-06 0.0
0.06657045425837843 0.26606532279181355 0.7586617121247318 -6.476073517556674e-05 1.317597779332323e-05 5.566985403442394e-06 7.655705305723824e-05 0.0 0.019862230066935264 0.24293984282808517 0.7589377935089338 5.534757021907661e-06 4.545509371846952e-08 2.5605643952190387e-06 6.0729407930150805e-06 0.0
0.06654237406128549 0.2660752341317746 0.7586593505569188 -4.074752230767703e-05 1.175320783903711e-05 -1.3820112317762441e-06 3.123438779724908e-05 0.0 0.01986578530963468 0.24294021376813643 0.7589391885321805 3.688230498237329e-06 7.953102638047782e-08 2.5582316276720003e-06 3.9717773181975305e-06 0.0
0.06652919703843582 0.26607915177296265 0.7586565792055712 -1.6012578967856678e-05 5.256906836579534e-06 -5.0865010531723075e-06 1.0180017759775574e-05 0.0 0.019876107353809094 0.24294087756427055 0.7589357379402589 8.773346197049949e-06 8.468676570572219e-07 -2.7876492906814017e-06 1.0863259071356015e-05 0.0
0.06651215099088399 0.2660726112309558 0.758645672692004 -1.1225188451702304e-05 -5.6969975757223565e-06 -1.0894406143025306e-05 2.2523048211171262e-05 0.0 0.019881878321799263 0.24294467364854366 0.7589328576815227 6.781533752936104e-06 3.3918961281101617e-06 -4.005958948674061e-06 7.760642145062002e-06 0.0
0.06647789934908223 0.26607918960423455 0.7586410759459673 -2.404027014385784e-05 1.2734241596583034e-06 -6.30922072413496e-06 3.729776012282934e-05 0.0 0.01988155768630939 0.24294149422121075 0.7589350873175036 7.718989804696941e-07 -1.8984827326637826e-06 6.162496713743274e-07 3.5415255772663764e-06 0.0
0.06644983308936342 0.2660827202561452 0.7586386262950922 -3.1718247521799156e-05 3.6340334705100552e-06 -2.053268643222956e-06 2.8002109190217622e-05 0.0 0.019880677751378605 0.2429414187009539 0.7589342509158946 -1.7182819351070084e-06 -1.3930569963329366e-06 6.350987541358128e-07 1.1923473425727976e-06 0.0
0.06638217854034713 0.26610259805821407 0.7586425216170889 -6.894822400460778e-05 1.9594926126979067e-05 4.878768048373407e-06 6.785549594066495e-05 0.0 0.019880803376760327 0.24293733706480103 0.7589372860119923 -1.3786241359175127e-06 -3.5778163068194137e-06 3.096346260482522e-06 5.2104516881912046e-06 0.0
0.06635446454468129 0.266108935916535 0.7586482025428416 -4.2679782836007785e-05 1.2637054321544964e-05 7.2674949709754716e-06 3.2083827733131166e-05 0.0 0.019885210139804523 0.24293543577117394 0.7589367303180402 3.7497056149124566e-06 -2.904370726474755e-06 7.284289784816005e-07 5.128442045099299e-06 0.0
0.06633286963504556 0.2661104535648972 0.7586538971067486 -1.6584107001034012e-05 1.8017493383253734e-06 6.46469642621539e-06 2.029176021503598e-05 0.0 0.019888338117877106 0.24293454676584253 0.7589385348029698 4.802136265261306e-06 -7.855482674203162e-07 8.535546050127683e-07 3.3543422717937647e-06 0.0
0.06630809954305722 0.26611082380633905 0.7586638829019348 -1.6519793488629585e-05 -3.024071901449616e-06 8.881712909126733e-06 2.6931907883226944e-05 0.0 0.019892431156623768 0.24293242766603992 0.7589432085502218 5.423711733610001e-06 -1.1966794565806715e-06 3.632322986588427e-06 6.489154850095911e-06 0.0
0.06629747406778784 0.26611053078503716 0.7586677847058688 -9.396177980239553e-06 -3.0267747840990745e-06 3.959705529228332e-06 1.2972907433879507e-05 0.0 0.019891166238099008 0.2429353397123665 0.7589387283316644 -8.265896972490091e-07 2.523273590227691e-06 -2.578393941674443e-06 5.747278438334478e-06 0.0
0.06629464045499202 0.2661095881997388 0.7586655000292362 -3.631173877689539e-06 -3.804175693934056e-07 -2.0647199290638727e-06 2.937305840360225e-06 0.0 0.01988509506916132 0.2429387574380843 0.7589368637809621 -6.937889893486773e-06 3.5499971591196e-06 -2.8143970834567297e-06 7.149192418009852e-06 0.0
0.0662793775156066 0.26611423407934304 0.758659322226543 -1.4038886284764048e-05 4.971825322563329e-06 -7.3154122087950324e-06 1.5677721746100452e-05 0.0 0.019882177560603388 0.24293735610672065 0.7589377927891316 -5.015246628349748e-06 -6.880760401991304e-08 -3.49742580685445e-07 3.3303737231829714e-06 0.0
0.06624719842353324 0.26612506903654987 0.7586537467111591 -3.40703627447789e-05 1.250642388369652e-05 -6.921860560928792e-06 3.629967278848464e-05 0.0 0.019881192855252958 0.24293630092970453 0.7589394488606925 -1.3382578892253023e-06 -2.009800304295953e-06 2.0999630169081137e-06 2.1309183456377812e-06 0.0
0.06620521234717086 0.2661384160588854 0.7586549095672895 -4.273294907484726e-05 1.3800319145276863e-05 1.1232821422051511e-07 4.3759096240016565e-05 0.0 0.019881347175908157 0.24293524824612808 0.7589416040445555 1.3638118003333862e-06 -1.7898228472001113e-06 2.8196348110585213e-06 2.4828810677710274e-06 0.0
0.06616427754710091 0.2661417914428968 0.7586563707070126 -4.605024460090671e-05 5.68106236939902e-06 3.5179797310173696e-06 4.030622932979413e-05 0.0 0.019881693990526528 0.24293581862624972 0.7589414889782212 1.5387984645146283e-06 -3.617996513412325e-08 1.0969791922587969e-06 7.431610622690858e-07 0.0
0.06613755605923602 0.2661516574070397 0.7586531520704111 -2.971730635366116e-05 7.319045247084535e-06 -4.166935019211498e-07 2.8784092810331632e-05 0.0 0.019881144981029195 0.24293568596035353 0.7589413912786469 1.5550679034574858e-08 4.509103571793876e-07 -5.571089505856905e-07 4.940458551365204e-07 0.0
0.06609933657031487 0.26615936499636006 0.7586586799533083 -3.086692862594937e-05 6.610968630559108e-06 3.5968460501998515e-06 3.9429438700470216e-05 0.0 0.019881128181970707 0.24293558977221752 0.7589412222018997 -9.881139976592095e-07 7.532249912952934e-07 -1.4254365067189895e-06 1.3851992481886094e-07 0.0
0.0660476501058925 0.2661801614321572 0.7586534051759485 -4.6579333256840976e-05 1.8533609190367713e-05 -4.142928537908019e-06 5.6622558201272085e-05 0.0 0.019887612742175202 0.24293365742924525 0.7589395230670103 4.88090516293121e-06 -1.700006741246809e-06 -1.4454937827431364e-06 7.010744447288453e-06 0.0
0.06602606525126477 0.2661760550689932 0.7586499366973388 -2.905176339831032e-05 2.0153426313043544e-06 -5.112430708746591e-06 2.267115335154383e-05 0.0 0.019889957849330963 0.24293421280765484 0.7589396571229711 3.99679440183888e-06 -5.436731266589286e-07 9.860395418109135e-10 2.6495685196357616e-06 0.0
0.06600315801261082 0.26615236948886833 0.7586221534440871 -2.2580523235024746e-05 -2.212318606892181e-05 -2.5025938315887996e-05 4.077903893488061e-05 0.0 0.019892036406293282 0.2429343026843038 0.7589400714789986 2.5080139219290333e-06 2.2575234421457181e-07 6.996697207677967e-07 1.743053891192263e-06 0.0
0.06599180469771902 0.2661160014967461 0.7585850344355973 -1.0476415479235502e-05 -4.0477311421029784e-05 -3.8914574734378945e-05 5.48703701854718e-05 0.0 0.019896356714902648 0.24292997145684608 0.7589372839579153 3.5754959711468173e-06 -3.425928527156613e-06 -2.0097544093983565e-06 6.757375934564609e-06 0.0
0.06597352458535871 0.26602651054020493 0.7584976190647069 -1.3626658827240506e-05 -8.79096349544592e-05 -8.431492409375878e-05 0.00012656273909962217 0.0 0.019892824758097817 0.24292515767937514 0.7589372261439455 -2.753585177784688e-06 -5.141698610807281e-06 -8.777612287552432e-07 6.334674681663477e-06 0.0
0.06597194265713059 0.26601104797136726 0.758470340282586 -3.913475494919427e-06 -3.342610283341675e-05 -4.362856070122617e-05 3.318045273055641e-05 0.0 0.0198912808782577 0.24292475183908965 0.7589349639280897 -2.947151645341294e-06 -1.7426278497002607e-06 -1.9781779691221608e-06 2.6020962958546806e-06 0.0
0.0659588464406429 0.2659959376973555 0.7584464719073698 -1.3239438911387774e-05 -7.3715830993934464e-06 -1.9169236053809944e-05 2.56002664006833e-05 0.0 0.019893495863265543 0.24291905782174747 0.7589323558577543 1.385287307365217e-06 -4.544052475539614e-06 -2.7217489075881583e-06 6.2773160134439016e-06 0.0
0.0659461463580544 0.265987479946095 0.7584354824692939 -1.4546769422466915e-05 3.734338097169014e-06 -2.762069486897904e-06 2.2189856167432463e-05 0.0 0.01989521479325497 0.2429174622324291 0.7589233524023916 2.8835558127906028e-06 -2.0994133318161132e-06 -8.276271518393159e-06 9.759009508233552e-06 0.0
0.06592763810518092 0.26597576879414575 0.7584213419903553 -1.7305441606721966e-05 -5.848339039663395e-06 -5.665807226117958e-06 2.7843410877625303e-05 0.0 0.019894343682534794 0.242904829682549 0.7589102024489366 1.0067898294347097e-07 -1.0506794788884421e-05 -1.3340186838706972e-05 1.8178338765876348e-05 0.0
0.06589507762123184 0.26597278047435674 0.7584110500840447 -3.244515702038919e-05 -7.032339012860787e-06 -1.2240159318251845e-05 3.321797760347638e-05 0.0 0.019892417699230388 0.24288375457111236 0.758896945858764 -1.7115885663457407e-06 -2.1290327018006463e-05 -1.4598675516470834e-05 2.4895606185911168e-05 0.0
0.06586167514383288 0.2659826061037348 0.7583975282942121 -3.555896395683287e-05 1.7307151488981748e-06 -1.8831799828407752e-05 3.515592458586979e-05 0.0 0.01988137855286369 0.24286033341615287 0.7588834612290599 -1.0498160217131029e-05 -2.584880949589991e-05 -1.3992194121361832e-05 2.9179263759489103e-05 0.0
0.06584243452206456 0.2659888076794629 0.7583929417896185 -2.2713379719863115e-05 4.442722480956784e-06 -1.1484936039086709e-05 2.286688530138259e-05 0.0 0.019875118167705336 0.24285221304420274 0.7588788387772205 -9.224674391986801e-06 -1.1609708880555327e-05 -5.092746555714117e-06 1.1404503247284287e-05 0.0
0.06582344260368118 0.2659775301565215 0.7583758820363569 -1.5337472780367328e-05 -2.8432568726005555e-06 -1.1090505580646512e-05 2.650606304541796e-05 0.0 0.019876584228445217 0.24282960842464826 0.7588612295124363 3.277475383777349e-07 -1.7681099993729397e-05 -1.3741169973027558e-05 2.786683630344737e-05 0.0
0.06581604846065986 0.26596768362874607 0.758370947615058 -6.295125643374798e-06 -1.3499470196737662e-05 -7.282305951996247e-06 1.4620344042608461e-05 0.0 0.019871312608173843 0.24282756520769294 0.758847945530934 -2.0447996670140443e-06 -3.7889712491883317e-06 -1.4231159237993471e-05 1.5845176807704336e-05 0.0
0.0658149976118373 0.2659642882206891 0.7583659454096132 1.1630532503113079e-06 -7.678649468732179e-06 -3.90361917813175e-06 5.610605501151784e-06 0.0 0.019867654487430476 0.24282785622898817 0.7588359814411518 -2.9871025653006485e-06 2.4949882858483924e-06 -1.3493134068354801e-05 1.1739359939490472e-05 0.0
0.06581472926350251 0.26596095341734033 0.7583658894887584 4.4418394553946725e-07 -3.411233091207221e-06 -7.559209592173742e-08 3.0192619759217597e-06 0.0 0.019866322771424513 0.24283073908722183 0.7588272666873158 -2.027661872266769e-06 3.465905019572754e-06 -9.54035903510505e-06 9.01411806246567e-06 0.0
0.06581347966416252 0.2659552019000248 0.7583683452587907 -2.5264337231474436e-06 -2.2134350438042332e-06 3.4182191724122342e-06 6.650188281031986e-06 0.0 0.01986808167968143 0.24282841426421223 0.7588263528310826 7.270407012879941e-07 -1.58640475170162e-06 -1.0277942566949296e-06 3.429522874725424e-06 0.0
0.06581425864987778 0.26595599483941895 0.7583650282786106 -8.313356735933992e-07 1.934611074746071e-06 -1.8328956252665235e-06 3.887500439612512e-06 0.0 0.019868465359417366 0.2428278722756799 0.7588255675731276 5.146798288224161e-07 -2.0892881227246057e-06 1.3753434013515352e-06 1.2012485769173854e-06 0.0
0.06581473116442328 0.26595598295288325 0.7583637638392503 5.16098492374785e-08 -6.177463154028163e-08 -2.4049592473522902e-06 6.470460123423152e-07 0.0 0.019869129370444088 0.2428282640125573 0.7588252064984433 1.5301945590378196e-06 -9.726640008871517e-07 7.872896017762243e-07 3.4387824579279146e-07 0.0
0.06581238501406324 0.265948488963877 0.7583588280663645 -2.4923652174397587e-06 -7.598785507314354e-06 -6.273988424737035e-06 9.408837989694429e-06 0.0 0.01987102141141449 0.24283095343022257 0.758822132889646 1.8475272382586979e-06 1.0329815632769182e-06 -3.991778496144573e-06 4.922803171583775e-06 0.0
0.06581287258225169 0.26594789430034743 0.7583567647334957 4.2513248742739437e-07 -2.475745071481624e-06 -2.55988853714927e-06 2.717020326848194e-06 0.0 0.01987216978829378 0.2428328577890408 0.7588204685105105 4.7602500421159957e-07 4.121543045418346e-06 -2.907909481756261e-06 2.707308909106685e-06 0.0
0.06581444372317238 0.26594888190875543 0.7583526872529731 1.8223794561929445e-06 9.128717265360104e-07 -3.589753397287023e-06 3.982578468213013e-06 0.0 0.0198752876359156 0.24283125603868724 0.7588130260830969 2.817665823181346e-06 -4.882319120338566e-07 -7.415195848320123e-06 7.960241158901813e-06 0.0
0.0658140531009512 0.2659459207437603 0.7583547858794598 2.9219650881785507e-07 -1.8358032739865837e-06 1.951150736181121e-06 3.6943928179123725e-06 0.0 0.019875438876712743 0.24283208373749637 0.7588105204043044 9.919418155092544e-07 -1.1792767589549645e-07 -3.749385666895359e-06 2.9675611105375067e-06 0.0
0.06581131859900807 0.2659401421080456 0.7583489157813684 -2.3548919684429895e-06 -5.230454635804036e-06 -3.730890099951966e-06 8.864934412188037e-06 0.0 0.019874861318042236 0.24283332695777973 0.7588067964394283 -5.599961133060076e-07 4.23042693647685e-07 -2.7956138756102106e-06 3.7111111263343957e-06 0.0
