0.06279348433183148 0.27918290929572454 0.7635527379642904 0.0 0.0 0.0 0.0 0.0 -0.016657793530437805 0.27917171210270275 0.763756647949868 0.0 0.0 0.0 5.696117727612706e-05 0.0
0.06278747746407835 0.27917802865247016 0.7635569643464618 -6.0068677531222026e-06 -4.880643254379091e-06 4.22638217145721e-06 8.818471808608727e-06 0.0 -0.01665595841762504 0.27917133768717606 0.763757065622286 1.8351128127647165e-06 -3.744155266938165e-07 4.1767241798496e-07 0.0 0.0
0.06277811825447488 0.27917334170492636 0.7635612799266889 -9.359209603473917e-06 -4.686947543797171e-06 4.315580227065574e-06 1.132194834718407e-05 0.0 -0.016646184201998423 0.27916559912571515 0.7637605120209959 9.774215626617844e-06 -5.738561460910674e-06 3.4463987099719873e-06 0.0 0.0
0.06277361845584889 0.27917797837013414 0.7635547107766396 -4.499798625989815e-06 4.636665207780055e-06 -6.569150049262618e-06 9.214151306182515e-06 0.0 -0.016640529197687128 0.27914773203904136 0.7637518266680448 5.65500431129462e-06 -1.7867086673784005e-05 -8.685352951176561e-06 4.7018874282650416e-05 0.0
0.06277413714197468 0.27917757196461807 0.7635520941582289 7.131133540519354e-07 -1.280296475260234e-08 -3.083017474478046e-06 2.6983129262391303e-06 0.0 -0.016626806643419076 0.2791157453257406 0.7637135214757953 1.3116734560459157e-05 -3.208025511124586e-05 -3.8525819708642585e-05 4.8290571623139326e-05 0.0
0.06277482908098478 0.27917747946448673 0.7635513669757061 6.483908185058709e-07 -7.099324184816342e-07 -1.1701755257793655e-07 1.0080328811084713e-06 0.0 -0.01663089801135905 0.2791046695060667 0.7637108619588577 -3.2011778137159028e-06 -1.1536510299672445e-05 -3.874962822297026e-06 8.994420565390038e-06 0.0
0.06277519277088449 0.27917635870595303 0.763551465039498 5.374256081837417e-08 -2.0376224569797794e-06 1.3326478679411758e-06 1.216732525716265e-06 0.0 -0.016636843106614882 0.2790934178001467 0.7637037853794831 -7.737743474688785e-06 -7.982002665291733e-06 -2.480558617272066e-06 1.6589870309736672e-05 0.0
0.06277967878652681 0.2791861800044722 0.7635375995006731 3.4071125516884856e-06 8.850246621647065e-06 -1.2484664132981727e-05 1.751880790822171e-05 0.0 -0.016637833724121132 0.27908757805710355 0.7636990287599609 -1.9913797359640497e-06 -4.418714181142185e-06 -1.7618348229563867e-06 7.161014902039748e-06 0.0
0.06277807523585822 0.27917432168034156 0.7635510423493643 -1.4880889974759023e-06 -8.105987380455251e-06 8.634569487169023e-06 1.8380254874267172e-05 0.0 -0.01662142044035299 0.27907911545170494 0.7636929322962573 1.411868762637264e-05 -4.933781942995611e-06 -2.3197787894418008e-06 2.0108971976935344e-05 0.0
0.06277549356688256 0.27917122450525994 0.7635556681129549 -3.5629195392731538e-06 -5.7261788581353335e-06 7.62702413768059e-06 5.7236288196667345e-06 0.0 -0.016606937718863825 0.2790437855034787 0.7636783572879798 1.9306423549932368e-05 -3.211960093526138e-05 -1.3495395799642913e-05 4.048999717074918e-05 0.0
0.0627735894375993 0.27916981225697857 0.763558309680842 -2.5693984711243457e-06 -2.264276798257575e-06 3.929067030913007e-06 3.0928074657249905e-06 0.0 -0.016597777954572502 0.27903070738608815 0.7636669953086782 1.3164281066149162e-05 -2.29421365404606e-05 -1.6575313625633838e-05 1.9313017346220905e-05 0.0
0.06277219058810075 0.2791725668861156 0.7635562472605679 -1.4848730368159468e-06 2.2045977393171135e-06 -1.291757996324266e-06 4.356733618288522e-06 0.0 -0.016575332812582055 0.2789610809433679 0.7636243050326076 2.0048137769199913e-05 -6.342521946072861e-05 -4.1097090228168256e-05 8.352135600466427e-05 0.0
0.06277164053432212 0.2791707968687024 0.7635560194971645 -3.2209986316600807e-07 6.720446436883799e-07 -2.4808304547958046e-06 2.25393421818891e-06 0.0 -0.016515325704405535 0.2788785389401105 0.7635455426576894 5.265542267604074e-05 -8.478833154151213e-05 -7.522615951022164e-05 0.0001308988329904013 0.0
0.06275427273641124 0.2791630236574573 0.7635472392634425 -1.4230585714989015e-05 -6.067871977372049e-06 -9.363157683657545e-06 2.0127741204004642e-05 0.0 -0.016387162717470146 0.27854664605247625 0.7633073572362649 0.0001238591398288334 -0.00030269810672669693 -0.0002239823930620893 0.00042584916101404585 0.0
0.06271374273400235 0.2791406134713668 0.7635292637499823 -3.9149607986658835e-05 -2.1694665737333017e-05 -1.7943461584134624e-05 5.002315322816729e-05 0.0 -0.016246384855736786 0.2776845273347197 0.7626508986727585 0.0001540190412075971 -0.0008231358013483444 -0.0006235696205223625 0.0010935824854032892 0.0
0.06255763012451407 0.27900838355452623 0.7634135664473706 -0.00014560979650455155 -0.00012165077026364665 -0.00010158709109193081 0.00023391935742521081 0.0 -0.016234922242048797 0.27468499608761643 0.7605193771997026 4.0321081885984087e-05 -0.0027992728740385735 -0.001998853622228423 0.0036687042873966374 0.0
0.062416468741522464 0.27879701459559997 0.7632158962791532 -0.00016262735442013626 -0.0002168468407516926 -0.00020135440766067084 0.00032606404242242705 0.0 -0.016649357810137738 0.27119997366224735 0.7584768533265859 -0.00037567069439100237 -0.00377870684086835 -0.00230890856118006 0.004120152865879455 0.0
0.06234679283167844 0.2786406433364099 0.7630562520657952 -9.018613918030992e-05 -0.00018761745091616162 -0.00018794088019701626 0.00023219085039009792 0.0 -0.01705709370445912 0.26815648881102877 0.7565721615133748 -0.00049470720378356 -0.0034076731718305437 -0.0020720772833761284 0.0035497651787374344 0.0
0.06235854060420343 0.2785667427983355 0.7629516288884278 1.5816333023021647e-05 -8.516151279933299e-05 -0.0001157003323834758 0.00012283508038952364 0.0 -0.01729136878291897 0.26616746221995996 0.755251594783447 -0.00031626432366129326 -0.002067546955002743 -0.001322224218910273 0.0023718024535437456 0.0
0.06236569564457723 0.27848073238700455 0.7628695316306922 4.082694036796328e-05 -5.4914030155340555e-05 -6.295693676841253e-05 0.00012159036701100555 0.0 -0.017341488118834545 0.2641531119667183 0.7539513259733097 -3.824308990120799e-05 -0.001564016061341053 -0.001032647518955222 0.0024281067738618346 0.0
0.06238001140012347 0.27844226151407314 0.7628301960511837 3.071632470496755e-05 -2.000824198446747e-05 -1.9703946257168048e-05 6.462904170752512e-05 0.0 -0.017368164163010028 0.2631091949966118 0.7532342974688429 7.224215023372495e-05 -0.0008307472236875051 -0.0006068748963849104 0.0013404161874906908 0.0
0.062385185126486706 0.278435051952341 0.7628040235891591 -1.4056421826511899e-06 -4.106433553348104e-06 -1.4924301280291152e-05 2.2467451311629168e-05 0.0 -0.01740937912478815 0.26248036442158135 0.7528022140605232 2.6785298676878025e-05 -0.0005652711139972876 -0.0004227360149137566 0.0006895295994020416 0.0
0.0623784198158295 0.27840845816568727 0.7627843946351537 -2.7726171100724204e-05 -3.313219972790879e-05 -2.8050043953647797e-05 3.092019756684925e-05 0.0 -0.017426387085954655 0.2620885016611477 0.7524772638024285 -4.0865297684896626e-05 -0.0005312718464086895 -0.00039993815046363566 0.0005072373562723658 0.0
0.06237699001303105 0.2783958438449474 0.7627756560863443 -1.1630342375582958e-05 -2.6090831470881908e-05 -2.0987617146417446e-05 1.864042277476791e-05 0.0 -0.01712788838444236 0.261732090721155 0.7519930800368522 0.0001928502343200665 -0.00040994555155542383 -0.0004620239830140859 0.0006905381704162632 0.0
0.06237447660239904 0.27839155163789886 0.7627637948103184 9.458010641502331e-07 -6.006970454539045e-06 -1.2888768780450096e-05 1.2500679180767215e-05 0.0 -0.01658635012705766 0.26157525470364307 0.7517856311872136 0.0005345692583400641 -0.00021667229511954187 -0.00030713677709575077 0.0006162351588751246 0.0
0.06237567926876596 0.2783840533203075 0.7627542267997772 7.154392038429402e-06 -5.383711481033972e-06 -1.0435089981214609e-05 1.0823039873421894e-05 0.0 -0.017587182226619213 0.26251871213862843 0.7517587691613978 -0.0007005113992296697 0.0007692374027063651 -7.039555867778178e-05 0.0013334782186047896 0.0
0.06237758169358779 0.2783834665417163 0.762749425191294 3.7170199856104432e-06 -3.4250023992920165e-06 -6.160563119183074e-06 6.642755891700966e-06 0.0 -0.019757922332443546 0.26461956312742624 0.7526575823823293 -0.0021820468137042355 0.002046096552898368 0.0007868912207882473 0.003173836548669249 0.0
0.06237354871631508 0.2783745998004822 0.762759915980533 -1.445260408827086e-06 -3.5701151214421995e-06 1.0585927195498528e-05 1.3858266165934387e-05 0.0 -0.0201177591353448 0.265028771211352 0.7529843487302815 -0.0009973982536263869 0.0009851293134518198 0.0006035521239209211 0.0006981756226571724 0.0
0.062372173168075265 0.27837756237875516 0.7627571847130841 -3.418223005597094e-06 1.335383371678458e-06 2.037302237812937e-06 4.306651329332349e-06 0.0 -0.020136592546123534 0.2650030196248758 0.752759660202759 -4.825256382138469e-06 -5.7584378114455825e-05 -0.00010701393315279298 8.747414510199762e-05 0.0
0.062373110098335176 0.2783816161454833 0.7627519423185696 -8.711152669607718e-07 2.5917587918796636e-06 -4.475373661186564e-06 6.535663777523121e-06 0.0 -0.019777442059582213 0.26391791971258016 0.7525507505219983 0.0006900700028400923 -0.0013036228029591336 -0.000390854778597583 0.0012076624480989247 0.0
0.06237399240680709 0.278382997511117 0.7627498941000235 1.5259266151793785e-06 3.9149755263268126e-06 -4.297919223135794e-06 2.694983502174129e-06 0.0 -0.019630071047646733 0.2636012753538152 0.752540835450208 0.0005385300045030906 -0.0008325975465619931 -0.00021729090290195858 0.0004804301642930077 0.0
0.06237447738153133 0.27838230939775205 0.7627502406488139 1.1755522025745599e-06 1.041095773496517e-07 -1.912273007170847e-06 9.798232021983146e-07 0.0 -0.019376580465381082 0.263407802187372 0.7525090315100668 0.00022884320566814685 -0.00017906128450894223 -1.306033339911047e-05 0.00021180399883306193 0.0
0.062375646980618205 0.27838477095827663 0.7627469097309907 1.5636562898239876e-06 7.803940786697092e-07 -2.1592534398925034e-06 4.304408965627168e-06 0.0 -0.01904094275932446 0.263160297402119 0.7524007359025092 2.0490390991058122e-05 0.0001301355156494597 2.9101591944046505e-05 0.0003777855569256432 0.0
0.062375959290029814 0.2783834497896334 0.7627480943000081 1.3981784639528684e-07 -1.1939357260172167e-06 1.929083463323563e-06 1.757758429253994e-06 0.0 -0.018877635508972094 0.26292985637483024 0.7523708932382597 4.5781755454888046e-05 9.204313929191306e-06 6.552063765221755e-05 0.00038252781630438294 0.0
0.06237763024829107 0.27838808512689417 0.7627418555907659 7.888006744141448e-07 3.078656972021453e-06 -3.8434111345472945e-06 7.930609537826646e-06 0.0 -0.018760745971075705 0.26279624516001854 0.7523662389666232 0.00021853061874412168 -0.00024021333503390597 -6.0795995234784006e-05 0.00015152760285048117 0.0
0.06237751858966788 0.27838449059671133 0.762745987831691 4.34274394238219e-07 -7.90414568852606e-07 7.456033959624325e-07 5.5386664222344e-06 0.0 -0.018521074614183418 0.2626804406399915 0.7523185765270421 0.00022475438797553074 -0.0002036724123138968 -8.376069688569935e-05 0.00023851888476083963 0.0
0.0623771481035745 0.27838261813091636 0.762748077912655 -2.83343768652354e-07 -2.5518598205294896e-06 2.852469153359682e-06 2.7829204709670313e-06 0.0 -0.018308550845485903 0.2626617786343118 0.7522560158312467 0.00023984968445461979 -0.00010709527557899466 -5.543338178131332e-05 0.0002566272820499656 0.0
0.06237490196047264 0.27837609002860914 0.7627562306324109 -2.217727142585467e-06 -6.734268245399331e-06 8.389149067710795e-06 1.050750417157492e-05 0.0 -0.018021054043252518 0.26266911401986537 0.7521920825906545 0.00028009041049975223 7.600650162443469e-05 -5.694595096656234e-05 0.0002833262308926255 0.0
0.06237445366548101 0.2783796849680188 0.7627527636596063 -1.0797414004227548e-06 1.3380026413820336e-06 -7.431578536852272e-07 5.469392002798402e-06 0.0 -0.01780157939312404 0.2626950882082714 0.7521290674004865 0.0002629654069223744 3.769053427059218e-05 -7.534195624880091e-05 0.0002267848302066708 0.0
0.06236526566627673 0.27837471291526755 0.7627488519557277 -7.829582831091827e-06 -2.425754403835211e-06 -5.330740197924012e-06 1.0781937711762813e-05 0.0 -0.01732414667163065 0.2628335699657423 0.7520301771304357 0.00044102905116242955 0.00011394430608542032 -9.843454631843347e-05 0.0005055480844987725 0.0
0.062349940103358224 0.27837077833490814 0.7627460033962076 -1.5364375716889086e-05 -3.8017660736789183e-06 -4.833145302899728e-06 1.6080474753977296e-05 0.0 -0.01692187344767183 0.2629658001366687 0.7519607537921209 0.0004207255126926581 0.0001410621651066482 -6.799537396732071e-05 0.00044093876418611834 0.0
0.062328557544175045 0.2783665283538071 0.7627479704198744 -2.2145194291315918e-05 -4.326103567424058e-06 3.873355461319297e-07 2.2128992811087887e-05 0.0 -0.016540950623030338 0.2630933156573914 0.7519108350975764 0.0003957110536018959 0.00013640760721095161 -4.9163793551969094e-05 0.000393383587819873 0.0
0.062299250713430065 0.2783574079721016 0.762747539369639 -2.9903074391925103e-05 -9.446827327227355e-06 1.9770429625855688e-06 3.056240722974699e-05 0.0 -0.016102633091393415 0.2633138032641773 0.7519635234730551 0.0004263954804196897 0.0002021355386657227 4.165909005690764e-05 0.0004917990281765564 0.0
0.06223710872211183 0.27833899272049606 0.7627408591185427 -5.872169777658788e-05 -1.7800469762502097e-05 -4.660808370471312e-06 6.47961729796971e-05 0.0 -0.01563026183979692 0.2635543852680006 0.752060635477456 0.00045314033848997876 0.0002450001321653217 0.00010984252881592938 0.0005470434055453975 0.0
0.062166446614348045 0.27832887172415044 0.7627406215228381 -7.385942000981717e-05 -1.2945636536272566e-05 -1.8332566119167913e-06 7.246135929541026e-05 0.0 -0.015253917034596528 0.26360383520480324 0.7520852437975254 0.0003910670782843066 8.257998349624843e-05 5.4056953353723363e-05 0.00038357001462144627 0.0
0.06212053810896366 0.27832755955718524 0.7627526942717332 -5.326990245139428e-05 -1.774922896109046e-06 9.13396380418978e-06 4.6779546093912495e-05 0.0 -0.014880886217920214 0.26363603221692417 0.7520834560239437 0.0003654060304629226 1.1222112659704692e-05 -6.948030846017128e-06 0.0003593354125698047 0.0
0.062092873893906025 0.278311213192918 0.7627509894800099 -2.7061386612639947e-05 -1.2114048799852132e-05 2.503374057631043e-06 3.1149683307929976e-05 0.0 -0.014512712894230104 0.2634895255362651 0.7519495631804407 0.00037247391898003536 -0.00014684795746320843 -0.00014166775723279329 0.00042734263810509734 0.0
0.06208557268958133 0.27830291143990493 0.7627473422530676 -1.2677691494780812e-06 -9.133391651430812e-06 -3.016069772605638e-06 1.2782967865941012e-05 0.0 -0.014294494376698958 0.2633192761357287 0.7518576934432981 0.0002249234932494288 -0.00020492751690337382 -0.0001311733735454587 0.0002981161287949649 0.0
0.06208272015445989 0.2783016441052243 0.7627301962585405 5.020748274671445e-06 -2.828946191211972e-06 -1.6834638657008692e-05 1.7768457377992346e-05 0.0 -0.01415463946154897 0.2630937621371143 0.7517678705076576 0.0001326866350185579 -0.0002284410049395715 -9.72870430747241e-05 0.0002695628622808657 0.0
0.06208798385940226 0.27830275714541075 0.7627175030512159 5.5088970937166e-06 9.409820801005396e-07 -1.7278513446136217e-05 1.36495376663273e-05 0.0 -0.01418444780565584 0.26299158696094116 0.7517479654194886 -2.232843839331184e-05 -0.00010499523066879532 -8.61209326152811e-06 0.0001108837982101869 0.0
0.0620978406607873 0.2783023189226388 0.7626966017412509 4.749740771027362e-06 7.953723419862229e-07 -2.1120653909149245e-05 2.2501938616329212e-05 0.0 -0.014419879323633578 0.26301159250181944 0.7517059334336531 -0.00023572423115220386 3.46362550394924e-05 -1.0484838270904517e-05 0.00023958673225894778 0.0
0.06212059975362636 0.2783053101253392 0.7626768480635022 1.820561832968142e-05 3.708294541270845e-06 -1.8776696090941714e-05 3.0488009226522443e-05 0.0 -0.015202234131504247 0.2630436783909975 0.7516237383187255 -0.0007473378172718351 6.76699013121264e-05 -6.784027265491828e-05 0.0007883246306312756 0.0
0.062130120114564716 0.27830521931019103 0.7626699581679125 1.3084171960389815e-05 4.58493738245221e-08 -7.128305214261869e-06 1.2016380363628169e-05 0.0 -0.015637392904984383 0.26274932185268934 0.751602326486306 -0.000565952948997714 -0.00022390717924526243 -4.2907481821548596e-05 0.0005417038264048672 0.0
0.06211655725880489 0.2782975336159495 0.7626695848992795 -1.0664743408678595e-05 -8.631996949302205e-06 5.312286776901657e-07 1.4919837863323587e-05 0.0 -0.015448696670052608 0.26234431340707876 0.7514072876654286 0.00010699814397200421 -0.0004526443471442065 -0.00018306563089911092 0.0004600746045741288 0.0
0.06210243941098447 0.27828844145367465 0.762666653623579 -1.8668873581688926e-05 -9.91848667641738e-06 2.5165179687461087e-07 1.7554476669464447e-05 0.0 -0.015214922584898712 0.262007413173983 0.7511633204683597 0.00038201136277774754 -0.00042518872909345776 -0.0002556276494614532 0.00047836577382810247 0.0
0.0620973700602251 0.278282964903105 0.7626676795193769 -1.0583305252221973e-05 -6.804738192125297e-06 5.36876576434899e-07 8.139492464520624e-06 0.0 -0.015156132380948725 0.2617548218994165 0.7509651763292887 0.00023011505806484132 -0.0002856536374854837 -0.00022748781519496135 0.00034916054027976754 0.0
0.06210442834160552 0.27829413029766475 0.7626612582289838 7.113642513696211e-06 9.305201974657368e-06 -5.994625680754188e-06 1.363514898013713e-05 0.0 -0.015167638443412795 0.2616221226620484 0.7508963416071704 -1.2608756866066184e-05 -9.34104979587855e-05 -8.327895535504414e-05 0.0001424598314210874 0.0
0.06210772314005743 0.2782959956196222 0.7626583506102534 1.0135247913761992e-05 6.798447159496044e-06 -6.331800394085683e-06 5.202619062703081e-06 0.0 -0.015171580009523178 0.2616072011980732 0.750886786995818 -0.00013345424859139484 4.384965602263118e-05 1.5002511693686395e-05 4.420155140602284e-06 0.0
0.06211715930298688 0.27830536878897216 0.7626433955660199 1.2700429322384193e-05 1.0105417652187703e-05 -1.4065840290266932e-05 1.9950830264526408e-05 0.0 -0.015188338928284407 0.26157988785185066 0.750861335935771 -0.00012538784908701052 1.364602492916584e-05 1.763235340317472e-05 5.2228516095274076e-05 0.0
0.06212468841924431 0.2783110312072229 0.7626333731598457 6.7360506952197485e-06 5.779569450354408e-06 -1.1281188615061272e-05 1.4109297870336073e-05 0.0 -0.015202697342194363 0.26158837332065776 0.7508539068037777 1.4463762477644215e-05 -1.9873481755115222e-05 1.2937153246167189e-06 2.0625317553137133e-05 0.0
0.06213177254559581 0.27830813134154714 0.7626325064512093 4.0701353552516135e-06 -3.6681491993894098e-06 -2.1203188459002854e-06 7.283943323158647e-06 0.0 -0.015211334512376147 0.2616270396317289 0.7508295686856391 5.529343548625799e-05 1.0883164672854993e-05 -4.902879897818041e-05 4.0771798391772826e-05 1.0
0.06213331698003213 0.27829945464903477 0.7626411088349245 1.1427221502451103e-06 -1.0323795069247321e-05 9.292712393036472e-06 1.2132409694799758e-05 0.0 -0.015202921700598247 0.2616443003758143 0.7508072919021661 1.7759463154427005e-05 1.1252822303653778e-05 -4.384192282162809e-05 2.9286206877646257e-05 1.0
0.06213222741012766 0.27829533933832323 0.7626461432798888 -1.2532930516086972e-06 -6.3646537857489565e-06 9.11866695550529e-06 7.099440397167797e-06 0.0 -0.015105527171510784 0.26163080901279423 0.7508541052514975 7.673084660767525e-05 -1.3341672908562632e-05 3.327484451026805e-05 0.00010895882483523243 1.0
0.0621307156063882 0.27829559074919175 0.76264690512308 -1.985470834471815e-06 5.04169887907727e-07 2.0939997823510766e-06 1.7552370960922432e-06 0.0 -0.015062759266870668 0.26163397631499974 0.750867354020202 6.104295349927783e-05 -9.722283450895445e-07 3.636653130745734e-05 4.947931478787898e-05 1.0
0.06212953515408032 0.27829524635305924 0.762648062227839 -1.7206105058313556e-06 1.2925830732323293e-06 -8.460997361008572e-07 1.0605847343376506e-06 0.0 -0.015048608982729856 0.2616341505584609 0.7508637013834755 2.1183896689841126e-05 1.6804882153828593e-06 6.6164328471001076e-06 9.646380780171807e-06 1.0
0.062127857132010515 0.27829587323546107 0.762648529507158 -6.144177759240208e-07 2.8064696864737435e-06 -2.491990668399729e-06 2.3525505991104313e-06 0.0 -0.015014115523910207 0.26161437416543215 0.7508355203032979 1.7947664572578246e-05 -1.7394669767341526e-05 -3.1127187660793415e-05 4.89419175383552e-05 1.0
0.062127213173248694 0.2782963821960462 0.7626484397012314 -2.076730678222661e-07 5.253762664964835e-07 -3.408446885654416e-07 8.909665889611638e-07 0.0 -0.014973721185402218 0.2615998312489604 0.750806546967097 2.944057770680468e-05 -1.1499122106330624e-05 -3.940186361369576e-05 5.5485286825731604e-05 1.0
0.062126764697177386 0.27829644612544496 0.7626486345812337 -8.786801416429713e-08 -1.1307899698085029e-06 1.256728016462381e-06 1.5190196410746657e-07 0.0 -0.014864742681496812 0.2615889777624625 0.7507754179751456 9.968916031547137e-05 -9.421956659152029e-06 -3.835533470409675e-05 0.00011250070407858306 1.0
0.062127458024335655 0.27829977290878866 0.7626448641334096 3.2801781194636407e-07 1.99079491433411e-06 -2.1789042211942682e-06 5.157718606606286e-06 0.0 -0.014522410920808491 0.2614101422504062 0.7506908864909673 0.0003276207469286352 -0.00015636960522790507 -7.334480010998007e-05 0.0003911921603235156 1.0
0.06211277363273447 0.27829691426442044 0.7626398156719647 -1.2491469696586139e-05 -1.332187033013475e-06 -5.576320660700955e-06 1.5926593181882367e-05 0.0 -0.013224012835984315 0.26054611695966706 0.7504496814149039 0.0012121051120951465 -0.000790694467046485 -0.00021787182680678817 0.0015768043180911225 1.0
0.06209888193539424 0.2782892120854682 0.7626440589785628 -1.612199606469169e-05 -7.259245708287798e-06 2.0752040221569815e-06 1.6593553437386192e-05 0.0 -0.011500779776513806 0.2596053322037274 0.7502618283976266 0.0018206826830494127 -0.001044640822007685 -0.00022392729384101745 0.0019985287952967497 1.0
0.0620489717801817 0.27814356549052877 0.762501530428733 -4.6651825712050896e-05 -0.0001275747580042035 -0.00012055417781554907 0.00020762489651021476 0.0 -0.009792864080317496 0.2584341486112085 0.7501971822424265 0.0018770459658586554 -0.0012333314013915216 -9.419464547581208e-05 0.0020452716754866427 1.0
0.06204261284903701 0.27778199100704043 0.7621174486015 -1.768232347754785e-05 -0.0003513199110884809 -0.00036926066365309434 0.0005308665826518264 0.0 -0.008048351708343312 0.2566056780360122 0.7505649195721629 0.0017625960860395186 -0.0017639345560928421 0.00033380670821180503 0.002534137873023814 1.0
0.0621018015829739 0.2775868538184152 0.7618921248410129 5.307756758915814e-05 -0.00026566772213273363 -0.00029928957164718727 0.00031077497331990963 0.0 -0.0067828888443115165 0.2547210559446093 0.7516045577041373 0.001228121288041353 -0.0019196644290336558 0.001039764743320847 0.002534365897332795 1.0
0.06209114895686194 0.2773857348158941 0.7617101706126893 1.5100432844916401e-05 -0.00020197137172862182 -0.00019558418292111706 0.0002525607758194803 0.0 -0.005440916420293523 0.2526845437768548 0.7524302434194232 0.0011448002762431831 -0.0020314187608835434 0.0010131478727008262 0.0025712764476987404 1.0
0.06199275439854572 0.2772045814824148 0.7615488220754415 -8.44795865483074e-05 -0.00015137454825006543 -0.00012665528380861004 0.0002682096097434246 0.0 -0.0041509157439244704 0.2502531669918528 0.7530859161364556 0.0012197167590213601 -0.0023808559194074996 0.0007126574001363769 0.002808854848168356 1.0
0.06191052573839294 0.2771125878403491 0.7614833657274348 -0.00010716843355754067 -7.072194306095835e-05 -3.5727946463878576e-05 0.00015335950812111863 0.0 -0.003001201688401851 0.24841530040809426 0.7538795370881386 0.001232851817405147 -0.001963021381610683 0.0006620121982888149 0.002332181267962621 1.0
0.06188556457327179 0.27706313210566863 0.761439454031647 -5.090710681056229e-05 -3.489262334742938e-05 -2.123386811236886e-05 6.171679770241942e-05 0.0 -0.002798803094161858 0.24802873413288296 0.7540776684485068 0.000380640821205635 -0.000493974435202121 0.00018338057803815805 0.00047448952357178166 1.0
0.06185538279016156 0.2769692118165712 0.7613493477938688 -2.1981912546766618e-05 -9.296909303553702e-05 -9.521677432323997e-05 0.0001264270618858711 0.0 -0.002775685844831462 0.24764502766128443 0.7542929640370614 -6.735624326022118e-05 -9.767456307679717e-05 0.00010809108777124209 0.000385942231671174 1.0
0.06183894595471344 0.2769028581468487 0.7612863678675189 4.565715611821903e-06 -8.960385917183391e-05 -9.523612977369221e-05 0.0001052808702617599 0.0 -0.0026921667198577695 0.2476119762262244 0.7544178314822549 -6.000577094327614e-05 9.747791162142733e-05 0.00012659361118025613 0.0002279616156815401 1.0
0.06182283759428061 0.27686103576661103 0.7612457808446662 -2.996819794711265e-06 -4.4874556002330796e-05 -4.532046508140932e-05 5.451854032952259e-05 0.0 -0.00257968748710276 0.24761835458205408 0.7544646410098247 7.802749348256432e-05 3.0241894106227936e-05 9.972496678890781e-05 0.00012362288824832026 1.0
0.06181148569764208 0.2768365799972959 0.7612213013645345 -2.1039781465337197e-05 -3.269831298312762e-05 -2.812028569803315e-05 3.3308374499495285e-05 0.0 -0.002424082383806719 0.24763452935243224 0.7545091331579458 0.0002657309541626775 -0.00012977404576417395 5.100440101630957e-05 0.00011807795428841637 1.0
0.06176650119174901 0.27678752392609185 0.7611759397494666 -5.061473411639651e-05 -3.946160586724637e-05 -3.468720107392914e-05 8.412657890005177e-05 0.0 -0.0021017919488862773 0.2475698365098711 0.7544963125766133 0.0004084878539228913 -0.00021320344514609004 2.4655468509083688e-05 0.0003278011971864386 1.0
0.061732757226784625 0.27677320099964914 0.7611715158715693 -3.9723477206589876e-05 -1.3197750423965131e-05 -2.917544052025286e-06 4.011021062867427e-05 0.0 -0.001741218248081034 0.2475919684870266 0.7545339100837035 0.000394415758437582 -5.226604095063137e-06 4.451126938101208e-05 0.00039514147601136997 1.0
0.061683275480130584 0.27675392848369545 0.7611692696108172 -4.69207619599376e-05 -1.7921976726199208e-05 -1.8079755569916326e-06 4.757941114150451e-05 0.0 -0.0007113531492949175 0.24769532198194158 0.7546515724878781 0.0008875411128796316 0.0001614697957381271 7.956114262674355e-05 0.0010155840797097912 1.0
0.061638244890824485 0.27673778847192326 0.7611648222155819 -4.7493340601594564e-05 -2.0304165090563047e-05 -5.9063523310622416e-06 4.985626751287935e-05 0.0 4.235109299051326e-05 0.24787338258350905 0.7547896723290827 0.0008722051075222796 0.00018169118067761517 0.0001620771837919849 0.0008146095718881228 1.0
0.061584558229103595 0.276711740836363 0.7611459289664503 -5.014707278994106e-05 -2.2444554931163715e-05 -1.4771834142082987e-05 6.350745613283013e-05 0.0 0.000840178964799759 0.24783044510094226 0.7548841604655679 0.0008185659139674322 3.958097333750971e-05 0.00011306590056325296 0.0007780190656808993 1.0
0.061495051796449735 0.2766773211172699 0.7611357653523916 -8.311474433390846e-05 -3.361922094943712e-05 -1.411036252050509e-05 9.623035873873761e-05 0.0 0.0025542582274218663 0.24731034518163345 0.7551812912641268 0.00154025258151393 -0.00047267180337930224 0.00025991516052471813 0.0018079745598018485 1.0
0.06146848381653045 0.2766651151042652 0.7611320130348657 -4.0498131208775816e-05 -1.8963366126507768e-05 -7.745214112311595e-06 2.970238958849346e-05 0.0 0.0028067600940590407 0.2469888932648577 0.7551871930099547 0.0005311494459990635 -0.00045757613578552596 5.9008894862084134e-05 0.00047028473050672256 1.0
0.061439508069771345 0.2766592585293676 0.7611192862243834 -2.5542204979198485e-05 -6.553006621573146e-06 -1.138079383537538e-05 3.0035472137638955e-05 0.0 0.003394771902528342 0.24663758570769742 0.7552051397621908 0.0004205990119286951 -0.0003976020417063167 -1.4076006195127617e-05 0.000606684260503679 1.0
0.06140802884410365 0.27658874835903074 0.7610547796604648 -2.250076904577689e-05 -5.465497213476183e-05 -5.3290213983517164e-05 0.0001013476018218386 0.0 0.0039244580599061335 0.24646655981127052 0.7552473191901564 0.0004252598549042175 -0.0001580458476153994 1.0018358549502342e-05 0.000583304611569877 1.0
0.06142135546670485 0.27651470470777606 0.7609726700922346 9.230089049601445e-06 -8.063709176868192e-05 -8.733459832425826e-05 0.00011534093174947802 0.0 0.0046564844708958135 0.24608161052277402 0.7554582047839093 0.0006986387553884097 -0.0002643645282926858 0.00018291235579797832 0.0008884913639771869 1.0
0.061459070574653565 0.27647200542804024 0.7609238200653484 3.8235788470250755e-05 -5.640506286033384e-05 -6.370521024324358e-05 7.204450750251712e-05 0.0 0.005968290001163034 0.24556772831823026 0.756039000672494 0.0012809634341975499 -0.00047121461865416356 0.0005652189752712706 0.0015023757783135365 1.0
0.06148962419958252 0.2764505809769405 0.7608809065766065 3.4693229245570004e-05 -2.3641398083576576e-05 -4.2059911484146615e-05 5.356074084973039e-05 0.0 0.0066505997530374 0.24493202682341822 0.7559538281018443 0.0009740789712072654 -0.0006887886349865403 0.00010201438256415507 0.0009285592827326526 1.0
0.061494562146662456 0.27643077880224887 0.7608601251875061 7.781835102666237e-06 -8.739676564452969e-06 -1.2964611305622679e-05 3.302935189877658e-05 0.0 0.007307023314268217 0.2439576560672737 0.7555030346819627 0.0006956911745424302 -0.0010087537323115324 -0.0004344572022457184 0.0012486494879272551 1.0
0.06149054700486876 0.27641103033678255 0.7608518893596964 -6.610681492216154e-06 -9.242525305522643e-06 6.909235343259809e-07 2.227137613423288e-05 0.0 0.007715898073643453 0.24350340203309132 0.7556359553221926 0.00024409338644437988 -0.0005730587615480692 -0.00012030570513162865 0.0006419132911458742 1.0
0.061391643949433784 0.27633944980854586 0.7608109126764541 -9.629093906082231e-05 -6.547275276581894e-05 -3.342471860319237e-05 0.00012643312998411986 0.0 0.008704642792999378 0.24353395937484465 0.7568622488041605 0.0008218085974819956 2.17359209251147e-05 0.0010615446040891513 0.001566100345748297 1.0
0.06124448018864641 0.27626499605876065 0.7607716372946591 -0.00015703841941471582 -9.069005034029892e-05 -4.967198225927391e-05 0.00017268704025162732 0.0 0.008836285471787024 0.24371025635017868 0.7568230827527324 0.00030319674450687633 0.0003249946514002788 0.0003920831204623064 0.000267994862427589 1.0
0.061213173536244586 0.27621059898717204 0.7607769379576408 -6.011531357023721e-05 -6.65703648514118e-05 -8.86332674962726e-06 6.217349858271933e-05 0.0 0.010663960088484874 0.2442234015721877 0.7567876669343854 0.001604943345974633 0.0005729238287148286 1.9603111067659825e-05 0.0018075470561331368 1.0
0.061212464406422286 0.2762039572221524 0.7607509508642775 1.0437390561656792e-05 -9.05800294388005e-06 -1.5913455626509078e-05 2.090664560121907e-05 0.0 0.011365496807441531 0.24533660165032714 0.7559754348752908 0.0010689510397458295 0.0010692631569562433 -0.000842182383761303 0.0016394269170922522 1.0
0.06122259215101157 0.2762040180199385 0.7607284894059047 3.615793342082655e-05 1.4492366038556591e-05 -1.994927278424982e-05 2.911437651844768e-05 0.0 0.011988891007547046 0.24591270149198732 0.7556699625644215 0.0006063131220169326 0.0006811900598926019 -0.0006823915182500916 0.0008670081414307916 1.0
0.0612264313786169 0.27620152038583373 0.760721832216198 2.126252725548569e-05 9.68789507788065e-06 -7.926066732179188e-06 1.240901636801924e-05 0.0 0.012003714319008827 0.24587514734648966 0.7557188381963839 -2.0795106751939746e-05 -4.0517275334747953e-05 -3.98345639293258e-05 3.421683631130948e-05 1.0
0.061228350534437495 0.2762014435838521 0.7607184454753464 -3.204754034177943e-06 -1.003287082745669e-06 -4.1761876628167255e-06 0.0 0.0 0.011858258794117827 0.24584771883213544 0.7556404721963718 -0.0003179492582984138 -0.0001927356127226197 0.00019609238693602432 0.00016485418276457418 1.0
0.06119835675493681 0.27617245508383065 0.7607361278310689 -4.60504308453113e-05 -3.466834690169906e-05 1.3540823101973704e-05 4.336752341684115e-05 0.0 0.011832022102926406 0.24593386904617248 0.7555077878948671 -0.00014167782902521842 -5.52273529795574e-05 6.032491245279968e-05 0.0002391623492503833 1.0
0.061178927486430355 0.2761725474097055 0.7607408645622168 -3.4018326371164684e-05 -1.317166809523781e-05 1.2137171954823633e-05 2.4037986386343075e-05 0.0 0.012194372620645171 0.2462098668913172 0.7553868232285599 0.0003365755100244258 0.00026761886077319086 -0.00021069082016078556 0.00041186955392650735 1.0
0.061165389102116004 0.2761942045382688 0.760716478619108 -9.276338146219776e-06 1.9774585240145548e-05 -1.783383410570388e-05 3.274493695704824e-05 0.0 0.012530960913391035 0.24647000732805585 0.7552989559159377 0.0006033590019309616 0.00042536756984185183 -0.00016764518155081687 0.00043742226559217296 1.0
0.06116580230490752 0.27620234960672096 0.7607061683003159 3.3540853541566602e-06 1.9951825735356623e-05 -2.1970279014487707e-05 1.3677785558668636e-05 0.0 0.012541952842728663 0.2464821238181708 0.7552965164484983 9.155303241488943e-05 0.0001706795460933515 -8.911039157850654e-05 1.554973358352976e-05 1.0
0.06117015781050476 0.27620326677845924 0.7607140149570379 1.0390498449024162e-05 5.550439510813419e-06 1.6164371216604144e-06 9.425468664835563e-06 0.0 0.012542537112839014 0.24643951794653354 0.7553587701527457 -4.2755884209277526e-05 -0.00011488766954718325 0.00011795535444044313 7.26443515295255e-05 1.0
0.061180161206126175 0.27619395738699465 0.7607188595933788 1.2968820834065615e-05 -1.074389041969834e-05 9.888895110043237e-06 1.4574206055188631e-05 0.0 0.01254828087337809 0.2463908336913221 0.755428619869186 -0.00012349935283187125 -0.0001567028797641386 0.0001184917326378785 9.938933249119557e-05 1.0
0.061187682956582605 0.2761936685430836 0.7607159769674005 7.839881794490195e-06 -8.027706997101853e-06 3.829251074111055e-06 7.905433161134128e-06 0.0 0.012511309720137012 0.24635366211709755 0.7554467261685742 -7.69837370330743e-05 -6.254081220012922e-05 2.181684532159188e-05 6.206832737065819e-05 1.0
0.061190769025286286 0.2761970746704976 0.7607115339493673 -1.2005359335092705e-07 -1.5041891535988352e-07 -2.69057033843405e-06 6.526798282282468e-06 0.0 0.012482508167924351 0.2463465909352114 0.7554447742665388 1.0742316281623667e-06 1.966585953898819e-05 -2.024599706512127e-05 1.1343454207579049e-05 1.0
0.06119504776327743 0.2761985477607657 0.7607080647793453 2.242768567107617e-06 7.086214300900697e-06 -8.315600375538077e-06 4.9841782210755165e-06 0.0 0.012540955515023742 0.24635129513359685 0.7554965729153648 0.00010036875871283537 4.9797228105857876e-05 2.193609735380979e-05 7.816158112883672e-05 1.0
0.06120777939670353 0.2762032981961488 0.7607110097923324 1.0571042715713661e-05 7.709527528867313e-06 -1.592545951647234e-06 1.4592367795545906e-05 0.0 0.012602824735066487 0.24642132531157346 0.7554836354298932 7.665818862140935e-05 7.301730033322794e-05 -3.7075243520389854e-06 0.00010618581592318683 1.0
0.06121693173138926 0.27620215436668943 0.760710467466238 1.1657237242362791e-05 -8.538929903424687e-07 2.76316304108764e-06 9.42352630751006e-06 0.0 0.012714981504944456 0.24649581360768996 0.7554945212717098 9.660221675464602e-05 6.704486866446796e-05 1.4277786629370961e-05 0.0001292919860213424 1.0
0.06122550841648864 0.27620720900429496 0.7607022187280775 1.0027067209874153e-05 2.1780872113378262e-06 -4.716142642932852e-06 1.2258872242117989e-05 0.0 0.012844356897859541 0.2466173519707011 0.7554788876633866 0.0001368190510993251 0.00011584269294959777 -5.3362747038584724e-06 0.00017739636085398064 1.0
0.06122828999003167 0.27620480765151934 0.7607044264032703 3.805057080582122e-06 -2.1592585478619834e-06 -8.644016638620343e-07 4.675345640617036e-06 0.0 0.013044021945867894 0.2466929639691403 0.7555702082737741 0.0001903773812705101 8.49475957999722e-05 7.333003383209669e-05 0.00023328075253558245 1.0
0.06122918102037081 0.2762046942359401 0.7607046035473444 -7.38441063634736e-07 -2.617316548055311e-07 -1.933856789406852e-07 7.822424512751534e-07 0.0 0.013163180920586656 0.24672600660425215 0.7556422993752441 0.00013122516387045164 3.177171512312439e-05 8.426345821850386e-05 0.00014510631959405976 1.0
0.061227234392603046 0.2761987511258958 0.7607129330917787 -3.2838655641489262e-06 -5.18023052250314e-06 7.77073364431428e-06 1.0406748509971439e-05 0.0 0.013124375579830818 0.2466658772524978 0.7557137586215124 -2.451802000241303e-05 -6.287489881294785e-05 8.355157732650812e-05 9.63798581569237e-05 1.0
0.061219298656130676 0.27619414823922916 0.7607088909769033 -7.342563599250286e-06 -5.53692735935837e-06 -3.6416562938916546e-07 1.040718023691997e-05 0.0 0.013049163701296116 0.2466778992602091 0.7556361203744881 -0.00010216255430061547 -2.1026792203594453e-05 -5.427440942570844e-05 0.00011077586949507105 1.0
0.061208409468056196 0.2762004517060452 0.7607057452119383 -1.0449437363857795e-05 4.6496409114010195e-06 -3.7951257346275424e-06 1.2668725607091381e-05 0.0 0.01318657681590218 0.24670614817467315 0.7553621046863846 7.482804227298021e-05 2.9335671167881322e-05 -0.0002795364171733315 0.00030946195652775633 1.0
0.0612003464462704 0.27619425326980107 0.7607004892242717 -9.154865257316919e-06 -2.7352803872286404e-06 -7.265137128900039e-06 1.119027738094281e-05 0.0 0.013303204734943256 0.2467521816989179 0.7552263239884992 0.00014953303195128223 6.244389578389339e-05 -0.00020719467369002942 0.00019052734738127973 1.0
0.061199495469165706 0.2761929018200908 0.7607002609967668 -1.3815259983303588e-06 -1.6472793796520874e-06 -2.3360424761433727e-06 1.96778069773541e-06 0.0 0.01370540942824315 0.2469058847960033 0.7549198274962382 0.0004068401129483785 0.00015908978782045287 -0.0002877596882332974 0.0005125376940332056 1.0
0.061197990908162726 0.27618772728365953 0.7607034265984556 3.6209009993638314e-07 -5.6060156356384005e-06 4.284299832918622e-06 5.987214367067466e-06 0.0 0.014264157864456645 0.24702579648183887 0.7545071414741849 0.0005979293597516444 0.00014116562070994265 -0.0003836867760453514 0.0007179152465255339 1.0
0.06113909210168934 0.2761298964886002 0.7606453025238795 -4.929273883073238e-05 -5.1230246491639785e-05 -4.7550197154214995e-05 0.00010038096978697545 0.0 0.015847145910236 0.24640475374395213 0.7538093584548544 0.001474782337316371 -0.0005180922419644047 -0.0006631222646394802 0.0018292341225449658 1.0
0.06022830919314238 0.27510721675149125 0.7597780195291438 -0.0007986386049566351 -0.0008944268846966879 -0.0007603005838083918 0.0016099395397911206 0.0 0.016902822771806145 0.24589511937565006 0.7527492259182206 0.0012658216512579114 -0.0006446751254497976 -0.001055332359992508 0.0016090903259956967 1.0
0.058725617835413364 0.2735027534661513 0.7586123992303879 -0.0015477186738318807 -0.0016643362263308343 -0.001246435799193759 0.002526469915453716 0.0 0.016951740847730067 0.24597148912802605 0.7520219410209507 0.00021207511399535682 -8.702467827108708e-05 -0.0008657586541913155 0.0006987646421592049 1.0
0.05660778752947898 0.27057097457881346 0.7568323147491984 -0.0022186374646526166 -0.0029424971426180086 -0.0018341404445859789 0.0039978522321552435 0.0 0.01711232538206903 0.2461407441997671 0.7516462895002499 -8.644185085668769e-05 0.0002467446064538544 -0.0004123376185671652 0.00042314485791531894 1.0
0.05359262549012348 0.26350518114736643 0.7518138667771199 -0.003041598411209102 -0.006735204174770534 -0.004678490335970414 0.009136963488429056 0.0 0.017293424176245027 0.24615851366444172 0.7515680211619732 -3.9740579189574186e-05 0.0001939591376902944 1.6818670409387632e-05 0.00023955035187517705 1.0
0.04754442766088414 0.256290162720648 0.7500301440410925 -0.005737563158162818 -0.007846528953073478 -0.002694136619932557 0.009725623178704856 0.0 0.017336253174227267 0.24612341445770294 0.7515474172996759 5.2254373074157245e-05 2.739957751992709e-05 0.00010377856204050196 7.436627175941843e-05 1.0
0.0436979365518934 0.25505162459148006 0.7494897313293875 -0.004563737814277863 -0.002465027639922606 -0.000549786817040673 0.0040000713247779415 0.0 0.017353661824493827 0.24610977638134865 0.751542057506525 0.00014412052055826248 -0.00010081729228720717 3.473890457576651e-05 0.0 1.0
0.0415945671997994 0.2540380644824304 0.7486948735014147 -0.0022918813625123213 -3.8726983549601404e-05 -0.00010414450105087337 0.0022423368255815174 0.0 0.01736523313946858 0.24609897807680048 0.751538838039681 0.00015116141263123064 -0.0001298065806379907 -7.3100603162454e-05 2.0732117710540836e-05 1.0
0.03790317629693684 0.25397445179224487 0.7472256079952307 -0.002870204611755464 0.0009924277568550005 -0.0009631153033366549 0.004195794475491254 0.0 0.017382109368524 0.24606744270258246 0.7515331515017577 -2.6912474296997106e-05 -1.8314501480602013e-05 -9.11714964916305e-05 4.611471848539714e-05 1.0
0.036967491915283965 0.25391495653207485 0.7466926789938386 -0.001016993921160544 0.00046318496916440905 -0.0008061099368408245 0.0012987326754224518 0.0 0.017415018010406236 0.24601631396376888 0.7515309500603095 -3.092379384175717e-05 8.127800805946212e-06 -1.5077959193013921e-05 5.6547610985109185e-05 1.0
0.03677932789757316 0.25387976815033714 0.7469530887067626 -5.55209034156011e-05 -0.0005047416710493274 -0.00021894509719101122 0.0 0.0 0.017433005714078874 0.24598898156386634 0.7515201674272058 4.557728072042545e-05 -2.502886427879238e-05 5.855717687313689e-06 3.591550399462053e-05 1.0
0.03668565372928684 0.2538577441693972 0.747060650801386 -5.873312970660271e-05 -0.0008745148680655663 3.3155579503328994e-06 0.00013009814053836386 0.0 0.017434907483851587 0.24597849640273223 0.7515216878136792 9.698614779852095e-06 -2.4263662860546733e-05 1.785372427496793e-05 9.859929650025934e-06 1.0
0.036239327946208724 0.2537971032042329 0.7476259566475664 -0.0005432816844746307 -0.00022810321045520048 0.0008757222822625482 0.0009066575796055267 0.0 0.017442357014266413 0.245951459092522 0.751528090226691 -6.889857634102971e-06 -2.17577006420316e-05 1.0364711681834854e-05 2.8534448601926177e-05 1.0
0.03499741811203885 0.2514853875048524 0.7498060429338439 -0.0011359038457641486 -0.0016636734596605354 0.0020646072033293555 0.003361506308726326 0.0 0.017476045885669145 0.24592106665511868 0.7515184164137969 2.513478683176708e-05 -2.5061421159559165e-05 -4.255048264790211e-06 4.848624399500528e-05 1.0
0.03433161771176191 0.2502391020450334 0.7488578208781855 -0.0010817064233537839 -0.001716238929492181 -0.00039042020859256487 0.001702424621703726 0.0 0.01748881325424321 0.24590838759573985 0.7515098593878714 1.954166562920646e-05 -1.7636596333230407e-05 -9.757062793496228e-06 1.9624352408212824e-05 1.0
0.03463419755206221 0.24969950300702243 0.7484480906092609 -6.59933839781946e-05 -0.0006980052033956521 -0.0008479064975773708 0.0006670123491022539 0.0 0.017493004983130812 0.2458942422383088 0.7515107165818634 8.65833335818469e-06 -1.6802977465913978e-05 -2.8128041643548236e-06 1.2043982048518318e-05 1.0
0.03464679149481537 0.24936819209700903 0.7484905774460685 0.0004711426327863484 -0.0001293278052598747 -0.00029402733439734606 0.0003346411884613222 0.0 0.01749687683023172 0.24587981009119156 0.7515074843767208 2.410763694615287e-06 -1.4104452967155567e-05 -2.4164115841013263e-06 1.663668144400668e-05 1.0
0.0344434489319087 0.24882503261157102 0.7483590191221354 5.9850821857229805e-05 -0.00018834776701578867 -0.00010849696974063558 0.0006945235226338297 0.0 0.017415806727848798 0.2457368337474909 0.7515536436091104 -7.392508497600473e-05 -0.0001216945180444436 4.0024033993801496e-05 0.00017064275387245666 1.0
0.03341494576104588 0.24751363770663803 0.7475007518698042 -0.000947304597356396 -0.0010983601413505851 -0.0006031362214940257 0.001866550308879223 0.0 0.017132211983436858 0.2450352139311054 0.7522070647557311 -0.0002686825295349953 -0.0006407793421212781 0.000576215233464499 0.0009962181141861177 1.0
0.032976216156123415 0.24747138776657984 0.7470026941041968 -0.0008223023405300483 -0.0004971368329263884 -0.00042136710826370634 0.0006243097139248202 0.0 0.016340077314653832 0.24435343171940813 0.7524781420739788 -0.0007563469937817521 -0.0007817822023873061 0.00041655862124310734 0.0011007019052903042 1.0
0.03375086785918418 0.24922605982431648 0.7481694719673238 0.00046270036404176464 0.0013338091504422394 0.000949910370818797 0.002185266740156966 0.0 0.01600205630396479 0.24404905108649347 0.7524974862705743 -0.000495826962970425 -0.00042291637825071494 7.284944226551607e-05 0.00043741581391226866 1.0
0.0349452857254336 0.2514234137973298 0.7503306900339911 0.0014550803131579367 0.002611217306505409 0.0020477620273561562 0.0033792825790166328 0.0 0.01614246155939588 0.2440965950223634 0.7524894929110176 8.16843059007967e-05 6.653048351518376e-05 -9.020526778084536e-05 0.0001224014835421618 1.0
0.036060812889047854 0.2551292047314787 0.7512146947555937 0.0014991664911037867 0.003909849177688787 0.0015224409784605122 0.00399846501314973 0.0 0.016224208361925563 0.24413671339292287 0.7524702291800389 0.0002382724559743925 0.00019905203267519704 -0.000111037764042978 0.00012229943285295132 1.0
0.0366726330490345 0.2572843423180884 0.7507478433537997 0.000725851884967764 0.0026127247266880486 -0.00026884795517709346 0.0022506581099549314 0.0 0.016233817706211424 0.2441293800801291 0.7524664601549339 0.00013498414370821787 9.124496961799284e-05 -3.210278025819875e-05 3.4515699342897385e-05 1.0
0.03623003294087011 0.2585813746784974 0.750071795282393 -0.0005451404266014414 0.0010959845075038067 -0.0011813693414032798 0.0014483996820152775 0.0 0.016227537670309457 0.24409752753239722 0.7524820496784888 -2.0356875654133004e-05 -7.555436203666915e-05 6.867874014727632e-05 8.309171783420098e-06 1.0
0.035521342323034756 0.25886222222716815 0.7503000426387121 -0.0010939969382841716 -0.0001554954219547684 -0.00038973059640294843 0.0008947461411730973 0.0 0.01621817367738848 0.24407286827485478 0.7525013144851614 -0.00011387830919419042 -0.00014089837666982769 9.55306199686804e-05 2.7686468445084744e-05 1.0
0.0349643796401867 0.2594361779070961 0.7515736958821817 -0.0007454005306703952 0.0001790027400519164 0.001262700542305469 0.0014998334359023677 0.0 0.01628079158523434 0.24405727180142148 0.7524909578844383 -2.8628536789654336e-05 -5.2560444255172795e-05 -2.4283328780504718e-05 7.467920149627498e-05 1.0
0.03421161292847707 0.25929509938791356 0.7533473692036985 -0.0006013561690137764 4.734555880159773e-06 0.002306996360647158 0.0019379435216776405 0.0 0.016346645219234096 0.24405269282494335 0.7524574032784423 0.00011436849764821582 2.4135520724859823e-05 -5.192468213521535e-05 7.454591636555101e-05 1.0
0.03439635203200194 0.2582372387203028 0.7533411146158514 0.00021498957517603761 -0.0007587603395805328 0.0006679162442386976 0.0010430134909731417 0.0 0.01638415578580618 0.24404001790002622 0.7524454709233919 9.312440274350997e-05 2.262787767128e-05 -2.6848640790402278e-05 3.980069898721375e-05 1.0
0.03544829453900598 0.25758622596204594 0.7539861665191178 0.0011577066939112578 -0.0006321532509976314 0.00022199567311293996 0.0013587016566150548 0.0 0.016403323635165053 0.24402855401445925 0.7524484564495165 1.645181030472998e-05 -9.91521523028334e-06 -1.92565244419723e-06 2.2436380489125233e-05 1.0
0.03685493833878893 0.25630778021240963 0.755440108541908 0.0015781875750105155 -0.0012785490956273762 0.0009452610759401318 0.0024291837091553045 0.0 0.016434228010905026 0.24402034566973974 0.7524259281118671 1.2011643005611298e-05 -1.4064118653371246e-05 -1.093105531006227e-05 3.8914320504423633e-05 1.0
0.03733307844723666 0.2556234988644487 0.7559115285068858 0.0006968587356884575 -0.0008197702949458703 0.0006392779707785533 0.0010315304718536253 0.0 0.016452030739536477 0.24401403727754897 0.7524089524237108 1.1161531416438561e-05 -9.601723056129202e-06 -1.3427277450510038e-05 2.775659108839e-05 1.0
0.03766853783360549 0.25479145723850655 0.7559656389824987 0.00017955248095185016 -0.0007296406670223216 0.0002419643954593585 0.0007825243208964688 0.0 0.016460188996851987 0.24400166260664513 0.7523984500112368 1.0429311124006371e-05 -1.0702044256098786e-05 -1.3022866552441953e-05 1.6111730136381607e-05 1.0
0.037529267899686684 0.2539866866052233 0.7556499509342465 -0.0003562178866031549 -0.0006831975595385896 -0.0002700315261763268 0.0009011771431851344 0.0 0.016470326487708374 0.24399430974589464 0.7524026965951907 1.6206763661277894e-05 -7.535160146210764e-06 -1.4326214209435835e-06 1.255902250764937e-05 1.0
0.036635955164637767 0.2531022110412192 0.7552216703078809 -0.001005505222086703 -0.0009085023510300603 -0.0005946472743751207 0.0013888685072632311 0.0 0.016476130616949983 0.24399068407303995 0.7524053850799035 6.643437770718375e-06 -3.7231620224172042e-06 4.883779693521708e-06 8.582911077187103e-06 1.0
0.03591094838845307 0.2526113475786588 0.7550409813282113 -0.0008032903680352399 -0.0006203997472009444 -0.0003930958063946084 0.0008773361149302477 0.0 0.016476050903150075 0.2439886219830851 0.7524046441994712 -1.3152201208054231e-06 -2.2007760864183615e-06 4.5043163733662725e-06 2.2840874958028194e-06 1.0
0.03527041732853115 0.25193220541522254 0.7548574329543284 -0.0005649604333041484 -0.0006119932411389433 3.360140038662512e-06 0.0008898199337141369 0.0 0.016471926217945722 0.2439899047417049 0.7523970961656248 -4.257665238189008e-06 1.914144534595432e-06 -7.039977782824232e-06 7.927176402914737e-06 1.0
0.03505238569541474 0.2515591363435043 0.7547862170121146 -0.00015484534341077272 -0.00043467888638915573 8.117940335737139e-05 0.0004884536704552369 0.0 0.0164690399538662 0.2439949047430459 0.7523874229131214 -2.687568525545475e-06 5.4428147469222805e-06 -1.4540420313894242e-05 1.1899377331075455e-05 1.0
0.03500031209078013 0.2511596014066992 0.7546332263786459 4.194045745809275e-05 -0.00032706001239072376 -0.00014729000727813101 0.00041916634202983144 0.0 0.016464761436840714 0.24399895779376915 0.7523745062106741 -5.011750617816472e-06 4.518321971874482e-06 -1.445562574894338e-05 1.3989993062969311e-05 1.0
0.03505713851875398 0.25089535961822074 0.7544154617168966 0.00016406280080234683 -0.0002892772082987117 -0.0002445967791285794 0.000356706933285039 0.0 0.016464072300009097 0.2440014832067634 0.7523670068954926 -1.0165863397531023e-06 2.097471922602592e-06 -8.219549848126862e-06 7.821551079880495e-06 1.0
0.035162710617978994 0.2507304871194599 0.7542362361712677 8.526462330338155e-05 -0.000178933661248657 -0.000251006027224451 0.000257281934387686 0.0 0.016462755789652447 0.244004948923966 0.7523609659874859 1.973769476690522e-07 2.873141499267999e-06 -3.885008378281065e-06 6.964970842333798e-06 1.0
0.03522017337204525 0.2504660417602398 0.7539547948362512 -1.6745440209992133e-05 -0.00024023311933800992 -0.00028980210969172784 0.00039006730308312806 0.0 0.016457423107000397 0.24400874742144404 0.7523635786621771 -4.410207809967563e-06 3.3049782156341727e-06 2.988333367554165e-06 7.3647802780711635e-06 1.0
0.03564961961263158 0.24978481075735076 0.7530232577950806 0.0003334987386642203 -0.0006200137421531909 -0.0008346302786904226 0.0012218670138583083 0.0 0.016451660323815023 0.24400289626488064 0.7523682698536405 -6.707136018357813e-06 -4.500597636834958e-06 6.112114936755184e-06 9.45283157353227e-06 1.0
0.03629859572755288 0.25002182898453423 0.7523584470003635 0.0006414220388193612 9.858306931978598e-06 -0.0007948664161767156 0.0009951136324097107 0.0 0.016454044528573037 0.24401024616329925 0.7523640373710497 1.8621816805574097e-07 4.5827411398095505e-06 -2.2851757947184616e-06 8.779112584862626e-06 1.0
0.036816473125951286 0.24992447541388021 0.7515756578387113 0.0006264160724859917 2.984119936039469e-05 -0.0007960322723999706 0.0009018045226502931 0.0 0.016455698602561335 0.24399557600875538 0.7523886979132619 2.689645668942937e-06 -1.0533252381473151e-05 1.882208955205628e-05 2.8340472192145522e-05 1.0
0.03738695297210537 0.24996636892597468 0.751064191033617 0.000581688143366732 8.300062689655058e-05 -0.0005335279558272127 0.0007708037154517985 0.0 0.01646263691998857 0.24399164343764293 0.7523998047713069 7.362755588526239e-06 -7.132096634465902e-06 1.482443775409026e-05 1.4598963811761016e-05 1.0
0.03754686277812015 0.24983161784736838 0.75093125043159 0.00018728271022701897 -7.510530951577472e-05 -9.897846170941254e-05 0.0002724167807564677 0.0 0.016461806531459733 0.24399450877880438 0.7524084741309368 1.591320689689157e-06 1.4828447598155621e-06 9.992229383069437e-06 8.152112998053264e-06 1.0
0.03721345196997317 0.24945557682145508 0.7509224879022725 -0.00036517397778733926 -0.00038757652494036943 9.870269132123565e-05 0.0004871216369678251 0.0 0.016460929650050436 0.24399449903110337 0.752411281076855 -2.0337247513345427e-06 2.399946822265087e-06 2.2864033647238936e-06 3.0782759053175814e-06 1.0
0.037083170104689554 0.24925127734021543 0.7510526410502283 -0.00029373402288931114 -0.0003400297564497399 0.00015976771601327932 0.0002836223089589584 0.0 0.016460370440141595 0.2439935279718947 0.7524128370589804 -2.506256301802545e-06 5.050232369120972e-07 -6.161176166850467e-07 2.443707069241694e-06 1.0
0.03690354485753945 0.24888587195273307 0.7511788798542073 -0.00017249811455932482 -0.0003685896435915457 9.888794613938752e-05 0.000423132058532141 0.0 0.016467107843608074 0.24399106474162094 0.752411044882061 5.218132693617526e-06 -2.5266185569718014e-06 -3.3635810130775047e-06 7.415855021871523e-06 1.0
0.036618611913794535 0.24843100490727052 0.7511490174627354 -0.00020300805597848418 -0.0003724774187926135 -3.052876416478694e-05 0.0005300538541175512 0.0 0.01647036517595145 0.2439929038696598 0.752410202450496 5.629098505102383e-06 4.6487376723418366e-07 -1.0709197170178642e-06 3.4816692470247054e-06 1.0
0.03633268638437884 0.24795751433479257 0.7511477472550383 -0.00023428724365853488 -0.000490091012214923 -8.464585258575368e-05 0.0005593705778035139 0.0 0.01646830873426666 0.24399292931230077 0.75240745455717 -3.0722116078443414e-07 -1.3125856994930342e-06 1.8442039121960647e-07 3.43415331209664e-06 1.0
0.035872396993641295 0.24736197161471973 0.7511637135111248 -0.00041428921178711896 -0.000573807663648688 -9.905943131130316e-06 0.0007531041944136551 0.0 0.01646585790758804 0.24399342589803827 0.7524034909971646 -3.1408721080056378e-06 1.7342976153471624e-06 -4.233035561936562e-06 4.612917156958577e-06 1.0
0.03562882762970588 0.24687877479322962 0.7512244815960244 -0.0003370221435068278 -0.000529621042744138 7.357297827311751e-05 0.0005436323165511478 0.0 0.01646595086651033 0.24399407788616626 0.7524027378560088 -2.207674303552687e-06 1.2095433102537255e-06 -1.3050472992057747e-06 1.3467057925048494e-06 1.0
0.03559583179167697 0.24661628541010744 0.7511799099111305 -7.613552347504664e-05 -0.00028862423590953395 6.736750297070971e-07 0.0002683873305012205 0.0 0.01645941067548296 0.24399884209030726 0.7524094325827476 -5.643701372336176e-06 3.8127125317637435e-06 5.764297488749261e-06 1.0205761767285654e-05 1.0
0.03558278448288562 0.24648940456492485 0.7511545193303489 6.470358815098483e-05 -7.763237272897139e-05 -1.6115480770929792e-05 0.00012294802826106883 0.0 0.016455126358074206 0.2440020596220743 0.7524097232668632 -4.484814471941238e-06 3.757473185049086e-06 2.670932939812196e-06 5.656281494488436e-06 1.0
0.03558169447343496 0.24638637696819463 0.7511299672122375 3.9080410507902165e-05 -5.817037754830311e-05 -3.75928988967512e-05 0.00011595495880750641 0.0 0.01645763814583406 0.2440011219890071 0.7524149880059384 2.1357145765463342e-06 -9.722082936793402e-08 4.595894084023522e-06 5.628937112609306e-06 1.0
0.035568941815311464 0.24632849325589623 0.7510868863457023 -1.8280993040418607e-05 -4.9712179835504006e-05 -5.498319967293422e-05 7.76570803756448e-05 0.0 0.0164584864431773 0.24400389923605947 0.7524163294577143 1.930251811109349e-06 1.7424044903661417e-06 1.7284738956566982e-06 3.1959545403237464e-06 1.0
0.03556306617803637 0.24628828481519344 0.7510504337543488 -4.4201839234290846e-05 -6.379422871222027e-05 -3.2557505363343214e-05 4.3578091967472166e-05 0.0 0.016461265115733325 0.24400259845762803 0.7524202014887162 3.0942421433706346e-06 -1.223372432219976e-06 2.4708934445206143e-06 5.036973822635052e-06 1.0
0.03554924661797294 0.2462450318404151 0.7510169847309569 -4.861172294737845e-05 -7.700803362618088e-05 -2.658354532320071e-05 5.701074832081083e-05 0.0 0.016458954067708368 0.2440013786456758 0.7524212226502822 -1.1755888074308475e-06 -1.5591515432740358e-06 1.0933466228238616e-06 3.0131284981974263e-06 1.0
0.03545735290647977 0.24615770085367394 0.7509643870032227 -7.084662406221576e-05 -8.816806023860524e-05 -4.624977233142091e-05 0.00013998892208231747 0.0 0.01645859320912076 0.24400315127845482 0.7524201647510583 -1.6984585636912698e-06 1.3544018119386423e-06 -5.785398027672816e-07 1.7510241981273528e-06 1.0
0.03542594488430122 0.2461297403558306 0.7509707953747102 -3.7304492358183135e-05 -3.499528659361902e-05 -1.0313561393671826e-05 4.62030829237013e-05 0.0 0.016458863632088476 0.24400296328619814 0.7524194008536896 -1.1183991803402554e-06 8.686675552877879e-07 -9.492620284795543e-07 9.809658565011708e-07 1.0
0.035390829788373775 0.24610250363201125 0.7509693180375451 -3.377608661962486e-05 -2.0649330106650373e-05 8.090686909896211e-06 3.768419530803988e-05 1.0 0.016460870896422092 0.24400344545777758 0.7524222030450016 2.1539055749926328e-06 4.384853073638077e-07 1.7110203453412058e-06 3.428995228065039e-06 1.0
0.03536825586036344 0.24609743134377712 0.750970631347221 -1.6479799222775088e-05 -1.0073506384632234e-06 6.326598691792465e-06 2.5747231876193765e-05 1.0 0.016455851658229666 0.24400297991434486 0.7524185196447243 -2.918909626146346e-06 -4.423585788843516e-07 -1.8058666414948885e-06 6.377508345517288e-06 1.0
0.035344869088467054 0.24607834807548928 0.7509557493308618 -1.5021939707882718e-05 -6.582501206975539e-06 -1.3062300907499426e-05 3.597212446441947e-05 1.0 0.01646323846659486 0.24400901859179316 0.752417370995577 4.997589995328284e-06 5.090559760986671e-06 -1.8467900784853063e-06 9.511187590048615e-06 1.0
0.035377310427217284 0.2461153642257038 0.7508552884415666 2.8117095106909438e-05 2.967844102327276e-05 -9.349588704170785e-05 0.00011048348098726845 1.0 0.01625509953404713 0.24380539256345962 0.752543056445132 -0.0001768046284829656 -0.0001735545245859799 0.00010769163631603882 0.000314295665629168 1.0
0.03527357386817308 0.2461167289017271 0.7509257370685258 -8.161747678802391e-05 7.408096671812537e-06 2.797295831140861e-05 0.00012523908593546835 1.0 0.015901567326550785 0.24358485312762593 0.7526648183118261 -0.0003625410287549732 -0.00024691599193421993 0.00014002860119267433 0.00044296803432281804 1.0
0.03527797564702548 0.24602973218056912 0.7510217781932369 -3.031540871075101e-05 -7.853993848354319e-05 0.000104731026837238 0.00012964368982513135 1.0 0.01598757186266553 0.24372490622210938 0.7525819193173585 -2.222477859074914e-05 6.151113589672534e-05 -3.9022639119768725e-05 0.000180976032403806 1.0
0.03537776376116211 0.24595277118747894 0.7510660097391035 8.833301560846837e-05 -9.174774960840581e-05 8.136400832474606e-05 0.0001316794073247147 1.0 0.016035297263488384 0.24380630951805463 0.7525435924769783 9.720993858543448e-05 0.00013798944364289725 -7.370356481834576e-05 8.73671194704129e-05 1.0
0.035383882525098824 0.24599215031398367 0.7513789432168807 4.0571406022903506e-05 9.63678093897271e-06 0.0002793771748052726 0.00031598622771605096 1.0 0.01604978542989922 0.24395960480924872 0.7523847994998567 8.571155986841203e-05 0.00019706911419166445 -0.00017170475185367473 0.0002307670241376654 1.0
0.03522503675201887 0.2461451478666019 0.7517309737639473 -0.00012900215951953373 0.00015444869378898173 0.0003708235490324164 0.0004209230537607557 1.0 0.015923267854317708 0.24397207479999372 0.7522934082860749 -8.372879718619761e-05 5.5907458935755655e-05 -0.00012421357021527392 0.00017201662921929596 1.0
0.03511246003775394 0.24641597860327522 0.7523763941595285 -0.00015187433570747118 0.0002940531042231157 0.0006238852212217096 0.0007025610346823966 1.0 0.015770320280254057 0.24388751319823648 0.7523234671776408 -0.00019686505258115547 -0.00011070630702666854 2.5674030216381045e-05 0.0001612071608402764 0.0
0.03509638504689683 0.2462350641331922 0.7531065623988897 -5.635356797636323e-05 -7.514884371481774e-05 0.0007590181888641034 0.0007568369943578296 1.0 0.01610207232475301 0.2441179673273049 0.7523838987990429 0.00019213094420754688 0.00011301180330111224 0.00010504237953021313 0.00040297551190904475 0.0
0.03463679389367189 0.24634903593830992 0.754107740049782 -0.00038849375303884526 9.55337996762111e-06 0.0010025085516204985 0.001099836776802034 1.0 0.019755950040930052 0.2430611528179265 0.7563021614258983 0.0032412033013657316 -0.0008480323285039094 0.003400416435244891 0.005429447256223465 0.0
0.03481197614962973 0.24658905266806722 0.7554961113331384 6.458885892881154e-05 0.00018188182073777354 0.0013565648296655704 0.0014277251766474863 1.0 0.02517606690289582 0.2414359187139643 0.7629143891004808 0.00574619797220223 -0.0016563502715037548 0.00677039916291175 0.008829895969106907 0.0
0.03539206353986852 0.24804683080631004 0.7578694101050123 0.0005773156215642024 0.0013176311686865394 0.002285016829546279 0.002834645928362907 1.0 0.02759651846262702 0.24020166182084723 0.7669867421477579 0.0035099502999746683 -0.0015092115141859702 0.005267307915085729 0.004877821660957649 0.0
0.035020600076089835 0.2507887523018742 0.7598458154954973 -0.00012063511234451196 0.002785246368567543 0.0022029750166637344 0.00343099361343889 1.0 0.027710070225434164 0.23937462645540422 0.7677576873435007 0.00018708783548900888 -0.0009115428760322146 0.0011821772712453217 0.0008977664537099092 0.0
0.03527503317241193 0.25440097447117355 0.7618578927979508 9.98543786092096e-05 0.003839456115307148 0.00203775093976578 0.004110221262287622 1.0 0.02626464426075384 0.2386247386400173 0.7667352063848012 -0.002270566675857643 -0.0005764101095814577 -0.0018935285411896565 0.001989389909995195 0.0
0.04494643033661738 0.2638251876377648 0.7582459723188407 0.008297786165314496 0.008855670262092673 -0.002899619379790398 0.013889279158518616 1.0 0.022776704309369927 0.23642321098831962 0.7629247262841752 -0.0041685286675374675 -0.0017773191773526368 -0.004657341301279116 0.005882858442130261 0.0
0.056231049281106456 0.2734722241913437 0.7568823771494019 0.012380831793808798 0.010385830441543162 -0.0025940125929496665 0.015220965916554629 1.0 0.020461154700232752 0.2347379336117811 0.7590869321190669 -0.002846305025994587 -0.001902805969993368 -0.0044964077067035325 0.004773885281186585 0.0
0.06512330249682885 0.2814963443596733 0.7568298290895961 0.01061207360838078 0.008781749106595507 -0.0006399067799485811 0.011750680037472837 1.0 0.019538026620730845 0.23400010930499987 0.7568043531063512 -0.0005023490695574512 -0.0011325997278046583 -0.002067720471699199 0.002287181618368198 0.0
0.06837919221114457 0.2844061130692262 0.7581755705312638 0.003980576861342155 0.00323126899700465 0.0016561952941304243 0.00439467206609636 1.0 0.019404469411068333 0.23392748767772661 0.7558196292616067 0.0006004309760603236 -5.8305741486425894e-05 -0.0002723358950142392 0.0010065206177848306 0.0
0.07035474623087912 0.28573281407564954 0.7590910537101955 0.00019482031368780588 9.626254441105157e-05 0.0019146604783447521 0.0026392791998373407 1.0 0.019297374115627094 0.2340154498894905 0.7550685944758508 0.0003082102787333096 0.00042265059689734156 -0.00014178205361259702 0.0009370204040067814 0.0
0.07112984064334511 0.2864077276080967 0.7596557291826072 -0.0009957445007762451 -0.0005433164407293364 0.0010013855016641946 0.001479951183187167 1.0 0.01918932631987023 0.23379429043115826 0.7541744536385708 -7.673017766875569e-05 3.894375859694052e-05 -0.0006429208007727545 0.0009642025487276535 0.0
0.07090484674880486 0.28656388472325994 0.7599566840960172 -0.00038855570413095326 7.55682613446287e-05 -2.776195352409026e-05 0.00025585371286123435 1.0 0.01913327208963298 0.23374602723515756 0.753804625450245 -0.0003830980575471948 -0.0002099086748197516 -0.0006734310855904546 0.0002816374729443236 0.0
0.07077739612150094 0.28658623125162125 0.7600826880994488 0.0009512537407752911 0.000910082213975723 -0.0005957415202566975 7.22509389490698e-05 1.0 0.019116072572475083 0.23372741497196242 0.7536745059184671 -0.0003700824051787767 -0.0002902855591598969 -0.0005634440725544459 0.00010043475165971293 0.0
0.0706812404903687 0.28657888717735946 0.7602602506687998 0.0005590123190240305 0.0005560568930655617 0.00017129155459173892 0.0001855738417524417 1.0 0.019123928451518765 0.233694453807539 0.7536169163130338 1.0756172296904395e-05 -5.392103296985315e-05 -0.00012726695529293158 9.487160955550054e-05 0.0
0.07068997869985617 0.2865604124363072 0.7603912917286262 0.00012345635596477077 0.00010275826109628142 0.00027328696008637604 0.00023374547402000255 1.0 0.019112217532675644 0.23368788541759394 0.753587715323211 8.746849920380053e-05 6.504006482359694e-05 9.471705119182489e-05 6.329698890058817e-05 0.0
0.0707202868107256 0.2863758226320152 0.7607370064025266 -0.00013966363138714043 -0.0004054888261924945 0.00047410871656101343 0.000350245617779266 1.0 0.019084513279495483 0.23368833162950284 0.7535337621105114 2.5748280683885448e-05 5.9243900690733966e-05 1.7105055935681766e-05 4.667197773198725e-05 0.0
0.07062758814155105 0.2861530745568982 0.760754259530689 -5.5892459775258325e-05 -0.000288218241848822 0.00010142158484178717 0.00025599774527256935 1.0 0.01907638865967198 0.23368691386212434 0.7535124003752119 -2.1905142347538936e-05 -8.996136730292114e-07 -7.751739895223977e-05 1.0105170149842186e-05 0.0
0.07057749376700603 0.2860910965577458 0.7606024327974885 -0.0001573912386196748 -0.00013622671440146456 -0.00015926776857896148 0.00016493426240719866 1.0 0.019067941614034835 0.23367568680647013 0.7534878040890987 -1.3973744979747701e-05 -3.424783029174077e-05 -6.633027131714125e-05 3.545903327958238e-05 0.0
0.07058565059181839 0.2860540100967026 0.7604792214686028 -9.304518502724097e-05 -5.411365931982026e-05 -0.00020831939735974124 0.00012654927399816216 1.0 0.019066291166557652 0.23367148601338933 0.7534786257580282 2.500988132659267e-06 4.023071373013509e-06 1.7611322013787005e-05 1.1247598873990257e-05 0.0
0.07055782958537424 0.28597013952420147 0.760303406063461 -1.4247348256106462e-05 -4.729554148298612e-05 -0.00021300196559709785 0.00020203857764176654 1.0 0.019066451559924674 0.23367147405261451 0.7534621018887885 6.553325468288276e-06 -1.5952778625752008e-06 2.189034094570363e-06 1.6161014313336754e-05 0.0
0.07042709870784718 0.2858537950651005 0.7600349665711233 -0.00010383021095737902 -9.876757259280204e-05 -0.0002448517361672593 0.00032412847852831227 0.0 0.01906929592268228 0.23367604321920174 0.7534473862603954 5.187931024188227e-06 3.615957838950091e-06 -1.0012293722513554e-05 1.6021196363615243e-05 0.0
0.0696836711088068 0.28440373668265956 0.7614796277835559 -0.0006611893032561963 -0.0012819710559124873 0.0012227031566806957 0.002153863414355708 0.0 0.019065434468492865 0.23367763406549097 0.753438611407086 -5.2867271177064e-06 6.024103687964639e-06 -1.0661133556645457e-05 8.699545721632711e-06 0.0
0.06871784080868082 0.2830179602771977 0.76328648101027 -0.0010398983616931232 -0.0016156474250798405 0.0020179298891199026 0.002530102618642887 0.0 0.019063809840099193 0.23367575769023996 0.7534381369761344 -4.4810919345263996e-06 -4.841371770520483e-07 -3.7758839544291956e-06 2.972453389580997e-06 0.0
0.06817855955428571 0.28253912199831255 0.7640133935737453 -0.0007164711249146609 -0.0007619958342997941 0.0011191632001540744 0.0009910175777660167 0.0 0.01906128117778297 0.23367557205892772 0.7534360859683263 -2.2921457408244324e-06 -2.32831596812346e-06 1.6690975531257545e-06 2.810102043598867e-06 0.0
0.06795708044165111 0.28238944525982085 0.7642653181186112 -0.00021800848206226324 -4.1857779840418765e-05 0.00021123612247985163 0.00029944520433450176 0.0 0.01906470921141133 0.2336762775532866 0.753435061030388 2.2288904004860096e-06 -1.1635250376010826e-06 -2.679290565751438e-07 4.4109064389095375e-06 0.0
0.0679697510370368 0.2824629007759699 0.7644933367664765 0.00014574047600444953 0.0003248129170292568 -0.00011143403206501708 0.0003028539162589954 0.0 0.019064849927920482 0.23368221725783592 0.7534273012560764 2.166269540526308e-06 5.839254914228197e-06 -6.393472844767391e-06 9.384799431034033e-06 0.0
