0.0629025217260094 0.27877042630662474 0.7634179141565383 0.0 0.0 0.0 0.0 0.0 -0.017240929135025614 0.27959676764058056 0.7639259165286046 0.0 0.0 0.0 0.0 0.0
0.06289483947392577 0.2787711753618081 0.7634166238231388 -7.682252083626717e-06 7.490551833799763e-07 -1.2903333994618293e-06 7.825793316073597e-06 0.0 -0.017241179383397795 0.27959738405477624 0.7639251836681881 -2.502483721807114e-07 6.164141956865876e-07 -7.3286041657461e-07 3.0590531447995546e-07 0.0
0.06286153181640254 0.2787728199603294 0.763408576214898 -3.330765752322662e-05 1.6445985212554248e-06 -8.047608240802084e-06 3.4305520727400365e-05 0.0 -0.01724088698168928 0.2795958511875787 0.7639262525132208 2.924017085161046e-07 -1.5328671975622932e-06 1.068845032703436e-06 2.665194938422835e-06 0.0
0.06284005419734447 0.27871643156715453 0.7633851972648662 -2.147761905807455e-05 -5.638839317484434e-05 -2.33789500317938e-05 6.471100609505087e-05 0.0 -0.01724417634219672 0.2796013431319649 0.7639080754109391 -3.2893605074399423e-06 5.491944386204484e-06 -1.8177102281691226e-05 1.976552394861595e-05 0.0
0.06283383348076506 0.27864265167735797 0.7633745437189424 -4.943185477237283e-06 -7.604624770080631e-05 -1.1221230757441128e-05 7.4804194360375e-05 0.0 -0.01724773239837279 0.2796007311319084 0.763899680101626 -3.7325817416940548e-06 -1.228195197599859e-07 -9.447560908444093e-06 8.901619002773106e-06 0.0
0.06278509423982562 0.2786368056340998 0.7633625724414308 -4.8351045068569826e-05 -5.061954943542472e-06 -1.0846553305288142e-05 5.0527233393382806e-05 0.0 -0.017261519260277275 0.27959437660756836 0.7638797826733178 -1.3490881112325288e-05 -6.865853271328539e-06 -1.84633276611636e-05 2.3612605941465237e-05 0.0
0.06276124076956915 0.2786426906552613 0.7633541129987323 -3.0320061686318733e-05 1.6858605485088066e-05 -7.208748651164166e-06 2.5964500695885913e-05 0.0 -0.017274243524287268 0.27959155429257504 0.7638713314269922 -1.3806383730279947e-05 -4.273653980805127e-06 -9.151213890964093e-06 1.7069945427539142e-05 0.0
0.06275108935519991 0.27863591698305895 0.7633581195586352 -1.2053258032397034e-05 1.1929184800495118e-06 3.0021636230708277e-06 1.2962211483422558e-05 0.0 -0.017275683228131944 0.27958602084584 0.7638739211421753 -2.1473844435499213e-06 -5.056885662439558e-06 3.1934254930130242e-06 5.827559219621148e-06 0.0
0.0627458652972039 0.2786249726925571 0.7633551319603631 -3.7135305843798986e-06 -3.821987876193171e-06 4.039436351393484e-07 1.3108922311059082e-05 0.0 -0.01727234366517438 0.2795783736917986 0.7638715768472304 4.7149873423347e-06 -7.321912156957247e-06 2.0925681606611645e-06 8.359560013525642e-06 0.0
0.06274523555413769 0.2786194240808818 0.7633546236606111 1.625145532223146e-06 -1.2381054446199421e-05 -1.69693608827736e-06 5.419634316278839e-06 0.0 -0.017264368968630952 0.27955108739119927 0.7638402635441639 1.0391771415824867e-05 -2.4282553065786784e-05 -2.6097925998696712e-05 4.236581198392192e-05 0.0
0.06274509798195274 0.2786110410555023 0.7633600938085643 3.325119158781342e-06 -1.889463919807846e-05 2.7155043939468624e-06 9.11148573423786e-06 0.0 -0.017258386861375822 0.27950891730856636 0.7638011387327702 8.081577482679261e-06 -4.233946779509788e-05 -4.416938825948313e-05 5.9083529457626786e-05 0.0
0.06273731118498489 0.2786113207453814 0.7633486243384036 -8.078335139214267e-06 -2.5237174133253636e-06 -8.467454733239506e-06 1.4231049036338622e-05 0.0 -0.017268481678278914 0.27949613907684007 0.7637766782360568 -8.579243118051741e-06 -2.1868165111328284e-05 -3.238675167516307e-05 2.8402602571066533e-05 0.0
0.06271327885947933 0.2786150383347095 0.7633439468311067 -2.7708344176315774e-05 1.032773198673312e-05 -7.934914539176838e-06 2.4949225822331898e-05 0.0 -0.017276225739412402 0.27947288904563833 0.7637549369467077 -1.2785993165311192e-05 -1.9419936322478974e-05 -2.2483008287239945e-05 3.1216954991875876e-05 0.0
0.06268583409131856 0.27860102740525294 0.7633595239751051 -2.9431137883838302e-05 -9.121706851195066e-06 1.2152876549667035e-05 3.456455537427791e-05 0.0 -0.017272137768439094 0.2794667072881166 0.7637469868661295 -9.62405117033441e-08 -4.258995212107533e-06 -3.958431759117833e-06 1.2797832451232271e-05 0.0
0.062648518599288 0.27859085257033256 0.763376751642526 -3.7914701554915496e-05 -1.3893435066376094e-05 2.0865018986006903e-05 4.2165707173869336e-05 0.0 -0.01723496936035582 0.27942039911499694 0.7637136014615538 3.495791469809858e-05 -3.65212418204398e-05 -2.333442138525944e-05 6.766339136387275e-05 0.0
0.06260188385205569 0.2785818681088778 0.7633797833137026 -4.6173729135515847e-05 -1.1638470054159014e-05 8.204592578712751e-06 4.7644959851142124e-05 0.0 -0.017118303796491617 0.27920494076242847 0.7636371970818027 0.00011346956062113827 -0.0001964136803096066 -7.29253767027452e-05 0.0002561806609213739 0.0
0.06251030809291125 0.27850246697618203 0.763327055995909 -8.524266095230926e-05 -6.949981559023201e-05 -4.56122297287786e-05 0.0001313587298985042 0.0 -0.016768642399718765 0.2779324174163222 0.7632900906158319 0.00033355996046394675 -0.001154781732941452 -0.00032154165365034636 0.0013586387807648936 0.0
0.06241992418347708 0.2783963961194921 0.7632521802270283 -9.613820199423222e-05 -0.00011110177403374455 -8.321445838245678e-05 0.00016074503778482264 0.0 -0.016335948091787806 0.27570256258499404 0.762572768306142 0.0004622693633060224 -0.002266410567315938 -0.0007106654785313224 0.0024025374463201967 0.0
0.06236318950098176 0.27835666744316245 0.7632381332938372 -6.594120744848303e-05 -5.957649239282577e-05 -3.5797496268295755e-05 6.978414453079935e-05 0.0 -0.015960608361495852 0.2727940856184277 0.7611178036413205 0.0004181909766579692 -0.0030717393179717973 -0.0014337497743408681 0.0032636686352009066 0.0
0.06232800328966316 0.2783076972709081 0.7632133340496982 -3.2700187765792256e-05 -4.154905727484568e-05 -1.594517359329004e-05 6.068768090031622e-05 0.0 -0.01584610221680565 0.27090224864114654 0.7600772275792814 0.00014315792214109388 -0.0022294988871859956 -0.00124208809840363 0.002163294294429206 0.0
0.06231326558869121 0.278263145561445 0.7631844291990602 -5.7122847679557766e-06 -3.344092465250032e-05 -1.4696577218154821e-05 5.930352741221565e-05 0.0 -0.015668663322150552 0.2687347598369954 0.7583683306277762 9.679569525944544e-05 -0.001953911423428402 -0.0016154455578905914 0.0027112796391348046 0.0
0.062305195129280566 0.2782230144049724 0.7631609149491261 -1.362567334199881e-07 -3.21663824168704e-05 -1.8817866211826462e-05 4.9477888812634434e-05 0.0 -0.015625183273670264 0.2680011593185964 0.757558119400366 1.2513245713852545e-05 -0.0006701262570473645 -0.0009246778564993689 0.0011829195164687362 0.0
0.06229513738092651 0.27815367723500883 0.7631174219097401 -9.727626264319643e-06 -6.685746630253478e-05 -4.436003193113673e-05 7.871199050132058e-05 0.0 -0.01560948302140152 0.2672729651716784 0.7567059524866683 9.246368995804013e-06 -0.000412158579252405 -0.0006997485084309498 0.0010692187794760306 0.0
0.06229045006795876 0.27807852284374324 0.7630633963756229 -1.3127307493161641e-05 -8.78266093400595e-05 -6.297921201636957e-05 9.319090838566323e-05 0.0 -0.01560177672052366 0.2667697662750335 0.7559812593889014 3.323279993626649e-05 -0.00045624807876640337 -0.0006257355152476334 0.0008978475618275864 0.0
0.06231199571687688 0.278026313004964 0.7630267365073272 1.4280982746480621e-05 -6.193468670900785e-05 -4.385649917890921e-05 6.866051081277447e-05 0.0 -0.015674151317063064 0.2663721715023132 0.7551983054198822 -4.1106392839321466e-05 -0.0005082537575324508 -0.0007574151870558877 0.0008840997984516251 0.0
0.06232363170105668 0.27799591027113457 0.7630128045032978 1.709453314543757e-05 -2.696633760419083e-05 -1.1674140414000058e-05 3.3384049660857204e-05 0.0 -0.015807190869859464 0.26623782813266084 0.754696057095744 -0.0001317179789066666 -0.000292911470365705 -0.0006120161426740922 0.0005429559788820465 0.0
0.06232889320336562 0.27797460917978517 0.7629764939968423 8.832958842426606e-06 -1.5168047767049425e-05 -2.7219493807535035e-05 4.2888006984854725e-05 0.0 -0.016033279587387695 0.26617126268544283 0.7542011437125087 -0.00023559085811468867 -8.229920426110074e-05 -0.0005051504522319077 0.0005042439133535856 0.0
0.06231929375682439 0.2779101531526977 0.7629152438107123 -8.529561958099418e-06 -5.097122755075708e-05 -5.570409962369838e-05 9.11488323438573e-05 0.0 -0.016312874269685484 0.26615162299955586 0.7538465597163888 -0.0002834849090675344 -3.97014896987573e-05 -0.00040347338627697775 0.0004976937399471183 1.0
0.06231870250506876 0.27786693901324533 0.7628718080809774 -7.1208920478339255e-06 -5.216698706547571e-05 -5.223255276033167e-05 6.193945921462407e-05 0.0 -0.016524169844597945 0.26615026879979115 0.7536880479281597 -0.00024098365041437243 8.218838794376388e-05 -0.00010783038365512932 0.0002519090380727288 1.0
0.06232590031562361 0.27780798183700367 0.7628110087487371 3.890187687487724e-06 -6.503253055453577e-05 -6.379876793436066e-05 8.140141953361869e-05 0.0 -0.016915580836175937 0.26599521791085806 0.7531986760275615 -0.0003518556398562166 -0.00016046493744619405 -0.0004223230263918934 0.0006357976402810216 1.0
0.06232359863260273 0.27772386638944746 0.7627531985425094 2.8301909703817744e-06 -8.366219395514106e-05 -5.948093459142071e-05 0.00010348083859900066 0.0 -0.01702064862406211 0.26578203781583853 0.752776432186996 -0.00014853527343969335 -0.0002397297943247175 -0.00047134238206272735 0.0005007089107626204 1.0
0.0623390216505311 0.2776901131340995 0.7627258893605086 1.6402707815290764e-05 -4.1843341499591245e-05 -2.8004478664256728e-05 4.8418694153670426e-05 0.0 -0.017067460459555813 0.2656468970611364 0.7523880922140838 -2.8115559149731878e-05 -0.00017864656893604028 -0.0004441247542347368 0.000404957990521954 1.0
0.06234644481271439 0.277668798847702 0.7627067508238183 9.805298406477583e-06 -1.5558817761849646e-05 -1.3137573268180864e-05 2.6534573836774146e-05 0.0 -0.01698242672553812 0.2655537073083628 0.7522937556366369 0.00010464100666443798 -8.313150089109636e-05 -0.0001337897739192537 0.00015011722867033707 1.0
0.062345918909123034 0.2776604940375023 0.7626996403132082 -2.1227112979738776e-07 -1.701416457056699e-06 -5.330294068331595e-06 1.1433011716132856e-05 0.0 -0.016967067739220906 0.2654903521635858 0.7522897977721832 5.5044485962108916e-05 -3.5553911221659586e-05 4.0301714394350716e-05 7.106185293606225e-05 1.0
0.062339714605013516 0.277639337946752 0.7626829809433566 -8.481360047712775e-06 -1.5538883103691027e-05 -1.3254296997588644e-05 2.956090300107811e-05 0.0 -0.01700881694823915 0.26543754025551114 0.7523014589267455 -4.167522763422703e-05 -2.2608684622639637e-05 8.978740137249608e-05 7.694791728490435e-05 1.0
0.06233980014032693 0.2776250800283791 0.7626618166550144 -2.759946642585819e-06 -1.610415740751217e-05 -2.2029191498114324e-05 2.4999599125240937e-05 0.0 -0.01701724793071938 0.26536555541209417 0.7522861906852857 -5.434259980376604e-05 -6.313084757323305e-05 9.724693741019455e-06 6.743006985999691e-05 1.0
0.062334275676313944 0.2775634771448112 0.7626023082763125 -4.767330081832744e-06 -6.205808434800656e-05 -6.065400773343893e-05 8.38103845268555e-05 0.0 -0.016854026342902555 0.2652393353201205 0.7522388714645982 0.00010382720423967874 -0.00014117230887139546 -9.858370373406678e-05 0.0002109870904267777 1.0
0.06234015790899082 0.27753903566760596 0.7625524444944649 4.83741920764108e-06 -4.0156802771136295e-05 -5.912909323685889e-05 5.8666207063256254e-05 0.0 -0.016723374151952713 0.2651148793434129 0.7522950069995672 0.00017757679030241214 -0.00014612345741342827 3.169075734689702e-06 0.00018928371711201283 1.0
0.062350033832785486 0.2775118696528314 0.7624897460152932 1.2817156573627987e-05 -2.3843426406967727e-05 -6.231863011201566e-05 6.630537555142798e-05 0.0 -0.01681879379226901 0.2650646322901444 0.7523154808639921 -3.293623112728437e-05 -6.56422706331583e-05 2.605328165827754e-05 0.00010962039999960754 1.0
0.062360558600118875 0.27748562585793435 0.7624574266584302 1.1839467856635306e-05 -2.0965779219185724e-05 -3.5527516680406807e-05 4.4204440111934377e-05 0.0 -0.01686846070390599 0.2651238594712687 0.7523185419601657 -7.986563030549495e-05 5.790339044860402e-05 3.3923832376563936e-05 7.446253480042917e-05 1.0
0.062370572831750654 0.2774653602492723 0.7624460581192918 1.0095766803546936e-05 -1.658418674833313e-05 -6.748680373323152e-06 2.5470595106101616e-05 0.0 -0.01714043861039109 0.2657016258100107 0.7524411189551642 -0.0002844559070496736 0.000537590286524704 0.00011048521685291675 0.0006490582915617035 1.0
0.06236284464396452 0.2774355724106555 0.7624377322024036 -6.204717329852573e-06 -2.7536653177985524e-05 -1.3174971953137192e-07 3.190486037034579e-05 0.0 -0.017605391492861288 0.26669442536515625 0.7526596620507282 -0.0004805740509013838 0.001026415613545396 0.000214647868269987 0.00113474700564153 1.0
0.06235093343953656 0.2774209841408726 0.7624310040537545 -1.4789211319543536e-05 -1.9524296000327196e-05 -3.625539214703763e-06 1.991123232757288e-05 0.0 -0.01795465279641082 0.26800939452878075 0.7533100599316719 -0.0003957230978746961 0.0013832401510504599 0.0006096418874039055 0.0014977614960955245 1.0
0.062315786052104166 0.27738769046422324 0.762408419300317 -3.5537530945743475e-05 -3.32123877923034e-05 -2.415122176930566e-05 5.329415577523155e-05 0.0 -0.017639861234262012 0.2685599032545564 0.7543890656960877 0.00024271329533586251 0.0007339295335512372 0.0010926108974703276 0.0012457839891761896 1.0
0.062215383106866536 0.27730429524531097 0.7623279058828618 -9.421422339231105e-05 -7.50852042794026e-05 -7.82249380301068e-05 0.00015265674792147116 0.0 -0.015855711644006083 0.26721898308060854 0.7562353395947692 0.0017003226924987701 -0.0012002170110860279 0.001849121683514069 0.0028701205545375716 1.0
0.06201463030002375 0.2771901280631485 0.762286748665687 -0.0001966712952518039 -0.00011904775365699578 -6.023227092211717e-05 0.0002368424159560036 0.0 -0.012325190381063464 0.2634191369583846 0.7587846613278377 0.003593145117025673 -0.0038929848061730363 0.002588420943976588 0.005825879284588849 1.0
0.061898880400908435 0.2770599268700755 0.7622561511370679 -0.0001478269102194496 -0.00013886956213274613 -3.203241023560968e-05 0.00017662312862572074 0.0 -0.0074361198150442774 0.257748106069363 0.7603422763830099 0.005134524507241515 -0.006047925518094232 0.0018398573534859578 0.00767887236690036 1.0
0.061809706027968064 0.276958579818937 0.762222626152291 -9.043976214444724e-05 -0.00011058720894598854 -2.4100368008046728e-05 0.00013434422478170088 0.0 -0.003685136185683965 0.2526404917919216 0.7612004620439314 0.004231069138845317 -0.005677272583758102 0.0008313288246907203 0.006352825780236499 1.0
0.06167919324879706 0.27674396647533045 0.7620439194969366 -0.00010377296407594254 -0.00019103066366357702 -0.00015040318796738435 0.00030919475953799727 0.0 -0.001019969854027395 0.24762010460613942 0.7619674162756191 0.002613687566368526 -0.004912321498693127 0.000454446879303339 0.005641547158306235 1.0
0.061607903387770814 0.27635367091624885 0.76185546381406 -6.729540027827611e-05 -0.0003693557958125713 -0.00020600106995307337 0.0004473943329153145 0.0 0.002241595501982878 0.24583252394591973 0.7608951140980699 0.002594859791675849 -0.0017381288562448268 -0.001017345320121527 0.0039735093059980785 1.0
0.06158543765471713 0.2760361592721061 0.7616875230799516 -2.559455073735672e-05 -0.00036293895599896184 -0.00019489211071469647 0.0003577695763562309 0.0 0.0033475556018201483 0.24584006787369667 0.7598864677907604 0.0011133638938255618 0.0005801244782443836 -0.0012400062307625834 0.0015268507842327783 1.0
0.06159081333449083 0.2758655478791497 0.7616090950607196 1.7775795880098288e-06 -0.00020678447684502105 -9.455432221951843e-05 0.00017850151437031714 0.0 0.003825944266967602 0.24542381084161896 0.75909145414515 0.000400805715832123 0.00029937400856712014 -0.0008382732237566515 0.0009473713515837517 1.0
0.06158252989756958 0.2758184988435948 0.7615895779544936 -3.1085790372006183e-06 -2.9266438431535123e-05 3.4376459500089234e-06 5.350925131596544e-05 0.0 0.004819695528440179 0.24489685584504173 0.7585385576399739 0.0008827699585100201 -0.0005677533509135914 -0.0004176028014331759 0.0012830777351304878 1.0
0.06156712888044561 0.2757772240485272 0.7615753660276133 -8.835363955002725e-06 1.8031073661878806e-05 1.907953179354608e-05 5.305104482460868e-05 0.0 0.006260936960727875 0.24432281201608 0.7578556626062691 0.0015268177278352428 -0.0010742271815074077 -0.0004919345841988762 0.0017305545367615914 1.0
0.061555859901864386 0.275787888065678 0.7615507609160515 -2.2041305736542692e-05 3.165163609441034e-05 -1.4963654605163344e-05 3.076724159411723e-05 0.0 0.0078000452247155615 0.24381482551814398 0.7576199313063096 0.0017232612208662556 -0.00095553309080841 -0.0001751175167895554 0.0015835487218603993 1.0
0.06154200292688688 0.2756809114867577 0.7615004770526493 -2.4260127525436732e-05 -0.0001085011923044026 -6.764862650263193e-05 0.00011304909739339139 0.0 0.009328710252282725 0.24370299947294144 0.7565670406579659 0.0017684397054757977 -0.0003153678556040646 -0.0009029352905192696 0.0018406576241260788 1.0
0.06152322148216766 0.2755768787260932 0.7614585525069304 -1.5545174787925806e-05 -0.00015253416424541833 -6.238739402068678e-05 0.00011509197690914565 0.0 0.010315330601924239 0.24365493879823047 0.754478046372311 0.0011478031792718489 0.00026599215896398916 -0.002175954024080923 0.0023481765946169837 1.0
0.06144865054276675 0.2754162401894489 0.7613417943767516 -6.26318268002675e-05 -0.0001745722241308821 -0.00011339749681254705 0.0002101728136108651 0.0 0.011657302450520376 0.24369970770140384 0.7532160167589512 0.000980191994291562 0.00023423133526518356 -0.0016323930233826743 0.0018617216040089386 1.0
0.06141930968201681 0.2752904075335599 0.7612986412552623 -4.184539390278267e-05 -0.0001345105897139675 -5.6934518991803466e-05 0.0001404597484920708 0.0 0.01244766801217836 0.2445097444730662 0.7524003077363546 0.0007537625031287026 0.0006921016518156929 -0.0009036423747358052 0.0013621807208308771 1.0
0.061397697484773056 0.27526645164566244 0.761261134888342 -2.4105598659242974e-05 -2.5650669888022684e-05 -2.9575748894402262e-05 4.5980333437354134e-05 0.0 0.012709367712060311 0.24487328743312523 0.7524470603055013 0.0003255005855499427 0.0004967839851394312 0.00014021096406733084 0.0004505202500457849 1.0
0.061316074668188315 0.2751800640331009 0.7611336835084793 -6.64231398276467e-05 -4.8622548543606815e-05 -0.00010295694352986007 0.00017246444471909547 0.0 0.013480667858675317 0.24609039940264943 0.7526113260514063 0.0006384915792487008 0.001080216245889519 0.0004784812846601661 0.0014459994299338174 1.0
0.06129533379091024 0.2750957374857927 0.7610901827221426 -3.106222993450698e-05 -7.135895076103874e-05 -6.184000427280309e-05 0.00010566882017965117 0.0 0.013733206276084283 0.24639897377925146 0.7527101390636899 0.0003578801324685076 0.0004900739020893687 0.0002881121841621413 0.0004752138878950441 1.0
0.06128431195072076 0.275015388509895 0.7610728307070789 -1.0233997379325024e-05 -9.455342757348787e-05 -2.186886397682624e-05 7.766930248724565e-05 0.0 0.01395896091117029 0.24657695284221773 0.7528584539221671 0.00024052987972506923 0.00012078832543955072 -1.6763779555251096e-05 0.00024836849367357327 1.0
0.061273269430842305 0.27495002556686526 0.7610591396624917 -6.884652871978109e-06 -7.831564012383053e-05 -6.192870118687264e-06 6.34192454570361e-05 0.0 0.014292467640813381 0.24681235398702092 0.7531476950471949 0.00030789200304915656 7.32785877516993e-05 6.778552437643691e-05 0.0005024271761821942 1.0
0.06122791604100724 0.2748838076261329 0.7610499139672287 -3.897488306839462e-05 -7.143558131464869e-05 -4.5411682240516755e-06 8.587883410392065e-05 0.0 0.01454472455391431 0.24696317663743259 0.7533911311966619 0.00030816880080316374 0.00011690069788149906 0.00024071815696871755 0.00042388600272503857 1.0
0.06115972664910416 0.27485495306896035 0.7610339194744606 -6.67737989672084e-05 -2.5522482538873676e-05 -8.269767693973616e-06 7.750742546047513e-05 0.0 0.014861644381407899 0.24705113171088008 0.7537415280768666 0.0002765170022114023 0.00015546212678284126 0.00036398914147531595 0.0004732207630418373 1.0
0.061084863595752506 0.2748185796313608 0.7609899545221019 -8.657316175392007e-05 -2.284502250849408e-05 -4.912671525945718e-05 8.930008185993162e-05 0.0 0.015056838619862333 0.2471941256060579 0.7536589401330065 0.00021877089879923553 0.0001703427735001682 4.946108657224741e-05 0.00022322412814746156 1.0
0.06102299553561114 0.2747797127248561 0.760949920801348 -7.315729934672077e-05 -4.1207823019841704e-05 -5.52832420333472e-05 8.601650150614893e-05 0.0 0.015169242251825029 0.24728148915567588 0.753578924432716 0.00014864722048065973 0.0001715760462226216 -0.0001369861873793459 0.00018732099336313192 1.0
0.0608909771633871 0.2746415633877852 0.7608206050195074 -0.00011374171746053622 -0.00012655247376778004 -0.00011459144762044986 0.0002284263856975133 0.0 0.01536881497430273 0.2474396605632134 0.7534132074593056 0.00012196452398459401 8.651050741857215e-05 -0.00021949223861822458 0.00029860797860840026 1.0
0.06050969271545832 0.27424068450330535 0.7605810955911518 -0.000348497211597839 -0.00038125646525532955 -0.0002340543936352357 0.0006045452634305567 0.0 0.015577057258695823 0.24755772905821358 0.7532323288803966 0.00020783369521149066 0.00013059992938999743 -0.00019402507955195081 0.0003069576611832412 1.0
0.05996440038755057 0.27372901142882416 0.7604889486404862 -0.0005628243016589618 -0.0005468379984298569 -0.00013601923060539258 0.0007598208898288019 0.0 0.015560299120886452 0.24756254271589126 0.7531912458851105 4.047910879760041e-05 2.9367325418908243e-05 -3.3318452293960404e-05 4.311220373953364e-05 1.0
0.05918452684201726 0.2727730732167616 0.7601504023693778 -0.0008028775683099568 -0.0009401543587926391 -0.0002936501023172427 0.0012664414778338733 0.0 0.015554609784894627 0.24756261275662123 0.7531511024091675 -2.582772249389709e-05 -2.54274360882729e-05 1.2464234145115848e-05 2.3569256944074935e-05 1.0
0.057160784283136624 0.27059397971595317 0.759980209955102 -0.001897246052848502 -0.0020704068594258503 -0.00020341916586354502 0.0029740807660869283 0.0 0.015564381482942723 0.24757347658774834 0.7531055379296886 -1.2718571486898761e-05 -1.1442140816471402e-05 -8.2264438328289e-06 6.325678478013002e-05 1.0
0.05503382138750226 0.26843138572444786 0.7597991474873147 -0.002288266120049318 -0.00235934530176763 -0.00016946752011880045 0.0030862930642470052 0.0 0.015595854484222104 0.24757591091830605 0.7530637130114897 1.5449016072063718e-05 6.239989743485322e-06 -6.447818870156677e-05 5.728379339581702e-05 1.0
0.05367421805366919 0.2670477966873909 0.7594301150725155 -0.0015942898578151978 -0.001604896086673717 -0.00032578063709475636 0.0019326556246233233 0.0 0.01561588775797551 0.24757302004654466 0.753041501225396 3.952601360903424e-05 7.2713987553931175e-06 -3.539644123501071e-05 2.0651268513881542e-05 1.0
0.05233188077714749 0.2658201920906284 0.7592704870383693 -0.0012149819149926023 -0.0010914069423030995 -0.00021333642228518984 0.0017779470141883115 0.0 0.01564508324168956 0.24756809273997427 0.7530049381539966 5.443676825058204e-05 9.72468589861303e-06 -5.0007381034980895e-05 4.4522581010761466e-05 1.0
0.051066388824912004 0.26474451347187855 0.7593558761352144 -0.0010624676852378186 -0.0008465538801598743 5.53837766462842e-05 0.0017352616360358738 0.0 0.01567393323494914 0.2475609727883109 0.7529687418726998 2.9281810516074863e-05 -9.984927373839388e-06 -3.797697760824341e-05 5.347629739649025e-05 1.0
0.049676894564476874 0.2634677935446352 0.7593204577971374 -0.001245763050826837 -0.0011015485826254337 4.028851975137118e-05 0.0019040748714555843 0.0 0.015698688014706384 0.24755856840240997 0.7529374521373309 6.9962933887819905e-06 -1.18030830973273e-05 -2.3643366266928113e-05 3.8246483830258e-05 1.0
0.046852863312851344 0.2609352016715101 0.759475172965547 -0.002693787040334154 -0.00245638480432206 0.00013939641383335828 0.003736426187857452 0.0 0.015753580379733765 0.24754189904408785 0.7528614354727071 4.9703085523004946e-05 -1.344502488352957e-05 -7.09551137928588e-05 9.364320563530938e-05 1.0
0.04584490586084801 0.2600006959845511 0.7594593769359194 -0.001640907675220136 -0.0015341157943710969 3.0625927875767864e-05 0.0014518321187305411 0.0 0.015780150629181096 0.24753040271263851 0.75283320377778 3.54219347302674e-05 -1.2155972191400319e-05 -4.161887918384556e-05 4.310555835381213e-05 1.0
0.042756896265788435 0.25724757177195257 0.759218623539834 -0.0027345306561731343 -0.002456874712996436 -0.0002501884021120003 0.003996322221095727 0.0 0.015826471268521478 0.2475216891039885 0.7527920910964059 4.402401632227721e-05 -1.0262446979051607e-05 -3.661748451918678e-05 5.960928712628759e-05 1.0
0.040526094488011005 0.2555259702669532 0.7590722863433154 -0.0023676713749365484 -0.0018729737758698666 -0.00023886694980299544 0.0029748983545823155 0.0 0.01587681852575547 0.24751176091258564 0.7527228209194092 4.864012040571439e-05 -9.321198142718132e-06 -6.026538961698671e-05 8.705011898221628e-05 1.0
0.03781718599409949 0.2536482195559784 0.7589696102321444 -0.0026300736603503422 -0.0017882944597041488 -0.00011673710015005167 0.0032433583304991406 0.0 0.01594610770108438 0.24749372024394445 0.7526478066100224 6.785776209827291e-05 -1.598162361344166e-05 -7.714361504256225e-05 0.00010562510412634574 1.0
0.03614024250698314 0.2521011437013292 0.7588831660988972 -0.0018145841134931961 -0.001509224030295676 -5.436000724164328e-05 0.0022715033563126255 0.0 0.016039895854446394 0.24745849670402978 0.752529764657511 9.334227587412495e-05 -3.3464207066383744e-05 -0.00011648419671722064 0.00015332490990878028 1.0
0.03515028084794078 0.2508500702737611 0.7584527841168848 -0.0009694080243637124 -0.0012465785045437795 -0.00034866741506965615 0.0016296587962133307 0.0 0.01611238083312683 0.2474459603005983 0.7524459606349968 8.144330803943714e-05 -1.9403652418803122e-05 -9.780110040190293e-05 0.00011157288297570847 1.0
0.03448251810832073 0.2498386157270281 0.7574911403760712 -0.0004996990325829029 -0.0009967864610928385 -0.0009061524810049351 0.0016119055373692713 0.0 0.016148192493107404 0.2474591573359148 0.7523969501804512 4.121026498102142e-05 9.480027425320543e-06 -5.4218917019864e-05 6.170572797472746e-05 1.0
0.0344031616921402 0.24951388694635554 0.7569063148914885 8.122476675609608e-05 -0.0003002904670765278 -0.0007772668076096017 0.0006330001120952102 0.0 0.016158962601250243 0.24746463522720719 0.7523752443079765 2.252887384264443e-06 1.4144091310953296e-05 -9.905959454730787e-06 2.4076297985325208e-05 1.0
0.03442665279114783 0.24911949476011486 0.7559461395586754 -7.487341701295567e-05 -0.00041325792631549457 -0.0009405080901602937 0.0010448193179893271 0.0 0.0161748663571764 0.24745739592910154 0.7523541966569044 4.597952159615245e-06 -9.046952857966105e-07 -9.254636576089123e-06 2.913046253810811e-05 1.0
0.034831963506339485 0.24848817932916686 0.7536852737810198 0.00034635421408679484 -0.0005068804860067491 -0.002048308276882572 0.0023657606419974853 0.0 0.016202784657561333 0.24744701531666546 0.7523512959084908 2.3712754945411604e-05 -1.3174753528551296e-05 -3.198096611100954e-06 3.095542068489399e-05 1.0
0.0352348843740126 0.24804839929949526 0.7525386982669956 0.0003337467659245649 -0.0005718880395704695 -0.0014510980999816957 0.001361855417414108 0.0 0.01622116181315581 0.24743988907408693 0.752368985028001 2.8410148644511692e-05 -1.437407589049118e-05 1.1176315245708243e-05 2.4452959562561335e-05 1.0
0.03524751509026246 0.2475227245488537 0.7517408279045991 9.701218779136888e-05 -0.0005789821999334776 -0.0008286030952520237 0.0008629635277939834 0.0 0.016232121478925127 0.24745387156928317 0.7523912112119059 1.9673536675810237e-05 7.995093067767787e-06 1.7662419249184002e-05 2.8152871784669015e-05 1.0
0.03513320016880266 0.24724222821223127 0.7515203738911663 -0.0001693665581544053 -0.0003416858538974807 -0.00013681757357099958 0.0003845606681621579 0.0 0.016255765189617875 0.2474599413487747 0.752404690801682 2.031852895994803e-05 1.3770348223212301e-05 1.7381169020240243e-05 2.8473128876238237e-05 1.0
0.03504535814245699 0.24692524029702556 0.7513166476878541 -0.0001840678783299654 -0.00024968963745765197 2.8827467729755846e-05 0.00044306328547768993 1.0 0.016266214747001018 0.24746338983329907 0.7524096855001264 9.310966354055794e-06 8.598027067691121e-06 5.982427845791007e-06 1.2713539634676854e-05 1.0
0.03501001064045348 0.24666281913249416 0.7511847994844791 -4.8342669991484105e-05 -0.00019219329869814164 -2.2276760921666606e-05 0.0002919526140464481 1.0 0.01628849246006842 0.24745361388428855 0.7524121553479022 1.8229340395731876e-05 -9.663251707726414e-06 -1.0307257694558747e-06 2.344699194668608e-05 1.0
0.034845218366396195 0.24639302421635814 0.7511532073886247 -9.674118444595761e-05 -0.0002775951042988645 -0.00017997873236780205 0.0002772831777740122 1.0 0.016440722830348663 0.247403395274623 0.752521186387184 0.0001357099242241787 -4.9769592898594455e-05 9.015523089663446e-05 0.00019315226660649625 1.0
0.034838992870647345 0.24636099507022566 0.7510188683876253 3.345149263536837e-05 -9.3248374880892e-05 -0.0002843353515679292 0.00015882565998253675 1.0 0.016018671552153183 0.2472995759149851 0.752340244177678 -0.00032056176195337314 -0.000105016205302304 -0.00012371485420923178 0.00047364392138006956 1.0
0.03467871378597346 0.24646263295238932 0.7509240340790495 -0.00011885318791856567 0.00011090412838214833 -8.154561982510241e-05 0.00020033197887615135 1.0 0.015781022224856205 0.247289370137931 0.7521726674476972 -0.00032973940863957797 -3.495158146188954e-05 -0.00019458008874943117 0.00029596668234838726 1.0
0.034732640446116285 0.24647403017289618 0.7508198602574321 -1.242305228184949e-05 6.168791636297605e-05 -9.895237276204348e-05 0.00013415351732336159 1.0 0.015763405649947507 0.24731082753447406 0.7521429085247585 -9.2793579935336e-05 2.6733984045994948e-05 -8.109647695679781e-05 2.6964015501134428e-05 0.0
0.03470543789529061 0.24669693502453652 0.7506295233970082 -6.359054015417292e-06 0.00020984961654518206 -0.00014967458430980348 0.00028484115696430763 1.0 0.015803663328401853 0.24705501026659635 0.7528073719140315 7.368189611934511e-05 -0.00019643616832215765 0.0005774093927762197 0.0007053204369205465 0.0
0.0340005782676337 0.24715901209555488 0.7511550323039281 -0.000595843700939295 0.00042315052413298225 0.00041164462820197256 0.0009924867481119165 1.0 0.01707525592515232 0.24568018200545072 0.7565447791184272 0.0011716604493980484 -0.0012434592434543404 0.003433826919250604 0.004187309439534979 0.0
0.03358705407454219 0.2475449649038368 0.7525335698224028 -0.000555778313830669 0.0004263435976236474 0.0013585128065747285 0.0015029531581844397 1.0 0.018625010975281252 0.24453965403092406 0.7607482424849733 0.001726529466896362 -0.001369678456941383 0.004680153565185793 0.004709432698592495 0.0
0.03309849824962854 0.24817204711897645 0.7547070384909919 -0.000535109315603141 0.0006043377295560967 0.0022738380293127053 0.002301982368216284 1.0 0.018231717878798317 0.24440293197804525 0.7628971633945537 4.8292816030237e-05 -0.00039488568408953424 0.002874566954624084 0.002100988012386067 0.0
0.035150669353049245 0.24914949336711395 0.7548159997576727 0.0017182492610474114 0.0009572090230631554 0.0006177418020865545 0.0022801566168881775 1.0 0.01667298324514969 0.24461201802473115 0.7638057543654393 -0.0017027152360091706 0.0003481290520759325 0.0007536632880137731 0.0017055584674873863 0.0
0.03768819095651958 0.25013682634452017 0.7592415033223257 0.0028750103523291826 0.0010341009202307356 0.0035651319061299164 0.005157224320522458 1.0 0.01517697221945828 0.24494918438912422 0.7641755366193075 -0.002011596797732766 0.0006228639687311209 -0.0003213749298029872 0.001727239710025349 0.0
0.04139360679388562 0.25728002292331764 0.7619926877755687 0.003967946898691752 0.0062931972688353805 0.0032057186749186142 0.008574129914677014 1.0 0.013479485507848278 0.24548777353879536 0.7643311014953189 -0.001923644586998326 0.0006556014313703917 -0.00035967487622051134 0.0018443582212841138 0.0
0.045531746477467876 0.2653866589438967 0.7627718908491684 0.0042823781664456115 0.008839655352773219 0.0011813763507403448 0.009159492423348157 1.0 0.012965745946317813 0.2457026376400035 0.7642516314688572 -0.0005590191606632295 0.00018379507042816747 2.0618152973809968e-05 0.00047171769372979737 0.0
0.05163393362456049 0.2709094370006283 0.7641794211367534 0.005752187223088945 0.006734489326783982 0.000994277038880726 0.008244646959636557 1.0 0.012831133132399197 0.2459074807704821 0.7642441680016675 0.00032159492883102893 -1.928502199955947e-05 0.00043525585711270335 0.00018819957426353246 0.0
0.057202341626283404 0.27427540211835366 0.7649535113296856 0.005720346804725341 0.0033817872070909536 0.000561048989209011 0.0065399241040710755 1.0 0.012829282501649922 0.24600630346059105 0.7642607036689905 0.00031601519133443636 3.650544084271459e-05 0.00021028181490256523 0.00017100696627600064 0.0
0.059822558162851154 0.27533764502421787 0.7648000125913116 0.0030184507899265974 0.00022281081589317777 -0.00019888230347886817 0.0029349214510511618 1.0 0.012834319468045833 0.2460543855829154 0.7642619607426482 -4.420911049079026e-05 7.657844111381529e-05 -4.8745608164930086e-05 6.147423549651612e-05 0.0
0.06250364451599581 0.2760715980716827 0.7641597194588722 0.002220096126766865 -0.00042936891317537816 -0.000637503176369259 0.002778518250982675 1.0 0.012853524858702906 0.2460879762805799 0.7642486365161251 -0.0001380677702232984 4.988931846983585e-05 -5.1930315669644015e-05 2.3198163840194765e-05 0.0
0.06466762689110808 0.2764937037253217 0.7633233993621799 0.0016929920015928792 0.00022637079662602729 -0.000545600990681343 0.0024356499514349254 1.0 0.012889435018118383 0.24611198029634304 0.764206114214056 -9.92229900271726e-05 5.4522201615367295e-05 -6.342024975918969e-05 3.854933206982078e-05 0.0
0.06582051300932332 0.27626750335806455 0.762623164087608 0.0011783048114557874 0.0006380883839734201 -0.000904208347422668 0.0013642335034990188 0.0 0.012929403656069278 0.24609874313820282 0.7641535829631355 -2.9263767849962074e-05 1.6978226076059253e-05 -7.85126788243415e-05 8.956550829105053e-05 0.0
0.06601399152759392 0.2758941327009738 0.7620530991168322 0.0004507902962605265 1.7686731326802332e-05 -0.0005968574551430085 0.0006143447150063538 0.0 0.01295203704630069 0.24609037176273627 0.764113135812344 9.485788187568972e-05 -2.4025343850573666e-05 -6.524932590759037e-05 4.252441366602087e-05 0.0
0.06553057858725063 0.2738869233577006 0.7629123532175707 -0.00023917430230539424 -0.001797193170318144 0.0008714370869837869 0.002234286300709947 0.0 0.012994421168401517 0.24602168659186557 0.7640485423425936 6.118330276382353e-05 -5.768939729986375e-05 -5.3119688881542716e-05 0.0001019242029785929 0.0
0.06484637944529859 0.2723587908471861 0.764097750279396 -0.0008343054035352777 -0.001915805175507766 0.0013838355434933733 0.002188730912559219 0.0 0.01300256504984944 0.24601933382790458 0.7640006508755722 2.0188725796838473e-05 -2.4467481092926776e-05 -4.637207697374266e-05 5.198073264972043e-05 0.0
0.0638044598243028 0.2714343515721481 0.7650700316331277 -0.0011719198793551239 -0.0012123895655871664 0.0011665702565682111 0.0016031663756392303 0.0 0.013010668622226251 0.2460128688332125 0.7639690211719055 4.117565007100262e-06 -2.9981509089397777e-06 -3.186301793103445e-05 3.0305732013097546e-05 0.0
0.06312957726418086 0.2712606363458745 0.7654199000201098 -0.000613047333581591 -8.418395568098491e-05 0.00039063654078793617 0.0007505420971517462 0.0 0.013025149847048815 0.2460077875971577 0.7639528089251287 1.146335385948625e-05 4.19725144124278e-06 -1.4993085806676157e-05 2.2054212846673584e-05 0.0
0.06272228202667658 0.27119809506515696 0.7657429434116412 -0.0003141870503855079 0.00024748372250361266 5.597977491527556e-05 0.0005556320224058132 0.0 0.013056320510247724 0.24603886566690739 0.7638967166075191 3.062810596196356e-05 3.0400919103774073e-05 -4.716818692400826e-05 7.270975995399227e-05 0.0
0.06249030034719558 0.27116142085597505 0.7658715367361919 -0.00015645531404183616 0.0001270113427962056 -7.442626577190692e-05 0.0003105896992428485 0.0 0.013064441772648224 0.24602679462014704 0.7638656960946208 1.629323971680764e-05 -3.917496128996542e-06 -3.848985300898002e-05 3.6437414182151104e-05 0.0
0.06248859793031578 0.2711728784280725 0.7657987409512075 1.2733203243385895e-05 -7.055154453396467e-05 -9.05748311614789e-05 3.90340967247136e-05 0.0 0.013028482441499359 0.24599071926585714 0.7638575920469095 -2.9271074172704767e-05 -3.910285901273203e-05 -1.4531572676433232e-05 4.666015923660874e-05 0.0
0.06251693123902222 0.27117938087866184 0.7657452539428738 3.122087405320426e-05 -0.0002263468594788428 6.545922805759036e-05 5.525428477527565e-05 0.0 0.013011508372559313 0.2459732206963569 0.7638490638827703 -2.752008426154553e-05 -3.34369272424915e-05 -6.9444208917286555e-06 2.8327218193586952e-05 0.0
0.06254764656832067 0.2711739451151816 0.7657124873738079 -5.738199615764597e-06 -4.919225523614514e-05 2.6857930978983497e-05 4.539796095056475e-05 0.0 0.01300693224801842 0.24597269911850642 0.7638280646923812 -1.3505315108116368e-05 -1.8862554997116945e-06 -1.3277270177132784e-05 2.1584103793308965e-05 0.0
0.06249576790394945 0.2711207561534763 0.7656821346693322 -0.00010548568894949717 -2.6080802454543943e-05 -1.4089311169934553e-05 9.053284024823681e-05 0.0 0.013006020883571114 0.24597202765593035 0.7638139964170574 3.135782751064946e-06 4.332947619136589e-06 -1.4523096473915577e-05 1.4335733725447937e-05 0.0
0.06238827333197943 0.2710989443686428 0.7656682897143955 -0.00012464378651556515 1.078236567424824e-05 -2.1079119595560254e-05 0.00010407897920695322 0.0 0.013010032458860926 0.24599256983684964 0.7637969188274486 1.1721523730764337e-05 2.541634582551995e-05 -2.005315793318513e-05 2.603743476107698e-05 0.0
0.06236119538872082 0.27106240651827396 0.7656872545865674 -6.284178796331537e-05 -3.2132116788893724e-05 3.3572300292019654e-05 5.142200773560737e-05 0.0 0.013007637905534004 0.24598944957164168 0.7637921227072183 3.346027779893601e-06 6.693660042645865e-06 -1.1236154875530195e-05 7.772599141920382e-06 0.0
0.0623543637125386 0.2710419748949103 0.7656990357181129 2.0587288648708964e-06 -1.8109888347886895e-05 4.083946092633972e-06 2.325655310221131e-05 0.0 0.01300563452654748 0.24598383962046216 0.7637968310897083 -6.405409653854462e-06 -1.2073369525279873e-05 7.4498795979543715e-06 5.632853104266933e-06 0.0
0.06234946227610953 0.2710086000556987 0.7656937469678365 3.0707157483893076e-05 -2.2172013811220356e-05 -1.6451552054940006e-05 3.433554841926798e-05 0.0 0.013004697297388814 0.2459824201372783 0.7637972969592896 -6.578006509314952e-06 -8.64698226347216e-06 6.026841548379854e-06 2.7924138282352324e-06 0.0
0.06234936793640223 0.27096309905133414 0.7657325020920027 1.6617138851120736e-05 -4.240532183904878e-05 2.867784128643945e-05 6.257716842123348e-05 0.0 0.013000479765849471 0.24598982338707398 0.7637957023096097 -3.1190061293377076e-06 5.673540013017096e-06 -1.0116807323000089e-06 8.756635756448885e-06 0.0
0.06234986018209166 0.2709624061575699 0.7657262154479355 7.11515822463072e-08 -1.2188578138105194e-05 1.199532054562056e-06 5.6856078434102325e-06 0.0 0.012999026321735116 0.24598893060572227 0.7637947435710596 -1.2045361217082603e-06 3.460515251174979e-06 -3.649018095895686e-06 2.164891958921306e-06 0.0
0.06235231474747687 0.2709669051983336 0.7657191007636059 -1.1586679359279292e-05 4.812590920291334e-06 -1.0354191137967164e-05 4.575812639262966e-06 0.0 0.012999566557725177 0.24600366655333541 0.7637801352771639 1.0077818822317228e-06 1.4574659799990737e-05 -1.4297967932281834e-05 1.973724513481061e-05 0.0
0.06235175957170551 0.27095397658506115 0.7657331834621608 -6.5417279600004025e-06 -2.2188075116052767e-06 8.549060967410207e-06 2.1918771640546913e-05 0.0 0.012966288430046678 0.24598908068348987 0.7637400698612615 -2.759844635341042e-05 -7.650453799694595e-06 -3.913377661819492e-05 5.4916670347394395e-05 0.0
0.062294011727836066 0.27093339618966067 0.7657487910879758 -4.4978723473891285e-05 -2.025840801788445e-05 1.8229489374506424e-05 6.451350144953336e-05 0.0 0.01292721485700524 0.2459694944973343 0.7637277413891482 -4.305037502838601e-05 -2.3962171147485146e-05 -2.0159972242901233e-05 4.602215107822621e-05 0.0
0.062232612952738305 0.27091561416917664 0.765713076105508 -6.841342882847286e-05 -2.3073785647648122e-05 -2.591701444992939e-05 7.284759747970207e-05 0.0 0.012920827425211754 0.24597731863526234 0.7637264022829751 -1.586464968660831e-05 -5.795929941886691e-07 -1.2120745475368062e-06 9.04489058546377e-06 0.0
0.062204198406537646 0.2709015225225794 0.7657059071882958 -4.067151411192307e-05 -2.0483425618049587e-05 -1.576050380967179e-05 3.085134300179577e-05 0.0 0.012921455552298452 0.2459779603628785 0.7637266212825929 3.2318266039152743e-06 4.468098812618168e-06 5.818663197664813e-06 0.0 0.0
0.06214833793479446 0.27090170613605963 0.7656969472464954 -4.732813970058078e-05 -1.171716810360586e-06 -9.173348223092205e-06 5.576982768042623e-05 0.0 0.012923096655446803 0.24597714532453707 0.7637260906927781 9.08520216271888e-06 3.6501922291961126e-06 4.530831140975705e-06 3.905933905196722e-06 0.0
0.0621179679847179 0.27090137581244206 0.7656911919659214 -2.8363223337062615e-05 7.604151253621028e-06 -8.243684079148829e-06 3.375492648814837e-05 0.0 0.0129265051987821 0.24598141446691393 0.7637220956710816 7.92877992077266e-06 4.849304798245707e-06 -3.446662090505913e-06 7.113157206547533e-06 0.0
0.06208827671862112 0.27088123040361417 0.7656931765424073 -2.3808912621326234e-05 -1.4701256755753134e-05 5.380540402641446e-06 3.5239819778013016e-05 0.0 0.012928835288098085 0.24598410215124974 0.7637195496733257 8.932821751954247e-07 2.8176904104586885e-06 -7.5602402577470135e-06 3.163740208340125e-06 0.0
0.06205854635088298 0.27087105754010804 0.7656904528982335 -2.8840872185830145e-05 -1.619240500084764e-05 2.9791301995520084e-06 3.0533145972489725e-05 0.0 0.012933147001330431 0.2459873115676875 0.763713458411997 -1.8486929325652894e-06 -3.3339288779308646e-07 -9.025778508576619e-06 7.722567573101075e-06 0.0
0.06203391115666629 0.27085480168529297 0.7656772522578013 -2.9789518662867706e-05 -1.8589744362397517e-05 -1.3252732591835554e-05 3.260966101811558e-05 0.0 0.012931683494525024 0.24599681354122804 0.7637105646644491 -1.967109897722009e-06 8.649155375566201e-06 -1.894939490377366e-06 1.0775305457729353e-05 0.0
0.06200761950453761 0.2708413341397217 0.7656558405850216 -2.5755172252316658e-05 -1.4603720522421524e-05 -2.6348533341792835e-05 3.7095573744785104e-05 0.0 0.012939547664135756 0.24600483100863835 0.7636969625750849 7.956115269922686e-06 1.0861382728857555e-05 -1.0920953373228452e-05 1.7615669647669198e-05 0.0
