0.06303383827508305 0.279643989262468 0.7639617703978346 0.0 0.0 0.0 0.0 0.0 -0.017003009630962556 0.2795946739905428 0.7642173480149378 0.0 0.0 0.0 3.867084348217184e-05 0.0
0.06303075119631658 0.27964269233589906 0.7639660398355694 -3.087078766464413e-06 -1.2969265689166676e-06 4.269437734794046e-06 5.425879873974424e-06 0.0 -0.017007908243831683 0.2796046004150072 0.7642302525406127 -4.898612869126684e-06 9.926424464401506e-06 1.290452567492828e-05 2.59876393193036e-06 0.0
0.06302583425963303 0.2796566327958515 0.7639746525924749 -4.916936683557749e-06 1.3940459952455075e-05 8.612756905446162e-06 1.710825156316186e-05 0.0 -0.01700192234588948 0.27962858924580836 0.7642524535289952 5.98589794220325e-06 2.3988830801180416e-05 2.2200988382459208e-05 1.4690349836383014e-05 0.0
0.06302889622410766 0.2796935115654493 0.7640059159204986 3.0619644746376906e-06 3.687876959779235e-05 3.126332802372289e-05 4.844393617997916e-05 0.0 -0.016996735945136152 0.27962230156174145 0.7642634100190459 5.1864007533271306e-06 -6.287684066907939e-06 1.0956490050673118e-05 3.341021008470928e-05 0.0
0.06295692997612712 0.279692481796543 0.76401671335485 -7.051814211033701e-05 -1.7670631621190803e-07 1.1935392740680828e-05 7.27790207475373e-05 0.0 -0.016841331283536754 0.27959976506413214 0.7642565461346376 0.00015268796306060068 -2.4062805117987478e-05 -7.305284165207569e-06 0.00013555325290697797 0.0
0.06288911978430578 0.2797031322656251 0.7640376446766562 -7.145315260585861e-05 8.093563426173247e-06 1.9000750911164176e-05 7.176193168437144e-05 0.0 -0.01672066674599099 0.27960609280181375 0.7642821667210937 0.00012778850767390442 6.717470181938024e-06 2.5007505934187197e-05 0.00013688076747444557 0.0
0.06287462619684549 0.27971288168568187 0.7640337638720208 -2.0223322934474625e-05 7.875902042423319e-06 -3.0107939997009375e-06 1.796467549724636e-05 0.0 -0.016700670189968823 0.27962841186897 0.7642625596228667 2.5933551959178068e-05 2.6191827997833536e-05 -1.1958654064085717e-05 3.662817863320277e-05 0.0
0.06286981806331793 0.2797087872500687 0.7640391127131263 5.838291124374274e-06 -5.937134908828109e-07 2.567114799419467e-06 8.112393225642194e-06 0.0 -0.016695039232113486 0.27961248836811803 0.7642771943173159 -1.632785175678059e-05 -7.328908715625847e-06 9.82906861288076e-06 1.5351389464238728e-05 0.0
0.06286922598420586 0.27970120020728706 0.7640459933554797 1.2539587087915205e-05 -8.0447587422425e-06 5.021096429804089e-06 1.222365103878012e-05 0.0 -0.016696480109344217 0.27963934377806227 0.764246066813331 -2.8714333142082412e-05 2.2125569247700764e-05 -2.183515316190104e-05 4.6513556057662264e-05 0.0
0.06286785042720018 0.2796935643062699 0.764041589656479 6.738386424688337e-06 -6.5708571025628615e-06 -4.54987239627326e-07 9.545392771877577e-06 0.0 -0.016701850014593723 0.2795999235381046 0.76428046096939 -1.7275952069787015e-05 -2.8480567259047808e-05 2.224537184744648e-05 5.560455265571078e-05 0.0
0.06287037538067397 0.2796629187776742 0.76401717515077 -1.5291536813297827e-06 -2.679700849334783e-05 -1.9852120130083553e-05 3.7431970803763226e-05 0.0 -0.01671007014701763 0.27957723664572626 0.7642858863325256 1.5060592546049345e-06 -3.529462882891124e-05 1.3784128497631595e-05 1.944749846172242e-05 0.0
0.06286318054770951 0.2796001771653534 0.7639496409591715 -1.6438162720671824e-05 -6.292051916961903e-05 -6.576692497791195e-05 9.243821284938739e-05 0.0 -0.01664284347619727 0.2791813928512035 0.7640008648564316 7.710811935675712e-05 -0.00034815883579521846 -0.00024069219826772494 0.00048713375278727674 0.0
0.06281182605792611 0.27952535128094613 0.7638727589101407 -4.7519878422766225e-05 -7.803386434053108e-05 -8.409456381029507e-05 0.00012060624476728854 0.0 -0.016548954526833772 0.2778636401142963 0.7630692088742671 0.00010095162241549054 -0.0012366561715861652 -0.0008809963412225957 0.0016239687369962279 0.0
0.0628025819354297 0.27950010064926795 0.7638427484668509 -1.9262104181704407e-05 -3.7462517041724994e-05 -4.41483259663885e-05 3.973895017350679e-05 0.0 -0.01657097266575807 0.2767751295636636 0.762399967813481 1.315500166708557e-06 -0.0012928776829627603 -0.0008383392910385275 0.0013040840519059284 0.0
0.06279579021531341 0.27947520213132565 0.7638070303085582 -6.177331664676712e-06 -1.824978389509957e-05 -2.5933630487333204e-05 4.0628191146378305e-05 0.0 -0.016827274460235825 0.27522092843053503 0.7614999130451227 -0.00023665790327680704 -0.0015663066352677721 -0.0009091248120396847 0.0017576060301562975 0.0
0.06279132731173198 0.2794423608068833 0.763770716618891 1.4939040115865767e-06 -2.0896032262152393e-05 -2.5393789853475538e-05 5.287961949286222e-05 0.0 -0.017061704932781016 0.27416155973313633 0.7608408524534864 -0.0002917637831155984 -0.0011313169398563445 -0.0006688327904572903 0.001299749045324957 0.0
0.06279214413933461 0.2794169214124691 0.7637431620686771 5.500122118309869e-06 -2.3321314861971147e-05 -2.53952538956915e-05 3.905584428891755e-05 0.0 -0.01721076388876587 0.27348266241606967 0.7604640218215476 -0.00019596846403004687 -0.0006062943121223598 -0.000320524701954879 0.000796260761127764 0.0
0.06279784618701406 0.27939210327502084 0.7637138882076167 6.600390300681718e-06 -2.9533030278938692e-05 -3.225484861742174e-05 3.571865596179913e-05 0.0 -0.017472098902580103 0.27235839699045555 0.7599488063365337 -0.0002235842380679347 -0.0008795782214397589 -0.00039070862591817095 0.0012468084175385617 0.0
0.06279653826516725 0.27936462223756126 0.763683271834445 -3.2781677720734502e-06 -3.2805615784373804e-05 -3.630455973019073e-05 4.0646492562534715e-05 0.0 -0.017586344506617273 0.2715068686714883 0.7595021729343946 -0.00010367465766371896 -0.0009025381195265202 -0.0004585695827423684 0.0009964074261058521 0.0
0.06279718053170184 0.2793425890962664 0.7636546949939266 -4.0150921021710755e-06 -2.3769959328486166e-05 -2.9824898571245465e-05 3.8300515986413694e-05 0.0 -0.017682167436923864 0.27062272384639197 0.7590734149654287 -6.887065099976242e-05 -0.0009650978370739008 -0.00048765903792853535 0.0009759597143128721 0.0
0.06280093857280226 0.2793292003855126 0.763635676742034 5.004560274779582e-06 -1.0612586893080466e-05 -1.7614620038706547e-05 2.2571548609158235e-05 0.0 -0.017762725969481558 0.26973229276376043 0.7586045154141239 -7.786118637414693e-05 -0.0009197555943355022 -0.0004790619337178137 0.0009835629629673336 0.0
0.06280507838597343 0.2793121446408444 0.7636090848344275 3.9886185679976485e-06 -1.527863177873219e-05 -2.4959494662204586e-05 3.134230127141714e-05 0.0 -0.017961452609359857 0.2683121953535939 0.7577188915361112 -0.00019196491143027216 -0.0013820638046393948 -0.0008620343070034615 0.0017044222969432323 0.0
0.06280273301468847 0.2792862883621977 0.763580688931884 -6.921246610107151e-07 -2.453329501771953e-05 -2.7905434258852003e-05 3.947090515171545e-05 0.0 -0.01813813019656183 0.2672802152162382 0.7568882107815116 -0.00019713677808613403 -0.0011156909536019978 -0.0008817119574339402 0.0013646669316608655 0.0
0.06279241413616651 0.2792081527631082 0.7635030565476808 -9.278184458358976e-06 -7.21676607927853e-05 -7.126944432751911e-05 0.00010986033078503788 0.0 -0.018194317164788094 0.2662838869936011 0.7558947727311609 -9.230748634601798e-05 -0.001001115076686744 -0.0009996704657614943 0.0013597143020296332 0.0
0.06279685475681933 0.2791794542835979 0.7634684517129369 3.954543932251614e-07 -4.5359649304509394e-05 -4.903332090794022e-05 4.7463190283692336e-05 0.0 -0.018247658380901147 0.26574452440054086 0.7550385409695495 -4.651887964544828e-05 -0.0005826067721287913 -0.0009004444223570467 0.0010322784739763813 0.0
0.06276355087371739 0.2791523752923479 0.7634303727699963 -2.767887240117996e-05 -2.7349595014999015e-05 -3.7766984217099514e-05 5.3065994169319515e-05 0.0 -0.01824760742712431 0.2653268900534382 0.7545141610907892 2.707695538985841e-05 -0.00029756873229882315 -0.0005254317326816015 0.0006760752125985752 0.0
0.06272611814936108 0.2791324649692981 0.7634109661089464 -3.973614889505715e-05 -1.3271374873614913e-05 -1.6422841574144756e-05 4.872880191885114e-05 0.0 -0.018242378190910475 0.26521813416552853 0.7539099250074455 2.2278824697297248e-05 -6.92064255179897e-05 -0.0004948250819986645 0.0006122620404710041 0.0
0.06269430605166049 0.27911144848707076 0.7633948501201143 -3.623502417200683e-05 -1.344902586466268e-05 -8.969511028801329e-06 4.2966298390546804e-05 0.0 -0.018225079756322596 0.2650544044080199 0.7531760238459407 1.2110505923784452e-05 -0.00013113974345201767 -0.0006754606804372815 0.0007484014812997225 0.0
0.06268127765365265 0.27910382475076007 0.7633737514459579 -1.5914715745809162e-05 -8.717166094192556e-06 -1.7618237964315224e-05 2.516563738402043e-05 0.0 -0.018353700699185217 0.2649661312818774 0.7526132520996336 -0.00012544188925588432 -0.00015543297429815805 -0.000642685399936265 0.0005992875896307459 0.0
0.06264293773397407 0.2790733060123404 0.7633208915295683 -2.9711405777352844e-05 -3.025691342705886e-05 -5.1900164782783285e-05 6.963622452455804e-05 0.0 -0.018587646217635825 0.26489484976674493 0.752378205599735 -0.00024299385576228435 -9.520325286030266e-05 -0.00031002111565167764 0.00031685038957505584 0.0
0.06256869779287098 0.27903014175785584 0.7632754661933188 -6.737196687971311e-05 -4.798511937791324e-05 -5.68697829307462e-05 0.00010069230304304884 0.0 -0.018714918171043215 0.2647970549020429 0.7522210406497476 -0.00017177247854343182 -0.00012373742579690865 -0.00013689327049318798 0.000225473344714527 0.0
0.06251274236759945 0.2790091916682531 0.7632693312573158 -6.53967066075744e-05 -2.572683496608731e-05 -1.3408835203522571e-05 5.9072826530500325e-05 0.0 -0.01877269499727399 0.26471174116049545 0.7521620387689506 -6.719193743603037e-05 -8.076963479275424e-05 3.2511027385288523e-06 0.00013249077374804337 0.0
0.062475204618297406 0.2789967146217481 0.7632666647329275 -4.675377072820806e-05 -1.314151134171651e-05 3.019939058357888e-06 3.723132783165438e-05 0.0 -0.018794518461798013 0.26461495887523173 0.7521219503294494 1.1741040683823811e-05 -9.298420902167503e-05 1.0601841419356339e-06 0.00010613677507645262 0.0
0.06244462492407971 0.2789665381199173 0.7632487515780126 -2.6498110735509164e-05 -2.240082406492622e-05 -5.876730248467936e-06 4.7614082548730074e-05 0.0 -0.018737749118797054 0.2644337283751588 0.7520791111674889 8.224776361404431e-05 -0.0001554064821363331 -7.756406282432204e-05 0.00018746264516111128 0.0
0.062430632788491446 0.2789483757346774 0.7632356340384777 -7.349068550313179e-06 -1.8319806313173448e-05 -1.3036864319046673e-05 2.918036079571711e-05 0.0 -0.018698006550605873 0.2643566573012415 0.752072895429836 5.982718792996276e-05 -0.00010891660492361817 -5.7261423394210065e-05 9.193379599173714e-05 0.0
0.06241114340357043 0.2788950714810652 0.7631904999205542 -1.2337658230720544e-05 -4.847277169555442e-05 -4.605564552023593e-05 6.97492154298995e-05 0.0 -0.01864472215075091 0.264267968749537 0.7520611052040367 3.32189847350245e-05 -7.611286560576313e-05 -1.3370617790198409e-05 9.835989526810348e-05 0.0
0.06240346065143098 0.2788415203770032 0.7631407359973298 -1.2882792569019835e-05 -6.131034873205668e-05 -5.926351939807239e-05 7.45062153317202e-05 0.0 -0.018602464124133047 0.2641638012644762 0.7520353290211401 2.555753749448631e-05 -8.961884967162683e-05 -8.404988577628445e-06 0.00011746079014633747 0.0
0.06239474304629856 0.27871638249281866 0.763002764493494 -1.2597932773200864e-05 -0.00011958877784447712 -0.0001288336700516881 0.0001852121562275062 0.0 -0.018536485027324082 0.2638904213242835 0.7518969744357367 5.9134067283821574e-05 -0.00024632907324322853 -0.00012204202289196813 0.00031602774524623145 0.0
0.06239162322703416 0.27865587852298584 0.7629487436906386 -3.6603641052820055e-06 -7.77954624423982e-05 -7.523444002173769e-05 8.503584300296195e-05 0.0 -0.018519118880254384 0.2636322355224074 0.7515673101940098 2.5212389840128564e-05 -0.00028693331707684195 -0.0003165553549120491 0.0004218450870431701 0.0
0.062381631797993484 0.27863071290423425 0.7629313739716083 -8.129750291823296e-06 -2.681958797019787e-05 -1.8498831638968165e-05 2.6354087190878492e-05 0.0 -0.01858034674913492 0.2634404158762521 0.7513710701789323 -5.204773774939298e-05 -0.00022793749294074714 -0.00025726537675041007 0.00027724122039384115 0.0
0.06237045897440105 0.2786186689315094 0.7629195805710942 -1.1548128711680832e-05 7.765223106035854e-07 4.981857569056395e-06 2.153324940365208e-05 0.0 -0.018616565472791502 0.2632825267373477 0.7511522404350333 -5.1261777713808646e-05 -0.00015602045699683042 -0.00021874242040025547 0.00026562891029518885 0.0
0.062360429071580896 0.27861045397659157 0.7628962490007389 -1.0942383529350878e-05 5.117372028747923e-06 -7.366538010179718e-06 3.048828868595273e-05 0.0 -0.018671832217301256 0.2631897690069912 0.7508808065879584 -6.10577484919902e-05 -6.485331411648445e-05 -0.00023686506267598393 0.0002982010877948983 0.0
0.06234154011430349 0.2785897167719868 0.7628536944601616 -1.8540501271282816e-05 -1.868460802883226e-05 -4.262192743807158e-05 5.0785907468160995e-05 0.0 -0.018745409338557166 0.26311849436725243 0.7506155683602903 -6.731824412453365e-05 -4.765278137295052e-05 -0.00024891818516779905 0.0002911261555257394 0.0
0.06233605296610927 0.27857448679542296 0.7628211601223988 -7.53554559483036e-06 -2.56982193560383e-05 -4.846847493810181e-05 3.272410972494963e-05 0.0 -0.018817604268043422 0.2629845086776928 0.7503768311185244 -6.674356788125327e-05 -0.00012098455679179448 -0.00024257440135333315 0.00027607679016321794 0.0
0.06233305626385839 0.2785627321154083 0.7627941854808954 -1.9251293962911023e-06 -2.310519824236155e-05 -3.959766107131106e-05 3.061510217977418e-05 0.0 -0.018901729106773926 0.26291861676043227 0.7502044594493092 -7.742211983298553e-05 -0.00010302142951559883 -0.00019336163307245228 0.0002011958978434176 0.0
0.0623157281101876 0.27855548824783655 0.7627704430757637 -1.2856126933905363e-05 -4.050609098446448e-06 -1.6091017685587863e-05 3.05369789233697e-05 0.0 -0.019056526494087987 0.26288116611090434 0.750089670049156 -0.00014950812973401473 -4.804622491795405e-05 -0.00011837393806497676 0.0001978988640629694 0.0
0.06230754310898913 0.2785532587527936 0.7627691823354737 -1.097524133876111e-05 1.276965723185806e-06 2.022652491486523e-06 9.710947400137535e-06 0.0 -0.019158427763062744 0.26286295474978666 0.750029735199041 -0.0001232352278266021 -1.2180501840849836e-05 -3.762363187026079e-05 0.00012179208066682442 0.0
0.06229208782769014 0.2785542919708977 0.7627489987159125 -1.537939074633432e-05 3.354538102644073e-06 -1.2589197741383805e-05 2.430086722193504e-05 0.0 -0.019301870929763276 0.262778728303881 0.7500028211262423 -0.00013515501170944364 -6.323361547533451e-05 -2.08851172382084e-05 0.00016610041530211827 0.0
0.06229005088377134 0.2785527121657874 0.7627463470763679 -5.128798569685639e-06 -5.604573079441269e-07 -7.119835123011498e-06 4.342539814325049e-06 0.0 -0.019343054857651868 0.2627684287515331 0.7499795923671712 -5.5310784488704504e-05 -2.385838031762215e-05 -2.4655751768244688e-05 5.192612835509613e-05 0.0
0.062282833584889764 0.2785446553860196 0.7627297490738703 -5.153741400763356e-06 -8.78193207904604e-06 -1.6699882676730658e-05 1.91232458222126e-05 0.0 -0.01939169938767216 0.26272254503629106 0.749968855233572 -3.1963294747977604e-05 -4.502259305285241e-05 -1.9077550378871e-05 6.210968845881147e-05 0.0
0.06227033817383022 0.27854209876779007 0.7627138434573918 -9.461011486388214e-06 -5.0787146974231485e-06 -1.7535940851092395e-05 2.0910881224708515e-05 0.0 -0.01938338309053223 0.26269413045293855 0.7499653116621975 1.3435529255953729e-05 -3.641276042937292e-05 -1.1365726858803232e-05 3.3700384514262775e-05 0.0
0.062252499208820214 0.27852910625506905 0.7627037304841865 -1.830703928335402e-05 -1.2076314934703513e-05 -1.2487754919256052e-05 2.4152287927670572e-05 0.0 -0.019363031479395033 0.26267420741558867 0.749982712810518 2.4638531915511383e-05 -1.4186940850408855e-05 1.3092886640504834e-05 3.2918028562632943e-05 0.0
0.06223683056414295 0.2785133933020448 0.7626836049929213 -1.9035588253319116e-05 -1.5928107721220365e-05 -1.7678592538464152e-05 2.9936355651386958e-05 0.0 -0.01935392807915439 0.2626642443993213 0.7499782238645458 8.249251212729067e-06 -6.955801738628859e-06 2.6209192452445113e-06 1.4660559953456919e-05 1.0
0.06223593208380084 0.27850943176875514 0.7626782478781036 -3.3569647642211924e-06 -6.125057522224405e-06 -6.70455748677103e-06 6.667897513375535e-06 0.0 -0.01935235104793011 0.2626629771377856 0.7499769452496214 -1.948777082556196e-06 -1.5177281151996358e-06 -2.1498561399141804e-07 0.0 1.0
0.062235462631387004 0.27850527682776693 0.7626758978948113 2.122826978810778e-06 -2.4496315564607486e-06 -2.2105805682727085e-06 4.576535060091135e-06 0.0 -0.01934738025949146 0.26265409451853095 0.7499757176437083 -6.407139300116467e-06 -9.136370575177432e-06 -2.926163335198623e-06 1.2490652701997225e-05 1.0
0.062235519761864276 0.2785045857959608 0.7626704528000763 3.800361935071446e-06 5.455541456215931e-07 -2.0010858626504264e-06 5.663483644906825e-06 0.0 -0.019205449073103 0.26247967722897153 0.7502107554972851 0.0001231641217915462 -0.0001478047062285956 0.00019959929498303709 0.0003216671195466202 1.0
0.06223576871206531 0.27850499106747045 0.7626661000297941 3.237961553819814e-07 1.3991464465761349e-06 -5.189907432123471e-06 5.010091347893716e-06 0.0 -0.01905845863903286 0.2623984782858623 0.7503527896465214 0.00016488005245738745 -0.00012308327546387183 0.00018950017539003417 0.00023161882124186995 1.0
0.0622363901440614 0.2785038565655852 0.762663893304972 -1.1995565656435716e-06 -6.685403245476422e-07 -3.1728066204990077e-06 1.9739699020586472e-06 0.0 -0.0190566413519974 0.26242982965550765 0.7503239224873722 4.527627690179775e-05 8.006186039051817e-06 1.2782134341625976e-05 3.0439075946589794e-05 1.0
0.062233147123391244 0.27849050341577664 0.7626527913952857 -4.4021015713016585e-06 -1.3471261387090363e-05 -1.0513358502502498e-05 1.7137418461620216e-05 0.0 -0.01912115335436643 0.2624258930693073 0.750299369010559 -7.370810458667753e-05 2.8670617290829273e-05 -5.919896419257558e-05 6.312650899763245e-05 1.0
0.06222788252180213 0.2784920377356668 0.7626460369387764 -5.562670703274676e-06 -3.093881550823949e-06 -9.216159243312577e-06 9.870245357412605e-06 0.0 -0.01912300272655328 0.26242133456017513 0.7503022868077145 -5.1166171604694516e-05 2.0539005386211203e-05 -4.4135851239401656e-05 2.130601522811332e-05 1.0
0.062206386954113284 0.27847639412002634 0.7626338699861501 -1.8979866078542517e-05 -1.2171864817297184e-05 -1.0669036886288365e-05 2.817510773150096e-05 0.0 -0.019125206221732683 0.26242693760930913 0.7502948926547154 -1.480927375940337e-05 7.066769827045148e-06 -1.4325518274516378e-05 8.928059592660877e-06 1.0
0.062198321169053224 0.2784777424839289 0.7626302572834434 -1.2531558335709242e-05 -1.6875523297957645e-06 -5.1113421358908006e-06 9.814429224449092e-06 0.0 -0.019123517720880077 0.26242537896417095 0.7502925750261965 2.0277661383616073e-05 -1.6756910857525594e-05 2.0444526641315714e-05 0.0 1.0
0.062136079111376114 0.27840755669381834 0.7625565612540314 -5.4296247792264934e-05 -5.8264502269755765e-05 -6.284794588241606e-05 0.00011744885079349099 0.0 -0.01885093481898445 0.2623352098710064 0.7502118483906176 0.0002636425212880977 -9.70893052757762e-05 -3.738113462006558e-05 0.0002992884762688236 1.0
0.06207235603368148 0.2783618834393823 0.7625009676802766 -6.900218462705342e-05 -5.734553120863025e-05 -6.655842368549737e-05 0.00010026648219424333 0.0 -0.017904008881981223 0.2624209140862517 0.7504287352104543 0.0008925018045717841 5.615324655862928e-05 0.00015658797731510292 0.0009804308620932085 1.0
0.06201965417345809 0.27833799126576986 0.7625204194335163 -5.93119798986211e-05 -3.1953941830602776e-05 3.242690314064734e-06 5.757493935432313e-05 0.0 -0.016344242263125294 0.26274691755730273 0.7512007615710455 0.0015860404214169375 0.000313599377993058 0.0007124169663000714 0.0017741551079833435 1.0
0.061983405604701655 0.27828964719544963 0.7624963536754401 -3.719442949033871e-05 -3.983227524688707e-05 -6.063539159229183e-06 6.328743718755617e-05 0.0 -0.014839730378640947 0.26304562345044846 0.752079717294417 0.0016750840434243746 0.0003551043055592642 0.0009789168071096714 0.0017713007167158184 1.0
0.061969958856254184 0.2782670994808588 0.7624735790718232 -9.283379604762038e-06 -2.082885368763058e-05 -1.4059159551166936e-05 3.83898682682117e-05 0.0 -0.014024785749308473 0.26306227501929996 0.7525455293525015 0.0009583827953299481 9.036489997283736e-05 0.0006153605438738802 0.0009207646361691855 1.0
0.06196116908062199 0.27824236125353574 0.7624494959939845 -4.5304380492617983e-07 -2.085589969923006e-05 -2.4733878016124902e-05 3.597546146731054e-05 0.0 -0.012859193687538899 0.2628543607736597 0.7532047787607472 0.0009257984231732173 -0.00022649488415959546 0.0005657233266934293 0.0013337200047144017 1.0
0.06195095987624791 0.278201360616008 0.7624134766943284 -5.956533268598818e-06 -3.816833151061511e-05 -4.1515104180108e-05 5.27453500026896e-05 0.0 -0.01202344832512411 0.26253677763955297 0.7536889574072326 0.0007289151290996603 -0.00040546478406334227 0.000409840841398017 0.001077256949991256 1.0
0.061946213677494096 0.2781606311007081 0.7623833679704215 -1.1468359117776675e-05 -4.839587770040489e-05 -4.0795521283578753e-05 5.2915381957503783e-05 0.0 -0.01054714061900696 0.2618839227535624 0.7545231735268861 0.0013432338357263205 -0.0006755772216648536 0.0007146669911311671 0.0017907890221969683 1.0
0.06194342947903489 0.2781264118577023 0.7623397300451791 -6.245849306888508e-06 -3.5681773164163185e-05 -3.7974982902072164e-05 5.462115622171763e-05 0.0 -0.009365600410958245 0.2610909705378378 0.7553624098911026 0.0013830292571612851 -0.0007957147162179008 0.0009100795503686113 0.0016537617448551653 1.0
0.06193695501906572 0.27808123419028724 0.7622951991891016 -6.896138500270304e-06 -4.303340381829913e-05 -3.985398940955896e-05 6.315766632266406e-05 0.0 -0.008427512651498655 0.2599298523448468 0.7564753265618498 0.001083176197272635 -0.0011061820954105597 0.0011754986209401447 0.0018418764164897915 1.0
0.061904646805594814 0.2779991445612745 0.7622248352535864 -2.8300271908085976e-05 -7.794226071056791e-05 -7.036292344353857e-05 0.00011370299312298881 0.0 -0.00803294124788069 0.25904787163008214 0.7573068647713241 0.0004024427393909376 -0.0009591961968669357 0.0009207040235465297 0.0012961327471272257 1.0
0.0618834071961396 0.277928919883437 0.7621528880692662 -2.5707817191796833e-05 -7.51508523537032e-05 -7.48323906720346e-05 0.00010399590519610077 0.0 -0.007439673967839975 0.25814507319016944 0.758521793920013 0.00037825253607709 -0.0008822324557952257 0.0011070225695141286 0.0015998461773282383 1.0
0.06183946447214858 0.27777721627326074 0.7620157580056302 -4.262967143632125e-05 -0.00014358475057620106 -0.00013054680700533297 0.00020591329912478777 0.0 -0.005826914022513964 0.25694432264061806 0.7607025244459632 0.0014274960443314017 -0.0010992802359839986 0.002047430779337896 0.002994134578096974 1.0
0.061769660529553565 0.2776612109795372 0.7619267059897369 -6.80141239155441e-05 -0.0001318858663861633 -0.00010485319673584831 0.0001661671735791279 0.0 -0.0029918115545901013 0.2537713348041191 0.7637330790934364 0.002849637243635264 -0.002896905623608329 0.0030521762139941585 0.005227074639889969 1.0
0.06171326498272202 0.2775949937077498 0.7618892185195635 -6.165026199742051e-05 -7.37807264082995e-05 -4.28972499656605e-05 9.178684690519146e-05 0.0 -0.0014523727076842432 0.2520649615235126 0.7648134902959182 0.0021389077472887593 -0.00224298842765214 0.0016188322925689822 0.0025907916468331646 1.0
0.061679347942830844 0.27754748181153915 0.7618690199778555 -3.6816086060649615e-05 -3.5941287415370814e-05 -7.979039787313658e-06 6.015094032263217e-05 0.0 -0.0001295319870857235 0.2516925415020044 0.7647513699612021 0.001331372615771303 -0.0006223895406681353 -8.500243720999134e-05 0.001212021396800285 1.0
0.061634658703622086 0.2775084199292184 0.7618324021554802 -3.730415684122233e-05 -2.565016365357046e-05 -1.9333305272502087e-05 7.259574810311531e-05 0.0 -0.0001598887916381433 0.25152566334632764 0.7643510261941681 -0.000149143870492421 0.00017059420160036242 -0.0008509258382411877 0.0005089257730581029 1.0
0.061535592334477376 0.2774268823367463 0.7617559329809589 -8.769884155206367e-05 -7.063656717802227e-05 -7.131552483257008e-05 0.0001511149165998322 0.0 -0.0003008531050281049 0.25133334926333306 0.7639999679936547 -0.0005871791093731728 0.00022836887513955214 -0.0007331710700820697 0.0005139837914910073 1.0
0.061501075792558875 0.27738629073992327 0.7617373673398297 -5.049618882628753e-05 -5.747389146403585e-05 -4.289173172543599e-05 5.5720456816909416e-05 0.0 -0.00020503396211099724 0.25116652898734565 0.7639112711443995 -0.00010691394252108936 -0.00010160493535582858 -4.244364789847031e-05 0.0001883685704788939 1.0
0.06144141287549657 0.27733773875019274 0.7616872932150748 -5.81762648757624e-05 -5.9132903896820676e-05 -5.361440210967921e-05 8.625274575065181e-05 0.0 0.0009548086163889669 0.25126299897465265 0.7638439216528723 0.0012266689627869797 -0.00019598374331193885 0.00031356447884330605 0.0010710951499244758 1.0
0.06135052468066986 0.277290365551218 0.7616498319036705 -8.523254968725513e-05 -4.414991549458062e-05 -3.3882531592803575e-05 0.0001129672816697139 0.0 0.0018318556867826601 0.2512971734756664 0.7633474593457249 0.001338431806046815 -0.00021091242333555753 -0.00018655841155883592 0.00108687669753064 1.0
0.06127503608359593 0.2772273139324925 0.7616151063271334 -7.84863802282805e-05 -5.520799977064472e-05 -2.8561173687110904e-05 0.00010707983543748392 0.0 0.00341722307299005 0.25169741353997893 0.7632639802255907 0.001617830596078021 0.0004454302021991152 -0.00030005697396950047 0.0015964351070736193 1.0
0.06119758757750921 0.2772145397762702 0.7615749839135505 -7.800509968436258e-05 -2.0582053361885454e-05 -3.769633362632752e-05 8.538893906078149e-05 0.0 0.003971633122850947 0.2517351474021877 0.7631280453978434 0.000752973364474457 0.00022545172999433928 -0.00022782905856297156 0.0006027312059078802 1.0
0.06114800974263071 0.27720002378144554 0.7615369809797077 -5.572422158647494e-05 -1.1032312388548886e-05 -4.18922134086606e-05 6.211561224945254e-05 0.0 0.004781506805542726 0.25167901981449825 0.763377637110288 0.0005009940162983813 -6.120907673863037e-05 0.00018750907407359265 0.0008086453225780738 1.0
0.06111697933696443 0.2771965732618385 0.7615121845586978 -2.9321702442173594e-05 -1.9678366856668386e-06 -2.8703314684463444e-05 4.3098855041981404e-05 0.0 0.00504855123324626 0.25141193027629527 0.7633734859005732 0.00017373659970202935 -0.0003147982827269581 0.00011779657530512779 0.00042571727066345816 1.0
0.06108870546607631 0.27719356322577066 0.7615145742521667 -1.640572076279407e-05 2.5750835652440883e-06 3.6868209158651567e-06 2.7421685537314463e-05 0.0 0.0051081726556703256 0.2513257214129395 0.7634526979996641 1.0466004113430453e-05 -0.00018147046397316277 9.807250320536433e-05 0.00011399321935348221 1.0
0.061053435454062846 0.2771801601759819 0.7615101942636013 -3.432708205090263e-05 -1.4249900916300124e-05 -9.072567594939254e-08 3.800336887210715e-05 0.0 0.005201333909945837 0.2513438867785708 0.7635179973380573 0.00010070935490469812 2.2335465777513844e-05 2.1367489021956054e-05 0.00010938799015496614 1.0
0.061031271776487865 0.2771783416352083 0.7615157655375476 -2.939124972061886e-05 -9.043694065509033e-06 7.664105506284786e-06 2.3512293952875483e-05 0.0 0.005272953020750196 0.2513798205978 0.7635291674006957 9.761533353411104e-05 0.00010349163593912217 -3.78301340595431e-05 7.589387023841762e-05 1.0
0.06102393246876501 0.27717829005125244 0.76151601242949 -1.1541449134944558e-05 -2.387034099138175e-06 4.411938288569341e-07 6.358888147725661e-06 0.0 0.0053112500236214095 0.2513825494770114 0.7635527144499414 0.00013064940318579642 7.984498029589294e-05 3.020608614447785e-05 6.59510391828402e-05 1.0
0.061020919767852906 0.2771738798243485 0.7615154800268601 -2.2963475219023207e-06 3.8677261338327046e-07 -4.043989082088965e-06 5.124155154850556e-06 0.0 0.005353786735527774 0.25138176531966955 0.7635802114107693 2.734210782498448e-05 -2.4778255212146323e-05 3.0013402928806543e-05 2.7257560614077662e-05 1.0
0.06101891647248383 0.27717667136627855 0.7615070026582884 2.431421624292775e-06 2.0407554963674593e-06 -9.948997172948963e-06 1.01507489966267e-05 0.0 0.005423560961781433 0.2513944202829345 0.7636150690170999 0.00010183673813334482 -2.4205156065704725e-05 5.938434708745692e-05 8.958097688801462e-05 1.0
0.061016496702142875 0.27718169904675044 0.7614935158200762 -9.655749992692084e-07 5.871210714815529e-06 -1.3626466818578315e-05 1.4714769418031155e-05 0.0 0.005489087431224052 0.2514270571756214 0.763627843930016 3.3115452569667625e-05 3.4383650731930877e-06 4.819561885627011e-06 7.644726512523198e-05 1.0
0.06101430708817746 0.27720606262866837 0.7614650025508257 -4.432284939054828e-06 2.1740730921452583e-05 -2.648974978499221e-05 3.6659342918445344e-05 0.0 0.005735255361892794 0.2514953216160081 0.7637347067844998 0.00021330609747155263 8.081948749897092e-05 0.00010115745429136999 0.00027140196986979244 1.0
0.06101513393065752 0.27721381520970517 0.761454755262936 -1.985723307044307e-06 1.2490761493308115e-05 -1.558681674663563e-05 1.3837502499925174e-05 0.0 0.005916528811694702 0.2515239731878341 0.7638331570952269 0.00022071377974213125 5.225219727204332e-05 0.00010834740507792781 0.00021572974258297656 1.0
0.06101356109070237 0.2772107149848694 0.7614449170137941 -4.871462089974481e-07 -1.0279767494509015e-06 -7.583889663777822e-06 9.1829548066373e-06 0.0 0.006108275183790443 0.25155573984499024 0.7639353690161619 0.00019893612950641995 3.0732198334394335e-05 0.00010691434732539391 0.00021239309793777075 1.0
0.06101314282041268 0.2772022020318701 0.7614360087826728 3.9532117445278167e-07 -1.1984740112505091e-05 -5.958770441565848e-06 1.2806796693100162e-05 0.0 0.006276649851039617 0.2515810129631154 0.7640244990501786 0.00016080586651351966 1.6479737564533245e-05 9.266585079000572e-05 0.00019230994073612799 1.0
0.060977218062082034 0.2771578276125384 0.7614168431658095 -3.071857319765146e-05 -4.372605534655654e-05 -1.568738325024508e-05 6.0694775916003085e-05 0.0 0.0065847141396317335 0.25160737311231446 0.7641994904280328 0.00027026341596621647 2.022618325883487e-05 0.00015511436365329997 0.0003574392791764781 1.0
0.06092461844936699 0.27715208164175664 0.7614195848374025 -5.534229187486768e-05 -1.6697075914104456e-05 -2.4998078755518628e-06 5.4135854843097136e-05 0.0 0.006701057607676598 0.2516224715319792 0.7642489926136995 0.0001518229959470104 1.716831848006035e-05 7.075929165626539e-05 0.00013606759252823034 1.0
0.060784101854517644 0.27716510812692763 0.7614416208152921 -0.00013483361015503972 1.3947067287172488e-05 1.9262019141233703e-05 0.00013955073458104574 0.0 0.0068962700896514515 0.2517447880340692 0.7642001550157731 0.00017670173492119215 0.00011006451232010701 -4.4358446288022384e-05 0.00021775866399108265 1.0
0.06075941556905842 0.27716018104370393 0.7614539020817622 -5.542123173036963e-05 7.962389915615926e-06 1.7675925055564e-05 3.237313260879836e-05 0.0 0.006968773150847365 0.2518004209306035 0.7641681290290868 9.237096010280509e-05 8.208637797965117e-05 -5.5935877684178386e-05 0.0001089889295431319 1.0
0.060773148500581464 0.2771476423794767 0.761465101576692 1.7383776482954743e-05 -9.038409700719836e-06 1.4447067227984046e-05 1.6394242319351582e-05 0.0 0.007001515907211388 0.25181702565226016 0.7641582736567116 1.5303817041519523e-05 2.3349109191700166e-05 -2.978232161649504e-05 3.6243620328943633e-05 1.0
0.060780897372885535 0.2771470515552621 0.7614609123268821 3.263058255270733e-05 -6.4972329809199405e-06 -4.3879849963802445e-06 1.1396250678289403e-05 0.0 0.0070145978261222375 0.2517849128191883 0.7642049627651081 1.0723973057262884e-06 -3.7614656569538364e-05 4.786657302227505e-05 5.585244893276529e-05 1.0
0.06077994856463645 0.2771446563100393 0.7614496463054726 1.404044737549243e-05 -6.611842082246443e-06 -1.6148806493658303e-05 1.3675505107840001e-05 0.0 0.006892232226975503 0.2516108399604682 0.7643229885242875 -0.00010361545192688084 -0.00017481116665915848 0.00013717710484945653 0.00024243219677207628 1.0
0.060768569511509746 0.27713414382392687 0.7614406522889466 -1.6739086634682118e-05 -1.1171830985246975e-05 -1.3995159457125496e-05 1.7054939385495907e-05 0.0 0.005734338588128587 0.2514617057833125 0.7643258437168606 -0.0010171935470777555 -0.00018213550950410692 5.083405078462402e-05 0.0011686617334345953 1.0
0.06073563409690113 0.2771135414306838 0.7614231972198221 -4.6729952690289606e-05 -1.567635987180355e-05 -1.4455810487264643e-05 3.948148150930532e-05 0.0 0.004348726536925112 0.25104651536458156 0.7641193953270004 -0.0015158483363223116 -0.0003835160303379019 -0.00019591326421083459 0.0014761857020679206 1.0
0.06053033500217974 0.27704996034886364 0.7613967119045442 -0.00019557208544764376 -5.879956183472952e-05 -2.316933274878444e-05 0.00021818205348642157 0.0 0.0017161122889280927 0.2500151987266424 0.7639029830274785 -0.002601773648960958 -0.0009625573893066003 -0.0002728408668977829 0.0028058757696871653 1.0
0.06039880958175846 0.2770280807665571 0.7614166793499079 -0.00015980896277345907 -3.71922660200361e-05 1.2459301043939401e-05 0.0001397094818813156 0.0 0.0014344093635648373 0.2498781926502291 0.764534432887849 -0.0008122750532550291 -0.0003698388912597915 0.0004741101888292652 0.0007547031698503857 1.0
0.06034111647077189 0.27701732625911457 0.7614285034205155 -7.407811246400633e-05 -1.1397015197960286e-05 1.8965910871553096e-05 5.2738816328499205e-05 0.0 0.0022640226928891494 0.2498657852986744 0.7656220366595266 0.0009575974031947393 3.0129653598653463e-05 0.0011467704749712248 0.001269591849312081 1.0
0.06033452260989919 0.2770119942217847 0.7614269483726283 8.135792110625922e-06 3.047337356594342e-06 4.362028152157744e-06 7.589374325145297e-06 0.0 0.0033209309290742443 0.24963444129317697 0.7658567800778822 0.0015816988873525277 -5.445292242495463e-05 0.0005554028898656255 0.0011914431093849559 1.0
0.06033924222224491 0.277008256670026 0.7614189116368414 3.641471785188985e-05 2.9310981115067216e-06 -8.93241500624444e-06 1.5750541914853286e-05 0.0 0.00533640510063338 0.2491704689871848 0.7660226356085391 0.0021817153993643284 -0.00037702431572972535 0.0001364228737670747 0.002078720836985807 1.0
0.06034469211761795 0.2770049320499419 0.7614149100416505 2.158333339015471e-05 -2.8561825246965054e-06 -1.0266469579644593e-05 9.274292866571309e-06 0.0 0.0061308140338202045 0.24873626563605475 0.7664767292646804 0.0009589161586077565 -0.0005186865177021884 0.00021801221108759062 0.0010179352269137532 1.0
0.060346287008714666 0.27700600196337766 0.7614071121982728 -9.58722004471617e-06 -4.381585854304321e-06 -1.1465746477100164e-05 2.512610710994368e-06 0.0 0.005080048538282076 0.24844380854557133 0.7667031392282069 -0.0011645711015600049 -0.000441706312061191 0.00015777304426222347 0.0010208777618631916 1.0
0.06034539118634116 0.27701709892398463 0.7613889602772284 -2.5290167282436015e-05 5.386049138614082e-06 -1.588657503019237e-05 2.228362638806415e-05 0.0 0.0028289570153410878 0.2479344285193564 0.7667595416573966 -0.0027239004889318915 -0.0004990725163824706 0.00010997959828596733 0.002376172846694778 1.0
0.06034090816045323 0.2770117792278959 0.7613734083064442 -5.998584372997264e-06 1.1507996380382874e-06 -1.267168202077725e-05 1.807997681680667e-05 0.0 0.0021165811943417716 0.24755839053311138 0.766591418814631 -0.0012761774566749664 -0.00030536217550059495 -4.887375799379653e-05 0.000876360698907239 1.0
0.0603380422495372 0.2770012826581282 0.7613574999780467 -2.9435445879981664e-07 -1.0321277822823098e-05 -1.696354254734373e-05 1.921170024908573e-05 0.0 0.0016811452682940896 0.24718296732423387 0.7662346255453291 -0.00030235146572483475 -0.000353484135278501 -0.00036154349814542127 0.0005865151251588703 1.0
0.060339225713881985 0.27697566979614185 0.7613403815292413 4.1875621488435125e-06 -2.6266926656282343e-05 -1.7584813360913722e-05 3.03692388999087e-05 0.0 0.0015299486675836793 0.24674360824184352 0.7655418655657827 0.00031942008428379213 -0.0004427909169834684 -0.0007642577550304818 0.0008293418263803497 1.0
0.060352110347495255 0.2769452616085487 0.761311608162188 1.336802505545217e-05 -3.3697700478077675e-05 -2.655218669785537e-05 4.441591817414377e-05 0.0 0.0015412607229987163 0.24662824642485304 0.7645351807882509 0.0004190700251072187 -0.0001800614493028977 -0.0010042995672982296 0.001096393845443356 1.0
0.06035426942419749 0.2769289260475023 0.7613012012580621 6.464479813069428e-06 -2.027035259035228e-05 -1.3770453644412124e-05 1.9759122879857133e-05 0.0 0.001997986871382551 0.24657939489732614 0.7639484661689431 0.00035271005219708476 -1.1917672312797137e-05 -0.0006726740544818926 0.0007173675212022355 1.0
0.0603528489576194 0.27692398789137257 0.7612971863557731 -1.0810087921242056e-06 -2.9686040451001523e-06 -4.102059432120512e-06 5.0583060104777045e-06 0.0 0.002592295625246641 0.24647282526548536 0.7634762330854408 0.0003741365251028251 -4.9693873235683104e-05 -0.000443902516729664 0.0007086897938994676 1.0
0.06034908136089462 0.27692078360553074 0.7612881196724928 -5.896957024528607e-06 2.587688737325254e-06 -5.8380941592812214e-06 1.0927120609601242e-05 0.0 0.004800664061894891 0.2465695794280932 0.762293593040118 0.0019021328725776332 5.6972588528106155e-05 -0.0009771421904937046 0.0025393111615857025 1.0
0.060346142349018826 0.2769188756446096 0.7612834672089052 -5.523829750944985e-06 2.3708283016045133e-07 -3.859318438085625e-06 7.000393372004774e-06 0.0 0.00578965505214597 0.24677032938620685 0.7617633842380057 0.0014717430029760983 0.00019358027840527637 -0.0006639455631612661 0.0012103114666395863 1.0
0.06034368759886135 0.2769219849637027 0.7612778940972316 -2.705811971673342e-06 1.7365467713883699e-06 -6.054137006876091e-06 6.044418605448914e-06 0.0 0.0063898472796052284 0.24681186052791548 0.7613198461089299 0.0006398250539280651 6.85873176828639e-05 -0.0004692287359148805 0.0006446008554831677 1.0
0.060336402718117 0.27693368733780843 0.7612546436156691 -4.964326504550552e-06 8.01799073176817e-06 -2.2564394349683536e-05 2.6246205653831105e-05 0.0 0.006845165836305379 0.24669158336208508 0.760436579440888 0.0002384773010432871 -0.00011589813173334886 -0.0007989145825209351 0.0010022769052533567 1.0
0.06033441385621454 0.27693723025486455 0.7612488200188641 -1.8876613847763271e-06 4.8451508582128255e-06 -1.203087175807892e-05 8.535999057736529e-06 0.0 0.006883522250798617 0.24667481339346475 0.7602338310345056 -0.00012254237992800546 -6.4588387875123e-05 -0.00032292539670878296 0.00029817698736937966 1.0
0.06033343022773823 0.27694247962240154 0.7612418958344049 -1.5464872504475583e-06 5.500207726462809e-06 -5.154816121372046e-06 7.4877664486933625e-06 0.0 0.006948451566770651 0.24663843798293233 0.7601704732624339 -2.1129257188485292e-05 -6.123105620705274e-05 -6.326101823784396e-06 5.1780742057385126e-05 1.0
0.06033309751126663 0.27694328478264707 0.7612392447285637 1.059094336222371e-08 9.003243256483433e-07 -1.1132781778588126e-06 3.079376796685079e-06 0.0 0.006856301828005073 0.24663057561584945 0.7602258344931226 2.2902646273053457e-05 -3.2352535989970456e-06 8.885095238422608e-05 6.697347205856651e-05 1.0
0.060332983558863594 0.2769437049355148 0.7612366804200671 2.8975664909606194e-07 -1.074833406704942e-06 -8.167694954482769e-07 3.192149118335609e-06 0.0 0.006310626933218584 0.24654070134891778 0.7604558396330993 -0.0003255742143465311 -3.4110642847196086e-05 0.0002142675615701223 0.0006503621639060785 1.0
0.060332866374291305 0.2769408710072542 0.7612389037350933 4.449057160222513e-09 -2.9653307073511323e-06 2.4206880467712587e-06 3.4205970333781084e-06 0.0 0.005960324935829152 0.24646814896374167 0.7606253568827269 -0.0004923206079954574 -6.888185025853989e-05 0.000240524459256317 0.00039729143661567214 1.0
0.06033022424086333 0.2769300377907594 0.7612305937724967 -2.748821360948083e-06 -9.354249068963147e-06 -7.5035954902318244e-06 1.3354431762250196e-05 0.0 0.005373156919201729 0.24639163875467102 0.7608813566991565 -0.0005715535877546019 -0.00010069269517228797 0.00019241783357937042 0.000603135850221679 1.0
0.060325276803904655 0.2769037819082561 0.7612158714990608 -5.524467892095287e-06 -2.4661650495893296e-05 -1.6439070863671735e-05 3.109473342049366e-05 0.0 0.005059490172971705 0.24630209517824622 0.7609004839509472 -0.0003563259932998043 -9.945684485226065e-05 -3.907976614088578e-06 0.00035593344706578284 1.0
0.060322040724891536 0.2769002202732327 0.761215469033347 -3.8248955093640574e-06 -1.007666497748193e-05 -3.7640727242592046e-06 5.052446690003896e-06 0.0 0.005154379602268308 0.2464367274256302 0.7607703733033578 7.283861209694993e-05 0.00011298803492902655 -0.00011198058216644127 0.00020369988507847915 1.0
0.06031945164069108 0.2769007744536845 0.7612110169084899 -2.67309049968246e-06 1.8083947263092725e-06 -3.195783179919562e-06 3.873682070437523e-06 0.0 0.005228837199693558 0.24662679598772333 0.7605916165384833 0.00019520817359741535 0.00021655756961989968 -0.00022341478970314634 0.0002725637476168921 1.0
0.060317292616121 0.27690057429906556 0.7612084338314481 -1.6472605590921613e-06 3.952057078057839e-06 -8.607393132799841e-07 4.197269409691151e-06 0.0 0.0052747980585115565 0.24680168059513996 0.7603357367167709 9.386987568717412e-05 0.0002136737017636112 -0.0002656751814787037 0.0003158704316763105 1.0
0.06031588683151448 0.27689879851819765 0.7612078829996052 -9.184485942567995e-07 9.741633731616646e-07 4.335073586702491e-07 3.0308638824546806e-06 0.0 0.005259981165337008 0.24696752550301612 0.7600390699159209 -5.009986332646367e-05 0.0001672664406554213 -0.0002810703691260938 0.00034341712681781 1.0
0.060315052882564876 0.2768964827597022 0.7612087540525291 -6.768963254161259e-07 -3.3639869243023377e-06 9.099699963241419e-07 1.9721235103435274e-06 0.0 0.005263714532998125 0.24712247317184918 0.7597248174447104 -5.6737276330608144e-05 0.0001354398606008446 -0.0002969312452307274 0.0003368486136087204 1.0
0.06031387365152664 0.2768965492385052 0.7612069570225345 -1.3278773542216976e-06 -3.384848895757424e-06 -2.5859742344696173e-06 1.7090740039980137e-06 0.0 0.005260216567730285 0.24727894153846583 0.7594512397760398 -6.201385626952293e-05 0.00012804909230727102 -0.00026026336248897 0.0003233027067384349 1.0
0.060311986793864084 0.27689358439259476 0.7612048421123854 -2.0445053521052074e-06 -3.8900590068467636e-06 -2.674715231325839e-06 4.687952527774419e-06 0.0 0.005253826581733258 0.24738087573674708 0.7592157043575464 1.4904585829171894e-05 0.00010169501264051115 -0.00024110228513213308 0.0002572766917187534 1.0
0.060304072821598845 0.27689496654681867 0.7611983423377401 -7.1966766986302095e-06 2.402395319601969e-06 -5.549295232844693e-06 1.0122052046455137e-05 0.0 0.005189700477593755 0.24732105264822674 0.7589934537578215 -2.0036843082995583e-05 -2.698289284524614e-05 -0.00021316097532488355 0.00023704586112236056 1.0
0.06029852190322901 0.2768942657820235 0.7611996132733431 -6.9022381172164566e-06 3.320478297852035e-07 -1.1057961120355728e-06 5.9671785296913565e-06 0.0 0.005098030885815463 0.24719099529007216 0.7588795910575146 -9.360777096902082e-05 -0.0001437246476038205 -0.00012005443814166183 0.00019770173046543849 1.0
0.06029509374457353 0.2768918195943131 0.7612025245608397 -4.122533012684459e-06 -2.171904883390719e-06 3.471626040913334e-06 4.764992421054298e-06 0.0 0.004992500433818634 0.2468723435318208 0.7587450578130025 -0.00011689368402725088 -0.00032165079589784864 -0.00012181244221302746 0.0003588932062584911 1.0
0.06029081145372817 0.276889116834742 0.7612059470605947 -3.4316832099166435e-06 -3.212724847584211e-06 4.9248631606539105e-06 6.1772546893301425e-06 0.0 0.004933595799349891 0.24641274735485497 0.7586882640487774 -7.436139893317136e-05 -0.0004705574941146943 -6.743479662841043e-05 0.00047106024261507254 1.0
0.060284195410777716 0.27688050158608263 0.761205276194272 -5.493329838179294e-06 -8.208838490429734e-06 7.341265820591068e-07 1.1118495793189362e-05 0.0 0.0049033037039408105 0.24599617316906822 0.7585681502738716 -2.2528540009494547e-05 -0.0004465725778526465 -0.00010899187361783201 0.0004336605716893271 1.0
0.060271116299927326 0.27687506034243425 0.7612040454666017 -1.2282868090606845e-05 -6.764067122641075e-06 -2.1616956618961492e-06 1.422772179574488e-05 0.0 0.004799621164687523 0.24514812200720756 0.7583645089336544 -7.633566336188268e-05 -0.0007762859540049857 -0.00019993016413444173 0.000867794782503088 1.0
0.0602589766994191 0.2768761118209426 0.7612070434277233 -1.3866264295156435e-05 -4.47144696039987e-08 9.908909119871067e-07 1.2342375627876158e-05 0.0 0.004685008408594933 0.24448015198678733 0.7581989367437133 -0.00011583459049257537 -0.0007279303599658804 -0.00019586147691922956 0.0007170075362813289 1.0
0.06025136048817692 0.27687868678671645 0.7612064477996601 -9.47178319741149e-06 4.1728164965811355e-06 -1.4143900853556462e-07 8.04974564703198e-06 0.0 0.0046235943386517715 0.24394371654211322 0.7580684602087036 -8.616138229788068e-05 -0.0005626403857028177 -0.00014552417583483824 0.0005426244817230325 1.0
0.06023361147100943 0.2768682883071889 0.7611957169820299 -1.5127093601899089e-05 -7.130234475643658e-06 -8.434649195079219e-06 2.302688611353277e-05 0.0 0.004584748346172131 0.24329036573973567 0.7579657701116411 -4.4486627257535715e-05 -0.0005905474778719468 -9.048030459005626e-05 0.0006536214759377049 1.0
0.06020121057169667 0.27682977164200295 0.7611634389725053 -3.0255115792484444e-05 -3.606218861692442e-05 -3.056593618936084e-05 6.0198588549809015e-05 0.0 0.004603013505119843 0.24202548804549984 0.7577312860657524 2.2448295334605945e-05 -0.0011555862309104617 -0.00019656012499773035 0.001299642198798185 1.0
0.060185529886022486 0.2768146485723404 0.7611542320163557 -2.08800408992502e-05 -2.481731550708307e-05 -1.7001151136348915e-05 2.46744196908008e-05 0.0 0.004673633585424694 0.24156748596891198 0.7577108348315911 8.470147707589856e-05 -0.000660301973921274 -5.5719065316622485e-05 0.0004916533940396441 1.0
0.06017342462037851 0.2767951448108882 0.7611414333198384 -1.2618748154439002e-05 -2.01632111385429e-05 -1.198149235561759e-05 2.363586779494634e-05 0.0 0.0047726861988418865 0.24079947542502594 0.7575952152916583 0.00010827997953866865 -0.0007051202009911318 -9.815395909693213e-05 0.0007184424864271517 1.0
0.060171151039913384 0.2767868617179883 0.7611345232521814 -1.0881399007451757e-06 -6.454011720748241e-06 -4.288464001919373e-06 1.2290295397624417e-05 0.0 0.004768001218003228 0.24050819107898722 0.7575043240910689 8.385090644713058e-06 -0.0003383931423680508 -9.390999083423265e-05 0.00034575803637262365 1.0
0.06016848636918399 0.27676440805401753 0.761125013172108 1.488251213337677e-06 -1.521468114531155e-05 -5.5295150497617384e-06 2.5323968787970555e-05 0.0 0.00472334835045226 0.24023246227327444 0.7574300624781614 -5.877820868535094e-05 -0.0001704631364389072 -7.285940231244824e-05 0.00029076608808073316 1.0
0.06017010225405614 0.27675185998397395 0.7611140986362712 2.3811245425825726e-06 -1.392442479075202e-05 -1.0660080633474733e-05 1.6804123087519625e-05 0.0 0.004653568370771243 0.24007508522593907 0.7574424313140233 -9.087082720323728e-05 -0.00012140647988823463 1.9167825948782514e-07 0.00016731699621067746 1.0
0.060177548941282764 0.27674369670990245 0.7610999459089117 4.766535710834359e-06 -1.1461938177896594e-05 -1.6478392011085055e-05 1.651955290380719e-05 0.0 0.00453893293559795 0.2400340184194795 0.7575878357302128 -0.00012301563247515832 -8.615203106845926e-05 0.00013334786741396785 0.00017918124722645712 1.0
0.060181947382476286 0.2767320252895851 0.7610994056089047 3.7492089622852745e-06 -1.2200838174086566e-05 -5.058840678606962e-06 1.3338648915438789e-05 0.0 0.0043986861310978355 0.24022172671055694 0.7577205124402775 -0.00013565866170164097 0.00011960414634688084 0.00015871328218495555 0.000286262684678423 1.0
0.0601830912583643 0.2767267214245924 0.7610973489281411 2.1677023453498152e-06 -4.202423449278352e-06 1.058840259157164e-06 5.6042940837528764e-06 0.0 0.004190061391446174 0.24069339281451085 0.7579002053927971 -0.00019153516691691483 0.0004933910233784751 0.00019970495583730962 0.0005297305217499748 1.0
0.06018241526480106 0.27672658631141434 0.7610930778445395 -1.4484544456638193e-06 -4.261760326010077e-07 -2.4717821919329577e-06 4.555449752256853e-06 0.0 0.0035007302874463277 0.2410619590377915 0.7581829334546188 -0.0006251504788235376 0.0004121233719965733 0.0002568973202342128 0.0008443928516041171 1.0
0.06018108136559182 0.27672813015163505 0.7610889453371601 -2.1128043812378816e-06 2.4465632869860078e-06 -3.7843663279633874e-06 4.390254508085207e-06 0.0 0.0019324133364300117 0.24062778453589406 0.759326681134047 -0.0015208520482783352 -0.00028859838645389535 0.0010238677432569134 0.001974540577938601 1.0
0.06018030286364536 0.27672630903872986 0.7610900932287666 -1.4945208200105561e-06 -1.663029327802381e-06 -9.604124981853092e-07 2.5852053461166178e-06 0.0 0.0007298259538216713 0.2396822077170913 0.760226902058881 -0.0014330413104831359 -0.0010307401249210286 0.0010582722007896714 0.0018072872638764368 1.0
0.06017991113010367 0.276731346163451 0.7610844279310467 3.691182276400136e-07 4.191088863211011e-06 -5.104532741602082e-06 7.186811843833379e-06 0.0 0.0003673472143732576 0.23915634940763575 0.7608324571317108 -0.0005288854849013257 -0.000794252495269982 0.0007188173304975196 0.0008490987579560838 1.0
0.060180365711337 0.2767330212807909 0.7610821539000737 1.3612973272244673e-06 2.0092481115423356e-06 -3.1043371634555423e-06 3.1716458952327693e-06 0.0 0.00017488625688925446 0.23915465199999858 0.760801714337779 -6.365919564700642e-06 -8.898373186642483e-05 -1.6055503486555028e-05 0.00017275977573886323 1.0
0.06018065390378717 0.27672617080614 0.7610890189530669 5.20878203915891e-07 -6.223857377357556e-06 6.392912576818645e-06 9.445586474712363e-06 0.0 1.1784867041262193e-05 0.2392064053089156 0.7607037661992702 8.110918561324401e-05 0.0002648502586989331 -0.00030315913105568703 0.0002287906571812002 1.0
0.06017993188954159 0.27672843064183755 0.7610869943207283 -7.025221664057091e-07 -9.035206327840478e-08 3.5846798269017827e-07 3.4178782939024347e-06 0.0 8.01436875398331e-05 0.23930034378545628 0.760627176763571 0.00010706762566411922 0.0002996530266054028 -0.00022009275129295295 0.00017272313488177248 1.0
0.060179724582246526 0.27672674214760357 0.7610888414942701 -6.508035371511329e-07 -8.442860639826925e-07 1.1316568508957205e-06 2.2355036252427503e-06 0.0 0.00041167483347941076 0.23979714610442135 0.7606395360028801 0.00019587299031107236 0.0004614296217926336 4.216970255349589e-05 0.0005539929592773921 1.0
0.0601807263894672 0.2767315464757145 0.7610889296257964 6.1693174930874e-07 4.26694575764751e-06 7.44202570634671e-08 4.975850947944014e-06 0.0 0.0005549755070856763 0.24023767376199257 0.7607316042049914 7.751676824624019e-05 0.00037316870408746206 0.00024393686828637524 0.0004784315039119024 1.0
0.0601924448712795 0.2767407934108261 0.7610960304964993 1.0409919396659675e-05 9.831768853814485e-06 5.632785447174816e-06 1.658325815234236e-05 0.0 0.0006091022019372343 0.24072885899180907 0.7608592586149643 7.126688863421955e-05 0.0004319859928983952 0.000194387845742163 0.0005036750196367366 1.0
0.06019568983394323 0.2767347742070273 0.7611033161305165 6.231048622521835e-06 -1.979370299392568e-06 7.499320665111783e-06 1.0413353205316172e-05 0.0 0.0005975691527563239 0.24093307855822974 0.760925392939151 -3.7007283304024263e-06 0.0002608314357970366 7.92883882607461e-05 0.00022420286469111467 1.0
0.06019765976684826 0.27673818875307593 0.7611008505239716 2.3575221328765005e-06 -1.6074124461990626e-07 3.9315732086990546e-07 3.853780777718968e-06 0.0 0.0005424314643823828 0.24117193405798465 0.7610472609050402 -0.00010230725533133447 0.00019557977266869458 5.526025060012009e-05 0.0002691761071156938 1.0
0.060198945684970306 0.2767462802647987 0.7610938081230715 1.6975218758351776e-08 5.987586727783868e-06 -7.207821999239775e-06 1.0870905795025522e-05 0.0 0.00046803276013048726 0.2414351525199991 0.7612064142864723 -9.287494232931604e-05 0.00020173261204756057 0.0001340050913478553 0.00032908136451300133 1.0
0.06020025989588105 0.2767455432118379 0.761094922957702 -1.018589770852691e-07 2.0062203870777736e-06 -3.013187417972341e-06 2.6565214295652187e-06 0.0 0.00041622761910027563 0.24166909778237333 0.7613658613168494 -2.40832276053068e-05 0.0002451525714639775 0.00016156414291735292 0.0002808393690579946 1.0
0.0602023743980998 0.27674453421606066 0.7610970721098218 1.7426767488931139e-06 -1.012919643196059e-06 2.238884251901797e-06 2.6529354667223198e-06 0.0 0.0005900158669023051 0.24206216439556005 0.7616264496423943 0.0001773317882709339 0.0004199143527775825 0.000258688271029548 0.0004969839517587233 1.0
0.060202564472444015 0.2767446144319834 0.7610977321439628 1.4422930230428456e-06 -2.3796880911039595e-07 2.6801067154177307e-06 5.4362332479174e-07 0.0 0.0010324341934927475 0.24219230624239593 0.761676166492373 0.00043659559144624855 0.00020472522676674883 9.967803286882107e-05 0.0004685185473860997 1.0
0.06020209806840785 0.27674590542165073 0.7610975743247532 4.7272571073604286e-07 4.263711400474946e-07 1.6691588737871696e-06 1.6706848136854917e-06 0.0 0.0022856407033216607 0.2424271805311821 0.7617366202388492 0.0012039553986377448 0.00020328675244578532 3.605607333208027e-05 0.0012694491238627924 1.0
0.06020193279645602 0.27675049254573814 0.7610932311665202 -1.0606031370145888e-06 3.6269539844600135e-06 -4.261380487017039e-06 6.271438743396318e-06 0.0 0.0030601715444494018 0.2427017430885412 0.7616879963433476 0.0009849353701932792 0.00023169708049439918 -6.556975399392954e-05 0.0008490412816517505 1.0
0.06020512834438348 0.27675001918699116 0.7611033154748492 2.5247214618795255e-06 2.3022551646946724e-06 5.874213529411327e-06 1.0499182810221424e-05 0.0 0.003422228493260716 0.24288639209735335 0.7615118041656583 0.00042552138621047386 0.00020606991743449637 -0.00017793311405021837 0.00041180696424103795 1.0
0.06021781136978161 0.27675178199303396 0.7610987775471806 1.1906673999768165e-05 1.4760631211213939e-06 -1.3018652853614429e-06 1.3723550937155008e-05 0.0 0.0035257648095582735 0.24306202792773218 0.76143188715137 -2.2775658900463512e-05 0.00018046106994031114 -0.0001121843280108925 0.00021492814947767657 1.0
0.06025761485849573 0.2767639161448529 0.7611084804521373 3.794585185779547e-05 9.539745689738406e-06 8.146093958865471e-06 4.227041303055078e-05 0.0 0.00348951205874006 0.24340414100013502 0.7614714409361744 -0.00020185003796863147 0.0003171016451537952 3.8003958270310835e-05 0.0003684773051965764 1.0
0.06029692255064421 0.2767548699478717 0.761106242837548 4.447134822611389e-05 -4.753240247401519e-06 2.3541743291256664e-07 4.1412291311207107e-05 0.0 0.0034878059062796343 0.2437964686183529 0.7614464707013814 -7.464994937551436e-05 0.000408453955925515 3.094043867708638e-05 0.00040738872228008926 1.0
0.06030776595019298 0.276765701127866 0.7610931145090472 1.7623525001851506e-05 6.507350017954712e-06 -1.2578756861740387e-05 1.9488440163991817e-05 0.0 0.003462222475033707 0.24406240752617825 0.7614024365806524 5.755226463341599e-05 0.00029600955635619063 -2.948680951803188e-05 0.00024178455994589297 1.0
0.060313451628599836 0.27676742484385874 0.7610908942123328 1.1122166281359326e-06 3.5643395510233264e-06 -6.748128874328463e-06 5.553680818917683e-06 0.0 0.003593313745081736 0.24427300359347615 0.7613365634254982 0.00023290920069472592 0.00022263355961679143 -6.859600535403231e-05 0.0002563222465815199 1.0
0.060315021364536085 0.2767663685378253 0.761092593989423 -5.368453709848565e-06 -4.0367810683845466e-07 9.60894619814086e-07 3.419289888496214e-06 0.0 0.0038819091006777207 0.24440615116261966 0.7612638192454524 0.0002921144746171186 0.0001103533220557138 -0.00010320890367006524 0.0003337885275197434 1.0
0.060312990480272805 0.2767661278834049 0.7610914788688109 -5.0075600669862495e-06 -1.2508313535912329e-06 2.11818915309762e-06 3.046723678969878e-06 0.0 0.004524410946818538 0.24458868904085795 0.7611676244744566 0.000616732637561948 0.00013192711925077654 -0.00011148495930341232 0.0006800049019916405 1.0
0.06030880963459797 0.27678116586491003 0.7610777639321004 -1.855268414351567e-06 1.2827542207002293e-05 -1.0958226006391208e-05 1.979184418130994e-05 0.0 0.004897763710327167 0.24470552379981714 0.7609122101054421 0.0004627158727452235 0.00012832894087354922 -0.00022384810341072382 0.00047193041233129884 1.0
0.0603085233273937 0.27677870929774906 0.7610803355788794 3.401639489749935e-06 2.2450788603178795e-06 -7.285338230512385e-07 4.122839610733407e-06 0.0 0.004984711114871571 0.24480166154052596 0.7607945132567073 0.0001099799185286711 0.00012354489627819438 -0.0001497128169275008 0.0001580941854731397 1.0
0.06030544744196826 0.2767865277926004 0.7610682212745247 -1.2957360729286832e-06 5.125733611749713e-06 -1.1343881947528215e-05 1.371054346138746e-05 0.0 0.005055577941897204 0.2451009762029889 0.760639388017593 -2.586288556133326e-05 0.00027659082395609444 -0.0001514162102697553 0.00033998680539151603 1.0
0.060305392815750855 0.2767876095520853 0.7610666509142566 -1.663318393028611e-06 3.0429616653076242e-06 -4.144796079164422e-06 2.807034288682315e-06 0.0 0.005105655969076129 0.24527171698519767 0.7605728856618245 -3.373470042316776e-05 0.00020931949512218367 -6.600560034784501e-05 0.00021641314147039127 1.0
0.06029499214821523 0.2767733993322469 0.7610580444139204 -8.648804932689991e-06 -1.383392341704932e-05 -5.7675272304322e-06 1.9289511363963097e-05 0.0 0.005306676074519588 0.2453744796795223 0.760557810815085 0.00017656760977187555 0.0001171732587083729 7.799415485393917e-07 0.000216013829377246 1.0
0.06029003928249045 0.2767726218045512 0.7610575785438537 -7.233379501913528e-06 -5.6595359386724174e-06 -1.363576610902716e-06 5.755786591913594e-06 0.0 0.005491776096616209 0.24540694304926977 0.7605178393339914 0.0002642436256022467 1.9086422194355756e-05 -1.673022125646415e-05 0.00018076418774604056 1.0
0.06028690583993786 0.27677085785160777 0.7610586483065639 -4.207727573878218e-06 -1.0187994400509198e-06 9.336629633041749e-07 2.6131655033945367e-06 0.0 0.005700711451260604 0.24543070487037014 0.7604890875128202 0.0002768504764771506 -5.621913911975997e-06 -3.679257591118127e-05 0.00021965769964233864 1.0
0.06028429710675021 0.27677203222121377 0.7610568896610508 -1.977720886652052e-06 3.182914018974925e-06 -8.336262759157901e-07 3.850206059853541e-06 0.0 0.005982323808611588 0.245433018610726 0.7604597530226384 0.0002599897492140433 -1.5623558995301717e-05 -4.798633008380417e-05 0.00028640565319760364 1.0
0.06028242699300096 0.2767738700919475 0.7610544648787523 -7.103892690030908e-07 2.701829586883538e-06 -1.5633924743977063e-06 3.703155248977443e-06 0.0 0.006253292636467276 0.2454273865379684 0.7604427346556984 0.0002537200904860794 5.756425556918525e-06 -2.009866665205181e-05 0.0002675803417643673 1.0
0.060280824143170625 0.276772836786831 0.7610542885439837 -1.255058532736964e-06 7.863019780952728e-07 -2.17664883856162e-06 2.1373272433062512e-06 0.0 0.007246671823981904 0.24534060169898095 0.7603374291517219 0.0008853225853658986 -5.0796663034111914e-05 -9.710293703015904e-05 0.0009970990877720834 1.0
0.06028034702632404 0.27677162351438683 0.7610544518455964 -8.515138437555597e-07 -2.9667722025429793e-06 2.894338946447789e-07 6.369278209817471e-07 0.0 0.008462139920232653 0.24524431680647085 0.7601630436846769 0.0012812163491696979 -0.00010860326574382064 -0.0001686186136346127 0.0012512412127289854 1.0
0.06028020276678306 0.2767697463313881 0.7610556426406179 -9.994096152381424e-07 -3.5511479294997696e-06 9.038530037427444e-07 2.65540720148331e-06 0.0 0.009628382340219618 0.24521151038077274 0.7599177322284614 0.0012942346636214633 -5.431888130952921e-05 -0.00025283110267672055 0.0011808443657683294 1.0
0.060280201822256414 0.2767696439390442 0.7610553176571494 4.1428393958240193e-07 1.632382852469451e-07 9.536137774373248e-07 3.5204517184292636e-07 0.0 0.010592855303806182 0.24483410884906212 0.7597043818351213 0.0010059588489589823 -0.0003230562721288033 -0.00023921378196577482 0.0010416691263647902 1.0
0.060280315033485736 0.276774929210798 0.7610493599429855 1.8958314759457966e-07 4.795156787776544e-06 -5.257670802851875e-06 7.774311586108383e-06 0.0 0.011151011105718981 0.24422355373490595 0.7595602198002398 0.0005173601313301481 -0.0006109189048015123 -0.00015031793988749462 0.0008514481875508774 1.0
0.06028095734297812 0.2767676592836129 0.7610561990278066 5.040060485964637e-07 -4.038991673067143e-06 3.620617817251804e-06 1.024154187637655e-05 0.0 0.012742706562842097 0.24288691931688156 0.760029993542401 0.0012830051563120445 -0.0013018919588987212 0.00041075331780719183 0.002129202348888177 1.0
0.060253519273280085 0.276748955337357 0.7610302178723091 -2.3461521082218503e-05 -1.8056814582133786e-05 -2.040711298475007e-05 4.177233363168122e-05 0.0 0.013213543156951817 0.24212693947519864 0.7604312049898624 0.0007024839593286057 -0.0009771151038793897 0.0005206032340854259 0.001026744956743077 1.0
0.060191441579988 0.27673941425817633 0.761036834106355 -6.112175223777363e-05 -1.4277796128518572e-05 -8.836767438566414e-07 6.382295334087076e-05 0.0 0.013604435771384519 0.24150618174631538 0.760529021766432 0.0004406240012879364 -0.0006269942613490665 0.00020343937183899463 0.0006649552710243717 1.0
0.06014093245021297 0.27670104606171986 0.7610332876682381 -6.039447455475134e-05 -3.503896818826312e-05 -8.142712079208649e-07 6.334845962843853e-05 0.0 0.014357263359098708 0.24053787812967467 0.7606796209349196 0.000625959061476858 -0.000778360522917997 7.85566941436722e-05 0.001239213526827273 1.0
0.06010320038782243 0.27665784881872146 0.761012436557983 -4.213809408063316e-05 -4.489353528463245e-05 -1.645324872052214e-05 6.021764487240553e-05 0.0 0.014597702983751536 0.23989072817317333 0.7607387141720281 0.00029592831791950083 -0.0006296659965663807 -2.471746724626902e-05 0.0007654363711348034 1.0
0.060060094907608885 0.27661342980389186 0.7609870653123116 -3.662285260950313e-05 -4.617142311936291e-05 -2.6640966144011347e-05 6.70974273985634e-05 0.0 0.014801371686372026 0.23950124040189902 0.7604494595409099 0.00017805642930806848 -0.0004310621108320689 -0.0002945540901134716 0.00048661476995492145 1.0
0.060052256541732726 0.2765933736271468 0.7609581544132282 -6.33223077052942e-06 -2.3545306863641914e-05 -3.165436444294206e-05 3.7399175544435784e-05 0.0 0.014715068561703777 0.23922263887145165 0.7601489947345076 -4.260996391935751e-05 -0.0002931487913791576 -0.00032672746756651303 0.00038004321530242383 1.0
0.06004654812660815 0.2765701423031931 0.7609362879508056 7.447453203756514e-07 -1.8469744050336153e-05 -2.4714275647149143e-05 3.083292538566053e-05 0.0 0.014581428772703863 0.23901753304970297 0.7599186281386217 -0.00011364409040134763 -0.00020681170110503188 -0.00021720365220073202 0.0003872875517477648 1.0
0.06004378846394146 0.2765433923752486 0.760903314495099 -2.449476411056968e-06 -2.158965596719051e-05 -3.0988494037770914e-05 4.293186401066074e-05 0.0 0.014325419598506101 0.2388597883969505 0.7595384415417658 -0.00034531417408398203 -9.88415374402413e-05 -0.00034870878553728977 0.0004748012441167537 1.0
0.060055864703985315 0.2765026485458977 0.760883438233831 7.41422520297442e-06 -3.815820359864761e-05 -1.8053611987479774e-05 4.792669463774014e-05 0.0 0.014651506364847777 0.23972514565082959 0.7582743050792116 0.0002613426512156157 0.0006970172159654223 -0.0011338219601230277 0.0015437704912599874 1.0
0.06006045330448038 0.2764805442382306 0.7608583249165004 6.074198775171361e-06 -3.123886869558862e-05 -2.3677967289539323e-05 3.3159791692177214e-05 0.0 0.014990771990122843 0.24055854185502737 0.7563619297941127 0.0004653567771945779 0.0009270154436665469 -0.0019265246744866586 0.002150936309188752 1.0
0.05994400477449037 0.27640954904363 0.7607085447094702 -0.00010103476221881493 -6.539693064178497e-05 -0.0001328001223292228 0.0001998038972028717 0.0 0.015549854833523323 0.2412161595011022 0.7549529648702575 0.0005952247208042336 0.000805311018678668 -0.0016872747514302257 0.0016367634902270806 1.0
0.059654302526898725 0.27633433168911126 0.7605199430383283 -0.0002844235488334336 -7.899876258054327e-05 -0.00020129075110029662 0.00035911027116234697 0.0 0.016182842972073334 0.24119274543566194 0.7541443125190165 0.0006709764521630555 5.0273295244814475e-05 -0.0009182000847556195 0.0009925734729123322 1.0
0.05937844122122556 0.27629022486786325 0.7603149039132541 -0.00031613497078435696 -5.168278877802043e-05 -0.00022381804062819848 0.00034663096263162427 0.0 0.015210038080455651 0.24010022853698224 0.7540444805764545 -0.0007704455174037184 -0.001149161410769537 3.832133008973849e-05 0.0014769364832205065 1.0
0.059164943894096905 0.27616228354209044 0.7600173912392667 -0.0002419068280340773 -0.00011280954192278434 -0.0002915700016144713 0.0003802216628948368 0.0 0.01595025764889016 0.2402068087940739 0.7535987170296535 0.000223623186801545 -0.0003821100389183276 -7.808188295252597e-05 0.0009339711583349595 1.0
0.05842672961234837 0.2758141014936143 0.7594748012539381 -0.000641772335666489 -0.00032247862004719226 -0.0005121102621847974 0.0009781761991491619 0.0 0.016521744178620495 0.23996829730320396 0.7532001554792356 0.0006072384720548086 -0.00013782973935512087 -0.00035673689884159525 0.0006849313121007564 1.0
0.05680778398439103 0.27480327676222494 0.7583146896881187 -0.0015331625389060062 -0.000954773883118883 -0.0011028100528641482 0.002245394526221289 0.0 0.01683615266000761 0.2394835386934626 0.7522342351966472 0.0005488641759420759 -0.00020283630787432577 -0.0010772358956508054 0.0011076788477976452 1.0
0.0548070021424007 0.27288930159409175 0.7570736081108302 -0.00211974948513283 -0.0019072924200550438 -0.0013407513948918734 0.003046874803978986 0.0 0.016298368677166837 0.23863658113684103 0.7522419033340914 -0.00033610489428009376 -0.0007137708219778465 -0.0003744542375552582 0.0010460515583452493 1.0
0.054659696157599656 0.2726159762256039 0.7569202355062926 -0.000583901900271538 -0.0007119962150710505 -0.0003920131346703884 0.0003515217824320808 0.0 0.014924753814318703 0.2378990732563407 0.7525296577222426 -0.0014020417961454845 -0.000851421145617606 0.0003135956639152681 0.0015658696204422597 1.0
0.054737007478192344 0.2725632414956801 0.7568376095648326 0.000291013795100662 6.563935499102021e-05 7.947988828983129e-05 1.5712190015161986e-05 0.0 0.014514122052540554 0.2378955483692525 0.7524871862477474 -0.0008872499234118378 -0.0002507372267072678 0.00022428978507712475 0.0004196723622048148 1.0
0.05481815172730059 0.2724884086113797 0.7568512071522595 0.0004651467630972222 0.0002416620610014105 0.00022002822328100581 0.00021005773256274054 0.0 0.014176656086696679 0.23827502558546124 0.7525927337041682 -0.0004050801494397141 0.00040843036154325756 0.0001727665774884481 0.0004865947456613982 1.0
0.054836895670043274 0.2724351963628385 0.7568963939491231 0.00017982521344640388 0.00010598534609328021 0.00012233858702342726 0.00012845744297118844 0.0 0.01404957574649114 0.238770998692201 0.7527498336675909 0.00019391014938225217 0.0007662121908790974 6.884773277847416e-05 0.0005670281577493629 1.0
0.054823939482092035 0.27238324147411597 0.756927680615976 -0.00017882337423156375 -0.000127678410252593 -5.322987003119196e-05 0.0 0.0 0.01449716933175549 0.2393365747179525 0.7529496338094838 0.0005490694461643586 0.0006196959768707362 0.00011409166149522305 0.0007607755191722595 1.0
0.054482021874025906 0.2720603796386286 0.7572519462134779 -0.0005547788938961142 -0.0004886877381767861 0.0001365381418411009 0.0005292202771978199 0.0 0.01847504210559022 0.24299596231545786 0.7526414344499461 0.003564281157274272 0.0031554139069696267 -0.0002694662023168084 0.005358913794645603 1.0
0.05414011031267899 0.2718404685448763 0.7576294112396214 -0.0004587633549288177 -0.00037110356381001236 0.0003777971542975847 0.0006318905495060621 0.0 0.02065044701628324 0.24419655562173748 0.7526135171057031 0.002853179550965576 0.0018659873359280147 -5.1641021186607104e-05 0.0026362527448262696 1.0
0.05222758006824257 0.26848618086295956 0.758617952102806 -0.001596186514421028 -0.0028155002588468054 0.0010097366101690845 0.003922728955531529 0.0 0.02105967849809309 0.24408828205031904 0.752447648968793 0.0007374079073447157 5.903388178000698e-05 -0.0001633029654895724 0.0002641886677202727 1.0
0.04323446517375538 0.2605155561330205 0.7580525758655462 -0.008189529154680469 -0.007734834972333424 -0.00025034496790304336 0.01205989785337183 0.0 0.020961653522834245 0.24422716181242476 0.7524103175333177 -0.0004985529753752179 -0.00034808816604696804 -7.445582812767287e-05 0.00013948260095823675 1.0
0.03194592406131488 0.25371245207420806 0.7600243451134655 -0.012121919470856501 -0.00797821505436739 0.0014484187442101238 0.013485865453330262 0.0 0.021081691529768968 0.24422500408351505 0.7523310873506104 -0.0005667433706080077 -0.00036759149227501975 -1.960431719837667e-05 0.0003417491498804564 1.0
0.03118909511974355 0.24945546477256972 0.7590085003998588 -0.003403207294070663 -0.004994711512195627 -0.00045201596198054075 0.004287173227211183 0.0 0.021151629897648017 0.24425082833548978 0.7523290949132623 -0.00010162806911282276 -1.8314332008680288e-05 2.0655585547919923e-05 7.728483594284972e-05 1.0
0.03401138800076685 0.24953254898221072 0.7590204810897387 0.0036711183809524837 0.00024416928620060653 -0.00031265731537152977 0.002484519865605869 0.0 0.021156738088001628 0.2442841220629952 0.7523278570891818 0.00036301923321058275 0.0003352844806812732 -2.89353074667888e-07 0.0 1.0
0.03555137352514058 0.24744951762767803 0.7576630707272861 0.004267244600844303 -0.0001716258646435705 -0.0012746539250820435 0.0033483797186707664 0.0 0.021149955201493587 0.24431075471300281 0.7523214738258625 0.0004541559829741818 0.0003721327379276032 -3.408122316598427e-05 9.79836769153873e-05 1.0
0.035765477981070076 0.24591051870961098 0.7567577876886089 0.0015223292302570524 -0.0010435932079784066 -0.0011300819045644206 0.0019978319063489016 0.0 0.021142481532643684 0.24432114023874074 0.7523200175814143 -0.00010023252332277272 -0.00015763363973969212 1.0546020779879503e-05 3.367697496053663e-05 1.0
0.03546481483091315 0.2449850866568652 0.7556205914539064 -0.0013590833164258001 -0.0017096937163608712 -0.0011065948317118906 0.0011387263054763001 0.0 0.021145709609370615 0.24433792901308948 0.7523161012018311 -0.0001348508722281718 -7.198657955562269e-05 -1.7760504310752466e-05 7.43141859121943e-06 1.0
0.035282747268282115 0.24479946447156137 0.7547523900685551 -0.0021926112980398165 -0.0011012038743489182 -0.0008415716168250431 0.0008434025565533503 0.0 0.02115172637011935 0.24434048097878988 0.7523133089149076 -2.05690610570835e-05 1.9178662956360265e-05 -2.804741259627107e-07 4.957827686630212e-06 1.0
0.03517290121118566 0.244632867619273 0.7539120121828579 -0.0006431692895733209 -0.00013109472822184394 -0.0005937600701330964 0.0010498842593081783 0.0 0.02119349631378797 0.24432830318922868 0.7523049617155695 6.130478979228865e-05 -2.1660413443752046e-05 -1.1044442699927692e-05 4.4385446898650196e-05 1.0
0.035118618594475286 0.24449373276020772 0.7535808000182352 0.0009080701020948469 0.00023251260663881886 -0.0005049152200249122 0.00033451186044456543 0.0 0.02119784344260563 0.24432477655349386 0.7523032681715469 1.3289528959284862e-05 -4.5730622443615265e-06 2.1897342728937106e-06 7.646924847112564e-06 1.0
0.035043966222697134 0.24436673353339883 0.752866881799725 0.0003781932947708966 0.00010050678810792635 -0.0005179351016181947 0.000686418525536245 0.0 0.02122151861833392 0.24431497156348236 0.7522971908100506 1.4609592853999585e-05 -7.988845188806812e-06 -5.308761005749596e-06 2.3679572464698138e-05 1.0
0.0350502078463259 0.24411062335312456 0.7525538258994144 -4.260336104871089e-05 -0.0005140721586759684 -0.0004669101238092032 0.00044289768053058787 0.0 0.021233477541621307 0.24430887737939988 0.7522970971428864 9.752719152361796e-06 -6.052898979861021e-06 -1.0454046668620665e-06 1.5026910155228428e-05 1.0
0.03498971229590637 0.24363260611648838 0.75202291304971 -0.00014798397869232767 -0.0005001392930659852 -0.0004824781383805538 0.0006901647882874254 0.0 0.02123620319065541 0.24429833061407427 0.7522972159455477 1.056566648808201e-06 -8.733501428832622e-06 1.179590322216881e-06 1.0888134822623468e-05 1.0
0.034910808851302974 0.2433551576953984 0.7516552365636534 -0.00012514501345829726 -0.0003211577281065322 -0.00044091132214019537 0.00048363004654366874 0.0 0.021239025627743335 0.24429661155188825 0.7522971451719279 9.63187803130407e-07 -1.9981263109552206e-06 4.2618852936447197e-07 3.148166682290833e-06 1.0
0.03484403211824629 0.24311736565996284 0.751472785677874 -7.472750204179021e-05 -0.00019341673794157348 -0.00020472491875329836 0.00029535310046536513 0.0 0.021237561786283044 0.24429302025039407 0.7522964661672261 -4.821832978177153e-07 -3.691451816137308e-06 -6.648044434493443e-07 3.1765230823207795e-06 1.0
0.03474229774370718 0.24281721638733406 0.751354714434527 -9.82641205239089e-05 -0.0002497097803541602 -8.602202949557487e-05 0.00034265206457280374 0.0 0.0212396346389428 0.2442949650929016 0.7522978060973368 3.1923353299845026e-06 1.0717472126697509e-06 3.4000918299827977e-07 4.386675381624943e-06 1.0
0.03457684235793224 0.2422997060560548 0.7511909248799691 -0.0001570704346572506 -0.00045705386120849055 -0.00010253807641152012 0.0005671992697368288 0.0 0.021243281667282364 0.24429407931168703 0.752296675670853 2.46821929880848e-06 8.130095462769639e-07 -6.178483627893002e-07 3.077651591706709e-06 1.0
0.0344989306845487 0.24206539982368008 0.7511128043740468 -9.805687030639307e-05 -0.00030854961121802593 -0.00011504057412792192 0.0002767235083408384 0.0 0.0212468343739503 0.24429859455684524 0.7522933171153572 6.532911202998844e-06 3.143075903244235e-06 -3.5205800104883957e-06 6.885304889962638e-06 1.0
0.03447037536727475 0.2419824040361369 0.751086855038026 -2.391393708459342e-05 -0.0001194171812349418 -2.788786057423534e-05 6.08238313420964e-05 0.0 0.021246288771126172 0.24429919814741158 0.7522952822443609 -1.428668720037956e-07 1.2524703350535926e-06 1.0912298973858296e-06 2.1508185124634024e-06 1.0
0.034402255562168936 0.24188055647605666 0.7510368199509683 -4.739109390233505e-05 -5.910907842585718e-05 -6.861141753272248e-05 0.0001398347845970832 0.0 0.02125073109514348 0.2443024197698026 0.7522939316621107 2.560277383954616e-06 2.215822315853045e-06 -5.10233524084616e-07 5.507595110992461e-06 1.0
0.034324636476716956 0.24177850512266919 0.7509950164448389 -6.834141603636497e-05 -4.7137781523610414e-05 -3.20753409216105e-05 0.00015208758480687835 0.0 0.021237810990131528 0.24430562738415879 0.7522955944098033 -1.067069859769596e-05 3.5028182117349136e-06 1.4468045652772563e-06 1.350810237269507e-05 1.0
0.03430775633592736 0.24180658055650886 0.7509961530289353 -3.2563662932959904e-05 4.807910370598008e-06 2.1234000567864515e-06 2.7700376469841327e-05 0.0 0.021236179711900872 0.2443075502139582 0.7522938298970722 -5.551700344612138e-06 1.9978985891923326e-06 -8.918910325939974e-07 3.4654909500487443e-06 1.0
0.03431657498573472 0.2418802041894546 0.7509953890772106 -1.651171433932942e-06 4.3844685659702486e-05 -9.421176115337988e-07 5.851319219636673e-05 0.0 0.021229321294732918 0.24430261144798127 0.752295757192404 -6.012046103884418e-06 -3.867184700547497e-06 1.1721024166631563e-06 7.900773733341463e-06 1.0
0.03440246597066277 0.2420373185619107 0.7509842218038014 7.970835974698925e-05 0.0001372503959001247 -1.1411171511178974e-05 0.00019030519943221232 0.0 0.02123373620020918 0.2443103362995645 0.7522941300990458 3.4812332996985002e-06 4.670879978030508e-06 -1.35251251887292e-06 9.43471548001035e-06 1.0
0.03447869033832242 0.24213658126065096 0.7509354849894141 0.00010175724003180024 0.00014499997666488296 -3.815378063195984e-05 0.00013989378420238173 1.0 0.02123361769191789 0.2443102587937591 0.7522949687861293 2.642877769299737e-06 2.169636871961121e-06 2.5101206461522496e-07 1.2182918021227363e-06 1.0
0.03454586895476894 0.24225341441066736 0.7508897867042693 7.566425178417118e-05 0.00011536544360543765 -5.342165830987085e-05 0.00013270534882147788 1.0 0.021229517600283115 0.2443104242610888 0.7522896719791278 -2.599681809124431e-06 3.777734180432037e-07 -4.063755929094572e-06 6.027600149522346e-06 1.0
0.03458957576881962 0.24231130377778398 0.750872467865489 3.401563786408094e-05 4.4395889363301196e-05 -3.0973335338623274e-05 7.585289915960691e-05 1.0 0.021230115051557693 0.24431287635635265 0.7522960882777456 -1.2024073761998957e-06 2.1431881725041345e-06 3.902205001338062e-06 7.2235283494527186e-06 1.0
0.03462446703918063 0.24237363574179444 0.7507602892883264 2.109419283587433e-05 4.2438350982954264e-05 -9.311568189808409e-05 0.00013551785016207706 1.0 0.021301767368386227 0.24427341357841809 0.7523261467547432 5.9894508742729604e-05 -3.369807868470702e-05 2.7863031017784137e-05 8.665698075307048e-05 1.0
0.03456431269347552 0.2424303639134561 0.7507115263429973 -5.2897964433501585e-05 5.741414917613568e-05 -6.028885336223229e-05 9.855082845795177e-05 1.0 0.020828037569672348 0.24425389863547997 0.7521007271122332 -0.00038574921288784023 -2.844950472784337e-05 -0.00018470897300433935 0.0005230756594913675 1.0
0.034415439083402936 0.24238251345868353 0.7508674154175268 -0.00014809709424092008 -2.7276348751238894e-05 0.0001275279874953144 0.00021529924979170738 1.0 0.020741514109968807 0.24431323870998956 0.7520327889562288 -0.00020950132130250046 4.6003313273105034e-05 -0.00012284021535494276 0.00014066766043970398 1.0
0.034415753204307134 0.242318744474218 0.7510173991972987 -3.6346630429329075e-05 -6.673706555302627e-05 0.0001842340271997144 0.00016820822921904846 1.0 0.020742964824609255 0.24429250063549326 0.7520921955283661 -2.1562740359511173e-05 4.899497432939491e-06 3.191800827795719e-05 3.649434837464389e-05 1.0
0.034431250761335026 0.2422554394834025 0.7511541422923151 2.6036895418168302e-05 -7.761125684828995e-05 0.00016594326683810317 0.00014659668195441888 1.0 0.020752255948179955 0.24426284737190887 0.7521672630544317 6.0390363921377926e-05 -2.7110096886956807e-05 0.00010697206220941925 8.776000004079202e-05 1.0
0.03443997944837495 0.2422080190814099 0.7512609967463382 3.895582884791158e-05 -4.958730085934896e-05 0.000111279656725178 0.0001186304175765201 1.0 0.020785471272964515 0.24424239663623634 0.7522388781365621 8.439606845869818e-05 -3.072819323051424e-05 0.00011027756913769186 9.967699886359145e-05 1.0
0.03446378125182318 0.24217843393578445 0.7513715833190713 3.768877592052863e-05 -2.4000789362466397e-05 8.282221055927108e-05 0.000117696570740132 1.0 0.020829958773249575 0.24421860731921954 0.7523234533135909 6.122106786839599e-05 -3.149346997367776e-05 9.365068370999628e-05 9.157533458703023e-05 1.0
0.0345249699941856 0.2422032197585706 0.7514658746230111 5.2052385350464655e-05 3.2869575038697215e-05 6.808489390653409e-05 0.00011728480888760553 1.0 0.02089628809636592 0.24420214134094126 0.7524140186768935 3.506929186550373e-05 -1.9912244031603022e-05 6.949149289719932e-05 9.984825577463853e-05 1.0
0.03452201446238887 0.24229764193471123 0.751474424073315 -7.537614342924198e-06 9.649036393442085e-05 2.297984253534196e-05 9.170808625142974e-05 1.0 0.020892155742071324 0.2442172740232171 0.752403652512314 -4.089697336407147e-05 1.999937307204269e-05 -2.633034967770802e-05 3.095881963342149e-05 1.0
0.034545597663932524 0.2426167080329179 0.7514999632822496 6.746105434628401e-06 0.0002950163665033857 2.7487164169471206e-05 0.00031942419737324433 1.0 0.020897501347250082 0.24426275741109707 0.7523826978101891 2.0290409875994755e-05 5.290589955560247e-05 -2.4265515680156087e-05 4.5010702056933805e-05 1.0
0.034566461011626484 0.2428062676025282 0.7515538721271505 2.686619005438538e-05 0.00024388654174479417 4.400068122088668e-05 0.00020684588868630335 1.0 0.020921124187870743 0.24427977994146335 0.7523974939379723 1.6779218686897404e-05 2.3064332762621062e-05 3.9906106666345495e-06 3.612908499965863e-05 1.0
0.034567730140861064 0.24315383882311864 0.7517173523011778 3.245071957524978e-06 0.00032744980538276834 0.0001545642709745423 0.00037233760198619216 1.0 0.020995215463962852 0.24433740010519178 0.7524113481593758 6.79901790171437e-05 5.0447617535610714e-05 1.7179094619366378e-05 9.449417621559297e-05 1.0
0.03456755275832092 0.24332453524339567 0.7518076923763843 -1.2717798017690917e-06 0.00019202594496846824 0.0001267418642879222 0.0002013397748943975 1.0 0.021066573877510146 0.24439419059693956 0.7524066086496688 8.709498851440442e-05 5.63451409167565e-05 1.0346150668323289e-05 9.113393499072254e-05 1.0
0.034576816641731775 0.24350974533122832 0.7518782563582987 9.455956477926049e-06 0.0001512571040848644 8.297760642882616e-05 0.00019304644373726134 1.0 0.021207670523001317 0.24450808082641465 0.7523895623476431 0.00014308596639951642 0.00010467732200904111 -7.055483366911458e-06 0.00017914140656240604 1.0
0.03468112719499652 0.243714845460852 0.7519836968680623 9.315549402439007e-05 0.00017739262498977696 8.443669702501773e-05 0.0002560504950944065 1.0 0.021040679047632925 0.2444574907439682 0.7523727951552881 -0.00011415983626027975 -1.932926720284388e-05 -2.164522468472265e-05 0.00017967199907886668 1.0
0.034729082541913626 0.24389489366309136 0.7520894611293052 6.773513940761943e-05 0.0001882261419270681 8.947915346263149e-05 0.000216767250842649 1.0 0.02104255742926641 0.2444230758227127 0.7524282313001144 -6.844458449079468e-05 -5.2216646863667404e-05 3.3579244196404076e-05 6.333059498270787e-05 1.0
0.03469142878339632 0.24415741831996715 0.7522226543613524 -1.8179292004162312e-05 0.0002686364294036624 0.00013119043270716092 0.0002944605884635682 1.0 0.021055728191866973 0.2444179623282682 0.7524476937895733 -5.743625897373659e-06 -2.8088517852872904e-05 3.546024053384365e-05 2.1082409714090555e-05 1.0
0.03460876988583961 0.24448719265833516 0.7524357598850406 -9.595299403930712e-05 0.00033289802058085796 0.00021506896184674828 0.00039708778456125674 1.0 0.021051836210885525 0.24440665325710992 0.7524955074417394 1.5278058571481614e-05 -1.1866588774843995e-05 5.281562206239089e-05 5.177397931943291e-05 1.0
0.034590862588536234 0.24463684180390038 0.7525528804239761 -5.467505543465091e-05 0.00020446014221999522 0.00015243311480267317 0.00020082720365272315 1.0 0.021045070196933333 0.24440056058401088 0.752509559867244 1.786052679662923e-05 8.4859910239267e-06 1.96901943635366e-05 2.15997391572417e-05 1.0
0.03455546339961891 0.24475262935112635 0.7526070305091329 -3.2939015202791924e-05 9.10716437512947e-05 5.099591297144914e-05 0.00012034324258367946 1.0 0.021042035392163948 0.24439978325810283 0.7525290903317623 5.721455754127358e-06 1.130456001692869e-05 9.63827144667443e-06 1.3847586243294948e-05 1.0
0.03453016841143972 0.24502008066523895 0.7527477347239309 -8.73544365441576e-06 0.00021498694501192648 0.00010365120806707911 0.00030537854112268835 1.0 0.021051735396759606 0.24439665830842697 0.7525673470568566 -2.5699737862507543e-07 1.5553066887744006e-07 2.8124365356532687e-05 3.8988808098978846e-05 1.0
0.03450671079381108 0.24519080893823744 0.7528311032031324 -5.245061882699392e-06 0.00018979719347024003 8.878820899384957e-05 0.0002066684129831519 1.0 0.021013363101015366 0.24437645130425062 0.7525656536676719 -5.2286229011123345e-05 -3.1372901135612416e-05 7.2516469829097775e-06 4.6763036839038316e-05 1.0
0.03448539244933199 0.24537240005214814 0.7530004137557538 -2.5051392130128052e-05 0.00019241740188786238 0.00016074743905593997 0.00023457814840461904 1.0 0.02096694948195218 0.24439242607529635 0.7525469871319094 -3.689228935502311e-05 9.094692339537817e-06 -1.3685473436052711e-05 5.149126059433493e-05 1.0
0.03429105397574549 0.24580097822804564 0.7537794908534408 -0.00017924065437995216 0.00040806859037050783 0.0007136338453695471 0.000902357219332885 1.0 0.020843020656809687 0.24437908271266248 0.7525809405919752 -0.00011903830414240056 -4.974333060569843e-06 1.901079919227917e-05 0.00012737263813560843 1.0
0.034021970092912086 0.24621135118814286 0.7545030723048742 -0.00028588664198390474 0.0004450567926859812 0.0008325520928777502 0.0009043259514984704 1.0 0.020680050825153354 0.24437270357953442 0.752636097247411 -0.0001720596701692412 -7.8848576512475e-06 5.7687343484128474e-05 0.0001752988766496442 1.0
0.03383582824892199 0.24647067202152703 0.7550362841919677 -0.00022574373157355665 0.0002906563910951599 0.0006173890932359119 0.0006006774899837322 1.0 0.020678265664863242 0.24437965677778978 0.7527280899216199 -3.652408942624236e-05 4.580425661386123e-06 9.56471032995798e-05 9.197263384347107e-05 1.0
0.034317844707528584 0.2470795681483141 0.7557713769914688 0.00038849817740611625 0.0005397728982550479 0.0006649689734808008 0.001046598383724072 1.0 0.020780165770827072 0.24449717221857498 0.7529763609575185 0.00011053551870372801 0.00010327311316530158 0.00023932330765457895 0.00028614986899691596 0.0
0.03449973481790019 0.24777871164021417 0.7560224949546974 0.00034510333578574863 0.0007057665803720999 0.0002684854661191097 0.0008098372058297985 1.0 0.02104563048621386 0.245176648853252 0.7525911260289319 0.0002856983515737355 0.000616641064694965 -0.0002705962913464153 0.0008304044739336656 0.0
0.0362236368923841 0.24793788848897255 0.7581918817020536 0.0015670189979605869 0.0002629237062534366 0.0017988355347439747 0.0027395257184223178 1.0 0.021313991616861882 0.24440300744768953 0.7532761002671697 0.0003109279897145823 -0.0004748203432489748 0.0004536231486194889 0.001079081211106538 0.0
0.0406993584825243 0.2496819150122204 0.7600606756918976 0.004269412534325562 0.0014681468145765096 0.002146177610166218 0.005181985807231354 1.0 0.027425646544853334 0.24429713831132654 0.7568101709025333 0.005294676593881342 -0.00033666720195098845 0.0031987142944827638 0.006991250424413817 0.0
0.04444320444887225 0.25414123356208357 0.7597613128331155 0.0043436396729556485 0.0042336075751362645 0.00023988342418993544 0.005857625985171972 1.0 0.03158071374902926 0.24499635361390937 0.7593742877872873 0.0052292662284662 0.0004902554117767132 0.0032198574849706826 0.005137799393294835 0.0
0.05197393780396971 0.2668670997949406 0.7612928304110979 0.007185689966405172 0.01209319783481704 0.0009532055605048962 0.014710664667403894 1.0 0.030864114839017274 0.24518131374885158 0.7596345022831711 0.0003752283873140928 0.00039169476191155923 0.0008387101774507785 0.0005855283584109925 0.0
0.06530519194712125 0.2765196244551952 0.7584730576651961 0.012844002530531742 0.011611943723078784 -0.0023542233007291776 0.01696109693710348 1.0 0.017548660248962275 0.2409673139462804 0.7567469159714861 -0.01246466611078892 -0.00348622146176458 -0.0029244915864007743 0.014001209758218362 0.0
0.07229333693651224 0.279567274901502 0.7589748665298904 0.008824369423723272 0.004477881371370884 -0.00048921724498206 0.007586575524542338 1.0 0.012356896836205509 0.2390565078840535 0.7561694185813194 -0.009238522291869089 -0.00284738310322203 -0.00196743254625665 0.006365925043120587 0.0
0.07369121164381465 0.2804537973268735 0.7592784688599419 0.0017740778772489696 -0.000493499015885164 0.0004447559054448211 0.0012756187172054219 1.0 0.0118636650935748 0.2386617997352795 0.756192810112749 -0.0018778007716323862 -0.0008960924078599301 -0.0003428897254268312 3.906592563874151e-05 0.0
0.07132933070160075 0.2809100573925587 0.7582429176588177 -0.003586096662947443 -0.001641636736211989 -0.0003022562593891385 0.0028500601122117084 1.0 0.012639291206388275 0.23896623852737703 0.7558852909159143 0.002807252306597623 0.0005632122921747556 0.00044877711813730086 0.0005908714546436439 0.0
0.06972164242628387 0.28065511274178534 0.7574677577620145 -0.0035932497013037123 -0.0008646471008251673 -0.000795608478445124 0.0022566000635766167 1.0 0.01307709295057286 0.23920530345444063 0.7557235979058355 0.0032556832758192343 0.0010166883981337714 0.0005505828237325023 0.0011489501646285132 0.0
0.06835268920170923 0.27949768586938 0.7562985407927851 -0.0017924621400490994 -0.00019420287908762722 -0.0013171782324333987 0.0017726527080263437 1.0 0.013385113036807499 0.23930855111693075 0.7555951960259145 0.0007500981558105219 0.0004505982978314939 -0.0001217534439385548 0.00038379372914852054 0.0
0.06815495357932766 0.27851675220109173 0.7557548314756045 0.0010558367224495716 0.00019273383584824614 -0.0007668621736769806 0.0009744219446623315 1.0 0.0135183959054075 0.23939196308127617 0.7555911951723343 -0.0012841648822489405 -0.00028004944404399264 -0.0003949497506311483 0.0 0.0
0.06824149046733355 0.2780308513149914 0.7555332507835434 0.0015651130491045277 -0.000555348806516991 -0.00042790141708660186 0.0006823092709102984 1.0 0.013522740857454623 0.23938957833054778 0.7555820904445119 -0.001533238449753606 -0.0005452076793115338 -0.00025720509291771935 0.0002517655689881248 0.0
0.06818341722980545 0.2777876309678819 0.755492016689164 2.5740309730104202e-05 -0.0005275530535461866 0.0003895656839965579 0.00031436155007215014 1.0 0.013510350461343707 0.23937007258459378 0.755584227765679 0.00039286538793427937 5.830043718545522e-05 0.00018900059180806646 6.265341910293397e-05 0.0
0.06804004647500497 0.27769015624647614 0.7554819444907953 -0.0005648615848496399 -2.552491506000289e-05 6.173415543384844e-05 0.0001337640023806987 1.0 0.013500620977011062 0.23935244973927758 0.7555947665406663 0.00033381107563607883 8.771698798471731e-05 3.986805951938999e-05 0.0 0.0
0.06788980667158892 0.27762999098619634 0.7555273168690633 -0.0005804961282395936 2.7345266268369783e-05 -5.456014290107882e-05 0.00018467755809094353 1.0 0.01350393014763723 0.23934466312436017 0.7555939498976126 0.00012062620754106759 5.325864322639726e-05 -3.586644001487712e-05 1.325379250571271e-05 0.0
0.06779966736427089 0.2776120903629748 0.7555573988898139 -0.00019135083488315725 -0.00010315425579659403 -1.989473138632055e-05 6.689360216592449e-05 1.0 0.013523062317285148 0.2393378474164944 0.7555925827666566 2.409214348320825e-05 1.0186483242811788e-06 -2.7472700252020605e-06 1.55595304841932e-05 0.0
0.06770149288240898 0.27760785253194914 0.7555861693856895 -9.701855161018194e-05 -0.0001283302480414665 -4.634620010013585e-05 0.00011219798843010043 1.0 0.013557851985866974 0.23933369354554387 0.7556047895257019 4.222508125979372e-05 -3.2474468543573136e-06 9.37228434720895e-06 3.950372135224918e-05 0.0
0.06759250171259527 0.27760298292066704 0.7555966068773734 -4.7029475200950285e-07 -2.555765346985944e-05 3.273713730226019e-05 0.00011294284763955142 1.0 0.013592430880425293 0.23934229072814656 0.7556028494267413 2.8967572641079814e-05 8.13750109803288e-06 8.975094479918844e-06 3.789827627594409e-05 0.0
0.06751580336259412 0.27761433674608704 0.7556098543144336 -5.38290410313525e-05 2.6535983236043096e-05 2.318032526099688e-05 8.081923806832806e-05 1.0 0.01362414233021914 0.2393529691141798 0.7556087455788272 2.3610007462884178e-05 5.5510300239524556e-06 4.226855748368882e-06 3.166778098378595e-05 0.0
0.06745339222013655 0.27762887199929953 0.7556383943126078 -7.537859773498008e-05 2.47560413461398e-05 3.333922691218494e-05 6.688105324568724e-05 1.0 0.013651378450238378 0.23935474093701842 0.7556085854747945 2.360397726317963e-05 2.6591690115472953e-06 1.8821065414222833e-06 2.7392245838387887e-05 0.0
0.0673514982102656 0.27764841554603614 0.7556933585256207 -0.0001010708440035723 2.609575053151225e-05 5.6883221390042127e-05 0.00011657291147099694 1.0 0.01366697962450455 0.2393664254226998 0.7555898569862373 1.3460654391554216e-05 8.978977146110219e-06 -1.6484450313454328e-05 2.767963110849425e-05 0.0
0.06726729855062477 0.27767537756541605 0.7557195006360451 -8.993250439267073e-05 2.8033303311318398e-05 4.166900267613361e-05 9.627058040450592e-05 1.0 0.013695413124421105 0.23936806197978064 0.7555904024491454 2.3788866629209235e-05 2.6641955999673485e-06 -6.2853300577278705e-06 2.8460945367500427e-05 0.0
0.06723128785109671 0.2776907854479609 0.755727406847495 -4.273055293043255e-05 2.01309210719843e-05 9.955406187847031e-06 3.701700808730996e-05 0.0 0.0137080994494412 0.2393694443143978 0.7555927444964017 1.655805352442901e-05 -1.0772328396082305e-07 2.9605390003276843e-06 1.2931058341972994e-05 0.0
0.06719304995396151 0.27771398766827227 0.7557278304261456 -3.3657001874797606e-05 2.0573640235353656e-05 -6.1439080752752174e-06 4.2594652058914654e-05 0.0 0.013727715386490532 0.2393636102623154 0.7555945556171751 1.9741301981225558e-05 -5.387534922544351e-06 5.417350095484187e-06 1.9902469802619215e-05 0.0
0.06698784493993908 0.277348553926283 0.7561864478036354 -0.00017486786559185334 -0.00031172645745823 0.00038543664224819464 0.0006196521662566241 0.0 0.013752459970017354 0.2393610804041014 0.7556004409297954 2.456914842900389e-05 -3.259328142355267e-06 6.6110183198807906e-06 2.6171202188339222e-05 0.0
0.06598937052661041 0.27636361709595647 0.7577310388464334 -0.0009060565873854906 -0.000951358915666658 0.0014551693086779479 0.002091773633469461 0.0 0.013777316761680872 0.23936105452110407 0.7555988691494688 2.6139743971290106e-05 -5.380163331051842e-07 5.45661898624003e-07 2.51872916371679e-05 0.0
0.06524556197335636 0.2759849724888159 0.7585286383108049 -0.0009168202250403759 -0.0005985464579504822 0.0011174376939207522 0.001190933717346735 0.0 0.0137879078176641 0.239361764991407 0.7556009959405214 1.3312028222754595e-05 1.5676196728581945e-06 -1.1131001497097331e-06 1.0306345719530307e-05 0.0
0.06451351542255486 0.2757418864244408 0.759189068043178 -0.0008009991676665546 -0.00025098796094600407 0.0007103230306168115 0.0009357091053694513 0.0 0.013804427328278496 0.23935777319224755 0.7555960799029833 1.35266717574573e-05 -1.4376529751408972e-06 -5.923603999850916e-06 1.712901906817331e-05 0.0
0.06420313740332692 0.2756968776133574 0.75947029858962 -0.0003213303501860416 5.490333838134936e-05 0.0001820850323050122 0.00044781979809121374 0.0 0.013834034954415075 0.23935859191854314 0.7555965741939964 2.683616196739638e-05 -7.89500285219688e-07 2.040924696348444e-07 3.069326435912425e-05 0.0
