0.0628276111024286 0.27852936265644435 0.7631825673909997 0.0 0.0 0.0 0.0 0.0 -0.017166074260917128 0.2796058383119118 0.7632837288420077 0.0 0.0 0.0 0.0 0.0
0.06280548830222006 0.2785148160951629 0.7631950245598612 -2.212280020853774e-05 -1.4546561281469916e-05 1.2457168861557122e-05 2.9260925997442144e-05 0.0 -0.017171486141653602 0.27960623025799186 0.7632813635127476 -5.41188073647364e-06 3.9194608003612075e-07 -2.365329260123339e-06 6.438717901889298e-06 0.0
0.06278382643217045 0.27848072707712596 0.7632022176209495 -2.1661870049607956e-05 -3.4089018036920216e-05 7.1930610883175206e-06 4.102484482100867e-05 0.0 -0.017196498382568995 0.2795963821750321 0.7632799382864014 -2.501224091539314e-05 -9.848082959784676e-06 -1.4252263461633774e-06 2.7951854862023404e-05 0.0
0.06276613700339444 0.2784365912407769 0.7632235765118506 -1.768942877601598e-05 -4.4135836349046276e-05 2.135889090104648e-05 5.212571497039002e-05 0.0 -0.017245330710598916 0.2795933457219249 0.7632655680347321 -4.8832328029921324e-05 -3.036453107174708e-06 -1.4370251669282297e-05 5.0799764531026296e-05 0.0
0.06276386617198901 0.2784663945777359 0.7631869198234855 -2.6566437516454722e-06 2.894621096958891e-05 -3.481722320954712e-05 4.729807999334681e-05 0.0 -0.01724869356883784 0.27957835076078114 0.7632638817991628 -4.270580115128562e-06 -1.4087740703852912e-05 -2.496303141735063e-06 1.5079991990336963e-05 0.0
0.0627634326902306 0.27843055839043684 0.7631974798816691 3.740465306485699e-08 -3.157825812245928e-05 6.716842732728238e-06 3.736221427337478e-05 0.0 -0.017243708622273746 0.27955834022772924 0.7632390500747605 7.555239503160429e-06 -2.0889602634742238e-05 -2.3389257030711625e-05 3.0121443819509747e-05 0.0
0.06272126744971343 0.27836536507428716 0.7631632267162959 -3.9957720580831485e-05 -6.81946212817336e-05 -2.698047756418327e-05 8.489602526191948e-05 0.0 -0.01724450383958182 0.2795436269063596 0.763211683149063 4.071120921715167e-06 -1.595377236827365e-05 -2.8872011710798893e-05 3.3669620900949733e-05 0.0
0.06266611070659307 0.27833336014801663 0.7631395824314654 -6.042164194603226e-05 -4.516681043623396e-05 -2.5394026502790818e-05 6.829521968692114e-05 0.0 -0.01724983267471057 0.27954531729132 0.7631918218469701 -8.541242666786322e-06 1.0720890993918934e-06 -2.149511537734636e-05 2.095671979558796e-05 0.0
0.06261467780019202 0.2783173499186509 0.7631253718584211 -6.218680271455373e-05 -2.3776779989391384e-05 -1.4555969864548212e-05 5.3900177953368535e-05 0.0 -0.017254364041837684 0.2795291273735336 0.7631960411097205 -8.138684470983807e-06 -1.0100541801365255e-05 1.415021158394301e-06 1.586051446807837e-05 0.0
0.06257035698714652 0.2783028893931476 0.7631136889389605 -4.795094514110324e-05 -1.0429784485948076e-05 -8.95396702043017e-06 4.7261335918649824e-05 0.0 -0.017251546642136885 0.2795154566364105 0.7631916354630697 -4.696332651727091e-06 -1.3816933137344426e-05 2.2774151976276522e-06 1.4587369305951801e-05 0.0
0.06254248202462435 0.2782770579536704 0.7630905467606024 -2.4991612887491282e-05 -1.4886712315071402e-05 -1.8651612729816058e-05 4.6041636929523075e-05 0.0 -0.017247546441494344 0.2795066556725432 0.7631844045346516 2.591860142093289e-06 -1.0723860536172989e-05 -3.841039437884345e-06 1.3272894624477073e-05 0.0
0.0625359068293398 0.27826431323266787 0.7630825294450574 -3.530491181835024e-07 -1.0472781808337925e-05 -1.2939866809938808e-05 1.717506491594937e-05 0.0 -0.01724461308639108 0.2794984205972167 0.763164990426728 8.210554816786126e-06 -1.0088789392035553e-05 -1.845742654714683e-05 2.0386009827143423e-05 0.0
0.06251441901427604 0.27821521528873155 0.7630530781460255 -1.2979473409632104e-05 -5.230056120884674e-05 -2.370119943725574e-05 5.8507703129066046e-05 0.0 -0.017245425615409316 0.27949607939783605 0.7631570164585413 6.979790354688559e-07 -2.7782841471986355e-06 -1.6139511289456044e-05 8.849222537222908e-06 0.0
0.06250352200289293 0.27819186797090467 0.7630360845378431 -1.572635381713582e-05 -3.454934978291689e-05 -2.4316222533123153e-05 3.3891217367647114e-05 0.0 -0.01724213758288099 0.27949143480374355 0.763157566556652 9.456484013086643e-07 -1.8114695885087167e-06 -2.1744075212324474e-06 5.18711897095884e-06 0.0
0.06249054346592691 0.278171210169889 0.7630148222324166 -1.6091917546948657e-05 -1.8725156791206776e-05 -2.0028219251744336e-05 3.0316861929251848e-05 0.0 -0.017230331473990064 0.2794689284837751 0.7631438693103209 9.62315212773653e-06 -1.8922998661068872e-05 -7.761974128141401e-06 2.8765115601992876e-05 0.0
0.06247086192933126 0.2781613139815023 0.7629986889302712 -2.0984218568851827e-05 -6.957106509643483e-06 -1.5643985210813755e-05 2.7184872377167042e-05 0.0 -0.017228011414369165 0.2794504580480114 0.7631286586941519 5.334750610564216e-06 -2.363012802362758e-05 -1.2823968028822287e-05 2.5295357023847116e-05 0.0
0.06246170956106069 0.27815693692651916 0.7629992839523412 -1.208544082128898e-05 -9.701227403742464e-07 -6.94674293278679e-07 1.126724107869087e-05 0.0 -0.017230316262249804 0.2794437937536248 0.7631148193299658 -1.0146047958610214e-06 -1.0386493375624733e-05 -1.6487996154918803e-05 1.4602273139624339e-05 0.0
0.062445601972108855 0.27814507108123676 0.7630024677525917 -1.3106952771573008e-05 -8.694223681242193e-06 5.658028962686198e-06 2.001509597311117e-05 0.0 -0.017250942283591204 0.2794295283925116 0.7630952724804191 -1.9776834599029188e-05 -1.1019505385387801e-05 -2.062088755097072e-05 3.085031906682773e-05 0.0
0.0624354251010306 0.2781430189254849 0.7629995259494838 -9.839756253039956e-06 -5.122924951920241e-06 8.596950018098664e-07 1.0404577414471689e-05 0.0 -0.01726306653615494 0.2794231091252 0.7630832101688387 -1.7662735969719017e-05 -5.358995814018461e-06 -1.4218333759754036e-05 2.0089705906874496e-05 0.0
0.06243016738758053 0.27814099464592357 0.7629969094157395 -6.320533853724586e-06 -5.601526515242991e-06 -4.934566163851529e-06 6.683756472381813e-06 0.0 -0.01727023457643415 0.2794234752518135 0.7630719356313046 -9.105679520172919e-06 1.2916831682736753e-06 -8.863747524718804e-06 1.2643770191725146e-05 0.0
0.06242862023378198 0.2781412664397001 0.7629942173072101 -2.3532936174016893e-07 1.4540934327654409e-06 -4.440985665780242e-06 2.475609213075812e-06 0.0 -0.017272924577050423 0.27942097343030353 0.7630698747049443 -1.0515104615635735e-07 -1.6082897225442137e-06 -1.5856980267176124e-06 3.6104592019712894e-06 0.0
0.062428036000949046 0.278141265564547 0.7629921016723809 -3.792177420108614e-09 6.262846766079436e-07 -4.278152526030623e-06 2.5435367751211363e-06 0.0 -0.017274164710835697 0.2794198191274563 0.7630678774866771 2.5729599473556575e-06 -2.6139538078174737e-06 -1.205703208243121e-06 3.204467121220288e-06 0.0
0.06242397487499956 0.27813499553058757 0.7629865037399673 -3.4706767322612296e-06 -4.649914765024352e-06 -4.517911949709037e-06 9.583241303427136e-06 0.0 -0.017274089027290402 0.2794193603106332 0.7630895609763528 9.060913606537219e-07 -5.704038550077815e-07 1.9178106058440498e-05 2.177415823310407e-05 0.0
0.06239850594936348 0.27808809411414714 0.762957541954792 -2.2988135100637865e-05 -4.2503964552300684e-05 -2.4396411900881033e-05 6.001348734662971e-05 0.0 -0.017256466746382444 0.2792950066387495 0.7631030689711426 1.4137356391927929e-05 -0.0001069900792981709 1.7423214767986963e-05 0.00012548098096071614 0.0
0.06235868263800569 0.27804471120517354 0.7629140897713065 -4.257841470189724e-05 -5.122613253245315e-05 -4.4906891908960174e-05 7.46946717057536e-05 0.0 -0.01719110847125165 0.27883140851666577 0.7630442916217302 5.900958827619115e-05 -0.00043403317671869345 -4.822929907635233e-05 0.00047162967659827436 0.0
0.06231437142477601 0.27803278435873885 0.7628887666404868 -4.83565650297155e-05 -2.0292958050168862e-05 -3.32499099097689e-05 5.135126855408419e-05 0.0 -0.01700850414475678 0.2779371968298683 0.76273023544872 0.00017491365355636675 -0.0008956839042692307 -0.0002894914165331688 0.0009683584703701568 0.0
0.06225883358272846 0.27800039849022573 0.7628535112885256 -5.5785934555758216e-05 -2.4044365645802006e-05 -3.2755574901891494e-05 7.166409988082748e-05 0.0 -0.0167648527211598 0.27663409349307744 0.7621543815988101 0.0002574387122759319 -0.0013469726453268953 -0.0005858898006308163 0.001445874715581959 0.0
0.062200973533107204 0.27792739318588766 0.762790577388785 -5.714836768244695e-05 -6.191269224919463e-05 -5.5797464782653995e-05 0.00011448413227109861 0.0 -0.01663628038294529 0.27521038733510583 0.7615403615305915 0.00016627793265616141 -0.0015056863116497897 -0.0006773463475200059 0.0015540421838068136 0.0
0.062155651687520255 0.2778543037419181 0.7627476583849567 -4.542980821094982e-05 -7.788364659807215e-05 -4.735020577016347e-05 9.776520434860222e-05 0.0 -0.01652133592539611 0.27382204663059984 0.7608288796751874 0.00010215191437142723 -0.00141776762120306 -0.0007277497479093044 0.0015561034182884099 0.0
0.06209835666313765 0.2777390594258341 0.762674215365786 -5.242691322151404e-05 -0.00011743084976433528 -6.999208922445454e-05 0.0001443396389826814 0.0 -0.01656120819150638 0.27223725791212294 0.7600764112921441 -4.8937715696158244e-05 -0.0014953378085638064 -0.0007335454567066231 0.0017570250962634214 0.0
0.06205778451674843 0.27764444126790955 0.7625996195032799 -4.305048762671208e-05 -0.00010741467962546914 -7.857410202011631e-05 0.00012946013728312977 0.0 -0.016659022739170252 0.27045502580252373 0.7590727553537701 -0.00012861580934413132 -0.0017068195023381327 -0.0009385850461928973 0.002058959766249632 0.0
0.06203320449322819 0.2775577897400018 0.7625341584570132 -2.5665890636016576e-05 -8.44873406402598e-05 -6.840428201117992e-05 0.00011104738305678799 0.0 -0.01686982448389756 0.26944319707293374 0.7584055565827036 -0.0002146803110309112 -0.0011440093185759715 -0.0007305311748800859 0.001240626295237833 0.0
0.06203304909014302 0.2774967779451305 0.7625089412866873 -4.535150289619735e-07 -5.487973330970114e-05 -2.7677296580810427e-05 6.535679019392397e-05 0.0 -0.01700935043546796 0.2688164387307309 0.7578047236786899 -0.00015323253020526413 -0.0006147676936202568 -0.0005961609292585285 0.0008394685496772123 0.0
0.062031603491059115 0.2774351828157441 0.7624858839100433 3.3075674130837908e-06 -5.4117554710520936e-05 -1.6031820874721156e-05 6.541957285288648e-05 0.0 -0.017190648895864424 0.2681714579911522 0.7569628595254865 -0.00015821522739625654 -0.0005076166601588149 -0.0007631503860466639 0.0010895602487122498 0.0
0.062029253036114645 0.2773814837038405 0.7624562225923767 -1.6702329339143336e-07 -5.2704441369036956e-05 -2.2823481354714187e-05 6.359274773479656e-05 0.0 -0.017313693245320692 0.2678714253552607 0.7563211187100162 -0.00011720755984959442 -0.0002777912714685669 -0.0006712348438191171 0.0007581218339366789 0.0
0.06203133160522374 0.27734415434950266 0.7624366745487724 -7.987144414910494e-07 -4.0777855087699845e-05 -2.0652416901399563e-05 4.098957606296951e-05 0.0 -0.017356074011272038 0.2675346593640555 0.755680750833659 -3.4473855398451324e-05 -0.0003326019715511493 -0.0006557066834283165 0.0006909292991785713 0.0
0.06203468633707865 0.2773214459911006 0.7624210627204664 -9.988442190088744e-07 -2.7748082218505393e-05 -2.2174373389418907e-05 2.7006219298728596e-05 0.0 -0.017347003229886835 0.2672054011339322 0.7550407739877955 1.3693465109807594e-05 -0.00041064161394687424 -0.0006525616809536384 0.0007079111248236437 0.0
0.0620328500412585 0.27728789769954126 0.76239965922281 -1.4671326111347449e-06 -2.8863453291666502e-05 -2.283064990240805e-05 3.9642424321660515e-05 0.0 -0.017331335249134838 0.2669814037760899 0.7544859147845605 2.6150662982767998e-05 -0.00029736587146369413 -0.0005719549498604355 0.0006240354052167239 0.0
0.062035517988592366 0.2772442678425639 0.7623716539572264 2.53517832098143e-06 -4.232533845966952e-05 -2.6770183488121333e-05 5.359161994682494e-05 0.0 -0.017306311861802707 0.2668012108115448 0.7539967279792568 2.0662610316208568e-05 -0.00014971108823572132 -0.0004595511356179217 0.0005139193120820233 0.0
0.06203817489406252 0.27718616530633977 0.7623118082065238 4.0858618686871626e-06 -5.9182678789291245e-05 -5.4473979500340495e-05 8.255502086141692e-05 0.0 -0.017283811353094695 0.26664840968389397 0.7535334658803304 1.7812692507803866e-05 -0.00013832952532014478 -0.00045851457144916623 0.00048010178779504743 0.0
0.062063974311277234 0.2771610286170986 0.7622333390371306 2.2470406810748865e-05 -3.600552048190346e-05 -8.219627093430816e-05 8.641244482805796e-05 0.0 -0.01725696566135119 0.26653084588115694 0.7532488555804193 1.1455935838768327e-05 -0.00011547954667580666 -0.00031747220223713894 0.00032221277103605293 0.0
0.062092348727438004 0.27712378408864313 0.7621671676883238 3.1528794404206236e-05 -3.2575515772575195e-05 -7.480392401950567e-05 8.062720299364651e-05 0.0 -0.017209050581958128 0.26632078051349933 0.7529187077150411 4.32712719653866e-05 -0.0001741714395639654 -0.00028893917905296006 0.00038401537489111677 0.0
0.06212108316326884 0.2770912183396788 0.762122074741547 3.221552590272835e-05 -2.803202880148939e-05 -4.679003289659756e-05 6.271360700193958e-05 0.0 -0.017163775742182363 0.2660735677453198 0.7525547614162794 5.288794141048591e-05 -0.00026699397061484055 -0.0003575666733346974 0.00044767128522535794 0.0
0.062145365219246344 0.2770641409037393 0.7620873136506339 2.500891391652503e-05 -2.5284026175374734e-05 -2.7919162153362587e-05 5.0442738801745865e-05 0.0 -0.01714022179371203 0.2658829541247216 0.7523109226476529 3.1756298529054496e-05 -0.00022208779301155718 -0.0002802820882509628 0.0003137131379723244 0.0
0.06215208547872767 0.27701962996575885 0.7620315785920386 6.102354463483576e-06 -4.3048167389493256e-05 -4.450821444614403e-05 7.185653926219607e-05 0.0 -0.017117459865812642 0.26560902805793574 0.752001584022939 1.968856611751661e-05 -0.0002573366449384104 -0.0003004306978608201 0.00040236902463592326 0.0
0.06215464185440234 0.276973096619107 0.7619655551524225 -1.8973231957071988e-06 -5.051027492934719e-05 -6.585230275076702e-05 8.133946678979412e-05 0.0 -0.017104829303194444 0.26527239981765727 0.7516572270150792 9.695004222216948e-06 -0.0003246558864452261 -0.00034182868747951946 0.0004883863761673824 0.0
0.06215528884002053 0.2769411233918923 0.7618853519226094 -2.301897642338048e-06 -3.7112322994631895e-05 -8.729266278689765e-05 8.576901467926911e-05 0.0 -0.0171275224429183 0.2650144446915595 0.7513491750427633 -2.1124242690459993e-05 -0.00027467893578817404 -0.0003188366288757225 0.00040923024311789594 0.0
0.062167635497073215 0.2769335576386184 0.7618127608895159 1.1899791985633543e-05 -7.674510159348273e-06 -8.121631048287018e-05 7.346228276560388e-05 0.0 -0.01718776250688036 0.2648066753655564 0.7510333252230127 -5.8844651890593e-05 -0.00020968353376999829 -0.00030861206165206284 0.0003714952255910655 0.0
0.06217470332051319 0.2769249219300217 0.7617680966338803 1.1417105764027174e-05 -3.0854208179902007e-06 -4.7631692648282214e-05 4.6354415147984265e-05 0.0 -0.017309160234408084 0.2647170065827486 0.7507858815278007 -0.00011877744386579134 -9.347355957249902e-05 -0.000261662167660667 0.0002924451288119207 0.0
0.06217667136811491 0.27691384156001364 0.7617271287243945 5.406359608193079e-06 -5.883380994385296e-06 -3.2390631752251254e-05 4.245594339066177e-05 0.0 -0.017463276907775965 0.26465903712734323 0.7506171976777135 -0.0001616636981392151 -2.9592210474826638e-05 -0.00016555818006842382 0.0002403642217190387 1.0
0.062168145810779424 0.27686185015661086 0.7616703331208369 -7.987959291810982e-06 -4.725703936019586e-05 -4.748279151435945e-05 7.769994443432587e-05 0.0 -0.017645784245878603 0.26454484329366373 0.7504025486457084 -0.00018792800990285498 -8.405336488273953e-05 -0.00017968239999988927 0.0003003487382854738 1.0
0.06216178092559531 0.27682385320884656 0.7616249148036129 -1.0862242894901734e-05 -5.0812434930137736e-05 -4.959947503542839e-05 6.102112379346115e-05 0.0 -0.01775627253257993 0.26448245195307013 0.7501832207819178 -0.00012198263534254001 -9.079739562906672e-05 -0.00022248883412197924 0.00025691348271606205 1.0
0.062153804543733586 0.27678002783160915 0.7615527965719053 -9.573737746843662e-06 -4.8392717205822225e-05 -7.246713233352193e-05 8.210891415773223e-05 0.0 -0.017756336770685152 0.26435021296469946 0.7501656918655375 -3.22950245986042e-07 -0.00014237793771861422 -6.0651939645530654e-05 0.00013121181655929279 1.0
0.062164673947301366 0.2767779872879667 0.7614972125058549 8.928678310666714e-06 -5.974960840068927e-06 -6.427324308614294e-05 5.784671129928231e-05 0.0 -0.017759626317594583 0.26423626919515725 0.7501751313352214 2.7927524938209365e-05 -0.0001286916791548984 2.2862916620172192e-05 0.00010910945651749723 1.0
0.062169812362550994 0.2767690851205683 0.7614522062918113 1.0716736794771479e-05 2.9486687167341707e-06 -4.604126305188075e-05 4.607437692796065e-05 0.0 -0.01776830549375713 0.26415666373228613 0.7501502032296566 8.529962812305437e-06 -8.575545769746746e-05 3.9824782924110244e-06 9.065867673176413e-05 1.0
0.062172754435534494 0.2767641482961333 0.7614211643223584 5.162363044585734e-06 9.929194339772617e-07 -2.717484564067239e-05 3.170759831016045e-05 0.0 -0.017762870564344474 0.2640705516672855 0.7501197550476146 -5.674122833458811e-06 -6.968607721469518e-05 -2.2613487093045147e-05 9.234751857742726e-05 1.0
0.06216709412739269 0.2767382340449548 0.7613769290702166 -5.753588151739152e-06 -2.372068088709602e-05 -3.729843015730973e-05 5.122335386180788e-05 0.0 -0.01772665798533197 0.2640159088408381 0.7501262860650717 1.4590407057904942e-05 -5.1401170156433084e-05 -1.5531585669030686e-05 6.243164766628134e-05 1.0
0.062165623701087434 0.2766971300098817 0.7613129211293665 -5.8762070541291735e-06 -4.7744663465224704e-05 -6.169477707266073e-05 7.727352252415103e-05 0.0 -0.017724508743360314 0.2640016207165468 0.7500906950108702 5.492492161045649e-07 -1.614546768988056e-05 -4.9073948791690135e-05 3.793409723087875e-05 1.0
0.06216578806396366 0.2766729645365137 0.7612920216262037 -1.5402254934482974e-06 -3.337805143798327e-05 -3.278154762709655e-05 3.156372455248329e-05 0.0 -0.017769223537876223 0.26405166820289155 0.7500893061483289 -3.441393248377654e-05 5.005416830234406e-05 -9.396411629411332e-06 6.79255535648393e-05 1.0
0.06216847177743937 0.27665550572825826 0.7612709670016248 3.482849185533115e-06 -1.8423941257596465e-05 -2.161921926046691e-05 2.5435929884780677e-05 0.0 -0.0178891346989523 0.26422526604431484 0.7501551447408218 -0.00011298625260532475 0.000162461840509512 7.368500223229433e-05 0.00022110575191433205 1.0
0.06216113175317451 0.27662908381585793 0.7612504719356519 -2.9959767518705494e-06 -1.758248085479438e-05 -1.437871867578352e-05 3.543246983098015e-05 0.0 -0.018128697027833686 0.2646388800292692 0.7502434616168365 -0.00024321096069321004 0.0004036197504757016 9.818484441469788e-05 0.0004880543567414976 1.0
0.062140572599265836 0.2765739592780332 0.7612069263832112 -1.978380429779452e-05 -4.875745231209598e-05 -3.662177833894537e-05 7.469300314325977e-05 0.0 -0.018390599143076287 0.2651637786474314 0.7504203367168331 -0.0002850029845589385 0.0005540431099592684 0.00017377250598787534 0.0006139142156981987 1.0
0.06210949522718043 0.27647679959785965 0.7611430745703316 -3.3272237411931825e-05 -9.602741942207164e-05 -6.517285537575206e-05 0.00011970191590198788 0.0 -0.01852588184187291 0.26565684817569296 0.7506517309950497 -0.00016280669275401766 0.0005321054633858191 0.00023888867445976308 0.0005570058377001291 1.0
0.06208820138757598 0.27643196428383765 0.7611140531739858 -2.6795333267839744e-05 -6.513757532267303e-05 -4.4250481717330865e-05 5.747227585024576e-05 0.0 -0.01849874100190345 0.266100725853433 0.7510481351520467 3.298644969524998e-05 0.0004445589961589246 0.00038533282899542244 0.0005910589165031908 1.0
0.06207357943429338 0.2764008625536881 0.7610937248204405 -1.4494899787134975e-05 -3.1779607462202815e-05 -2.0963798862069278e-05 3.7372413622741324e-05 0.0 -0.018331229141930454 0.2664941644496507 0.7515726956027319 0.0002017564735741882 0.00035890890906794745 0.0005249015818938394 0.0006840441214590443 1.0
0.06203691652014991 0.2763012884680741 0.7610321874473854 -2.921349767418214e-05 -7.705256664953992e-05 -4.5164379047668704e-05 0.0001234286850786984 0.0 -0.018058186184145113 0.26674505848793695 0.7521545276675032 0.00030801172621479204 0.00022932097154073887 0.0006035024019314223 0.0006944192444636766 1.0
0.06201271859755299 0.2762549866788176 0.761010130345559 -2.5831512248636314e-05 -5.485807662162934e-05 -2.8489104281898188e-05 6.257811356583516e-05 0.0 -0.017627892622101987 0.26691021380581886 0.7529600680747076 0.0004264060780120926 0.00015009658806986636 0.0007890573628538951 0.0009189235780184204 1.0
0.06197175742750521 0.27621889529743787 0.7609891109073522 -4.00079483068201e-05 -3.958071415405098e-05 -2.1626122406114513e-05 5.22329312330158e-05 0.0 -0.017037772195604747 0.2668200513640263 0.7537196115045007 0.0005680365936266864 -6.024740452069833e-05 0.0007853632489296941 0.0009716577299006011 1.0
0.06191086799655437 0.27616606113144226 0.7609557169990265 -6.125533369493782e-05 -5.017550472945469e-05 -3.2093152282856415e-05 8.637139425882053e-05 0.0 -0.016181392197935615 0.26644585431691903 0.7545988017913318 0.0008300042442059353 -0.0003632811773612083 0.0008619415925314711 0.0012782058207382707 1.0
0.06185000232275854 0.27612755417630525 0.760923175559386 -6.516442744320065e-05 -4.018752544394889e-05 -3.311775912578186e-05 8.417647115935542e-05 0.0 -0.01497855513023501 0.26564642090991775 0.7556456206652756 0.0011958264687655354 -0.0007946227764526247 0.0010197892299924258 0.0017854743027880238 1.0
0.061795826423660244 0.2761016369274803 0.7609051343000375 -5.603920022514894e-05 -2.2758166406645395e-05 -1.89390673935662e-05 6.086193552382693e-05 0.0 -0.013107055227914829 0.26406301193325676 0.7568489841065108 0.001844386696083384 -0.0015493223170060665 0.001204262752457983 0.0027325643764386526 1.0
0.061713665812539134 0.2760353523002119 0.7608640513154288 -7.616913265446915e-05 -6.116756846692875e-05 -3.832323503870843e-05 0.00010975569636035266 0.0 -0.011250630717814368 0.2623038048031924 0.7576697830358285 0.0019751435892917057 -0.001867877239542484 0.0009096826698309884 0.002701901748740197 1.0
0.061651918620173086 0.27599351171342557 0.7608395959042853 -6.612925980955605e-05 -5.4265544192098674e-05 -3.0589554254142055e-05 8.370919067592048e-05 0.0 -0.009350259569532915 0.26040600162952904 0.7585331841924067 0.0019402129134291264 -0.0019582722471319456 0.0008173460505027409 0.0027866685676434474 1.0
0.061595101884105226 0.2759474355228057 0.7608095163941794 -5.515912342006592e-05 -4.303030870533998e-05 -2.5897237795319236e-05 7.61892597956981e-05 0.0 -0.007579203269747614 0.25817953247328346 0.7590767664856208 0.0017475334078798873 -0.00215990363393601 0.0005386287326365602 0.002905945267237596 1.0
0.06150194875668804 0.27585165328388 0.7607529919932166 -8.643736343536728e-05 -8.794508646494851e-05 -5.276191366213519e-05 0.00014389590520004267 0.0 -0.005591420361072354 0.2556011273154501 0.7596785931648659 0.0018605023894117645 -0.0024971693457478406 0.0005195959433565667 0.0033262235134098018 1.0
0.06136850699705796 0.2756939195225199 0.760629744254011 -0.00013175863134604534 -0.00015531879431149428 -0.00011834057535659846 0.0002436258735440598 0.0 -0.0036152105421969737 0.2535940524455446 0.7600291856100868 0.0019487299254034298 -0.0021060118619655533 0.0003829051041521564 0.0028519993474607616 1.0
0.06127279716933457 0.27562239619697004 0.7605719428399033 -0.00011052504417862922 -9.616705467860423e-05 -7.92006010813811e-05 0.0001347903581368047 0.0 -0.0018406153976132512 0.25180575129995 0.7602471189048147 0.0018428577398515353 -0.0017746705527157689 0.0002494019570243054 0.0024891699554060983 1.0
0.06119476975137995 0.2755920173688725 0.7605437152312005 -8.162390297682111e-05 -3.2054340616839965e-05 -3.098471038394693e-05 8.010841104390394e-05 0.0 -0.0005107687221843711 0.2502577367954618 0.760415475537187 0.0014180186469226086 -0.001492983090130464 0.00016628956737916125 0.002062172048629603 1.0
0.061051913931741184 0.27551866019103244 0.7604752421781213 -0.00012594388473203183 -4.920864985907323e-05 -4.954854140032902e-05 0.00017710865005513799 0.0 0.0008707457666655983 0.24826522231754342 0.7600574920180523 0.0012774196981951607 -0.0018183152443572914 -0.0003103431602708925 0.002453534731005464 1.0
0.060973488630538905 0.27542667228177165 0.7604093674463647 -8.620153632769642e-05 -7.852195636390077e-05 -5.8646407310288166e-05 0.00014601011767667848 0.0 0.002460760016083337 0.24688349532178464 0.759222451014365 0.0014996903176403718 -0.0015282587087350568 -0.0008242322582277037 0.002291250436243589 1.0
0.06094534716764569 0.27532819557584365 0.76034482268193 -3.3050830673347257e-05 -0.00010740600574992359 -6.925808827388272e-05 0.00011491166360812404 0.0 0.0033754457517879335 0.24633029994262978 0.7587102629096745 0.001053982391557593 -0.0007293780008722226 -0.0006774079345561973 0.0011629728837017899 1.0
0.06093294086866629 0.27521332139722254 0.760273533051503 -6.910819378797627e-06 -0.00013019773950752282 -7.966684810387816e-05 0.00013161813346892213 0.0 0.004226245419151075 0.24577468821153822 0.7581871918104681 0.0008638070465010975 -0.0004364572284886706 -0.0005104783724748189 0.0011076204031927974 1.0
0.060876374731733573 0.275175186173108 0.7602057277877651 -4.094494849140348e-05 -5.717706212506884e-05 -7.349935052310813e-05 0.00010249382171566461 0.0 0.005852128737623154 0.24528681617791998 0.7579448571451958 0.0014623359519107975 -0.00034061291251112754 -0.00020850806298193373 0.0017510028205057948 1.0
0.06075948551671058 0.2749729143084586 0.760071656593922 -0.00011017073631905276 -0.0001589153096801883 -0.00011727381666155018 0.00026631659377393177 0.0 0.006518874158294417 0.2451039295190381 0.7573089011833302 0.0008708303342859374 -0.000218804778623484 -0.00045957259189962333 0.0009865281348008757 1.0
0.06069295956843534 0.27480096099020795 0.7599904601880775 -9.605474447540897e-05 -0.00018452341500106413 -9.548176108461912e-05 0.00020592298857608212 0.0 0.006824574789015554 0.2449273010343255 0.7565775595447097 0.00032554155985448324 -0.00023554068925882212 -0.0007236579687770854 0.0007324181300526595 1.0
0.06066293948384519 0.27470701112754753 0.7599716996720387 -4.6608707261231865e-05 -0.00012135864758601198 -3.052444462952462e-05 9.590354666122492e-05 0.0 0.007264613123003014 0.24472317154695045 0.755709989447893 0.00032247365210090646 -0.0002750877874325814 -0.0009702641305062371 0.0010005861225479014 1.0
0.060643628842325034 0.2747197744694515 0.7599218035373237 -2.9261875132258587e-06 5.640982424657312e-06 -2.9788040266520715e-05 5.14728687023456e-05 0.0 0.007307971649827124 0.24403198807642904 0.755006120811698 3.159848904021336e-05 -0.0005965581122841391 -0.000819369476903447 0.00104064458941162 1.0
0.06063539437655407 0.2747007925303925 0.7598877527712659 9.0335549901875e-06 1.7705084524241793e-05 -2.7256972492288946e-05 4.560110006097661e-05 0.0 0.007838930717912142 0.2434989539662004 0.7539364847221104 0.00039181969691160943 -0.0006028850882268343 -0.0009780740658576368 0.0012810978871793037 1.0
0.06063928603684887 0.2746616480774464 0.7598860356898552 7.505380495212903e-06 -1.761676305135519e-05 -7.117505629342655e-06 4.2403223116581844e-05 0.0 0.008456478221430877 0.24286155730486464 0.7527968057782659 0.0007338441687296392 -0.0006884605718341271 -0.0011208060296611787 0.001429240758722371 1.0
0.06062666763936265 0.27466339338644274 0.7598461193579694 -1.763655181585003e-05 -1.3499781195469777e-05 -3.758839337785382e-05 3.595072574574988e-05 0.0 0.00902850851073415 0.2427612943381185 0.7521320032540124 0.0007349168835046557 -0.00016816980666761825 -0.0007413154103736008 0.000906129776976866 1.0
0.06055177804819417 0.27459870598729663 0.7597425536211001 -7.601477459038621e-05 -8.065871790359672e-05 -0.0001041125283846409 0.0001432070040616453 0.0 0.00944791190652921 0.24264766348035083 0.751681805811376 0.0004047241551457762 1.9846979672082674e-05 -0.00045124730062302197 0.0006006710769818002 1.0
0.060534127511232425 0.27450837016241714 0.7596391241315489 -3.534041301873225e-05 -9.66064082494937e-05 -0.00011258191643574492 0.00014260458659075623 0.0 0.009492203394328621 0.24215460889921853 0.7509309010247581 3.5085889743285796e-05 -0.00034556129006756695 -0.0006074703053115903 0.0009065885552477276 1.0
0.06048353431695758 0.27437910207697036 0.7595592023293652 -4.5024502118468055e-05 -0.0001262856376873546 -9.059268756664358e-05 0.00015681328581903218 0.0 0.009775161126356397 0.24230285207544064 0.7502496601993699 0.0001389670864372838 3.6388591416645845e-07 -0.0006792705748094489 0.0007846380359520121 1.0
0.0604272793937354 0.27430057461690605 0.7595261079309735 -5.213087307532953e-05 -8.833563210150139e-05 -3.82039506044721e-05 0.00010237924167082658 0.0 0.010155320278696431 0.24226613844699366 0.749523554895958 0.0003179890963451747 -4.123876325209442e-05 -0.0007678923174370734 0.0007911122117668346 1.0
0.060365100207139706 0.2742934014909713 0.7594988313104305 -5.831250011531422e-05 -1.452612579655835e-05 -8.575117445080765e-06 6.838441405167413e-05 0.0 0.01027307815198761 0.24205345588811172 0.7491245696595281 0.00024915529798513194 -0.00017159913777063315 -0.0005309799730530012 0.00046213348512521516 1.0
0.06032274333972157 0.274265114276051 0.7594559891140855 -4.520243012078229e-05 -2.52814144625277e-06 -2.56962442378436e-05 6.775164646284212e-05 0.0 0.010387401119093018 0.2420305009620168 0.7488025507074821 0.00014404188932207613 -7.418503280199186e-05 -0.0002940035663694157 0.00034849334583540964 1.0
0.06028665280959412 0.2742421834364168 0.75945443681225 -3.7638754338497964e-05 -8.591923187749492e-06 -1.309476658995778e-05 4.300818987820673e-05 0.0 0.010589558363695423 0.241942735044127 0.7487168599975037 0.0001681717238727142 -5.879267520124301e-05 -1.616249082188174e-05 0.00024387891959933797 1.0
0.060256566331747315 0.2742342239764056 0.759458557736427 -2.9118377981827005e-05 -1.7390116002539298e-05 -3.625050098792031e-06 3.082832564198551e-05 0.0 0.010708052187389802 0.2419322912878441 0.748652237019673 0.00010479345577532574 -4.6144288021633125e-05 -8.895804922317793e-06 0.0001334277381387504 1.0
0.060237373641796675 0.2742389755630706 0.7594546131447855 -1.3691379682772434e-05 -6.799324350042119e-06 -2.0106469057658695e-06 1.8815633453928324e-05 0.0 0.01082506210234729 0.241991559056799 0.7486678732831439 0.00010211948352314011 5.1993878072662745e-05 -1.171381625706937e-05 0.00013088939992782407 1.0
0.0602249627847333 0.2742425791585386 0.7594486171711567 -1.4637153800631992e-05 -4.544405920772868e-07 -4.083474357285773e-06 1.5572170838110334e-05 0.0 0.010933359153131452 0.24205051776768963 0.7486694081063874 0.00013923879100246012 0.0001241947400875244 -1.39237891654217e-05 0.00011893372855111147 1.0
0.060212216584367574 0.2742490820432911 0.7594355549029452 -1.3131451134042558e-05 1.1770764552680366e-05 -1.2417038243402002e-05 1.9340529908191425e-05 0.0 0.011101905343770507 0.24216825726001293 0.7486785210359501 0.00016046479587335683 9.517688705782944e-05 -1.918227152053638e-05 0.00021027283613588878 1.0
0.06020086564478305 0.27425027849002237 0.7594287421748152 -1.2508233841660407e-05 5.628254020414425e-06 -1.2645216343215185e-05 1.3138912898257417e-05 0.0 0.011333362882866183 0.242341839574495 0.7487321726551884 0.00021112686185364516 0.00015846425447120927 4.566823506493183e-05 0.0002932212856996113 1.0
0.060186777356764906 0.27424108908579375 0.7594279197767344 -1.3742411808648486e-05 -1.2183278797538244e-05 -2.942447690979374e-06 1.664101652933143e-05 0.0 0.011589520934405831 0.24254098190718876 0.7488219535643991 0.00027547510940270533 0.00021125273544277178 8.573203910207248e-05 0.00033707973864877875 1.0
0.06015670123610899 0.27424311331534185 0.7594179865912347 -2.9257639545450704e-05 -2.4971269620103155e-06 -3.2582537689985263e-06 3.1670239321297887e-05 0.0 0.012024096244609766 0.24287461656986914 0.7488987724148349 0.00042844577539559133 0.0003133259777543516 9.96426172158985e-05 0.0005501018931275972 1.0
0.060129514910096146 0.2742366504486953 0.759409567363826 -3.045924309699866e-05 -4.164816788212972e-06 -7.884129322940197e-06 2.987842303463191e-05 0.0 0.012281125647742043 0.24303243260077279 0.7490610299406392 0.00029977590768659663 0.00020424402867053653 0.00015399354692109907 0.00035040713860383713 1.0
0.06008988784348238 0.2742365135749344 0.7593943276282349 -3.879162290832174e-05 2.5676275181209104e-07 -1.564077962578272e-05 4.1708402309631126e-05 0.0 0.012524414587711525 0.24324357484235729 0.7492233516566531 0.0002305375460044198 0.00018955191297681406 0.00017390316098675785 0.00034960710588932274 1.0
0.060060500926957305 0.2742073528876932 0.7593816924491503 -3.163911825793261e-05 -2.3874348776988717e-05 -1.4970892408389826e-05 4.349111850864675e-05 0.0 0.012671607838314896 0.24348963562540568 0.7492547102423297 0.00012812937529845284 0.00021933668240698133 5.183683403353753e-05 0.00029358800696728516 1.0
0.06003253133989057 0.27417621048362806 0.7593728554962004 -2.6565399517660112e-05 -3.4016404276257586e-05 -1.0111568695574468e-05 4.29844148490946e-05 0.0 0.013061749985278032 0.243829293126948 0.7492573990592045 0.0003256902573917957 0.0003268652951164191 -1.378930236962735e-05 0.0005188627063831158 1.0
0.0599898939846095 0.27414041148164975 0.7593771825353441 -3.7804429176663195e-05 -3.9456936119142336e-05 4.390290347038252e-06 5.548559061243376e-05 0.0 0.013691767344678122 0.2442863411649904 0.749213212252903 0.0006229236226823576 0.00046536304307765884 -6.12910852347097e-05 0.0007834305727836085 1.0
0.05992463929523024 0.2741309160779826 0.7593760370761311 -6.312249965100744e-05 -1.4764979523119662e-05 2.948395620398754e-06 6.62872248461308e-05 0.0 0.014411658229793515 0.24469189674228525 0.7492569450528319 0.0007878855722969467 0.0004523675184135549 1.6108263171936787e-05 0.0008236588231979258 1.0
0.059790137439883005 0.27412164568889685 0.7594554702608001 -0.00013064523798250966 -3.2048949924077397e-06 6.85837504148298e-05 0.0001558778414471613 0.0 0.014691087384892105 0.24476702120509908 0.7493739443538964 0.0004078957027751037 0.00013206274324463425 0.00012350994114089905 0.00031228141768823293 1.0
0.05957263751103152 0.2740532597349117 0.7597069572855761 -0.00021902662901806277 -5.4651353995728715e-05 0.00023748167572167764 0.00033994274561590244 0.0 0.014633518016905524 0.24474905368878544 0.7493787509679957 -8.707201786274746e-05 -8.24256112293825e-05 6.22426397335933e-05 4.4326276480103374e-05 1.0
0.05899975497949689 0.2736153851518623 0.7603214327371451 -0.000542535601924555 -0.0003926122227504207 0.0005951911226310608 0.0009451862461182589 0.0 0.014605242916050445 0.24472792623756842 0.7493923659248373 -0.0001773573670690071 -8.966020227311263e-05 1.3579649642919537e-05 5.478195482083015e-05 1.0
0.058239085020184836 0.2729385362458119 0.7609931272738912 -0.0007903313703095875 -0.000706471078220085 0.0007352362245207029 0.001230874602173086 0.0 0.014606517129264437 0.24472384170603023 0.7494024600111076 -7.883599183086718e-05 -2.2692544908895775e-05 -1.4463199065443613e-05 2.2358937672474922e-05 1.0
0.05721792373053374 0.2720736364493855 0.761699598114113 -0.0010453569161290425 -0.0009193923675517382 0.0007469509245294385 0.0015007764161165992 0.0 0.014608626204870858 0.2447204610845101 0.7494111856901541 5.634740318061541e-05 3.869943490839337e-05 -6.717978515973471e-06 0.0 1.0
0.05607644215251459 0.2709820458825894 0.7625653504243219 -0.0011710340387168815 -0.0011103341868662006 0.0008331006413005909 0.0017976719451524383 0.0 0.014614815625337755 0.24471923270338847 0.74941153285517 9.604346343191749e-05 4.795517917679593e-05 2.4795039415201133e-07 0.0 1.0
0.05434063202968326 0.26894813109506305 0.7633375505482937 -0.0016614003093049 -0.0019146865497505319 0.0007623286117936287 0.002785407266421709 0.0 0.0146198170226384 0.24471335062966595 0.7494195745025392 4.462453078236581e-05 3.6126848404592496e-06 2.0477879737046897e-05 1.9621830674366255e-05 1.0
0.052848359037118854 0.2670767040251847 0.7641075196842504 -0.0015800221312073433 -0.0019992129198397337 0.0007421207513513873 0.002545577232895614 0.0 0.014636101157059652 0.24470315443389237 0.7494198550675827 -1.8073969856803335e-05 -3.366892090624703e-05 7.283662846672506e-06 2.024978127046419e-05 1.0
0.05112707355668326 0.26461445543017986 0.7646436110847025 -0.0016880263185427803 -0.002431568338992292 0.0005576455235439001 0.0030027105807820227 0.0 0.014648245746192279 0.24469354904083673 0.749421536959497 -1.27047627981491e-05 -1.9026793502483613e-05 -6.258447397358195e-06 1.4197658366397667e-05 1.0
0.04795931756055004 0.25984351223857 0.7647605123226152 -0.0029546825443136967 -0.004494323954450889 0.0001502828749179366 0.005725287548871408 0.0 0.01466209881593205 0.24467090235133196 0.7494246684216783 1.57196775527182e-05 -2.189707227270632e-05 3.728362843979585e-06 2.6524287504632134e-05 1.0
0.04291920403038731 0.25331943661212114 0.7643650373605394 -0.004953324770195941 -0.0065829782831859605 -0.0004129268263460362 0.008325613158468848 0.0 0.014682693579033377 0.24463548652360279 0.7494243345655284 2.11992067257493e-05 -3.3957352829940164e-05 3.580929525474457e-07 4.114046868703687e-05 1.0
0.037872076404107995 0.24816568217244894 0.761682853316864 -0.0054715564203424525 -0.005815409215393427 -0.002472521623324918 0.007695184427509805 0.0 0.014694369093975528 0.2446091035563579 0.749437882228643 1.3197395900467099e-05 -3.020355388848055e-05 1.1264210388190748e-05 3.2419401917045797e-05 1.0
0.03651812886930527 0.24722794229145068 0.7590052133136584 -0.002107984345812672 -0.0015202328439193104 -0.003030090075134976 0.0030515625161163205 0.0 0.01470189632199 0.24460218918974216 0.7494403026030789 7.3208499720424455e-06 -9.400232992828588e-06 5.4449523122255295e-06 9.71070446590671e-06 1.0
0.03614676542647985 0.2469867590872849 0.7568192917634942 0.00011893640492971307 0.0006179395475506095 -0.0024792142167142494 0.0021576374695657834 0.0 0.014712227063147858 0.24460415093070687 0.7494383861837282 8.289574531029354e-06 5.4009525396410925e-06 -8.308063483157602e-07 1.0189810404997585e-05 1.0
0.03615409931604574 0.24645825146583472 0.7551579619988601 0.000861634905517469 0.000508373074038538 -0.001578535220058893 0.0019332451804285572 0.0 0.014705856714229129 0.24460535035958744 0.7494412994360322 -4.043559612041801e-06 6.95766461633528e-06 -1.1144618985790806e-07 8.468540895700346e-06 1.0
0.03629760515667125 0.24618432099887597 0.754181500587429 0.00046617343874962014 -0.0002497859894798316 -0.0006973648150939223 0.0010539702119156634 0.0 0.014699865782039044 0.24461231457975624 0.7494394651469292 -8.17853059414079e-06 7.630253086860303e-06 -1.8680934782478618e-06 9.134532606620226e-06 1.0
0.03640883483779469 0.24605626007245665 0.7537446881267974 -0.00023751565723544878 -0.0008008966624045177 -0.00016968414252665316 0.00033011757669464993 0.0 0.014701309780643483 0.2446167438187692 0.7494369554687158 -3.374639326439718e-07 2.126370146958834e-06 -2.613009903956267e-06 4.7062113321890365e-06 1.0
0.036496683960606534 0.2459377150890237 0.7534228868817802 -0.0004542906882702212 -0.0006528026918225091 -0.00023698243924848026 0.00033004075815686734 0.0 0.014702512882058906 0.24461747968043976 0.7494379935132959 3.023592913018746e-06 -1.972463176615027e-06 8.859630757042889e-07 1.7198192418418913e-06 1.0
0.0365135686433479 0.245684019060289 0.7530957036105468 -0.00014185219759208032 -0.00019845445565051714 -0.0004988702102595349 0.0005070196140000184 0.0 0.014704846518232407 0.24461993707107793 0.7494374830618664 3.715564097614537e-06 1.0887926693246966e-06 1.177471970897605e-06 3.6960655120529085e-06 1.0
0.03640414346254119 0.2451411920078606 0.7525288765888667 9.996999319577919e-05 -0.00022585552099059231 -0.0006343548266472721 0.0007668335611885615 0.0 0.014711659712842499 0.2446173973604899 0.7494362282275222 7.472552597232864e-06 -1.2051441376101484e-06 -1.6889586775455072e-06 7.417277308525542e-06 1.0
0.03605812718234879 0.24450683346032503 0.7521280348481331 -0.00028281735889631315 -0.0006629343560608084 -0.0005407064791615158 0.0008220235631468662 0.0 0.014711577428998888 0.24461642670092312 0.7494358994622671 1.3198726001554902e-06 -1.3488515859432863e-06 -6.151201407122978e-07 1.2092675930951939e-06 1.0
0.037110161684220176 0.24236908791055997 0.7511411694812706 0.0008360235436201953 -0.002010148707460275 -0.0009389084745242797 0.0025553182100733927 0.0 0.014755323705000236 0.24465108359962023 0.7494201940419299 3.527743575229219e-05 2.9688918237470195e-05 -1.3361887172879663e-05 5.6907881377332354e-05 1.0
0.037408371035850825 0.24171322249724758 0.7507245999827156 0.0005923684896305779 -0.0010611707812022645 -0.0005269622534410463 0.0009072490253771534 1.0 0.014778364428255225 0.2446669326062576 0.7494154639777608 3.120179480062984e-05 2.4349613428604008e-05 -8.85497093907975e-06 3.075106289775702e-05 1.0
0.03752532362309656 0.24120291141829295 0.7504611099961126 0.0002213320635805663 -0.00045477545608268885 -0.00021625252291231913 0.0004857926407171409 1.0 0.014778432554795723 0.24466706202712643 0.7494136495731645 5.719398335366528e-06 4.1670276432589e-06 -2.413633332686783e-06 0.0 1.0
0.0376165499724218 0.2407939447219243 0.7501899961261207 9.914026344462473e-06 -0.0001864492592206555 -0.00016437867084562088 0.0005266078311260698 1.0 0.015072220684568564 0.24461846513930777 0.7496299250508439 0.0002466847301047683 -4.617591107493945e-05 0.0001874271194589201 0.00036381471723337866 1.0
0.037592746499958626 0.24071698427932753 0.7500635138606743 -0.0001424742740744478 4.64206280931441e-05 -8.923285144725104e-05 0.00021184733536749862 1.0 0.01492656153796884 0.24454081309234985 0.749638220954559 -4.808634653665853e-05 -8.554853991210915e-05 7.011328237185705e-05 0.0001814613909680181 1.0
0.037589613814203865 0.24060791048220737 0.7500464341772339 -9.054816056142711e-05 -6.28618453180596e-05 -3.021323898373023e-05 8.248744444943907e-05 1.0 0.014893139441468948 0.24450945778851055 0.7496873588788161 -7.755134102719393e-05 -4.981558758982539e-05 4.072430006471075e-05 5.070288991199115e-05 1.0
0.037586330562137484 0.24056384172243436 0.7500280022708864 3.987523111226998e-05 -0.00015679427635622266 -3.334414176419515e-05 2.1565142210866212e-07 1.0 0.014958165165365854 0.24452089524148532 0.7497216269885105 1.6749848497900598e-05 1.1301059014489222e-05 1.5894885461411286e-05 7.086137360586486e-05 1.0
0.037590217986612925 0.24054811967379672 0.7500244131071269 0.0001306407546369369 -0.00015814448592923916 -5.3038259124553564e-05 6.467969893439625e-05 1.0 0.01494638896715495 0.24450829654366857 0.7497675666695792 5.305820064477878e-06 1.1031397879339767e-05 2.5847388392006814e-05 6.418467199245305e-05 1.0
0.03759321729725641 0.2405741252171215 0.7500174798298259 -3.4553199259808516e-05 9.590634140736569e-05 2.1797140746687357e-05 1.2317720136700676e-05 1.0 0.014901473346617334 0.24449603842996387 0.7497851131932453 -2.7141094945917156e-05 -4.618352645003492e-06 2.123730636224973e-05 4.8885417304483494e-05 1.0
0.037569788963885416 0.2406280169916423 0.7500615719816434 -2.292568949217329e-05 4.1290152793894866e-05 2.6009445776112273e-05 7.098230363745972e-05 1.0 0.014821821587371114 0.2444753405453129 0.7497742467022065 -6.358009439497164e-05 -2.4556408753889118e-05 3.7486056708920955e-06 7.13617492485565e-05 0.0
0.03755740117982025 0.24067955754438491 0.7500648327846193 -2.0316550728738668e-05 6.169645904670101e-05 4.022555589939516e-06 5.974768561904599e-05 1.0 0.014741329858726318 0.24446229299627018 0.7497606298843279 -8.324825363198396e-05 -2.653248826985087e-05 -5.527288816578736e-06 9.010210276452944e-05 0.0
0.03755571812054015 0.24073424657622297 0.7500791198674432 -1.3819329140528984e-05 7.260448998659572e-05 2.1033570909307026e-05 5.139980143292018e-05 1.0 0.014673365205652752 0.24445540250435746 0.7497692327651511 -0.00010823892947143591 -1.192951882136147e-05 -1.319965840549067e-05 6.807131603756228e-05 0.0
0.03742081988094288 0.24107246994290332 0.7499614823337442 -0.00011231573179946067 0.0002889901960875719 -9.566764482407702e-05 0.0003808002317389716 1.0 0.014437186216788007 0.24401560454111007 0.7503345740706074 -0.00019378521354652855 -0.000371785317076317 0.0004939775897744964 0.000745921929782321 0.0
0.03738175728195232 0.24125467166719777 0.7499679168614524 -6.7755908239238e-05 0.00024272424522585128 -3.3010707402700075e-05 0.00020045601447520354 1.0 0.014851942122559596 0.24352722928307494 0.7514100413397159 0.000314342293600603 -0.0005379738404199716 0.0010887471288439194 0.0012713747655948115 0.0
0.03735695500965385 0.241539530754476 0.749958461744749 -2.7498848732799204e-05 0.00028190747358284847 -5.496883649287175e-06 0.00026835758764480434 1.0 0.015654942754028213 0.24309264343671944 0.75307229382011 0.0008178976140564228 -0.0005031667783572186 0.0017228403173602793 0.001886246047577457 0.0
0.03735651730000077 0.24184218573308855 0.7499704281229183 7.977156653054088e-06 0.0002983401552907973 2.3686784067657263e-05 0.0003071223204821515 1.0 0.01627233793733379 0.2428070553104607 0.7544807555933299 0.0007743921267050177 -0.000306085969998192 0.0015856740054259236 0.0015641797055254824 0.0
0.037245997835855894 0.2424429893650644 0.750262832719186 -8.062115704783246e-05 0.0005495345330072599 0.00026886100560761795 0.0006819694976143291 1.0 0.017343988405907198 0.24276153484859858 0.7569931901460726 0.0010399308602981575 -1.3757646553362905e-05 0.0023369392985564163 0.0027008354662133014 0.0
0.03712698570037009 0.242842191219723 0.7507091118479998 -0.00012635433179507353 0.00046024059669789086 0.00046448899558661254 0.0006199061374242599 1.0 0.017674329141814066 0.2427517538720432 0.7584521219865014 0.0004328432912821957 8.142432986531602e-05 0.0016358602941507418 0.0015663625901025553 0.0
0.036263760872016354 0.24363953468649993 0.7517641362130315 -0.000780433072842623 0.0007508804356830569 0.0010169691689536368 0.001550160803576541 1.0 0.017309478318527687 0.24270738107752832 0.7597352169387089 -0.00040819732554519134 -9.93521406757853e-07 0.0011890237472461111 0.001269549377782799 0.0
0.03577666761566645 0.2440148630085586 0.7523943202899636 -0.0006604538388868709 0.00047754706918315675 0.0007839149930914457 0.0009239973918934301 1.0 0.017013228882133847 0.2427072774404474 0.7600564031338642 -0.000531007080638083 -5.5477768620007875e-05 0.0003085909031113244 0.00045651668540759414 0.0
0.03531951576831362 0.2444568126120228 0.753138794567742 -0.0004839785761220095 0.00038031808445129805 0.0007235123853228337 0.000932176125732972 1.0 0.016650049981690687 0.24277846667418673 0.7603237501424894 -0.0004105972417999213 2.382708486502828e-05 7.047267768758256e-05 0.00046043899929936697 0.0
0.034825538600990615 0.24499592346825358 0.7542394616982651 -0.0004274020094817826 0.00048194057774052104 0.0009741400159238013 0.0013335953582515373 1.0 0.0161893527111875 0.24289353918565368 0.7605178990865237 -0.0003926339383669224 0.00010153946103093553 0.00011975678029200315 0.0005357641487675651 0.0
0.03475482072631191 0.24655734557123232 0.7559261953135452 -6.088863930242787e-05 0.0014190475528160587 0.001597432462644962 0.002321020724741604 1.0 0.015381280805025991 0.24311068897360066 0.760637538082154 -0.0006679723874330938 0.0002255678267092528 0.00019596066037870096 0.0008117611886957704 0.0
0.03545003478689685 0.24785222239210683 0.7586562387475473 0.0006680557741340514 0.001514204402504705 0.0027101136968152714 0.003110205263775733 1.0 0.015043004875444558 0.24323932522751793 0.7606299300638003 -0.00036908603798355524 0.00017664139321087256 0.000183108801034853 0.0003870622921249712 0.0
0.03813509508381046 0.2484635684480287 0.7617200064294892 0.0025332867460175915 0.0008082624441777147 0.003268114379769388 0.004077458373534824 1.0 0.01483233678764833 0.24332648824302477 0.7605930683207184 -0.0002499295586632262 8.525466338471602e-05 -4.012412728557043e-05 0.00019249898178211496 0.0
0.036813187752606225 0.25411146823827024 0.7623949481781325 -0.00043682741098104855 0.004824215317988345 0.0011909733629999041 0.005851546014435745 1.0 0.014664310036249718 0.24343149648011672 0.7605503887197315 -0.00013396441806400386 7.25272465022988e-05 -5.25854646610559e-05 0.00022864969501647757 0.0
0.03723982798814937 0.25842059745823326 0.7642505789273548 -0.00015491515891348018 0.0049955553946587645 0.0012744486850398366 0.004756536889052088 1.0 0.014584089248382793 0.2434989148067117 0.7605214032833705 -2.5168610641594473e-05 5.937145014622387e-05 -8.933253745243533e-05 0.00011986210212114388 0.0
0.04075135683207224 0.26146204503477666 0.7640217702879901 0.0027312390258573214 0.0035769091307968457 -0.00020026987097468657 0.004572212734122387 1.0 0.014535840932385025 0.24354700363855736 0.7604982045709048 -5.006058899306026e-05 5.103418512358659e-05 -7.511578165292636e-06 6.24084702316845e-05 0.0
0.047152167002063254 0.2690047036720486 0.7668839123613329 0.006383012520259324 0.0066474945690367234 0.002167463118527877 0.01027088620047265 1.0 0.014477259219399395 0.24362399818913333 0.7604756173757755 -9.965175938634279e-05 7.950581022138146e-05 -1.0391104098836704e-05 8.693461122878063e-05 0.0
0.04984246654639768 0.27144854999270546 0.7674919576337004 0.004203094759122832 0.003327014652442842 0.0013289792448050487 0.003985632225488734 1.0 0.01445911432537407 0.24364326001328995 0.7604742461485795 -6.623352423419453e-05 3.943041926693895e-05 -4.378297930924131e-06 4.086098582450307e-05 0.0
0.05289554949442746 0.2737937173518699 0.7679052039629813 0.003066645749693852 0.0018355747437187918 0.0006769222426106238 0.0034579106184498697 1.0 0.014444696165557765 0.2436543627359803 0.7604720964391303 9.590716118796174e-06 3.551395173469977e-06 -8.383059176499832e-06 1.253738775894471e-05 0.0
0.058266683952974394 0.27663326411651745 0.7674365340687757 0.004386640364636757 0.0022753875312864985 -0.0005148403035506507 0.006172668210311949 1.0 0.014420901345287314 0.24365230938463572 0.7604638560332383 -1.9337274913893592e-05 -6.282829569948764e-06 -8.698220013509043e-06 2.4765417715664952e-05 0.0
0.06925464478315188 0.2798930928305538 0.7636428394573038 0.00972135176366388 0.0033340317322398307 -0.003744150579702923 0.012327803811656726 1.0 0.014384142306285999 0.2436591354682385 0.7604293928473301 -3.5639055731595624e-05 3.4918826170906854e-06 -3.284193295924168e-05 5.4002064873031117e-05 0.0
0.07294227568113304 0.28074757495592967 0.7624114951644981 0.005962406801364284 0.0012864624420721926 -0.002142340939248534 0.004073517344113867 1.0 0.014397746237454042 0.24367675550524814 0.7603824168736952 6.660879703878665e-06 1.5912633409840874e-05 -5.0727520991527796e-05 5.136396941746209e-05 0.0
0.07425215984675998 0.28106540596563945 0.7619017899359752 0.001787866343324096 0.0004419126835385214 -0.0006084153677359118 0.0008173630599577703 1.0 0.014412072465413185 0.24370226985864768 0.760343908931068 1.8124889818468953e-05 3.1332155486411883e-05 -4.610841377540668e-05 4.58773436624806e-05 0.0
0.07471787457807515 0.28107169920000274 0.7612922919390117 -0.0006379830028133806 1.6699698175403135e-05 0.00015645591991733892 0.0010977816131965256 1.0 0.014420429831466111 0.243704080046448 0.7603031990074645 1.4782725670355947e-05 1.2151758767717764e-05 -4.026432787886766e-05 4.3016142728690814e-05 0.0
0.07408210951942606 0.2807134838215592 0.7606673683614491 -0.0018749658114949018 -0.0008584495310921042 -0.00032434662862677833 0.001218149134717619 1.0 0.01442624078016145 0.24369398799462166 0.7602881919800603 1.0267032018475147e-05 -1.4415035650763025e-05 -1.348117247944841e-05 1.9404951121024448e-05 0.0
0.07339473372278384 0.28014494722986605 0.7602792193050174 -0.0007828832267321188 -0.00045961363492996125 -0.00037144119215114344 0.0008508673389925159 0.0 0.014430674443036957 0.2436886023489057 0.7602851326529386 5.031664367969211e-07 -1.2840081664723106e-05 2.1468385498403015e-06 7.295127825994436e-06 0.0
0.07283829384843421 0.27905156420766125 0.7605833803433765 0.00027122490806824433 -0.0007949223866904778 -8.944399489454043e-05 0.0010190852930048282 0.0 0.014425549883770924 0.2436774723317721 0.7602822230122948 -9.45247549713807e-06 -1.3813677451685674e-05 2.076194336413023e-06 1.2377937519205655e-05 0.0
0.07221015315778892 0.2771340601950903 0.7625360519353014 0.00015805067822259947 -0.0017695544213339504 0.0015286347013048279 0.0029725767103894107 0.0 0.014432252169721289 0.2436494976686547 0.7602652898097558 2.5627729392691215e-06 -2.3878385830925807e-05 -1.5778083771843256e-05 3.392062698495652e-05 0.0
0.07163657745908443 0.27622040937598885 0.7636385161171151 -0.0008908505474149227 -0.0013389654984086777 0.001724096009457179 0.0015905952018095762 0.0 0.014436355609126674 0.24364270679814595 0.7602644842700303 9.312702301642143e-06 -8.944502759403097e-06 -8.157930536472356e-06 8.366088701126374e-06 0.0
0.07103167546413632 0.2757503029676416 0.7643201180706914 -0.0006562168909230218 -0.00047330520154108366 0.00085261629549747 0.0009372331289303967 0.0 0.0144407749356337 0.2436399236934956 0.7602612863354505 5.908762260408131e-06 -9.441601587049422e-07 -5.0805518090952625e-06 4.264914884362149e-06 0.0
0.07063975139726639 0.27564117024492557 0.7645240599766167 -0.00047563227036617685 7.271052427982471e-05 1.7555998942173003e-05 0.00046201015129986825 0.0 0.014445206211025645 0.24363803095945955 0.7602580726258045 4.757062585487852e-06 -3.456248146575942e-07 -3.1100123445270482e-06 6.698995112412532e-06 0.0
0.07042929128085121 0.2756234171340548 0.7646131108702423 -0.00029254681958612935 0.00017311878482172287 -0.0002295476180339879 0.0002829284978348726 0.0 0.014466488256421918 0.24363747187006957 0.7602288180545546 1.856671111537323e-05 1.028450276400191e-06 -2.290628917776866e-05 3.6850627926350674e-05 0.0
0.07040158750459538 0.2756254024967758 0.7645876544351033 -5.4850589626668405e-06 2.9961809922601784e-05 -0.0001462332925053206 3.4273706432527955e-05 0.0 0.014489294713282998 0.2436789065282179 0.7601825646055514 2.4135523927062937e-05 3.5789000587178864e-05 -4.688203251290143e-05 6.631549991252928e-05 0.0
0.07039109820330887 0.27562995196657325 0.7645445477836619 4.278602729113252e-05 -0.0001423130149285207 7.712158222561677e-05 0.0 0.0 0.014490710768066486 0.2436869138509869 0.7601717910612217 6.111295838319901e-06 1.6308422935239118e-05 -2.2447679053103434e-05 1.3368627578338145e-05 0.0
0.07035883323578512 0.2756273543610585 0.764519206501064 -2.6733627460286233e-05 -0.00014038088588806826 0.0001626039257944964 6.903342721626261e-05 0.0 0.01448861585983994 0.2436807228549325 0.7601771673293084 -3.605847319347532e-06 -5.6703981157328106e-06 5.113800326761294e-06 6.18237842312416e-06 0.0
0.07033272425159098 0.2756194489423325 0.7645115802223411 -5.965610602516049e-05 1.752152957445823e-05 -1.1754840228470455e-05 2.1768214042751106e-05 0.0 0.014487736705708442 0.2436789094913023 0.7601774537071097 -5.8602768317196984e-06 -7.236885821708882e-06 1.1123857179906174e-05 3.743867600239442e-06 0.0
0.07032615538240726 0.2755945257775316 0.7645264037162034 -4.857826772603196e-05 -6.519643820515966e-06 1.2228616930451798e-05 3.1106239960906976e-05 0.0 0.014488986954646593 0.24368277124197765 0.7601730940153439 -9.527815079145641e-07 -1.7072100467180651e-06 1.2788024185129975e-06 7.452776307610098e-06 0.0
0.07031905611259663 0.275596128387294 0.7645169349582989 -8.467924065051432e-06 1.737442707648102e-05 -2.1310606674493815e-05 1.1708210647621555e-05 0.0 0.014488730756468747 0.24368427492789949 0.7601708944802771 2.0419608064443463e-06 2.4410327515331216e-06 -5.197157867751025e-06 1.500889680483495e-06 0.0
0.07031123727495435 0.27561063567586847 0.764498675011233 5.975826553945428e-06 2.1049186666027248e-05 -2.4708267628027915e-05 2.6426895448982996e-05 0.0 0.01448932952701465 0.24368722623469305 0.7601671564914366 3.962773368462578e-06 7.100745437218447e-06 -1.0141290814916878e-05 3.6047578659023837e-06 0.0
0.070301037826664 0.2756075444033602 0.76449476433257 4.139408721988419e-06 6.939574542891718e-06 -2.127126317429073e-05 1.0596481289002201e-05 0.0 0.014489083130571805 0.24368704275513695 0.7601669601211111 3.439338313887388e-07 4.378405997407801e-06 -3.218698404118096e-06 1.6464583072870568e-06 0.0
0.07028242186357102 0.2755822132666124 0.7645026265325898 -1.874848884907869e-05 -2.082749787544718e-05 2.0821526969922827e-06 3.163478960667926e-05 0.0 0.014498241410839606 0.24368254995925698 0.7601571988914937 6.031346397882729e-06 -7.2852492062297985e-06 -4.863629587279606e-06 1.3588581542147248e-05 0.0
0.07024209213077222 0.2755412693636329 0.7644810473226316 -4.206790285510237e-05 -4.533032798430634e-05 -1.2766925587042144e-05 6.190138409633959e-05 0.0 0.014511842680447645 0.24370277503451013 0.7601297214583015 1.3883315270388608e-05 1.4390556356684262e-05 -2.4476119705790728e-05 3.7136948470794165e-05 0.0
0.07020359995388703 0.2755002666711476 0.7644698371074882 -4.249132084356926e-05 -4.968597603904604e-05 -1.1379557567774222e-05 5.7855952700624005e-05 0.0 0.014518808772149366 0.2437077199765475 0.760117841955555 9.79634062197856e-06 1.0413856912099414e-05 -1.811944897425894e-05 1.510272468982359e-05 0.0
0.0701809805484795 0.27546998961339053 0.7644606131065212 -2.5567339168631515e-05 -3.473907988541245e-05 -1.0279758988235018e-05 3.801138269788652e-05 0.0 0.0145236253059345 0.24371189712830693 0.7601091329711649 4.885637272155588e-06 5.699475059043026e-06 -9.631426814206238e-06 9.275071922061795e-06 0.0
