0.06295130617768839 0.28017228098633823 0.7644337406523108 0.0 0.0 0.0 0.0 0.0 -0.01719988299267634 0.28016191852258804 0.7643249547718322 0.0 0.0 0.0 0.0 0.0
0.06295397995761082 0.28017086104284006 0.7644349106009143 2.6737799224269e-06 -1.4199434981709835e-06 1.1699486034411066e-06 3.2456306546286263e-06 0.0 -0.017190638146394443 0.28016166122933556 0.7643279803806681 9.244846281897257e-06 -2.572932524813609e-07 3.0256088359159605e-06 1.9373733527191176e-06 0.0
0.06297861405095859 0.2802245951041298 0.7644919518510077 2.463409334776956e-05 5.373406128972302e-05 5.7041250093425866e-05 8.21455544139492e-05 0.0 -0.01716382554472938 0.28015771632373454 0.7643375899262755 2.681260166506258e-05 -3.944905601016568e-06 9.609545607469627e-06 4.5524833766716604e-05 0.0
0.0629703339252275 0.28034092690316664 0.7646192848168413 -8.280125731091603e-06 0.00011633179903686175 0.0001273329658335598 0.00017267116764893315 0.0 -0.0171494356505353 0.2801577162933131 0.7643302080228859 1.438989419407996e-05 -3.042144314235884e-11 -7.381903389669375e-06 1.7381729606115014e-05 0.0
0.06293347848188749 0.2804161772203474 0.7646671482974212 -3.876079333973833e-05 7.613592771269161e-05 4.9633490245768545e-05 9.649791040649098e-05 0.0 -0.017132977029954574 0.2801535995764032 0.7643296987977167 1.5275831028337662e-05 -3.7344761124856147e-06 -1.5745569790099885e-06 1.2569200130000714e-05 0.0
0.06291616110741856 0.28045932833407566 0.7647150501600994 -1.709681805515823e-05 3.9954193005848504e-05 4.2281138626944156e-05 6.675701103652324e-05 0.0 -0.01711885544623217 0.28014878591280895 0.7643370904070498 1.5026999348322233e-05 -5.201882889490007e-06 8.395544817656698e-06 1.9020041431014182e-05 0.0
0.06289823142473935 0.2805457196294791 0.7647727480859794 -1.4807741212346992e-05 7.133798221397615e-05 4.748498260945383e-05 0.00010660074675275576 0.0 -0.017103686074085675 0.28015132121588465 0.764334749332597 1.5356574075857333e-05 1.7109624265009271e-06 5.025587189045743e-07 1.58559853907634e-05 0.0
0.06288689193563894 0.2805723523130371 0.7647885822270893 -6.763751840448417e-06 3.786445784633567e-05 2.4981228721317083e-05 3.237463214139195e-05 0.0 -0.01709939402700039 0.2801526567239332 0.7643304335893425 6.418442966099221e-06 2.2100879570158586e-06 -4.513501377058509e-06 5.6858622606151805e-06 0.0
0.06287615411640074 0.2806021060486101 0.7648127876804516 -4.407984796479756e-06 2.3489361570558414e-05 1.8641611589145873e-05 3.401422176028461e-05 0.0 -0.017096989485342964 0.28015499081551876 0.7643272101580668 2.6777536227923537e-06 2.9486689744721524e-06 -3.769549197795256e-06 3.967372114494459e-06 0.0
0.06284720564868031 0.28064220904984605 0.7648070986560346 -2.2782544170286075e-05 4.175762881503307e-05 5.109389383899815e-06 4.8909397103207896e-05 0.0 -0.017095452326872585 0.2801552506922289 0.7643248956652962 1.4664733925229195e-06 6.859996837266853e-07 -3.2337998928251646e-06 3.448531546868573e-06 0.0
0.06283279356326245 0.2806441642227348 0.7647980394007978 -2.272920112019255e-05 1.3019908064557825e-05 -6.91665142534803e-06 2.1256171183155542e-05 0.0 -0.01709490661989796 0.28015434007052664 0.7643218758766768 -4.476016272722701e-07 -1.2015953907782425e-06 -3.7634164269541254e-06 3.1598085645579507e-06 0.0
0.06282098292017028 0.2806450120745671 0.7647950950298487 -1.5091500491765895e-05 -4.214584653787064e-06 -1.061346821798038e-05 9.56418440321044e-06 0.0 -0.017093478127759944 0.280149468129984 0.7643105461118098 2.121785469594764e-06 -5.571753633905505e-06 -8.673735836912767e-06 1.2202370873721952e-05 0.0
0.06278653856849425 0.2806415175014321 0.7647866593154394 -2.8379899961853257e-05 -5.218603971172029e-06 -4.254408522604007e-06 3.459287941675534e-05 0.0 -0.0170314346031264 0.27995646572158567 0.7642571574045269 5.446097460698028e-05 -0.00016720538400219416 -4.796444755682502e-05 0.00020800964263301898 0.0
0.06275934923830044 0.2805970729177386 0.7647470821153867 -2.9609738845200977e-05 -3.696553955139113e-05 -3.2136540265448114e-05 6.853146115063809e-05 0.0 -0.016960710938484173 0.2794463438747237 0.7640906380929964 7.860939957496061e-05 -0.0004917316144761945 -0.00015832619861520355 0.0005444432591745501 0.0
0.06274828570428825 0.28046419120046606 0.7646328041103234 -1.4267546820186185e-05 -0.00012842246119270458 -0.00010880427858481483 0.0001735857479314046 0.0 -0.016999268376531304 0.277145223624908 0.7628945324541099 -1.5109826634368128e-05 -0.002115296561336341 -0.0010717730627549168 0.0025792667689972107 0.0
0.06276580864654148 0.28041928658232823 0.7645823263873469 1.5308726621678818e-05 -7.113093067945064e-05 -7.319409938811093e-05 7.262186307202252e-05 0.0 -0.017106730590733275 0.2761336766490149 0.762243232595588 -0.00011223467934536269 -0.001485064007033753 -0.0008867663440253603 0.0012756773762122315 0.0
0.06277732151626249 0.28036073320225763 0.764528172804822 1.8746614286581386e-05 -5.328916942213498e-05 -5.5802538669526904e-05 7.459813774574024e-05 0.0 -0.017415013832572233 0.27465559965889097 0.7612752284939112 -0.00030851663882144295 -0.0014295018156466398 -0.000966322358905556 0.0016814542709035793 0.0
0.0627877950553506 0.2802515010460096 0.7644515182435876 1.563524359621489e-05 -9.19003397692408e-05 -6.32288641111446e-05 0.00013642128508675947 0.0 -0.017855079624127173 0.2731953997795441 0.7603839854733094 -0.00046455948350366394 -0.0013265009245611301 -0.0008667053069609963 0.001813213658416332 0.0
0.0627939637421904 0.28014384745860754 0.764363485542223 4.189018942002523e-06 -0.00010496987526782079 -7.994132667097347e-05 0.00014411678247670457 0.0 -0.018244527184057786 0.2719479064797033 0.759673151250557 -0.00043098786440166415 -0.0011383267435200635 -0.0006601592475966954 0.0015346597945732083 0.0
0.06281839351819166 0.280044449385687 0.7642817462118482 1.537425498181833e-05 -0.0001063367517815451 -8.604848302588571e-05 0.00012759955259169917 0.0 -0.018641467743938975 0.27082061471802876 0.7590418597103631 -0.00038429950288609334 -0.0010765581431610325 -0.0005654834440602798 0.0013190456827680904 0.0
0.06285280351130855 0.27995769520670455 0.7641694379820723 3.3356919402315135e-05 -9.59426886934537e-05 -0.00011538777819439981 0.00014199613789490453 0.0 -0.01895756692741053 0.26973499652669075 0.7583469129935713 -0.00029621724582180224 -0.0011278844186089982 -0.000671164556538114 0.0012917318721589808 0.0
0.06288576389022989 0.27990069247492205 0.76411189757085 3.8282494414126905e-05 -5.971514353082374e-05 -7.239200690238255e-05 9.300106766626086e-05 0.0 -0.01936498798586417 0.26857778201657784 0.757573919700085 -0.00036077723245785196 -0.00122550227837513 -0.0008178057159214265 0.0015037366338166171 0.0
0.06291375340239348 0.2798454320149655 0.7640460552568183 3.226499896742658e-05 -3.894484880150055e-05 -5.300050382979424e-05 8.77568342037407e-05 0.0 -0.01970483725925896 0.2678353865182102 0.7570355720679122 -0.0003479851144683196 -0.0007311979434595915 -0.0005719409418283815 0.0009600006088365553 0.0
0.06293261121567233 0.2798012513175894 0.7640018358033805 1.758729782551696e-05 -4.3242079310080635e-05 -4.1383089608164096e-05 6.603774041145835e-05 0.0 -0.020002328772258108 0.26707428541015776 0.7563788595893018 -0.0003217840168709316 -0.0007719048595142728 -0.0006630525383946824 0.0010277494905698713 0.0
0.06293984862973567 0.27978357451355645 0.7639721998612597 4.389426031646894e-06 -2.5146048948385675e-05 -2.8915951201308823e-05 3.584623738872892e-05 0.0 -0.020181888148284838 0.2665157277374432 0.7558998853281197 -0.0001985534297553798 -0.0005551647562495771 -0.0004902446020137406 0.0007790947082207829 0.0
0.06294771471456165 0.2797676586181135 0.7639499702258112 3.7626722250531004e-06 -1.489978095096463e-05 -2.1661710520449993e-05 2.7243252869612087e-05 0.0 -0.02028260271489175 0.26599696926381017 0.7553368076801589 -8.544526540532659e-05 -0.0004814655317573472 -0.0005155621026712879 0.0007694890259010651 0.0
0.06294687263244261 0.279743007354587 0.7639303624510002 8.438034659675476e-07 -2.2361406660344476e-05 -2.063389971080292e-05 3.1611472529327156e-05 0.0 -0.020378982649163123 0.2654666596712096 0.7547494717895697 -7.073562562395509e-05 -0.0005216211215214359 -0.0005822238826702383 0.000795121081156954 0.0
0.06294487041476024 0.27972738661023305 0.7639197432019581 -9.910476359528583e-07 -1.8491795038765355e-05 -1.4547495165286901e-05 2.0543650766828944e-05 0.0 -0.020411961813128147 0.265015567843534 0.7542093662752615 -3.5130099498301495e-05 -0.0004914441841698589 -0.0005746928708683387 0.0007035865134241267 0.0
0.06293940311627581 0.2797075859764675 0.7639066786002067 -4.362614845103626e-06 -2.0321984690439143e-05 -1.0465047086458826e-05 2.246664581480353e-05 0.0 -0.02042575292780896 0.26469298685174975 0.7537827787052296 -2.872485512434318e-05 -0.00035691685133157694 -0.00045218814478510043 0.0005372630679671307 0.0
0.06293605209282972 0.2796884123727283 0.763892637384087 -3.5409165861831633e-06 -2.1317015044848084e-05 -1.5963888541015615e-05 2.463033831473796e-05 0.0 -0.020493308227494494 0.26426138153400097 0.7531846366128996 -6.30927467440441e-05 -0.00038092389929211064 -0.0005428294655906207 0.0007286141771446627 0.0
0.06292812822437313 0.2796530670561733 0.7638631730483189 -7.191740338179849e-06 -3.23266467871672e-05 -2.7247872652336736e-05 4.691614937167022e-05 0.0 -0.02057833045996753 0.2637571770225722 0.7526187752871245 -9.358736105517584e-05 -0.0004997149886555043 -0.0005812402771937965 0.0007826994883506342 0.0
0.06292832368778918 0.27963235167449707 0.7638377044502175 -1.2737478829392088e-06 -2.3165772811556793e-05 -2.8432220120993557e-05 3.3317602302820594e-05 0.0 -0.020628988305610555 0.2635236202049962 0.7523949610886106 -6.311993826011282e-05 -0.0002875441236604967 -0.00027708552792363053 0.00032366979492856347 0.0
0.06293690412194439 0.2796071590288326 0.7637949533456717 8.541471784647617e-06 -2.4679046768383225e-05 -4.170916807802046e-05 4.895492733274568e-05 0.0 -0.0206610309065815 0.2632287981600624 0.7521500626726197 -3.390962668762133e-05 -0.00027263842192390897 -0.0002099488435145353 0.0003615718859651904 0.0
0.06294048457747511 0.2795772202613264 0.7637395267098107 5.976046362892085e-06 -2.8513304201089607e-05 -5.5188116642975986e-05 6.403190148144357e-05 0.0 -0.02064180334630824 0.2628050330651219 0.7518397603260242 2.1584435904346028e-05 -0.00038477713881649204 -0.0002594909058032514 0.0005443978216207526 0.0
0.06292338257793603 0.27947295654576515 0.7636403704462468 -1.3691619935923666e-05 -9.287308861326372e-05 -9.470848668174538e-05 0.00014450721219670765 0.0 -0.020684854107507474 0.26259427270773006 0.7515258225795814 -1.3972386481163907e-05 -0.0002457283024290402 -0.00031037422673516 0.0003951953737391774 0.0
0.06294301527544434 0.2794431634168048 0.7635327698577519 1.0318252098746103e-05 -5.157192897810898e-05 -0.00011325104335704914 0.0001156683453540558 0.0 -0.020771133255296375 0.2624891205036852 0.7512269261725215 -8.23948418274611e-05 -0.00011341079743480763 -0.00033373572452041777 0.00030376520615262633 0.0
0.06296051312016532 0.2794123949824075 0.7634707532056514 1.918301930300911e-05 -2.982368695432918e-05 -7.36629496047383e-05 6.794246222872548e-05 0.0 -0.02082339683070954 0.26248468692347854 0.7510438805144948 -7.917725550356883e-05 -3.933610740207232e-06 -0.00023937682109715405 0.0001909996668439353 0.0
0.06297470482670524 0.2793852164007998 0.7634063757169347 1.8096960924795807e-05 -1.9250163709544785e-05 -5.7028400963065996e-05 7.0849876757905e-05 0.0 -0.020835590764530367 0.26254754760771737 0.7507286428164174 -2.6225238646054958e-05 8.981291977750192e-05 -0.00027164773150037185 0.00033232345120074727 0.0
0.06298409182909331 0.2793737494774472 0.763385235988008 1.2164314971519954e-05 -5.031393095516278e-06 -1.6477850256785048e-05 2.9437207861161798e-05 0.0 -0.020845472758721752 0.26260827390178754 0.750584343554571 2.8230926892403805e-06 9.48663804045716e-05 -0.00014244925777738733 0.00016116867210266925 0.0
0.06298214500077035 0.27936176668063295 0.7633698623483257 -2.240174690075011e-06 -9.534734142306478e-06 -6.711650711047139e-06 1.8537476501938014e-05 0.0 -0.020892603062502495 0.2627530418876641 0.7505317437418616 -2.6289130930328447e-05 0.00010874411179710998 -5.928463805130176e-05 0.00014816388389644907 0.0
0.06297051914023022 0.2793599008905871 0.7633484096248442 -1.573232137223378e-05 -7.731202767787296e-06 -1.8367572517731223e-05 2.2703495993805878e-05 0.0 -0.020918701229808555 0.2628583841360909 0.7505433402922846 -2.8967846005412706e-05 9.251784686420774e-05 1.971860626854481e-05 0.00011355596289008298 0.0
0.0629650675835623 0.279300754898852 0.7632993970402561 -1.0406058057864697e-05 -5.5922817111816974e-05 -5.2212049373547217e-05 7.823626755117784e-05 0.0 -0.02092519617824793 0.2628827351339752 0.750561601168781 -2.1509712661503768e-05 3.913611404506441e-05 3.85883955803604e-05 3.3802334460884104e-05 0.0
0.06297467968641834 0.2792801807734176 0.7632656313944806 1.0538122526599457e-05 -2.9381893701032594e-05 -4.532959248191952e-05 4.226764826195645e-05 0.0 -0.02092996860324377 0.2628909475683303 0.750569585403161 -6.947507176437783e-06 -5.211271568974341e-06 1.4532224008952219e-05 1.1473366700257036e-05 0.0
0.06297833786024486 0.27926032822555125 0.7632473852360188 8.728344216929825e-06 -2.2929693644157795e-05 -2.2833231817625293e-05 2.3641861392281288e-05 0.0 -0.020936628915905448 0.26290040324856095 0.7505663467655144 1.4028295262875017e-06 -3.823814218796641e-06 -1.6646461418394314e-05 9.216125407513246e-06 0.0
0.06299037106145823 0.27926004138290605 0.7632227440546274 1.3557807553741115e-05 9.460030111364866e-07 -2.0269264784804507e-05 2.8479489028632282e-05 0.0 -0.020952207198329277 0.2629066115578058 0.7505604864780363 -1.009128706807349e-05 5.61090041440888e-06 -3.356818488350812e-05 2.237820284677766e-05 0.0
0.0630078333423792 0.27925142494409544 0.7632065328786151 1.725055946548917e-05 8.195145809404364e-07 -1.036943677111619e-05 2.7278124768024585e-05 0.0 -0.02097275005070918 0.2629074312627674 0.7505562632995103 -2.448516107032844e-05 1.1220378553641251e-05 -1.4673571690291122e-06 1.7832623675419646e-05 0.0
0.06301306648759963 0.2792491409822307 0.7632003321519835 6.111083513674305e-06 -4.236958385598102e-07 -5.610913318706151e-06 8.166744692646608e-06 0.0 -0.020983815445252796 0.2629065598813215 0.7505549873766645 -1.8973536065140495e-05 1.3382681227332955e-05 4.384771831374411e-06 1.1154981853963973e-05 0.0
0.06301750935273692 0.27924559805591187 0.7631955930977339 1.908419420173862e-06 -5.7572366232339735e-06 -5.456717058619152e-06 5.197034267498898e-06 0.0 -0.02099216218290121 0.26290889936612544 0.7505543009887811 -6.688572111452838e-06 3.7765004308923486e-07 6.271786264202131e-06 9.323453987008623e-06 1.0
0.0630154252039487 0.27923520974118815 0.7631926834478729 -2.690904063447502e-06 -1.5114770931460601e-05 -4.680447856290057e-06 1.2465730363601453e-05 0.0 -0.0209966151752316 0.26291539738119457 0.7505547440093632 -1.1193460516920224e-06 7.77576711748489e-07 2.5575302838292947e-06 8.053783383231479e-06 1.0
0.06301489970773538 0.2792359415209689 0.7631840193818956 -1.8943862148989766e-06 -2.6284475604468224e-07 -6.678128623950079e-06 9.059581591591533e-06 0.0 -0.020907075758432595 0.2629495061193511 0.7505566915649394 7.853063900726536e-05 3.081288242246519e-05 1.4422009628644194e-06 9.518527169739618e-05 1.0
0.06301492516530886 0.2792312642970471 0.7631782213015605 -5.10586979348173e-07 -3.134576196868102e-06 -7.309852362036967e-06 6.7778876530475956e-06 0.0 -0.020865152656486384 0.2629594363269995 0.7505712214264039 6.196687815576959e-05 1.8522321000415996e-05 1.1916390484893764e-05 4.853799751946297e-05 1.0
0.06301436173246162 0.2792353120580556 0.7631707960070083 1.5076025452611394e-06 4.403248013337171e-06 -9.06764260389608e-06 8.31571175293176e-06 0.0 -0.020862804587386787 0.2629607435262562 0.7505731837946384 1.0914783347110268e-05 2.140839218542798e-06 5.177841305556516e-06 0.0 1.0
0.06301370776903721 0.2792388785307308 0.7631651482767425 5.149532156228711e-07 4.296566684187407e-06 -5.586065356769063e-06 7.240358686663035e-06 0.0 -0.02087059837672106 0.26301154646073277 0.7505939574213473 -1.8775620520736135e-05 3.861951539708092e-05 1.7791072799063513e-05 5.4263524236313646e-05 1.0
0.06301320770843605 0.279241539135831 0.7631610621265369 -1.0110421195429313e-06 3.8500786024841936e-06 -3.2029806359917915e-06 4.728242124933888e-06 0.0 -0.020880523569181346 0.26306012565601183 0.7505815586272725 -2.4111037011167016e-05 5.180772851004989e-05 -6.607911705953821e-06 5.6740187401578795e-05 1.0
0.0630138915300766 0.2792373174223126 0.7631645282424491 3.4546322947395965e-07 -3.973959229296376e-06 3.181866853414204e-06 5.3486454892736154e-06 0.0 -0.020873021206393273 0.26311712417950794 0.7505570853562162 -5.559777572668755e-07 6.136593439615705e-05 -2.6427011896746103e-05 6.0792778735030084e-05 1.0
0.0630141978859454 0.27923470931813205 0.7631664965153676 7.200622959915844e-08 -4.8171450561055555e-06 3.51223041644981e-06 3.48263590640978e-06 0.0 -0.0208466246050633 0.2631954532227831 0.7505571689994593 3.318322288320217e-05 7.923077344312012e-05 -9.054139756844743e-06 7.90615482826171e-05 1.0
0.06300722466997524 0.279225612854992 0.7631642528557353 -5.6872515756079875e-06 -8.693471942088289e-06 -1.3939182370109715e-06 1.1510218643549233e-05 0.0 -0.02060681535863579 0.2633483701319583 0.7505416399547389 0.00022606064209906924 0.00014488689042343314 -1.190039563182998e-05 0.000285811396737276 1.0
0.0629943607472171 0.2792087939678253 0.7631622738517456 -1.3066937740568796e-05 -1.6793264789734823e-05 -2.878090212294046e-06 2.1422685772644176e-05 0.0 -0.020257925490924554 0.2633975522930549 0.750555135960291 0.00036408279072953914 7.106507184088696e-05 1.2482356375525983e-05 0.0003587368670603701 1.0
0.06298623703426051 0.2791896105733908 0.7631521738497923 -1.067178833309282e-05 -1.9397750833959725e-05 -1.0386231443545271e-05 2.3259948850859234e-05 0.0 -0.019862020092903197 0.2633524144245135 0.7506175437444 0.00042646412806385573 -3.910118937476142e-05 6.0737803475291615e-05 0.0003975409729102013 1.0
0.06297685667589924 0.2791778397677087 0.7631315964645615 -9.327609610384117e-06 -1.3635383458182275e-05 -2.065256882741033e-05 2.5125257606867662e-05 0.0 -0.01905249747903231 0.26323234153057995 0.750856644526356 0.0007669042917277524 -0.0001345704876973272 0.00022507929536460836 0.0008466805974963537 1.0
0.06297348085418732 0.27917724625438833 0.7631242414678417 -3.133066713139288e-06 -9.63876406801673e-07 -1.113764324904899e-05 8.333795728153643e-06 0.0 -0.017994523116754813 0.2630508578344427 0.7513160644847696 0.0010655843984192842 -0.00020379107446053725 0.00045614262848033644 0.0011816390574272949 1.0
0.06296902753537824 0.27917470381940995 0.7631127292413955 -2.3193200545208474e-06 1.0012546025477092e-06 -9.416516810004013e-06 1.2253320395107945e-05 0.0 -0.01694568497875151 0.26279967709371754 0.7518822276751145 0.0011071239709173526 -0.0002560624194522341 0.0006013206618961839 0.0012167951266051674 1.0
0.06296304206133682 0.27916356723949043 0.7630895048068976 -5.041924162634487e-06 -7.745401734893935e-06 -1.990249034465077e-05 2.6901244084739513e-05 0.0 -0.015862567704957743 0.2624151634855923 0.7525334535886483 0.0010920828051101854 -0.0003641985509037493 0.0006758060839224922 0.001304636600937343 1.0
0.06296388434379097 0.2791410304989166 0.7630806907159479 -1.242435778309353e-06 -2.3215848270436444e-05 -1.1621820560303034e-05 2.4682458770577356e-05 0.0 -0.014092462384612047 0.2615509794297844 0.7537126607259077 0.0016488078833458092 -0.0008019466124386976 0.0011076041364716167 0.0022957903124098075 1.0
0.06294735951631014 0.2791178992315143 0.7630736943649695 -1.4185069008906209e-05 -2.7913186632594872e-05 -6.784042960018116e-06 2.8328387170952373e-05 0.0 -0.012846734321517044 0.2606135938048308 0.7548760214234973 0.0013682370734292766 -0.0010050146094674156 0.0012160424548664946 0.0019875475977752088 1.0
0.0629346397231471 0.2791091666261099 0.7630719112425279 -1.4986279865528842e-05 -1.3315696792083912e-05 -1.8090693998328577e-06 1.5637810907633833e-05 0.0 -0.01165123721896228 0.2592693126328167 0.756804675992081 0.0011891078114821033 -0.0013492272754719963 0.0018541286909267772 0.002583836698003069 1.0
0.06290601314976066 0.27906549208973347 0.763043462134629 -2.7856412771891766e-05 -3.539946154881484e-05 -2.3152312503706822e-05 5.9226640761306175e-05 0.0 -0.01107508529921655 0.25806485100234317 0.7584212141216173 0.0006175221680654144 -0.0012768686530777128 0.0017598094959699873 0.0021229303127962575 1.0
0.06283997295151787 0.27900021324982177 0.7629926911970175 -6.258358128371265e-05 -6.279201285706284e-05 -5.0021732643334686e-05 0.00010705193198596276 0.0 -0.010696098174074964 0.2566813839150287 0.759822938157161 0.00026528608333035064 -0.0013356119895617242 0.001439495642636597 0.0019967395387000594 1.0
0.06277657675728107 0.27897373992243846 0.7629808075588687 -7.009159130999773e-05 -3.821208208912717e-05 -2.542263598371746e-05 7.02386684239515e-05 0.0 -0.010139765098582155 0.254582054351965 0.7613387547715372 0.00041252476809377136 -0.0019597827502359864 0.0013916028381712698 0.0026469354468534653 1.0
0.06275978700011309 0.2789671345445265 0.7629816214591933 -2.6486037205590907e-05 -8.293477205741863e-06 1.9895265613614394e-07 1.531730940188656e-05 0.0 -0.009625779254555484 0.2534467678513077 0.7618740919439372 0.0005688764185144786 -0.001355483759187933 0.0005966368705826954 0.0013915597806275898 1.0
0.06273521571497392 0.27895528906288436 0.7629763360726258 -1.4801217692838182e-05 -2.5236461049821985e-06 5.0371652084674875e-06 2.7336330361800565e-05 0.0 -0.008990310445165033 0.25225683027992013 0.762446274497037 0.0007485395924394735 -0.0011415480699737514 0.00043844196266293713 0.0014117359435485873 1.0
0.06271034374256465 0.2789426282986368 0.762972747518717 -1.6699706582344877e-05 -5.92517173564622e-06 1.3773660483880269e-06 3.225326552949977e-05 0.0 -0.00841354917280114 0.2512542141695992 0.7627180149952267 0.0006347681431959659 -0.0009174842001748331 0.00023964379761907354 0.0012018314878314436 1.0
0.0626787149691761 0.27893284948551117 0.7629711675472765 -2.8068411122135758e-05 -1.112952860973466e-05 -3.231351062544924e-06 3.1988717533782234e-05 0.0 -0.007777050380863876 0.25036723299290503 0.7628709118722439 0.0006389802348591856 -0.0008322991407573735 0.0001981032777092738 0.0011362155558590136 1.0
0.0626518205995733 0.278924188461462 0.7629694942676575 -3.3779954656656146e-05 -1.6096736108721022e-05 -7.519897285205072e-06 2.618210690207541e-05 0.0 -0.00717356885683563 0.24965069623421898 0.7629559990529587 0.0005554091667091593 -0.0007124494685934112 0.00010031648558202991 0.0009205063161226885 1.0
0.06262221457550855 0.2789183753876008 0.7629674313464702 -3.5573704430028516e-05 -8.957771750547585e-06 -4.348504163126794e-06 3.073672894149398e-05 0.0 -0.006626661784341251 0.2490188923347365 0.7629203917728908 0.0005345528269183132 -0.000693764734032342 2.6909675117570446e-05 0.0008142858427818973 1.0
0.06259022898750131 0.2789135804627828 0.7629669859243637 -3.1007758650660776e-05 -1.3070480483671305e-06 2.281001920208649e-06 3.340819543096472e-05 0.0 -0.006214550598613693 0.2485875254449156 0.7628742136879133 0.00042643121509364766 -0.0004994844554369895 -2.803616554475255e-05 0.000629244599425113 1.0
0.06255678914014691 0.27889722384707494 0.7629621570251809 -2.9883788123906142e-05 -1.2962586468469409e-05 -3.4049467843975978e-06 3.711036766720761e-05 0.0 -0.005830670654598684 0.24813004851596585 0.7627019359243935 0.0003576377028259756 -0.00037399412138569153 -0.0002021521038059256 0.0006027080071870287 1.0
0.06252543756563687 0.2788825115847611 0.7629552414210028 -3.2504288164357094e-05 -1.7182261674943133e-05 -7.666858013229907e-06 3.541390870527996e-05 0.0 -0.0055929245909013625 0.24788030943426104 0.7625454735913562 0.0002448338649989763 -0.00029027665154508146 -0.00015520396544318983 0.0003921034299406282 1.0
0.0625048793258666 0.27886217779778644 0.762940452480187 -2.2102428987723033e-05 -2.11549847589951e-05 -1.435836594766437e-05 3.2147560631648624e-05 0.0 -0.005393606802431287 0.2477182508182972 0.7623494368195709 0.00018405497861563065 -0.00015936666979773006 -0.00020639486595408344 0.0003137274958703634 1.0
0.06248712993223868 0.27884046003184837 0.7629279275438622 -1.642988787544118e-05 -2.22766793051235e-05 -1.418009357637284e-05 3.0851966653676815e-05 0.0 -0.005176008163122422 0.24767642813680035 0.7621233300785817 0.00021382064558050158 -4.071612692747796e-05 -0.00022131871743871762 0.000318192061673854 1.0
0.06247189736235738 0.27880044601545106 0.7628994196385914 -1.3172315123858535e-05 -3.729500675105038e-05 -2.6633078253159087e-05 5.136525401874241e-05 0.0 -0.004856395670843824 0.24768461528169403 0.761781481612563 0.00031617104177278745 2.409387655044875e-05 -0.000325681069510455 0.0004703236249363424 1.0
0.06245789059563074 0.2787576702624398 0.7628667206897387 -1.370906669401458e-05 -4.404764595731675e-05 -3.354775948522914e-05 5.6323789863844614e-05 0.0 -0.004354260961615348 0.24781324056922766 0.7614936265065647 0.0005061782843663079 0.00012069475741070248 -0.00031390422730309605 0.0005963550595906231 1.0
0.06244252084116468 0.27872162247832616 0.7628440099426091 -1.6023211021926572e-05 -3.905715388212425e-05 -2.5589118001112738e-05 4.473787192614404e-05 0.0 -0.00357232332417387 0.24801935936432465 0.7612065816912671 0.0007880786042313993 0.0002058334122449233 -0.0002908670638967408 0.0008494614536729722 1.0
0.06240900167847291 0.2786822703120216 0.7628141148304686 -3.235722523267738e-05 -3.8465444901880106e-05 -2.7753599351929676e-05 5.888951941937794e-05 0.0 -0.0028078531134987234 0.2482888023982265 0.7610054573922116 0.0008299438832098461 0.00026319931421781966 -0.0002093600197226404 0.0008430499937758243 1.0
0.06237406682046569 0.27865556650534756 0.7627941590372685 -3.791197202183473e-05 -2.6182076325603353e-05 -1.9987470703840333e-05 4.9640630960797864e-05 0.0 -0.0023314856956856045 0.24847120928044025 0.760839103483458 0.000527674175819406 0.00021138910620281697 -0.00014424872742234825 0.0005320174285031073 1.0
0.062317998879812875 0.2786126905431849 0.762769876311242 -5.508499743222804e-05 -3.767000443162425e-05 -2.1881676567891734e-05 7.401622338616619e-05 0.0 -0.0019036685714757333 0.24851753682874064 0.7607260992642082 0.0003630550280732571 5.042846770702953e-05 -0.0001020979547131175 0.0004376950219023362 1.0
0.06228026679697774 0.2785867762196983 0.7627513142985329 -4.329949444885497e-05 -2.9340389098481777e-05 -1.8983615149679673e-05 5.001915944885234e-05 0.0 -0.0012486819516638005 0.24835324944828113 0.7605837127882283 0.0005393069757030157 -0.00017429423530150305 -0.00013241161724238432 0.0006982853595844233 1.0
0.062250885466893495 0.27857569217781203 0.7627442012661216 -2.8591451236308377e-05 -1.4319912227316685e-05 -9.790236462735388e-06 3.116555918864572e-05 0.0 -0.0006498944321500463 0.24818168574468735 0.7605632605064782 0.0006144957221418587 -0.00022729523451236019 -5.199770333707269e-05 0.0006384774504174361 1.0
0.062228845133858755 0.2785624709239888 0.7627451446074497 -1.7795924799144113e-05 -9.87854017190016e-06 1.4688459691072899e-06 2.5790606240189053e-05 0.0 0.00014220889617891982 0.2480468757192731 0.7606654221044602 0.000822212518093901 -0.00015667687851168139 9.13416221512295e-05 0.0007878100865809459 1.0
0.06221261061885486 0.27855570678924435 0.762741605042144 -1.2868363135502982e-05 -5.3524471466541546e-06 -1.0998964055478235e-07 1.8749336537784625e-05 0.0 0.0011420504234836313 0.24804275193479902 0.7609191312196008 0.001041555295351368 6.833770357139943e-06 0.0002555758849102393 0.001032150229476829 1.0
0.06219965735078612 0.27854621346766817 0.7627407530643102 -1.2721138562471178e-05 -8.886479597896427e-06 -1.624546834245369e-06 1.6240133252324902e-05 0.0 0.0018598474931960552 0.24795973800009977 0.7611410305757759 0.0007959284321896316 -1.204759326642389e-05 0.00026623607083118596 0.0007717733826164829 1.0
0.06219355243309356 0.2785398073976112 0.7627393651737746 -8.218310737851047e-06 -8.278406597912082e-06 -2.2898193669299446e-06 8.005320085511978e-06 0.0 0.002281327156207875 0.24787292174671174 0.7612806966639223 0.0004132551868609053 -6.656521511614e-05 0.00015867189559996128 0.00043792927312131516 1.0
0.06218895271638141 0.27853753716705903 0.7627352525451466 -6.552384689701705e-06 -5.2180570960611755e-06 -5.614273317955824e-06 6.9138717557303196e-06 0.0 0.0025745674562666684 0.24771494786829817 0.7613521711908634 0.00021709183509867742 -0.00016818543516132587 4.747045031977941e-05 0.00033552088070623294 1.0
0.06218747853777525 0.2785325392050112 0.762734414896342 -8.562553636767172e-07 -2.996355612552185e-06 -1.7870649083716581e-06 5.3920810137416596e-06 0.0 0.002818968653055288 0.2475623858912905 0.7614336577335764 0.00017742631783333344 -0.00019389115523562076 3.222682698187363e-05 0.000318581980381196 1.0
0.06218726437366287 0.2785292237221774 0.7627324733216412 -7.769512401218352e-08 -2.706544277846623e-06 -7.612496122423696e-07 3.874202844164971e-06 0.0 0.003177837983210932 0.2473958285447523 0.761564821464083 0.0003210599680171523 -0.00017803252293972143 0.00011378670538911834 0.0004125496275697629 1.0
0.062187770885292405 0.2785277945359655 0.7627285846345301 5.011781478337117e-07 -2.037533752153223e-06 -2.9531636872873483e-06 4.1257147107214175e-06 0.0 0.0036227743398558098 0.2472928277784055 0.7617377015041593 0.0005071815636995601 -0.00010451554162654994 0.00019272583167541632 0.00048105962484578854 1.0
0.06218840378314251 0.27852571462027575 0.7627271746914753 4.876225399615441e-07 -1.6897205671985215e-06 -2.217328691592095e-06 2.5376680180427067e-06 0.0 0.004214585978445367 0.2473059034655201 0.7619098626621761 0.0006532209800171642 2.080407772154151e-05 0.00020889534769872754 0.0006164431447920326 1.0
0.06218976470295898 0.27852258690010795 0.7627270816076221 1.1050504715591902e-06 -3.1950931168746464e-06 -1.9367808040860747e-08 3.4437666889413215e-06 0.0 0.004898775541571383 0.2473135006706927 0.7621098674728338 0.0007014772370770213 3.292781969415011e-05 0.0002048927004880516 0.0007150469602489099 1.0
0.062190034414357886 0.27852497962647993 0.7627226842205064 6.126319875614524e-07 1.6565437828949682e-06 -3.5097601762813524e-06 5.0242434451866895e-06 0.0 0.005129050484985993 0.24729673881645528 0.7621226551015399 0.00029970883480838397 1.2082279182989454e-06 3.256117368077331e-05 0.00023673145489110992 1.0
0.06219084079265112 0.27852437492656956 0.7627210355593148 5.592133019793272e-07 4.683929308375089e-07 -2.434811695690549e-06 2.011710193443308e-06 0.0 0.0052416591235245865 0.2472114925582426 0.7620270549585514 4.945112147430159e-05 -8.926194641391994e-05 -0.00011660400493179049 0.00015382904580705132 1.0
0.06219174615303154 0.27852133907571447 0.762722674782079 9.662521064270207e-07 -2.7689740897340083e-06 1.2356293121961407e-06 3.3801367909654057e-06 0.0 0.00532076595847661 0.2470829989139419 0.7619089919950571 -1.3601256833356253e-05 -0.00015082137750115684 -0.00015642786677754042 0.00020378900134581447 1.0
0.06219204712270955 0.27852132687717013 0.7627214629142439 4.696259792072927e-07 -8.925874078303899e-07 -4.139935252131693e-07 1.3859551002572093e-06 0.0 0.005399743118154808 0.24693587912716014 0.7618228238181323 4.546933739394405e-05 -0.00017058863697145654 -0.00010636775964843937 0.0001988361684580229 1.0
0.06219211347828656 0.2785210776983056 0.7627210028119462 1.0875895741788021e-07 -3.494205537146937e-07 -4.6219232622414133e-07 5.253439863319691e-07 0.0 0.005409169583898304 0.24667307909710934 0.7616745599564271 5.265168572599809e-05 -0.00024828340118189377 -0.00012024964387012915 0.00028825548016367684 1.0
0.06219183482820221 0.2785146385784661 0.762721538739233 -2.8430312775790103e-07 -5.49557647876833e-06 4.591774017973014e-07 6.3544817729539466e-06 0.0 0.00531305153780718 0.24655622803850585 0.7615744647661907 -2.9629816619650357e-05 -0.0001394037645546226 -8.528099622521224e-05 0.00017909488005075702 1.0
0.062191028437180045 0.2785179810123155 0.7627177571737143 -8.042754059355137e-07 1.4187715061938563e-06 -3.3512288655717343e-06 5.347895858941331e-06 0.0 0.005123532467147391 0.24643994718426993 0.7614767151622873 -0.0001748073947134232 -9.972796922306201e-05 -8.30409871884592e-05 0.00024567324368466887 1.0
0.06219037722447799 0.2785211708153321 0.7627137828237136 -8.262368013224453e-07 4.211089192079388e-06 -4.808729298504083e-06 4.9584822043995085e-06 0.0 0.004684965063997036 0.24636602976205624 0.7613640403841185 -0.0004571989643066064 -5.754252104773726e-05 -0.00011739402554795085 0.00045913383000458885 1.0
0.06218958995507163 0.27852650972991233 0.762707982357605 -6.968337650288373e-07 5.7583425576920205e-06 -5.740831238250957e-06 7.775204671705915e-06 0.0 0.004050760671594325 0.24635091923361402 0.7612279625957125 -0.0006547257066231919 -9.562568665113289e-06 -0.000139285937475322 0.0006553875126050403 1.0
0.06216435513403804 0.2785269145892133 0.7626932015353396 -2.1712225963524796e-05 1.7698426195448384e-06 -1.3690094294735861e-05 2.9346642474625665e-05 0.0 0.002921601339806638 0.24627573198187291 0.7609977775035588 -0.0011034689760900946 -5.886192134198948e-05 -0.00022263997490464422 0.0011475355087086502 1.0
0.062155981387773 0.27852655709858093 0.7626955532572499 -1.4192886178331741e-05 -7.972532991366129e-07 -1.4695935310175673e-06 9.530501112440038e-06 0.0 0.002265238069496078 0.24634789782058314 0.7609070021358806 -0.0007981512004969259 3.649200028924042e-05 -0.00012834449542992694 0.0006772133568418293 1.0
0.06214317817033729 0.27852759250082193 0.7626975280808768 -1.273500739393041e-05 -6.970350278516493e-07 3.815497821916257e-06 1.1465173811575058e-05 0.0 0.0007263174232260255 0.2466795762161488 0.7610730176350431 -0.0013799689016304796 0.000294978732827453 0.00013427564247943844 0.0015498889464836119 1.0
0.06213945997826576 0.2785244215120416 0.7627013523162205 -3.6063683088978445e-06 -3.1895513234128134e-06 5.8836494377645205e-06 6.917702870921504e-06 0.0 -0.0003334199291566045 0.24679340972859526 0.7613012367332876 -0.0011610914867535263 0.00020031614788767986 0.00027950119134354076 0.0011377074650687708 1.0
0.062137494299173666 0.27851995530413814 0.7627061244380032 7.30327265858293e-07 -3.762709842831919e-06 5.533002183892021e-06 7.220276022522268e-06 0.0 -0.0012692401205567996 0.2466324920246296 0.7614411712844954 -0.0009338645765779561 -0.00012168643313066192 0.0002033412335533347 0.0009323224544821365 1.0
0.06213613350861718 0.27851876004980886 0.7627074319067549 6.04741193582838e-07 -1.8654865565413283e-06 1.4193417390509368e-06 2.1143518596226594e-06 0.0 -0.0018663605469655536 0.2463559665679949 0.761479558567385 -0.0005830298038480277 -0.00033096886333996284 4.2865326230560385e-05 0.0006528327568746776 1.0
0.06213166272939256 0.2785051431732512 0.762701770202185 -4.625838225411625e-06 -1.141024644126876e-05 -6.612869704212745e-06 1.467804877654134e-05 0.0 -0.002562430132917936 0.2457142459708013 0.7614859682539223 -0.0005907419221115725 -0.0006719514761082483 -5.0852021156846125e-05 0.000951483002465956 1.0
0.06212728393548412 0.2785004411248558 0.7627017017294849 -7.0804393352451306e-06 -7.408244519341917e-06 -3.20682792458271e-06 7.533030492862923e-06 0.0 -0.0027049576411989017 0.2452661433190186 0.7614599415024834 -0.0001968466399944655 -0.0005506640199925488 -7.533235225807593e-05 0.0005062292949843768 1.0
0.06211651790496254 0.27849293865022634 0.7626985136646923 -9.975036658440086e-06 -6.919249945597072e-06 -1.8397973206412007e-06 1.2516521283572924e-05 0.0 -0.0027084694261066498 0.24483720709459625 0.7614074242812009 3.063169749752408e-05 -0.00039595336040128113 -4.759973617145735e-05 0.00038150380778609566 1.0
0.06210445098706781 0.2784953106484056 0.7626982320867476 -1.3394321963012636e-05 1.6215373956693859e-06 -2.723165619106417e-07 1.2733184633262262e-05 0.0 -0.0026110702174065074 0.24438407107734303 0.7613776439030329 6.058439950219622e-05 -0.0003674975735113497 -5.887457260264009e-06 0.0004824705097415437 1.0
0.062097775863240515 0.27849518591944866 0.7626989887339194 -7.543364370357956e-06 1.832828460049882e-06 1.712434968588002e-06 6.8258592625231165e-06 0.0 -0.002342428659706979 0.24389386577824398 0.7612627696895812 0.00028638054913585954 -0.0004549807228549746 -8.540777524869848e-05 0.0005806398556814994 1.0
0.06209193421220119 0.27849936865871183 0.7626955532595432 -4.962554252227187e-06 4.611613989182217e-06 -2.1164236019770984e-06 7.738108406217864e-06 0.0 -0.0020280781228411092 0.24353069874739086 0.7611526822513976 0.0003083483469637769 -0.00039196863914745065 -0.00011940263699498067 0.0004934274846063837 1.0
0.06208807791397728 0.27849795001636574 0.7626969808763251 -2.7191600570897944e-06 -5.191286908392465e-07 -1.2652899970074552e-07 4.380099050313366e-06 0.0 -0.001644750202382246 0.2431749539380297 0.7610418017195975 0.0003627822419851409 -0.00036715213472135716 -0.00012190597594678327 0.0005145882964619922 1.0
0.06208557910386878 0.27850113583901276 0.7626934235866079 -1.8309011272992539e-06 6.532485386894379e-07 -3.2026734474813745e-06 5.607889142826964e-06 0.0 -0.0013028336285242999 0.24289550714973318 0.7609098692981296 0.00032866832461960296 -0.0003011082591566753 -0.00013007948861928982 0.0004764315552088596 1.0
0.06208338946373235 0.2785105107697958 0.7626838624459625 -2.1016233549199597e-06 8.459808853825579e-06 -8.759200004870852e-06 1.3268334704148597e-05 0.0 -0.0010074444639876705 0.2427062199575661 0.7607880168187504 0.00031746746976958325 -0.00017128127833270488 -0.00012270818073735894 0.0003697253778825732 1.0
0.06207807526933234 0.27848581676705797 0.7626722239360806 -5.668489086206075e-06 -1.8905194284190294e-05 -1.2761218824197542e-05 2.800809588561009e-05 0.0 -0.0005597466636478027 0.2424584978321281 0.760545128050673 0.00040364725817378967 -0.00022403986714372422 -0.00022170090986406627 0.0005616216337365808 1.0
0.06208876150275382 0.27844204417770846 0.7626582380310636 7.616464273640828e-06 -4.430119845857916e-05 -1.4541434231459263e-05 4.723915671329043e-05 0.0 1.3178097138806566e-05 0.2423606831149112 0.7602047654069867 0.0005660941737619322 -0.00012990917482241462 -0.000340368763645561 0.0006807215743959578 1.0
0.06209751101148143 0.27841729873002297 0.7626471252089108 1.0976266317093207e-05 -3.439312149093421e-05 -1.1976045257831134e-05 2.8707000336055736e-05 0.0 0.0003893906291808837 0.24242430498127607 0.7599279790659657 0.0004493412735493231 4.339324941054774e-05 -0.0003183113585251792 0.00047293929469740983 1.0
0.06209207313501866 0.27840557294451906 0.7626368210469432 -1.8786500514335111e-06 -1.3808884752369984e-05 -9.64331297024316e-06 1.5564097679188328e-05 0.0 0.0006502461926002701 0.24254878794765825 0.7596042230275036 0.00027505944379844355 0.0001506513782007425 -0.0003185943663116496 0.00041804016034720595 1.0
0.06206691539542718 0.2784049990839207 0.7626268208368135 -2.422751297505504e-05 4.0885466141413145e-06 -8.451720863776345e-06 2.7290857295508744e-05 0.0 0.0008935977861881547 0.2427636249559435 0.7592878845565643 0.00020134889929903166 0.00022710441616639735 -0.00030607987218856335 0.0004622886629115268 1.0
0.06205354339830661 0.2784040296748463 0.7626288833805748 -2.06246912202098e-05 7.33635255721207e-06 6.081304103285949e-07 1.5035472435113543e-05 0.0 0.0010630078849807785 0.24293421628121373 0.75914379187677 0.00013571989013490092 0.00019317115987459746 -0.0001548207928347608 0.0002916999152315689 1.0
0.062045042369604064 0.2784057380408258 0.7626274987112184 -1.1138565115522578e-05 3.4119242062721443e-06 3.941809804916425e-07 7.7079484005619e-06 0.0 0.0012151585897219937 0.2431001899630499 0.7589976183327124 0.0001436837336829895 0.00014998289525693743 -0.00011560528117069738 0.00025433494227813323 1.0
0.062042955538724576 0.27840858839656507 0.7626243960685174 2.0678911315855872e-07 -2.1099550712289508e-06 -2.3429072171254967e-06 4.110239618537719e-06 0.0 0.0012792296495149637 0.24316963746501682 0.7589668622304296 0.00010299774506058128 5.1226696112403506e-05 -3.5576974839210304e-05 0.00010193443456764866 1.0
0.06204200596008799 0.2784065025102651 0.7626250424952937 4.6204598831590985e-06 -4.640360904981051e-06 -8.406794250456471e-07 3.2337686046875158e-06 0.0 0.0015367069403352518 0.24326931350108716 0.7589306778200662 0.00023849885047366704 7.64134227355465e-05 -2.328596729117861e-05 0.0002787368858569915 1.0
0.06204309637498288 0.2784004068452945 0.762629337510854 2.4678835220596708e-06 -5.852267682152964e-06 3.1717187711900522e-06 7.495628000869157e-06 0.0 0.002187513443424768 0.24344526072873093 0.7589466121041067 0.0006074277462439215 0.0001643442821089345 1.042301994561522e-05 0.0006772919229072733 1.0
0.06204106187347344 0.27840657528617824 0.7626174478110365 -3.48446580426864e-06 3.869212432671507e-06 -9.35968068127902e-06 1.3235691751757067e-05 0.0 0.0027085361274144836 0.24342702483161713 0.7589068065365463 0.0006187526880360482 3.150699616028713e-05 -4.40763740699806e-05 0.0005311810013082334 1.0
0.0620409757586053 0.27840915395066357 0.7626139048732097 -3.0955855833172727e-06 4.7798578891969316e-06 -6.200574499707072e-06 4.752916729251817e-06 0.0 0.00299220422118275 0.2433487711148872 0.7588610547418888 0.00035564189578751585 -7.19511064979332e-05 -5.7994607044335874e-05 0.0002805811356082586 1.0
0.06204147568843605 0.27841003379400164 0.762611862881517 4.1144466536034276e-07 2.388909528633855e-06 -2.332582979318573e-06 1.6709762232822784e-06 0.0 0.0033895501771895767 0.24330200537837593 0.7587631582396729 0.0003173446377455692 -8.029808015325548e-05 -9.591872740502148e-05 0.0004050967866840467 1.0
0.06204164537533558 0.2784108813836567 0.7626099852885928 5.262125121650459e-07 1.167866026043831e-06 -1.5757609628343027e-06 2.3586499237106934e-06 0.0 0.003785341561762501 0.24327033137114523 0.7586459436266679 0.0003296463733171326 -4.56635140743455e-05 -0.00012813505793893038 0.00044064873187010193 1.0
0.0620411199519688 0.2784089548538518 0.762606802228173 1.3788084990822882e-07 -2.364494523950296e-06 -1.8129620585793145e-06 4.113841780635874e-06 0.0 0.004111788962703469 0.24324060683986404 0.7585516601608501 0.00031767279319799363 -2.046046143546013e-05 -9.803382225310987e-05 0.00033622235040344726 1.0
0.06204055958683024 0.2784128272187509 0.7626019291676367 -5.269887149451379e-07 1.5590101192836745e-06 -3.857982556969494e-06 6.030396157946871e-06 0.0 0.00450042959536968 0.24324019231268384 0.7584908926325831 0.00041292936212687105 2.2021739524450234e-05 -5.9908402380613655e-05 0.0003753907056293625 1.0
0.06204053506477311 0.27841429593027983 0.7625996411424829 -2.440909670049473e-07 2.3657929519786896e-06 -3.524597307239529e-06 2.559867282281714e-06 0.0 0.005028473360421753 0.243318636545217 0.7585025495910523 0.0005490853048904375 8.162161791870076e-05 1.8463455458948286e-05 0.0005430536040172173 1.0
0.06204079564762132 0.2784140656383185 0.7625989651779664 2.7916341374782396e-08 1.4337467152453339e-06 -2.1233001601495613e-06 7.777737716760537e-07 0.0 0.005434535818327937 0.24347250499746068 0.7586434500161122 0.000433592348546877 0.00014054847416359895 0.00013954343681408656 0.0004658762034658381 1.0
0.06204098132561987 0.2784132472865593 0.7625993576127447 5.265981411292643e-07 -1.2483447641428442e-06 1.4614013411875481e-06 9.563240708438268e-07 0.0 0.005713006520555539 0.24358635859855263 0.7587824527347587 0.00028467586252954396 0.00013362601062760624 0.00016610447675953174 0.00031952876128744066 1.0
0.062040666723690324 0.278414570392263 0.7625978056997987 -1.0874804946271669e-07 3.3640110697401235e-07 -5.536844753122261e-07 2.222406696316951e-06 0.0 0.005995819987467372 0.24380649680774286 0.7590854878438127 0.0002580740467445017 0.0002078239366530758 0.00028661270136540494 0.00046596538775689944 1.0
0.06204052582203255 0.2784157501615468 0.7625962206642671 -3.0715704194625673e-07 1.1486740156857684e-06 -1.7823629954654266e-06 1.9405817116367387e-06 0.0 0.006177286003159382 0.24402685452317177 0.7593969705095535 0.0001632100223698734 0.00022172041206425797 0.00032202603396131005 0.0004374441087524839 1.0
0.062031270724178904 0.27840432368413875 0.7625887779441902 -8.125725839137461e-06 -9.286230800153417e-06 -7.311512418183347e-06 1.6187435864371775e-05 0.0 0.00640438687507593 0.2442305446353655 0.7597163026118776 0.00019972676411534544 0.0002047772267648854 0.00032224879807318666 0.00043510175900382525 1.0
0.06200810779518969 0.2783916708726291 0.7625766051413053 -2.24909789242433e-05 -1.3637249160255957e-05 -1.2725561177192996e-05 2.9487508322320818e-05 0.0 0.006666109638646594 0.24433727833365845 0.7599937670926407 0.0002766734619995424 0.00011617111623382874 0.00027558048812455384 0.0003907153370845851 1.0
0.06197913362497234 0.2783771175312115 0.7625692926956019 -3.113659600916618e-05 -1.6280042105455875e-05 -9.13256339522931e-06 3.321595407209785e-05 0.0 0.006911245014743712 0.24432818365992473 0.7602140702972028 0.00028020196534234837 -9.65673978721567e-06 0.00021249330747701912 0.0003334631192144983 1.0
0.06195624629801648 0.2783806586680909 0.7625686636711214 -2.620507746482912e-05 2.690744742509683e-07 -1.1772126857599924e-06 2.2839406633735526e-05 0.0 0.007110592281730071 0.244300618540181 0.7603983136812597 0.00020915572746361348 -5.70301760159439e-05 0.00016966207708946294 0.0002746452087930084 1.0
0.06193969887552934 0.27837738277122864 0.762573075519786 -1.647507240978355e-05 1.1124181034172436e-06 5.863973576062471e-06 1.720220112917615e-05 0.0 0.007327755390860843 0.24451369862546848 0.7603525189911094 0.00020215729431530017 0.0001599900320340519 -2.8564680426145596e-05 0.0003042712314767896 1.0
0.06192020169083622 0.27836228279640934 0.7625657964026186 -1.5389911573943267e-05 -1.0788266492231205e-05 -3.277507116438751e-06 2.614305184318137e-05 0.0 0.007861009919441598 0.24479037577417864 0.7601344052407691 0.0004795587778887798 0.0003173177298725017 -0.00021604143924269393 0.0006407337580194863 1.0
0.061883275737092305 0.2783384945862569 0.7625266197572897 -3.221295678610021e-05 -2.465650847359757e-05 -3.566315333452573e-05 5.901953846002238e-05 0.0 0.008566160277969808 0.24508338602179944 0.7598206168683251 0.000718434710107805 0.00034839110806317986 -0.0003429897409653343 0.0008315489848299022 1.0
0.0618448614190706 0.27831196641362926 0.7625144591079636 -4.155507331291434e-05 -3.1153704786618895e-05 -2.3324777032546785e-05 4.888014682822637e-05 0.0 0.009627294324991235 0.24541130144664225 0.7595708990192716 0.0010819630226268349 0.0003450076290680395 -0.00028374266936872367 0.0011302355195048572 1.0
0.06179784169264967 0.27830264477584443 0.7625031787860369 -5.018024073610019e-05 -1.42882094641395e-05 -1.2900125599810373e-05 4.756053727803245e-05 0.0 0.010410801682266824 0.24558159247589945 0.7594531965349655 0.0008991031783510006 0.00017361397723462304 -0.00011710000215012917 0.0008155018648514265 1.0
0.06175781090639257 0.2782867619052621 0.7625117420267685 -4.319702932214707e-05 -1.1476395684395712e-05 1.0036943475451787e-05 4.430740937454035e-05 0.0 0.011300710710705692 0.2456708650853428 0.7592831942045452 0.0008476859804756111 4.700866895444783e-05 -0.00010327097355745382 0.0008958813302685246 1.0
0.06172962841241419 0.2782626771880396 0.7625081851254711 -2.769381772309421e-05 -1.8554048400843438e-05 5.4541624982949304e-06 3.8123207664207554e-05 0.0 0.011670747487597038 0.24561570891399245 0.759158017144001 0.0003771690677045268 -7.629816611207105e-05 -9.877306837830326e-05 0.0004151852136718842 1.0
0.06170551740002865 0.27820643876130446 0.7624980960398444 -1.996630607227943e-05 -5.297024583931921e-05 -7.555729956210653e-06 6.156452331814328e-05 0.0 0.01183563373145117 0.2456522719326189 0.7591414774743426 8.335513076736408e-05 5.062839414817982e-06 -4.355460317705302e-05 0.00015807253430532767 1.0
0.06169398248283442 0.2781673560104542 0.762479595875618 -1.0416338359197863e-05 -4.911338738479999e-05 -2.2744036224880268e-05 4.5272874713673505e-05 0.0 0.012058324894711652 0.24575768964229835 0.7591786585220472 0.00013598093866144765 0.00010663262812115877 2.1336652506312844e-05 0.00024923977344589246 1.0
0.06168386547239366 0.27812729281793885 0.7624572352334111 -9.11592344798332e-06 -4.295030637108692e-05 -2.820820103790155e-05 4.606543688804194e-05 0.0 0.01270360887289147 0.24610421390836335 0.7588414877058288 0.0005929554464096487 0.0003557799834267421 -0.00027812604568489083 0.0008105594858569801 1.0
0.06167960554618657 0.27811943112309884 0.7624507906053447 -5.094103741996834e-06 -9.500054409499188e-06 -9.061627803119976e-06 1.1364155200398474e-05 0.0 0.01290384410501733 0.24619688124417774 0.7587385980994511 0.0003955017838345314 0.00019556360396742132 -0.00017857107041012557 0.0002650670813891165 1.0
0.06167150262783223 0.2781045300936296 0.7624413350179636 -8.685633641492556e-06 -4.5190765969485565e-06 -5.689511027850971e-06 1.8935188952003255e-05 0.0 0.012781685748815606 0.24621850496672848 0.7587081738761848 -4.307393061847662e-05 1.946136100403474e-05 -5.700561054281357e-05 7.819240546311896e-05 1.0
0.06166024681061419 0.27809982923101445 0.7624337454963156 -1.1782384868088865e-05 -2.25318108945175e-06 -3.466003809491207e-06 1.5682394488793828e-05 0.0 0.012534522622430698 0.24627768995873192 0.7584836056818623 -0.0003028523580445103 -5.81113535218862e-06 -0.00017737871644853682 0.00035524480191096927 1.0
0.061646818526358164 0.2780868427955565 0.7624167617788772 -1.450829844260705e-05 -1.2951162576537041e-05 -1.5431724015184484e-05 2.447005825145045e-05 0.0 0.01241878405477763 0.24644780934294866 0.7581998852530144 -0.00026943824948607534 0.00011181515229459844 -0.000262806084371236 0.00038217340611650466 1.0
0.06162684988878989 0.2780668082010179 0.7624023034089186 -2.023363778494132e-05 -2.425826056875476e-05 -1.739064121246945e-05 3.183500596516055e-05 0.0 0.012400351784642761 0.246649905242252 0.7580072312425995 -4.1807591909240414e-05 0.00022476335906875563 -0.00021755716080394666 0.0002646233393804099 1.0
0.06159847045335446 0.27802967317024874 0.7623680440752617 -2.7686460181686437e-05 -3.778234681534716e-05 -3.396968273404722e-05 5.7339920575199926e-05 0.0 0.01220188947646274 0.24671257995941354 0.7578631577489404 -7.372669168479189e-05 0.0001323288751450811 -0.00016554164155735507 0.00022918312996865288 1.0
0.06153623102955674 0.27791872178492805 0.7622238660784716 -5.875623481464807e-05 -0.00010446721493513446 -0.0001314576266479059 0.00019228714810288388 0.0 0.011504406154153934 0.24604225139720926 0.7583499180149921 -0.000565530464607032 -0.0005598557191595984 0.0003976856665973937 0.0010958946921081902 1.0
0.061512582842253825 0.27788032846315325 0.7621473621354861 -3.397622616662567e-05 -5.8991590622026924e-05 -0.00010217801745719794 9.306195440748625e-05 0.0 0.01110030882324193 0.2461111160531348 0.7579877704996109 -0.000566771919446223 -0.0001869557582575428 -0.00010814229605708532 0.00058141716655734 1.0
0.06145456786934017 0.2778403545036069 0.7620879449842385 -5.124972254885453e-05 -3.764392275970607e-05 -6.519417584158199e-05 8.479746778686895e-05 0.0 0.010968164599827076 0.2460576748547741 0.7575248895108498 -0.0002319272521957679 -3.885652226537588e-05 -0.0004880351422816817 0.0004358042270875076 1.0
0.061282370264866284 0.2777917339236091 0.7620557304378888 -0.00015507458208159015 -3.5826189909983713e-05 -2.364480429614131e-05 0.00018305818295333306 0.0 0.010916407951757539 0.24612227408087042 0.7570921121864136 8.249463663952713e-06 0.00013151303632465933 -0.0005800024889274217 0.0004455148982322442 1.0
0.06112975388905661 0.27781591098693015 0.762047301110683 -0.0001719428940961376 2.0218607969296592e-05 5.228014459675938e-06 0.00016234586526871195 0.0 0.011199440670733847 0.246105428496376 0.7569449096850047 0.0003500623885654827 8.337166220466922e-05 -0.00026240713222407016 0.00034797206112248635 1.0
0.0610334102018123 0.2777416819003904 0.7619919907081512 -0.00011618030265693727 -5.127775723860641e-05 -3.7800915043246684e-05 0.00012850407627050203 0.0 0.01140902620412513 0.2457018610249768 0.7568400760044146 0.000304452724969431 -0.00034298250674514246 -4.1018745129581334e-05 0.00045871040708666774 1.0
0.060714981245778635 0.27752842008120937 0.7619153437704584 -0.00027732844601071255 -0.0002056086843555589 -8.537155006869394e-05 0.0003840007833785011 0.0 0.011510450903563285 0.24524950651021474 0.7569720663400095 8.78309856954385e-05 -0.000568550038064025 0.0002225007021816807 0.00046679799173050633 1.0
0.060427463972607946 0.2774698911912821 0.7619415469495551 -0.0003057531465125098 -0.00011702202413188825 -9.523036021303748e-06 0.00031006066128555623 0.0 0.011571399740848313 0.2448996677790562 0.7570195214940075 -2.780424421093471e-05 -0.00047701781727585717 0.00015763562874223898 0.0003723145416325323 1.0
0.06026618989339435 0.2774470206921078 0.7619631978711444 -0.00018999878945249977 -2.356970499146339e-05 3.423007297055801e-05 0.00015425637577895515 0.0 0.011541354090624846 0.24453295866839278 0.7570362379166449 -5.575790175581512e-05 -0.00030556507410219025 -4.988953182633987e-05 0.0003563397319264357 1.0
0.06021612917157213 0.27742568568295484 0.7619557554450141 -5.2360845221262704e-05 4.549581515877518e-06 1.1527718388434433e-05 4.900965613369302e-05 0.0 0.011523996382760238 0.24425304634768724 0.7570542959385638 -4.226740301605496e-05 -0.00024942577622308684 -3.3964983947283557e-05 0.0002885242966691209 1.0
0.060139756443200985 0.27739755999822935 0.7618906690323468 -3.481993044105071e-05 -2.3873719639825534e-06 -5.3715974658443705e-05 0.00011224467382017794 0.0 0.01150752653054298 0.24408753879606335 0.7570320493840856 -7.018708782170969e-06 -0.00012269591634705152 -4.6220322383346284e-05 0.0001711170781715951 1.0
0.060055219530823725 0.27739411964862715 0.7618751298908348 -5.5427326937677434e-05 -2.9913636012448724e-06 -3.9478963791289185e-05 9.304233185363742e-05 0.0 0.011465493755211564 0.24402777674108767 0.7570144837475216 1.1719643739316916e-06 -5.475356160026565e-05 -1.7844851714555804e-05 6.816523446889316e-05 1.0
0.06001272801788742 0.27739557149304583 0.7618793192257081 -6.0845836668421425e-05 -1.9434179095263363e-05 -1.0616487725989015e-05 3.283571036644613e-05 0.0 0.011480981006728739 0.2439826844408592 0.7570406764515166 1.1696914649521166e-05 -5.298277685741051e-05 2.6864260685654113e-05 5.580487205496059e-05 1.0
0.05997797359745 0.2773914366867387 0.7618850075228263 -6.849453596680249e-05 -1.4435605668514142e-05 1.4783095461188715e-05 3.414369058093666e-05 0.0 0.011459009719400606 0.24394571981163127 0.7570492961360175 -1.175862295265057e-05 -3.406389840962407e-05 3.8131679847497455e-05 4.816796833054498e-05 1.0
0.05996896728669403 0.27738720440892844 0.7618849406510559 -1.3264725086911439e-05 6.642738382836734e-06 1.8553720510819238e-05 1.3664850737047307e-05 0.0 0.01144669290771156 0.24396397212260684 0.7570145004867479 -1.5184090580133518e-05 2.4993223038490735e-06 -2.79617933018979e-05 3.803775428198956e-05 1.0
0.059948296359663575 0.27737614616790296 0.7618884281029091 -3.5052907812296082e-06 -9.904903807793538e-06 3.060710796368007e-06 2.488475242204256e-05 0.0 0.011521976519038973 0.24395018127811757 0.7570604165644645 5.540159640676722e-05 -2.254911162762551e-05 2.7284210272373168e-05 8.796439890826905e-05 1.0
0.05994885179301991 0.2773809899400856 0.7618880555944818 4.074405197695426e-06 -8.938034187861873e-07 -7.794258198754122e-06 3.393490219039786e-06 0.0 0.01148444518074878 0.24397362584961244 0.7570140483177233 -1.0036563221499011e-05 1.4375266244569045e-05 -3.106821482118975e-05 6.652063069925149e-05 1.0
0.05995629972611829 0.27737685849901594 0.7618825171672636 1.7573913250217273e-06 -2.107202099177876e-06 -1.1429001177364367e-05 9.530310704690185e-06 0.0 0.011517807648376534 0.2440174493242484 0.7569901722534103 1.649890216629827e-05 4.727180159978236e-05 -3.5601430119618396e-05 5.8534440719449005e-05 1.0
0.05995251021196136 0.27733406891441237 0.7618314596544101 -2.6988669296806108e-06 -3.445173173142057e-05 -4.2127885641877765e-05 6.689787727143314e-05 0.0 0.011549781149094994 0.2440484700540365 0.756978334562441 2.8659919954604812e-05 4.179664175383348e-05 -1.6111986949984136e-05 4.5920491857918267e-05 1.0
0.05997656768781422 0.2772688400852196 0.761755399951007 2.0980275227790244e-05 -6.757856881816333e-05 -7.800737589655019e-05 0.00010454588259573753 0.0 0.01154630461326602 0.24402305611699163 0.7570071874287798 5.537456947135632e-06 -1.7925146185606597e-05 2.7408315612585267e-05 3.980944755963926e-05 1.0
0.05998955675615644 0.2772215159461357 0.7617151472205304 1.6547876817196753e-05 -5.893430415152764e-05 -5.417756564610002e-05 6.342389982037336e-05 0.0 0.011531572592203714 0.24397203613931578 0.7570730286517507 -1.877570620831486e-05 -5.738651598771366e-05 6.807201957845092e-05 8.42289307093046e-05 1.0
0.059805686473505114 0.27702258116498724 0.7615412233097361 -0.00015483928536078796 -0.00017825047631565965 -0.00015261017074763117 0.0003159399478197587 0.0 0.01156370687424497 0.24401961255927523 0.7570378499954519 2.322686511669363e-05 2.2162104070954398e-05 -8.270452205819725e-06 6.802665539764282e-05 1.0
0.05963395422165688 0.2767613903715196 0.7613491942540536 -0.0002032732456054978 -0.00026796950134409103 -0.00019913345523213423 0.00037751164677981316 0.0 0.011727106060702985 0.24395437003793147 0.7569578469752625 0.00015111462199811858 -4.177969984184472e-05 -7.996651033395301e-05 0.0001907356240973047 1.0
0.05944796932359442 0.27658552883074444 0.7613031916722315 -0.00020619334852211017 -0.00020833988033192494 -7.922540145642896e-05 0.00025628901799494656 0.0 0.012332592631880862 0.24386146066225378 0.7570477772288493 0.0005618687276512972 -8.427873660769961e-05 3.576976562650702e-05 0.0006188706208064894 1.0
0.05925474782506779 0.27648580574448306 0.7613016647295521 -0.00019366685779841403 -0.00010580145325367401 9.75148722057215e-06 0.00020824768949109305 0.0 0.013845500324839232 0.24433289993182838 0.7569743592788075 0.0014722864994080043 0.00038307338214192867 -3.731345514104974e-05 0.0015888887293947149 1.0
0.059115231687078135 0.27641955212072583 0.7613049424727553 -0.00013203511276587673 -4.022834367745463e-05 3.251872794651557e-05 0.00016168074337082354 0.0 0.014184172319437072 0.24413518108629698 0.75690120618448 0.0006836565805166608 -3.360778863374962e-05 -6.943109216236062e-05 0.0004272763787557825 1.0
0.059044946120678614 0.2763818418854998 0.7612934772839631 -5.4484586005793514e-05 -1.0109760710806878e-05 8.358436865255485e-06 8.629504194327204e-05 0.0 0.015069860796404873 0.2446982884589642 0.7563780952582372 0.0007336828940673775 0.000426854537743742 -0.00046348079577575806 0.0010941998798468119 1.0
0.05881195662700699 0.2762426486402471 0.7612339518360336 -0.00019228283359451075 -0.000116048927683735 -6.197871216556686e-05 0.0002682371865790926 0.0 0.01622641546706286 0.2452684661533989 0.7556815311972227 0.0009998824520642926 0.0006056243474391937 -0.000743371427728781 0.0015245935732171262 1.0
0.05861927480261945 0.2761188109659687 0.7611436217586407 -0.0002250873371184214 -0.00016167047547668286 -0.00012114428076403872 0.00025479563382979094 0.0 0.016277232341176145 0.24504415762756168 0.7556187653011047 0.00019109845300755885 -5.94139418632775e-05 -0.00023875167996307504 0.00027355040724427927 1.0
0.057804800738039126 0.2755615587938755 0.7607237404234238 -0.0007437876845137403 -0.0005213189170362279 -0.0003906950294179311 0.0010593096586402335 0.0 0.016731962011272625 0.24473785092692737 0.7548782561811945 0.00030314769195818864 -0.00040437507721554765 -0.0005661233811768479 0.0008303646170413997 1.0
0.05666961454689196 0.27474375307988136 0.760303977362942 -0.0011849880585363911 -0.0008407626420354225 -0.0004593375566080336 0.0014805450688645375 0.0 0.01678762693211373 0.2448823572372314 0.7540007963336289 0.00011430123993178164 -4.3132283604890555e-05 -0.000822564888588689 0.0009370163120317987 1.0
0.05488036139085962 0.27321345577932205 0.7595348001955567 -0.0018100374035930015 -0.001507245634255545 -0.000750888361755326 0.002460324539343437 0.0 0.017623172181692928 0.2450939407791116 0.7539022269450388 0.0007194539559041637 0.00023276387102849681 -0.00026511180151203204 0.0009060874337303757 1.0
0.05207473436371794 0.2709661604846898 0.7586467946839871 -0.0027790409216629196 -0.0022683322946043002 -0.0009129410837985842 0.003705308773339287 0.0 0.01814497316379312 0.24503007787687833 0.7537012609017287 0.0006154287135221312 5.580273063051944e-05 -0.00013022546340440752 0.0005074227135579425 1.0
0.048605455118295365 0.26845756386159497 0.7580116146073528 -0.003539039120691658 -0.002618352535074805 -0.0006978877480460509 0.004341262669691178 0.0 0.017924373034923197 0.24491219794186384 0.7532482711288383 3.429314326831661e-05 -7.657836211397677e-06 -0.00036348756685834174 0.0005127429894371317 1.0
0.04444207503441316 0.26571930333181076 0.7580696147175908 -0.004208500302368696 -0.002773886025919759 8.185696156933644e-06 0.00496759117379129 0.0 0.018391698674996772 0.2450089343905976 0.753067541366462 0.000256908076470415 3.568506185938668e-07 -0.0002118858912978066 0.0005518567298292002 1.0
0.04069594461438349 0.26355060715239276 0.7593072568180878 -0.003885986742287158 -0.002219468925776589 0.0012323998915363984 0.004504445475627876 0.0 0.01882516762510125 0.24518337783382832 0.7528582429260428 0.0003286681774377553 8.482838773988632e-05 -0.00020400359515641717 0.000492924276365194 1.0
0.03797885687466445 0.26122404703688085 0.7613586877254956 -0.0027766046924742114 -0.0021495895355815153 0.0022064542588182603 0.004119921187719369 0.0 0.01920905708976019 0.2452733681661968 0.7526868767855666 0.0004597122740912423 0.0001475273097253002 -0.00025580643989866537 0.0004295811013556906 1.0
0.03606482413594879 0.25852226749254525 0.7630670311264505 -0.001694839401746361 -0.002524294091823575 0.002006285224020421 0.0037315092696379526 0.0 0.019377868821651805 0.2452675034705913 0.7526285315803206 0.00024803062093598134 6.631607116796946e-05 -5.77576004418749e-05 0.0001747850336548866 1.0
0.03509292461936616 0.25597772360807053 0.7642963607691396 -0.0007793833580423208 -0.0026374781720527626 0.0012376863316578628 0.003001872448791191 0.0 0.01967974752832749 0.24523800078084085 0.7525453800098968 0.0003099009785526459 -5.7026759422274014e-05 -4.795276038222374e-06 0.0003131502751696635 1.0
0.03511056102636341 0.2538333584156881 0.7645918969607676 6.82800219847738e-05 -0.0023031593764254914 0.00013704974903495102 0.0021551298424798537 0.0 0.019995931195728896 0.24517444684047332 0.7524519609740983 0.00023276250509288946 -0.00011920538708771206 -0.00010862376529529752 0.0003473607255326624 1.0
0.035412246042894197 0.2517667216154004 0.7643595006720612 0.00034425395870523595 -0.0020555622245574104 -0.0005181992988702395 0.0020794332478666615 0.0 0.02016015007426143 0.24512465688662585 0.7524194735040232 0.00015200445656011438 -6.479086107564019e-05 -6.698405120829603e-05 0.00017359346093168094 1.0
0.035477180325898756 0.25060609984455534 0.7640432675635733 3.867960846820314e-05 -0.0012027766196399938 -0.0004979154624954002 0.0012464169684742272 0.0 0.02030385249659649 0.2451073099287363 0.7523927641736078 0.00019989065372696225 6.665767380472417e-06 -1.4338138339849854e-05 0.00013325425033591548 1.0
0.035350992487352996 0.24989549306782727 0.7636426400370713 -0.000237755578897581 -0.0005750167816874949 -0.0003146150707584626 0.0007949272413259713 0.0 0.020364595318790982 0.24508531512437157 0.7523803742551469 5.671561033881675e-05 2.12922496572337e-06 -1.663479927057704e-05 7.283373399841371e-05 1.0
0.03508597379923707 0.24937754283901087 0.7631007096220752 -0.0004120678311490783 -0.0004297821347883806 -0.00035460161915655346 0.0007905488549690039 0.0 0.020410949799283658 0.24506799229888543 0.7523687822450632 1.9440125164880593e-05 -1.4467018906960005e-05 -4.250511443873602e-06 5.747594491924829e-05 1.0
0.03466440305217762 0.2488109300448409 0.7621528660441476 -0.0005107462777716458 -0.0005495045911820188 -0.000807189583769974 0.0012029015226794008 0.0 0.02046469498615422 0.24501634132084252 0.7523752713744514 3.657251489410019e-05 -5.1393747158130735e-05 9.41684369906495e-06 6.87350073491063e-05 1.0
0.03431755159063917 0.24856616177797203 0.7614701449335514 -0.0003440641208319888 -0.0003561666566580337 -0.0007635646726302046 0.0008160657857197592 0.0 0.020493791191814454 0.2449791880303569 0.7523847680467053 5.68274237831944e-05 -4.901971034171383e-05 4.010215826572784e-06 4.893205023368875e-05 1.0
0.033961875137198096 0.24838818401725618 0.7610255117535838 -0.00025684257740246576 -0.00024357313695478602 -0.0005354111090410329 0.0005531480966641422 0.0 0.020528652619435452 0.24495602004315037 0.7523791147855251 4.340964633948991e-05 -3.2330043135524494e-05 -4.062386897496072e-06 4.2244053804449324e-05 1.0
0.03350472536524473 0.2481773778392188 0.760564238303939 -0.0003825197139823296 -0.00021978760133818708 -0.00040907900895511336 0.0006962897199384857 0.0 0.02057076580778442 0.24492845253176188 0.7523765657339053 3.722728020181778e-05 -2.2567031053199823e-05 -1.890269297710539e-06 4.900039824761636e-05 1.0
0.032770206415351874 0.2483212333386685 0.7589350173428477 -0.0006986709166338716 0.00014358044001003918 -0.0013928791661954468 0.0018064979643543214 0.0 0.020657909026770224 0.2449173573683905 0.7523412510085302 8.252311807144678e-05 -7.314640039607886e-06 -3.35309344636544e-05 9.695835157462033e-05 1.0
0.0328081133882692 0.24903511849170604 0.7584595825948635 -0.00012752070660916105 0.0006844883659679363 -0.0007975185576517628 0.0008960733041719312 0.0 0.020708505558693475 0.24490508055726434 0.7523245235371172 5.886007526402837e-05 -8.886619899751352e-06 -2.452596271658125e-05 5.56713746758329e-05 1.0
0.033088947962128926 0.24960998896779907 0.7583879633058348 0.000307867238912876 0.0006969119291934903 -0.0001587695942549853 0.0005639718130488308 0.0 0.020723053054986194 0.24488920557577376 0.7523253189449896 2.056000116695414e-05 -1.544887462269976e-05 -2.0480376358000666e-06 1.811961734651307e-05 1.0
0.0333781045408097 0.24987851400386543 0.7583380397942631 0.00041416355358006455 0.00035150327083348457 9.245594844695321e-05 0.00041913099780077894 0.0 0.02074436568144782 0.24488565097989942 0.7523176755986123 1.0416389246616557e-05 -9.394053693686716e-06 6.241472119832239e-07 2.3383547934188185e-05 1.0
0.03358665682231372 0.24993744626692194 0.7583826002165652 0.0002903860380483971 2.1224266914037827e-05 0.00020724537875100094 0.0002606549590000991 0.0 0.020799676582398473 0.24487316942298776 0.7522976391472566 4.053618720555855e-05 -1.012672959972107e-05 -1.4291083952933358e-05 6.235120223579384e-05 1.0
0.033322669582707264 0.2495991217467491 0.7581693809399992 -0.00025215749350259006 -0.00042792764296606373 -0.00014248445174779197 0.0004662869553058003 0.0 0.020850358597521584 0.2448624940791116 0.7522806583008556 5.652763640884485e-05 -1.1056550591823623e-05 -2.0002007567873712e-05 5.538661862896133e-05 1.0
0.03319007098319064 0.24945850657662813 0.7580996239635471 -0.0003244508377827315 -0.0002952438017430132 -0.0002460249583118715 0.00018825851784407552 0.0 0.020869170672137713 0.24485842366916838 0.7522751065524848 3.34428610613534e-05 -5.874008723317836e-06 -1.097035666723849e-05 1.7008661355028973e-05 1.0
0.033030638373775054 0.2491828227729687 0.7579274859833889 -0.000244590324301853 -0.0002169701318101988 -0.0003015376776722053 0.0003654881580989368 0.0 0.02090640597041843 0.24484753940182818 0.7522621735567525 3.577732981952998e-05 -8.384006919453966e-06 -1.3232914930536997e-05 4.018148944502549e-05 1.0
0.03298304873927773 0.24900537966838382 0.7577600150358638 7.458652205375219e-06 -9.785878424722032e-05 -9.827957658135552e-05 0.00025160731521719896 0.0 0.020938835589174757 0.24483263046884945 0.7522504252691193 2.592574949201639e-05 -1.485846492369889e-05 -8.543232770372058e-06 4.069420244054325e-05 1.0
0.0329983052341687 0.24822069252591095 0.7563821783569391 8.631117453735899e-05 -0.0006528603604265843 -0.0011752451539533018 0.0015759908447771564 0.0 0.02109991151213789 0.24476888491997173 0.7522025471928663 0.0001391498425005301 -5.7965951213767426e-05 -4.132288034206142e-05 0.00017801679968559525 1.0
0.03353457332167305 0.24793669892914894 0.7539372179312518 0.0005174500619889725 -0.000430166689590988 -0.002453679014537883 0.0025536912331654404 0.0 0.021246103815518336 0.2447023470620235 0.752156680174965 0.0001693599584558419 -7.33403523484854e-05 -5.2905359942203744e-05 0.00017002988247061585 1.0
0.034187723729896285 0.24783826118042807 0.753024081498088 0.0007074865812367519 -0.00014397976653642906 -0.0014218255398151891 0.001125691174568804 0.0 0.021358157720241418 0.2446341135587751 0.7521221382677042 0.0001340433978176219 -7.49386276190483e-05 -4.151354555672874e-05 0.00013181813694608454 1.0
0.03481870822067239 0.24759020289748146 0.7524742900271982 0.0006713336672674976 -0.000166707409433632 -0.0005246932182654454 0.0007923235468111842 0.0 0.021409147619036176 0.24457771647410378 0.7521159455342717 5.175015040338091e-05 -5.7602855767200045e-05 -7.692482870793728e-06 7.534040607729093e-05 1.0
0.0353843499201819 0.24701745457972382 0.7517849197299021 0.0005795954028819149 -0.0004638825872736931 -0.00031178720290004464 0.0011060059056503726 0.0 0.021461406775572275 0.24452729919165928 0.7521047893405396 2.5608601943989333e-05 -4.445319341352686e-05 -1.0130738964185493e-06 7.525774028477935e-05 1.0
0.035498418270143946 0.24670613295246827 0.7516289689736413 0.00010989497889478264 -0.0004131988724004245 -7.322133553881396e-06 0.000440597095254571 0.0 0.021476479868284607 0.24451501686676935 0.7521011581961017 4.118653463150451e-06 -1.114239724425293e-05 6.068968187384329e-07 2.3598872068759352e-05 1.0
0.03528152337307979 0.24647190735635777 0.7515774513387616 -0.00029258828550301824 -0.00029682122034375166 -3.7461102493134205e-05 0.00024583393690481186 0.0 0.02147399657008984 0.24449968010040482 0.7521094476301399 -2.2880681407720563e-06 -8.170455668614465e-06 6.30254810122304e-06 1.2800215381348843e-05 1.0
0.03513965421622797 0.24635648900857218 0.7515829029279235 -0.0002634475642482873 -0.0001408896244498124 -0.00017026990488896537 0.0001725718265351528 0.0 0.021472899273826493 0.24449670324397288 0.7521087877682685 9.617886814199399e-06 -4.88102199517696e-06 -2.9781376893486626e-06 4.546734890647929e-06 1.0
0.034702850229941795 0.2460340332963909 0.7516411962211222 -0.00038098917601610337 -0.0001903842874833578 -3.973299676118553e-05 0.0005851938293221749 0.0 0.021472125122743185 0.24448944677699977 0.7521137521193199 1.9764458752335947e-06 -7.0736035033228144e-06 2.2501964465620886e-06 8.94687599289036e-06 1.0
0.03452401354441345 0.24587649478699647 0.7516810860870521 -0.00019245015532973035 -0.0001753546244586963 0.00012570723037942134 0.00024226251226342008 0.0 0.021470913022116355 0.24448747013533403 0.7521135068551822 5.316753264582059e-07 -6.080196780881679e-06 4.83567603287595e-07 2.783853305896852e-06 1.0
0.034418368811226334 0.24575363487998936 0.7516577634739546 -4.503213053136455e-05 -0.00016761209050961752 -4.146658508091968e-05 0.0001319639128519295 0.0 0.0214763667627371 0.24448585123572864 0.7521137251751131 5.134442281585821e-06 -3.854209483604556e-06 3.8461076556123606e-07 4.5406894579097165e-06 1.0
0.034364871902118115 0.24565640752121168 0.7516165143455157 3.955987626859565e-06 -0.00011936609875501592 -7.981414918149473e-05 0.00013344392685092946 0.0 0.021474298276376504 0.24448367730258336 0.7521132270081363 1.8202199977562653e-06 -2.213213912927079e-06 -1.6598356948736678e-06 4.059403028244197e-06 1.0
0.03436611748117621 0.24560630254827032 0.7515770659213767 1.1557783920708225e-06 -2.321358557613089e-05 -2.3221409089939902e-05 7.193143702137711e-05 0.0 0.021466989820901623 0.24448866069446934 0.7521153122096992 -9.430575626701703e-06 5.928809406810302e-06 2.3886919267550513e-06 8.585468712127067e-06 1.0
0.0343864922396267 0.24554706999596562 0.751517654164057 1.0933339263364023e-05 -4.009076931764036e-05 -5.4828964639432634e-05 8.555587549639621e-05 0.0 0.021465282995842938 0.24448735466433816 0.7521168613157299 -5.396689868913203e-06 9.650646526948512e-08 2.7989708766565255e-06 3.1347661063912137e-06 1.0
0.03444035544017451 0.24548266226984475 0.7514444912478743 3.664665421605144e-05 -6.690812199483127e-05 -6.290913808102677e-05 0.00010079763126246078 0.0 0.02146679790928025 0.24448991350374305 0.7521154703010394 7.448801091794833e-07 2.3950888229701632e-06 -9.960473074537022e-07 2.7146970291541606e-06 1.0
0.03451107729586603 0.24540107638005343 0.7513647242029826 4.0537997868084625e-05 -0.0001027825383115988 -7.189908646217235e-05 0.00014193993218822182 0.0 0.02146788914474776 0.24449135649511713 0.7521148273177007 2.390860042490686e-06 1.0469863836874864e-06 -7.562363104629665e-07 2.222895897582267e-06 1.0
0.03452425398498667 0.2452915697522683 0.7513809196182948 3.554114520073402e-05 -0.00010391833116633122 8.274823463509683e-07 0.0001092274865054704 0.0 0.021469478340482465 0.244488606386327 0.7521138671032284 2.9112785977598992e-06 -2.0769736793356636e-06 -1.7087053707251492e-06 3.316844470565634e-06 1.0
0.03448173613601095 0.24500430160000536 0.7514196640954679 -4.280324395185538e-05 -0.00026942171330378815 4.568832418696123e-05 0.0002899729049893012 0.0 0.021476301874450744 0.24448132069729653 0.752111135800175 6.616814138281523e-06 -7.420510792779122e-06 -2.581136398806775e-06 1.03484075996303e-05 1.0
0.034467834499714245 0.24490057980761978 0.7514121600056184 -3.4448695112134e-05 -0.00015556349952206702 1.5635914630488665e-05 0.00011463984978260042 0.0 0.02148965637005251 0.24448157858877606 0.7521089789444633 1.1950423436539972e-05 -1.8496543786076514e-06 -2.2877355817608655e-06 1.3512649769238616e-05 1.0
0.034444917858501414 0.24478316593601201 0.7514050678396684 -2.5245459881739508e-05 -0.00010561221331224144 -8.777946547444751e-06 0.00010824057893778276 0.0 0.021489409843770325 0.24447952763543798 0.7521068061680309 2.5534319915036412e-06 -8.877564149351325e-07 -1.916609063296689e-06 3.122186009209574e-06 1.0
0.034461671953695545 0.2446793406852709 0.751403914626418 1.8050949639775604e-05 -8.192829366500574e-05 -1.693683309214244e-05 0.00010869687491390805 0.0 0.021489221091409372 0.24447541653410623 0.752107734263462 -9.718884006482523e-07 -3.2330112238314153e-06 5.095956528540278e-07 3.646927424279056e-06 1.0
0.03447072889665333 0.2446015635848932 0.7514054442081315 2.715480319571643e-05 -6.269271708899078e-05 -9.639391890761779e-06 8.354253891720843e-05 0.0 0.02149390531801372 0.24447743841955086 0.7521050440707113 2.0656410256658626e-06 1.6614615439415354e-06 -1.767534235351124e-06 6.285187025164132e-06 1.0
0.03445356391293675 0.24452570268022664 0.7514114934978116 -5.501788157501774e-06 -7.225968356316931e-05 7.22762135326561e-06 7.53565588128264e-05 0.0 0.021495972465464853 0.24447621702813263 0.7521037922998588 2.0287908436035625e-06 -4.5516842280617156e-07 -1.426116882910972e-06 2.9734135787605197e-06 1.0
0.034429782023590594 0.2444438629903678 0.7514155077456975 -3.277551176260656e-05 -9.318579723628045e-05 1.5990793177802763e-05 8.085400866666056e-05 0.0 0.021495750510938678 0.24447314673740733 0.7521046121683618 9.473989385913752e-07 -3.250636044542837e-06 2.3642636632746728e-07 2.666567581704225e-06 1.0
0.034347162465697086 0.24428573903763737 0.751417505255719 -8.542715387345245e-05 -0.00016236309283122036 4.026947912834565e-06 0.00018312274665685058 1.0 0.021500785295660643 0.24447589507046044 0.752102164393162 5.18581412268388e-06 1.2711981799611478e-06 -1.9298519886489236e-06 6.211016077843848e-06 1.0
0.03433800677319715 0.24421993397374223 0.7514176524104369 -2.94593097382611e-05 -8.08596486316142e-05 -4.18110264992064e-06 6.791267945682728e-05 1.0 0.021504187232219477 0.24447538105263847 0.7520985819951534 4.24967370398239e-06 7.324994791106137e-07 -3.5451133749473333e-06 5.390255347098747e-06 1.0
0.03435608859709262 0.24418946846969866 0.7514153244932417 1.953245826701064e-05 -3.5301997364575415e-05 -3.1696629893635887e-06 2.938604469167116e-05 1.0 0.021507035343432013 0.24447673827716163 0.752097471829704 2.1653488501555722e-06 9.314065969615235e-07 -1.8505818124816918e-06 3.064116673009019e-06 1.0
0.03425145314290072 0.24413580025802525 0.7514715366445076 -6.865691575450252e-05 -3.3132313574449874e-05 4.752641035177121e-05 0.00013138335456993428 1.0 0.021375664998986986 0.24432813812777712 0.7521423829233439 -0.0001122653170201967 -0.00012726956372960074 3.855182086024551e-05 0.0002014082692512077 1.0
0.03418801449425963 0.24394425831252742 0.7514674578953926 -7.764586021257894e-05 -0.00016174136595893841 1.2938004163181532e-05 0.00020854315853993574 1.0 0.021298010099956383 0.24436611640646522 0.7521135963939769 -0.00010419733663353826 -9.280303690962243e-06 -1.1718562296169775e-05 9.890012652945352e-05 1.0
0.034184729944176796 0.2437288345939402 0.7514117964928522 -2.3957093434950245e-05 -0.0002356180561665243 -4.91054207199271e-05 0.00022025127003690086 1.0 0.021186516973628805 0.2443090480069327 0.7521931486962633 -0.00011587207099213786 -3.5862313609783484e-05 5.986909477492204e-05 0.0001381060885408608 1.0
0.034223188297123605 0.2435998530542846 0.7513948994652884 3.702729534125178e-05 -0.00017255238213886097 -3.671166303797817e-05 0.00013019683321607064 1.0 0.02118094991353187 0.24435336896429835 0.75216592802023 -1.883691015671379e-05 3.909465133584887e-05 -5.675984164853697e-06 5.6034344858307254e-05 1.0
0.03423197456492318 0.24350641871899117 0.7513846080008807 2.9954442821576958e-05 -9.656152753618669e-05 -1.721692152180125e-05 9.542058350067733e-05 1.0 0.02117735903378278 0.24438096015365632 0.7521536503111744 1.9647708399699683e-05 4.668084098848377e-05 -2.0986169280503594e-05 3.174967613452858e-05 1.0
0.03428938948269811 0.2434461330887579 0.7513462040699518 6.373207271258329e-05 -2.8654662834374953e-05 -2.874226439084736e-05 9.516957660723815e-05 1.0 0.021185905001401564 0.24440695984395447 0.7521421866225798 2.7157224556966644e-05 3.2569784556258955e-05 -1.9996999761924963e-05 3.0481649424593517e-05 1.0
0.034343439805485335 0.24342335833876674 0.7513004584617021 5.175802140934341e-05 -1.644697580917218e-06 -3.847821308328236e-05 7.566045675738642e-05 1.0 0.02120002923884707 0.24443474371923146 0.7521201110777201 1.480081284880604e-05 1.860461799439041e-05 -2.2087753254584677e-05 3.595410602962697e-05 0.0
0.03437627986995196 0.24349386382002483 0.7512934513410627 2.290160305158918e-05 6.070169009099292e-05 -1.1017585504449032e-05 7.538938711855393e-05 1.0 0.021174163199595034 0.24449017792630537 0.7521325187089061 -3.4537083349672946e-05 3.851917477395771e-05 9.98532360826733e-06 6.47957477148265e-05 0.0
0.03431484918292868 0.24366610308623962 0.7517806414568283 -5.029878860031428e-05 0.00015499322578726939 0.00041402541169073065 0.0005152263208079838 1.0 0.021986167008778427 0.24436795131097083 0.7529143831835399 0.0006828686941535993 -8.652029459377302e-05 0.0006786854270637275 0.001121002089048535 0.0
0.034090740848417525 0.2439843546049559 0.7522922337728684 -0.00021489722190964528 0.0003144897657264425 0.0005806399073378318 0.0006577339947942775 1.0 0.027108710469254838 0.24528211836879266 0.756264355324403 0.004621865970909451 0.0007397551016886988 0.0031071036409292584 0.006177771142856116 0.0
0.03463808455678434 0.24454705943816915 0.7532561364761701 0.00040295412481595674 0.0005604446547484217 0.0009691904262845045 0.001227895480366429 1.0 0.03248611799804175 0.24691435892922226 0.7600802715425077 0.00605835668607474 0.001663041303983157 0.004199649542086773 0.006919337847837543 0.0
0.035420704822327405 0.24586288479311788 0.7547430442448412 0.0008383694116414281 0.0012518795756631855 0.001477765152770035 0.0021363038520481646 1.0 0.033922708255014165 0.24788069857471876 0.7621731548566929 0.002555554085802438 0.0012838339727234986 0.0027125996232899357 0.0026087772926987143 0.0
0.035238922067124256 0.24704914554404106 0.7563523801359302 9.534888963078978e-05 0.0013249520180337205 0.0016704463430485806 0.002028872315346991 1.0 0.032830446919736335 0.24776028529050004 0.7628390620033445 -0.0013327733269754539 3.9647119572686843e-05 0.0006075978985864547 0.0011130041351002054 0.0
0.03575241179764894 0.2487218174627266 0.7578428276030218 0.00033064180405685734 0.0016560392626160081 0.0015399117830034903 0.0022643989641035252 1.0 0.03133872115684319 0.2477567794023988 0.7630594752422506 -0.002737764903284377 -0.0003326555066318613 -0.00043174830898342557 0.001702995002695775 0.0
0.03896615477629043 0.24974979876319828 0.7596307719189603 0.002757422397452947 0.001142301376089489 0.0016983110082439495 0.0038132448763706587 1.0 0.030397920144196924 0.24857262465506502 0.762752676074218 -0.0018080545768768106 0.0004290347575291287 -0.0007493667975685876 0.0014216834341247426 0.0
0.043437896849480434 0.25180673063333964 0.757822264156718 0.0046634294768795 0.0017942441640694646 -0.001326227325158441 0.005299738413714538 1.0 0.0293808802612034 0.24974707293100212 0.7621505049673544 -0.000625980835758941 0.0012260017070408775 -0.0005462095287671884 0.0014772731325965436 0.0
0.04498225381006262 0.2526016055214564 0.7575761560993556 0.002510522217899645 0.000991879408306426 -0.0010011015568787526 0.0017774752902688855 1.0 0.028873777552376557 0.2502284082622241 0.7617318420094827 0.0003671454290225329 0.0009547373923566549 -8.70465829559549e-05 0.0007909220185198789 0.0
0.045750220813110275 0.25506467308505565 0.7578056953823301 0.0006929076042768735 0.0021506468084179315 -2.6335277377930572e-05 0.002398727972715849 1.0 0.02777215295766326 0.25087038034533604 0.7607587704081498 -0.0006306420661743471 0.0007103737574790856 -0.0006839479250653276 0.0016413873195021923 0.0
0.048154061466342116 0.2571172489836319 0.7563783075647605 0.0014255709103734822 0.0022625033762835303 -0.0009169234726966957 0.003623540422911479 1.0 0.02636184888935264 0.2507267765894727 0.7591774882036487 -0.00165578447130233 -0.0002150306181991897 -0.0015704192964600895 0.002164255021420523 0.0
0.04999806778782792 0.25787680197769525 0.7551528386626475 0.0016253484178663014 0.001037553463756324 -0.0011209193444871688 0.0024356539134638257 1.0 0.024291280523675414 0.2507141421124264 0.7576628000541182 -0.0023108385145166133 -0.00030788453772188104 -0.0016989330898187537 0.0025564912372478994 0.0
0.053644720887499546 0.2592582660618902 0.7531000032458594 0.003684500337829945 0.001123004999330741 -0.0019346169687255743 0.004216565205500882 1.0 0.020608135524998104 0.2505434214896155 0.75579063030608 -0.0036591272356695124 -0.00019466551370489308 -0.00190192670690745 0.004100039458629539 0.0
0.054938713069645435 0.2598319455026443 0.7525724337131425 0.0023286795057070892 0.0005262295344669836 -0.0009637040780078616 0.0015966245144342956 1.0 0.01876333787875319 0.2503715892017591 0.7550067490203827 -0.002365425250658054 -7.543704226785147e-05 -0.0009808374740988193 0.002064190208572671 0.0
0.05597818227645906 0.2604966303481541 0.7522134392259044 0.0010016495672997205 0.0005841320604835938 -0.0004301134048753204 0.0012545361423588154 1.0 0.016711509366990028 0.2499086326149519 0.7544998334817884 -0.00188647923475242 -0.0003519371017882511 -0.00035255997970445283 0.0020802175992521823 0.0
0.05664970407937933 0.2611328125929136 0.7523166113420234 0.00010542434123223757 0.0006039472541732405 0.0004844764904439148 0.0009303503493624269 1.0 0.015039915965686643 0.24913150791724353 0.7545459683132751 -0.001401663900200105 -0.0007651216162610141 0.00020681959357343895 0.0018906090413756567 0.0
0.05764933141663744 0.26177850794583885 0.7530161647254272 0.0006859411533176199 0.0008344599150977127 0.000808234010945464 0.0014303313431158135 1.0 0.012500271857728522 0.24790639356282018 0.7541684699791521 -0.0022205105150381508 -0.0012197194558504522 -0.00021242261234847914 0.002880561232363755 0.0
0.058320628954282715 0.2621385944777718 0.753593417372194 0.0008908511029551918 0.00039929985545160505 0.0005522631957704178 0.0009693278006512296 1.0 0.01137076191624032 0.2475323766195522 0.7534751321722608 -0.0014412694908915663 -0.0006382033688775884 -0.000751659395885785 0.0013908679357988738 0.0
0.05904329988837179 0.262652714022487 0.7542201858303582 0.000887969818963572 0.00042055503311510417 0.0005434086005062081 0.0009779430579756805 1.0 0.010689920626255255 0.2474551578784535 0.752756268661743 -0.00082879293747108 -1.571058131408771e-05 -0.0009270618807904411 0.0008760895897783638 0.0
0.059878902720656255 0.26319271087291984 0.7547649017683891 0.0009949123793347723 0.000569951507860207 0.0004172496903083092 0.0012105358543220042 1.0 0.009958325079012308 0.24770749768135863 0.7518376526171527 -0.0006383803075218691 0.00039473035322372765 -0.0010439867794744117 0.00126898079593534 0.0
0.060620189384960714 0.26376166145392677 0.7552517522064307 0.000616664715440144 0.0005308771843383973 0.000499344647758756 0.0010486631206770005 1.0 0.00959198877614392 0.24799931535963296 0.751183906918147 -0.00019436016657058608 0.0004409638433156726 -0.0006601571142550147 0.0008457518889000504 0.0
0.061463812215930384 0.2645211143913815 0.7556742653286259 0.0008152425790237535 0.0007715665612512638 0.0003776354365342445 0.0012042614695005236 1.0 0.009383704099444851 0.24836846882581956 0.7505466682090134 -0.00025289423972578527 0.0003496890215474608 -0.0005451071922028249 0.0007337959967050169 0.0
0.0621113361902564 0.2653073158316366 0.7561536206309797 0.000674141818543127 0.0008227181036735362 0.0004884760128530574 0.0011206744120597276 1.0 0.009333630453676835 0.24864923309685308 0.7501419424884536 -0.00013915091461704182 0.0001869424187893857 -0.00032874963461111727 0.0004601012014861243 0.0
0.06274031710019376 0.26632143490463006 0.7567293084400996 0.0006278553927316805 0.0009959642060227286 0.0006086664719844286 0.0013308516448079974 1.0 0.009419305243085667 0.2488266023966308 0.7499348635651092 -3.786047022173028e-06 9.165086136021295e-05 -0.00020643122627090132 0.00032379830559551887 0.0
0.06312059825700271 0.26748525340162876 0.7573934132815777 0.00036363250829340424 0.001151386808811989 0.0006756862961939111 0.0013923768399156887 1.0 0.009537814133782513 0.24885216847145272 0.749942377364826 0.00021882261469029652 4.532972241307813e-05 5.306749127822498e-06 0.00011528920601855007 0.0
0.06352695565400279 0.2686077382260833 0.7579407543544112 0.0003670151869961117 0.001167805268344569 0.0006034724853352234 0.0013140078148522988 1.0 0.009575743388058316 0.248862378532497 0.7499399687169501 5.508491622462997e-05 -1.4580794611449704e-05 2.793125662224063e-05 3.259132459800559e-05 0.0
0.06381414431446893 0.26932468375308244 0.7582495209718078 0.00029504458270617254 0.00076838190591869 0.0003321737697565188 0.0008307743238887741 1.0 0.00958856725515794 0.24886449439448285 0.7499337005506869 -2.7070407981740646e-05 6.596755847336437e-06 -2.0551865477878655e-05 2.252296092002744e-05 0.0
0.0642834070925131 0.2701170349738165 0.7584484709479395 0.0004416339181602414 0.0006963001559919201 0.00014922201665151888 0.0009269872748405047 1.0 0.009595000018982962 0.24885193428932267 0.7499321408539084 -8.47458690420239e-06 5.954434488780177e-06 -2.4518018437152587e-05 8.430996021759453e-06 0.0
0.06478642878320899 0.27086921981144124 0.7584982599013712 0.0005430623514182641 0.00069824293851359 4.516010317002551e-06 0.0009320436987882339 1.0 0.009607727286277751 0.24883905102870849 0.7499325140167513 2.1418570274669437e-06 1.3666777002518005e-05 -3.835992225320736e-05 1.9396527654524432e-05 0.0
0.06498679871074767 0.27131548412264644 0.758560257354828 0.0002765729735647401 0.00048272346731506697 3.148947737186095e-05 0.0004920445869537517 1.0 0.009615517026514099 0.2488355118613188 0.7499326151389036 2.2759374434704803e-05 3.305788837929273e-06 -3.1788588398920558e-06 8.126335928635938e-06 0.0
0.06508830907963786 0.2718894235758916 0.758763505395473 8.644720584162751e-05 0.0005629823298048778 0.00020514130366573258 0.0005904305184424696 1.0 0.009623280423448231 0.24882693561235664 0.7499313799799969 2.670630225105043e-05 -1.0227269937928803e-05 1.2209954546653042e-05 1.1814567795579507e-05 0.0
0.06513906811898636 0.27227741641416153 0.7587568959190049 -1.629610516532573e-05 0.00043627657923199644 8.362505207719622e-05 0.0004106799475281388 1.0 0.009631927523487219 0.248826830122009 0.7499230637785378 1.3918774635895737e-05 -9.39150761022106e-06 7.659486639495549e-06 1.2674313893190528e-05 0.0
0.0650916901484791 0.27270547484907687 0.7587302009592855 -6.923362741211877e-05 0.000409543086792177 -1.8712882721423564e-05 0.00043454231718625773 1.0 0.00963383513372978 0.24882628016101 0.7499189457530032 -2.4527340860881097e-06 4.597605855119373e-07 -7.141399353807645e-06 4.708607285876923e-06 0.0
0.06493041146769372 0.27299383213037015 0.7587154634929905 -0.00015102154712227895 0.0002932661351708499 -4.801548368424337e-05 0.00032272381679048336 1.0 0.00963733719353762 0.24882120601071156 0.7499174762069355 5.967051768683137e-07 -4.714622033286652e-06 -2.5801443383752515e-06 5.6766849807719845e-06 0.0
0.06472484468585614 0.27324058023664527 0.7587005315225888 -0.00017827242669400954 0.00025967451191108275 -3.585707226687454e-05 0.00032028523277585535 1.0 0.009642502765626162 0.24881945834430141 0.749910803806694 4.274681697440715e-06 -4.337714812985266e-06 -4.593631508386015e-06 8.77336109195645e-06 0.0
0.0644902634112001 0.27346015791468786 0.7586446288958623 -0.0002315022533750248 0.00020614982756388535 -5.311997255938184e-05 0.00033269110924916004 1.0 0.009652788074019356 0.24882114925327586 0.7499075515176769 1.0406814166639128e-05 6.9728445604217e-07 -3.246044486083692e-06 1.1269972804591627e-05 0.0
0.06413205398054875 0.273755459005738 0.758524331729279 -0.00035706371001524134 0.00026604842903410307 -9.666791166976523e-05 0.0004730805053382663 1.0 0.00966054843693901 0.24882073728789364 0.7499020422700583 9.226559145719278e-06 7.56794673461886e-07 -5.080737281661805e-06 9.223348285535042e-06 0.0
0.06402571915274632 0.2739391309951032 0.7581278175524525 -0.00015015440999872293 0.0002268364609707447 -0.0003586795278832201 0.0004586250630323677 1.0 0.009676087644145227 0.2488150945580599 0.7499032694832684 1.5159621699896632e-05 -4.773629067300485e-06 -2.7540659510737766e-07 1.6355804113513475e-05 0.0
0.06419916574869279 0.2739684945426483 0.7576184219845354 0.00016629855191104828 4.750791900242626e-05 -0.0005560038223293797 0.00052883045743006 1.0 0.009699039649855634 0.24881432840820752 0.7499032058604317 2.2532097126440703e-05 -1.7380507077949052e-06 4.871100078627284e-07 2.33787598241463e-05 0.0
0.06436075628337676 0.2739437920704566 0.7574173561636509 0.00023423785802205216 -4.191223350473325e-05 -0.0002919105631970794 0.00026618319651550745 1.0 0.009707210860107918 0.24880787005367963 0.7499021038846946 1.114329440887673e-05 -6.198544698983328e-06 1.1101622698344048e-07 1.058684476532862e-05 0.0
0.06456334962696454 0.2739076054744671 0.757239877528368 0.00023530162511392242 -7.478380415416191e-05 -0.0001404685050742777 0.0002632631596426958 1.0 0.009711405634294096 0.24880731877605086 0.7499005492245221 3.425451638281827e-06 -2.0753998560821346e-06 -1.6598677910388646e-06 3.833204864390736e-06 0.0
0.06480557932479249 0.2738557106843352 0.7570604868970631 0.00022648866140281124 -5.725436438257182e-05 -0.00010704660518774923 0.0003139648277856034 1.0 0.00971844254318182 0.24880170274193172 0.7499062227426536 3.869335393768922e-06 -3.887258639806692e-06 3.651821933114305e-06 1.081297098574013e-05 0.0
0.06486378903802108 0.27384514121038384 0.7570271343235443 4.5672793203185825e-05 1.4632821174999572e-06 -1.8289633806718176e-05 7.273908251987824e-05 1.0 0.009723952059667099 0.2487950181454873 0.7499084367457713 4.651884779742732e-06 -6.237134153938365e-06 3.4400900607617565e-06 9.743318665079623e-06 0.0
0.06489333322877767 0.27383702350951133 0.7569971562061806 -2.3263144355469402e-05 2.0900424586747698e-05 -2.956633455220051e-05 3.016189306488372e-05 1.0 0.009726779592861596 0.2487865142546056 0.7499137792711413 3.748022071662481e-06 -9.033341004065063e-06 5.271143020584999e-06 9.858230154332998e-06 0.0
0.0649183275538675 0.273836560334665 0.7569629773677633 1.1612113543932269e-05 3.435019848046421e-06 -6.397056467955116e-05 4.395180248006073e-05 1.0 0.00972963574720632 0.2487817379466017 0.7499183014233944 4.468043478222003e-06 -6.128881857130281e-06 5.286149756861755e-06 6.889752741499222e-06 0.0
0.06493666293355133 0.27384476149280457 0.7569332826221782 2.7730474692851508e-05 4.6299417963199395e-07 -4.358030226615301e-05 4.6831718305565255e-05 1.0 0.009730835557440415 0.24877829232207113 0.7499205186656496 1.8895558041063914e-06 -3.0014584772115905e-06 2.1096547714765634e-06 4.558703306059424e-06 0.0
0.06496102425043847 0.27385944843435783 0.7569081773970292 3.3889303664510936e-05 9.887162700945746e-06 -1.716884283938289e-05 3.056646195934371e-05 1.0 0.009729606228340446 0.2487812839480736 0.7499158979230994 -2.2410384525134116e-06 2.8167413096612565e-06 -4.490592909537477e-06 5.6696062294376276e-06 0.0
0.06498717120415935 0.2738835494985474 0.7568742229211122 4.777331465048734e-05 2.0104102279820002e-05 -4.340637914322353e-05 4.5904190830281034e-05 1.0 0.009730796142999277 0.24878263655116908 0.7499136183928746 3.763156835497027e-07 3.3873610296960696e-06 -3.931911177349872e-06 2.950154358435807e-06 0.0
0.06501062413045501 0.2738987482427514 0.7568443489856821 3.2497769766312714e-05 1.612824148228168e-05 -3.26812937956325e-05 4.634871005251303e-05 1.0 0.009733418105563857 0.2487841223392013 0.7499128662869933 2.9247268525820104e-06 1.4946442697128164e-06 -1.1296752247194317e-06 3.0237123342031223e-06 0.0
0.06503618204979804 0.273908417431319 0.7568187318405712 1.339273030585733e-05 1.1747031798149557e-05 -1.644862899496911e-05 3.5559235935421864e-05 1.0 0.009736053012166831 0.24878507597002295 0.7499125798617844 3.1958977379831333e-06 3.320295709197523e-07 1.554069121537855e-07 2.751656953465091e-06 0.0
0.0650644217613909 0.2739191851784956 0.7567915401212357 2.5908244565086732e-05 7.470124940933502e-06 -2.641631545488719e-05 4.045564932461013e-05 1.0 0.009737502415584085 0.24878566759650247 0.749912349207103 1.973945667992192e-06 -2.887570650535368e-07 1.073122250589698e-06 1.6940425867301419e-06 0.0
0.0651210983477462 0.2739345304269068 0.7567501354905575 5.232501545425226e-05 1.3191292152118308e-05 -3.9056482837205344e-05 7.227570722705785e-05 1.0 0.009739704394438001 0.24878612843852965 0.7499130442649581 1.949130167926117e-06 1.7756306812008732e-07 1.002555132266999e-06 2.3006448435294784e-06 0.0
0.06515285264814559 0.27393841747852693 0.7567294824714318 3.9175984412854065e-05 6.788473835255999e-06 -2.508413719953642e-05 3.917775516327855e-05 0.0 0.009742905753286773 0.24878510425675518 0.7499152664324161 2.5800639349874845e-06 -7.105921351027726e-07 1.6982843489367107e-06 4.009844352590543e-06 0.0
0.06517330721944335 0.2739047564343661 0.7567386958275214 2.2436631238970576e-05 -2.7741227569587466e-05 5.85758123278597e-06 3.796666001871724e-05 0.0 0.009755073749662262 0.24878493566771745 0.7499168693082194 1.0804977720937268e-05 -7.452854527988466e-09 1.3302810249196889e-06 1.230512226082041e-05 0.0
0.06487813659450192 0.2725975291254165 0.7582451536974757 -0.0002554372761935331 -0.0011326673477748208 0.001300554437194945 0.001998888503084049 0.0 0.009822460722341811 0.24881055784264106 0.7499230084500216 6.12305636672991e-05 2.188003781173032e-05 5.697884319514693e-06 7.19489267372506e-05 0.0
0.06423080584616228 0.27137809238842003 0.7598578300386453 -0.0006465745761894135 -0.001417592737871357 0.0018146880125117042 0.0021874978930010525 0.0 0.009958521389048338 0.24885635690060975 0.7499369149357177 0.0001353853267392857 4.6756239752398494e-05 1.3388570057392104e-05 0.0001452690664023345 0.0
0.06375426776125157 0.2708988243919508 0.7606391300014339 -0.0005889463627958402 -0.0007256717209698442 0.0010950957796097946 0.0009862146035200558 0.0 0.010035787535325654 0.2488815672514975 0.7499442750288855 0.00010183878497030803 3.421425601354088e-05 9.743488085218487e-06 8.269058170639458e-05 0.0
0.06353593065127773 0.2707501368364197 0.7609225060296255 -0.000270188665886827 -7.563814038099292e-05 0.00024452669942867384 0.0003307052433205419 0.0 0.010061288974397616 0.24890222193441705 0.7499333403508132 3.18339813725564e-05 2.086601304687353e-05 -8.419731119654312e-06 3.0289759415192278e-05 0.0
0.0634150502636913 0.27070337216426743 0.7610873250275315 -4.5463859968245156e-05 0.00019491977878428516 -0.0001296445697061483 0.00026905175437921147 0.0 0.010076343734245015 0.24890782557502925 0.7499327883085888 -3.7067402869118346e-06 2.175590896333348e-06 -5.706994754863576e-06 1.7219244329769384e-05 0.0
0.0633961985410215 0.27070575996014384 0.7611221260022155 7.085854104717633e-05 0.0001572875237544449 -0.00016853645232733358 8.832654381953615e-05 0.0 0.010078299053557439 0.24890886611937654 0.7499318391741473 -1.5226931583137725e-05 -5.287322749862102e-06 -2.6465535539138636e-06 6.16196061370041e-06 0.0
