0.06298548986453589 0.2797769647563707 0.7639897120920093 0.0 0.0 0.0 0.0 0.0 -0.01700082965185899 0.2796974482370266 0.7640406295376941 0.0 0.0 0.0 1.2989901329139939e-05 0.0
0.06298563445922806 0.2797762016373262 0.7639904689673216 1.445946921641017e-07 -7.631190445112068e-07 7.568753123132765e-07 1.084489990496477e-06 0.0 -0.016998909637782233 0.2796994015032078 0.7640395408059477 1.920014076756127e-06 1.9532661812426966e-06 -1.0887317464236546e-06 0.0 0.0
0.06298690218569675 0.2797729366380385 0.7639931483758726 1.2677264686900003e-06 -3.264999287710957e-06 2.67940855103177e-06 4.409827766649446e-06 0.0 -0.016996478907566573 0.27970128398248 0.7640386941568258 2.430730215659954e-06 1.8824792721860995e-06 -8.466491219216721e-07 3.4068098653565677e-06 0.0
0.06298857175910688 0.2797600273154434 0.7640057638819007 1.6695734101346282e-06 -1.2909322595067163e-05 1.2615506028046397e-05 1.8127026164790936e-05 0.0 -0.016995784945598696 0.27969993824547773 0.7640403725178421 6.939619678764108e-07 -1.3457370022784687e-06 1.6783610162773854e-06 8.340944916022805e-06 0.0
0.06298715079257865 0.27975758661480676 0.7640091273564845 -1.4056625264445728e-06 -2.907258782300806e-06 3.849897433442117e-06 4.391938837043009e-06 0.0 -0.016991342907830314 0.27970381037746994 0.7640385721960846 4.3196018414709015e-06 3.6901764077897997e-06 -1.6683398493303075e-06 3.0430465287146016e-06 0.0
0.06298666343604917 0.2797552465001337 0.7640119141543262 -6.343227989323858e-07 -1.5153093931741102e-06 2.000152459102891e-06 3.6714976890062336e-06 0.0 -0.016997472961507585 0.27969730076079796 0.764042542895489 -5.736663109707733e-06 -6.00034213537921e-06 3.634413443343026e-06 7.497687397099256e-06 0.0
0.06298720130486252 0.2797530071628782 0.7640139164410998 4.2689783796512213e-07 -1.2136298306742813e-06 1.0041560537389314e-06 3.328789348502332e-06 0.0 -0.01699426052323131 0.2797013329163184 0.764039789257001 1.566939307957562e-06 2.494454665663231e-06 -1.9128580700019876e-06 8.796713691081719e-06 0.0
0.0629657826541725 0.2797302352824147 0.7639573025545686 -1.945094867314777e-05 -2.1698520393791255e-05 -5.225488049103475e-05 6.439033682510983e-05 0.0 -0.016991328146752714 0.2796828237670102 0.7640476098497834 3.6521692187614922e-06 -1.611361886696435e-05 6.5419459057638644e-06 1.9004937818809463e-05 0.0
0.06299161436820627 0.2797260739505147 0.7639545502499098 1.6412457397150078e-05 -9.788125806258696e-06 -1.8781432998706828e-05 2.8450451627653922e-05 0.0 -0.016974670724852706 0.27965916166340116 0.7640753053338633 1.575707863535269e-05 -2.4885324471488672e-05 2.557243916858537e-05 4.051780020033141e-05 0.0
0.06305299791012761 0.2796734675806209 0.7639863319270733 6.0647922998281684e-05 -4.665287510982571e-05 2.8338973425299573e-05 8.277853502799908e-05 0.0 -0.01696963679574491 0.2796575683169888 0.7641051022141373 9.258643405220168e-06 -7.678114028228266e-06 3.3375246227902154e-05 3.0746527030647355e-05 0.0
0.06307575559168925 0.27965164118351105 0.7639948539384377 3.885632764852145e-05 -3.1580081187284955e-05 2.4143278568872748e-05 3.5952637087665755e-05 0.0 -0.016984097852312887 0.27964540767883683 0.7641204601363528 -1.1733153665746371e-05 -8.465550891072005e-06 2.0406379381418385e-05 2.3171034945101313e-05 0.0
0.06308914113479538 0.2796597503859836 0.7639910164992391 1.5232857104816922e-05 4.953105793335228e-06 3.558756604919828e-06 1.4461187667097488e-05 0.0 -0.016994979942502354 0.279640263989588 0.7641241279526196 -1.6006034549266008e-05 -3.3906756860507967e-06 2.8795534770461023e-06 1.2817992276903474e-05 0.0
0.06310275878407481 0.2796902086844128 0.7639851392874525 5.3337673455415345e-06 3.544286408874593e-05 -9.756528801481635e-06 3.379679589643942e-05 0.0 -0.016994796714456754 0.2796536917559909 0.7641136529701085 -5.302638002761085e-06 1.219002624096173e-05 -1.4170441240238027e-05 1.7602260979775217e-05 0.0
0.06311152925198657 0.27969713676512725 0.7639845028064121 1.1195358663877043e-06 1.997137340527001e-05 -1.0663510645055676e-05 1.2876050288120402e-05 0.0 -0.016995748099182483 0.27965929770830356 0.7641139939148908 1.6800310565065037e-06 9.624140669590364e-06 -7.185667544238721e-06 5.9975290421496325e-06 0.0
0.0631479790519253 0.2797241149561564 0.7639736462242126 3.0127924964554942e-05 2.3490431382041288e-05 -1.4631019205498627e-05 4.575003551862408e-05 0.0 -0.016986723587581427 0.2796390698896712 0.7641063500967598 1.1465092607661302e-05 -1.8016955044753136e-05 -5.030900333703043e-06 2.2356242334262538e-05 0.0
0.06317752500520628 0.27972524418541794 0.7639613988952175 4.1194246611175083e-05 1.0535032334267347e-06 -6.163016405076355e-06 3.134692048662905e-05 0.0 -0.01696277165898065 0.27955843272986525 0.7640673190380837 2.5648962355731016e-05 -7.696029250955582e-05 -3.0651157329421696e-05 9.297174304977884e-05 0.0
0.06319440594455451 0.27971915926068097 0.7639475621219409 2.4785558260215122e-05 -1.4779303359017436e-05 -1.1061711682570035e-05 2.3280146947448964e-05 0.0 -0.016952320991981733 0.2795324098289789 0.7640722575204792 1.372384104893366e-05 -4.607929181078973e-05 -4.043004711858489e-06 3.097944272386097e-05 0.0
0.06320469414549891 0.279720457977346 0.7639411352961948 6.375764332167937e-06 -1.917468901526272e-06 -9.678818477154664e-06 1.1627772999808818e-05 0.0 -0.016908510638202045 0.2794788766045625 0.7640109474482064 3.6675560965114655e-05 -5.1037292142891e-05 -5.012860058879618e-05 8.741679072978812e-05 0.0
0.06321537642868313 0.27971625694048924 0.7639396394305913 5.418423714529844e-06 -1.0463020217048357e-06 -1.738588387192795e-06 1.1819914572388792e-05 0.0 -0.016771111591502196 0.27903948801443745 0.763680216634941 0.00012658283123764244 -0.00037872546740259536 -0.00029761084680970587 0.0005657896246919154 0.0
0.06322305843928358 0.27970815030635354 0.7639439415166571 5.539593054407582e-06 -5.091997146698918e-06 5.936025275145465e-06 1.2959624760667804e-05 0.0 -0.016814665315170698 0.2787400093119212 0.7635509068364255 -2.1561605585352004e-06 -0.00036793150469891693 -0.00020145358360675226 0.0003476574638425403 0.0
0.06322519804515461 0.27970716841987964 0.7639439281717001 3.7035349683110983e-06 -2.0689113613246413e-06 2.759239037706388e-06 1.3412767207248455e-06 0.0 -0.016853061178788896 0.27850007183061126 0.7634451890689484 -5.36810969022991e-05 -0.00027510784743389077 -0.00011352572273687039 0.0002414054096961706 0.0
0.06322688932801064 0.2797079439834377 0.7639422833575631 4.384803329449706e-06 2.7245468591505073e-06 -2.5593044029266916e-06 2.387528085756965e-06 0.0 -0.016904044361177744 0.2779714347782413 0.7631805411669297 -7.165815926005264e-05 -0.00046611253450038316 -0.00021264418971930866 0.0005894592191588658 0.0
0.06323614202477937 0.2797121964099486 0.7639457011829851 7.651492920886019e-06 2.9467863265969025e-06 7.439198971057964e-07 1.0937035300785861e-05 0.0 -0.017103096835201267 0.27670002790444215 0.762450642199031 -0.0001896171234781545 -0.0011672221291965622 -0.0006558692623707887 0.0015001321910926542 0.0
0.06325973215042746 0.27971840106937723 0.7639470740153012 2.1985572802202605e-05 6.9036458800540355e-06 1.0176097235352994e-06 2.483845445241735e-05 0.0 -0.01764055712605519 0.27528225966265985 0.7613581743954416 -0.0005054188796768276 -0.0015106045424095698 -0.001116292853678233 0.0018819740507822434 0.0
0.06333552569365208 0.27970167560564096 0.7639161490903587 7.166176514325003e-05 -1.2500330095042726e-05 -2.5693749593037516e-05 8.291417825891186e-05 0.0 -0.018185344268702205 0.27308785571242156 0.7598829539455799 -0.000592159685098842 -0.0022114865155803943 -0.001551178793257649 0.002660780106791004 0.0
0.06342375140111162 0.27962033972099215 0.7638432024241777 9.619057706859721e-05 -7.636196033707509e-05 -7.098871941730593e-05 0.00014121842662670882 0.0 -0.018877047417425102 0.2705343371940693 0.757895537228885 -0.0007038618042048488 -0.0026381660403671445 -0.002021840339024241 0.003323560807984615 0.0
0.0634994968244061 0.2794757566269009 0.7637144943217493 8.479328154783337e-05 -0.0001483792474653851 -0.00013053837311201744 0.00020753843800561656 0.0 -0.019475537048821944 0.2686302153998245 0.7560671879994485 -0.0006315770385496215 -0.0020378160777610775 -0.0018989223449571897 0.00272596923494726 0.0
0.06356117741445291 0.27935602064208004 0.7636065577983883 6.103343411505603e-05 -0.00014003286959019448 -0.00012441590189969269 0.0001730450753708144 0.0 -0.02003600567718931 0.2671301618738702 0.7540550039888075 -0.0005257545935941351 -0.0014209334008201424 -0.001947247343747753 0.0025350758548493006 0.0
0.0636121352280682 0.27928038684957424 0.7635380442183977 4.281519241804317e-05 -8.402683671225472e-05 -7.495453459414834e-05 0.00011208904884136749 0.0 -0.020423348827210534 0.2663182068888519 0.7528818028347553 -0.00036311416384616476 -0.0007024076781070534 -0.0012373426047618658 0.001502045895579862 0.0
0.06362417655010925 0.2792403151790426 0.7635061110006389 8.837344720167583e-06 -2.7667862446134546e-05 -2.1878530473484878e-05 5.322796448120103e-05 0.0 -0.02055929149660825 0.26592761880511967 0.752377229098481 -0.0001354324623201506 -0.0002516811414928881 -0.000450641308381529 0.000655522756440083 0.0
0.06363443377041143 0.27915295338252333 0.7634411252057892 4.197269686793602e-06 -5.830652171087767e-05 -4.128914965925217e-05 0.00010997258038584154 0.0 -0.020752382752088776 0.2653292034882522 0.7516060766594294 -0.00014744492005859476 -0.0004549257501830061 -0.0005268735523905477 0.00097650623499414 0.0
0.063661229772843 0.2791004492116215 0.7633926779115127 2.5466502860541842e-05 -5.7288237553055797e-05 -4.970451231156176e-05 8.003140063323645e-05 0.0 -0.02094620403401913 0.2648157716150988 0.7509704834004757 -0.00018229134967838575 -0.0006508204285384162 -0.0006310535413625385 0.0008744028349710233 0.0
0.06366833669218083 0.27907728807467513 0.763355304129858 1.5272321491161003e-05 -3.831110340898833e-05 -4.8487544767170466e-05 4.004319449278845e-05 0.0 -0.020936132302857312 0.26427595019261335 0.7509925456811626 -5.6316647412114635e-05 -0.0006805022798482678 -0.00018146365366131863 0.000527483166432452 0.0
0.06366605328946286 0.2790295742239048 0.7633237770783268 2.0371931119833077e-06 -4.783227933246688e-05 -3.9845176999533474e-05 5.56538438597603e-05 0.0 -0.020889229392474905 0.2640080180076713 0.7509878366768399 3.8052863355439665e-05 -0.0003588370523281352 -1.5441323221781957e-05 0.00023467014325922976 0.0
0.06367168841998183 0.2789766566953583 0.7632842829014251 3.614739734049348e-06 -4.97194526727919e-05 -3.544868021264323e-05 6.967957396731501e-05 0.0 -0.020885705950433025 0.2637082183099389 0.7509726282892992 2.2861014920219245e-05 -0.00025783563473819873 4.183482061151465e-06 0.0003243420555950321 0.0
0.06368603441969262 0.27893671841868023 0.7632591640214185 1.1389316528979306e-05 -4.1596335802815255e-05 -2.365045798860935e-05 5.0389775309983364e-05 0.0 -0.020955435185992036 0.26345570214606034 0.7509800838053038 -4.6076867267239616e-05 -0.0001751881518830213 6.399982759706501e-05 0.0002842263448561747 0.0
0.06369549529177469 0.27887706291716535 0.7632163764107582 9.896101614692065e-06 -5.850675824002995e-05 -3.881167252696959e-05 7.014682864094913e-05 0.0 -0.02104861106513497 0.26330251356374446 0.750959555483228 -0.0001055935864728081 -0.00013784490886850208 -3.6779696482654124e-05 0.00016087158686864844 0.0
0.06370392032622002 0.27886171492785894 0.7632066734839449 1.1286928611576868e-05 -2.6960077032944733e-05 -1.918002747178091e-05 2.2825673133118953e-05 0.0 -0.021086119864250855 0.26331023348461335 0.7509511129789467 -8.349316344627962e-05 -3.312858181823893e-05 -8.893317833106673e-05 3.5303717802080237e-05 0.0
0.06370549577081074 0.2788322831307812 0.7631843084544133 3.3075421349046844e-06 -1.86909925177285e-05 -1.6787152837817286e-05 3.529112330926835e-05 0.0 -0.021115031648211106 0.2634407267708544 0.7509316122987957 -2.6613272959937867e-05 0.00013238117554086482 -1.328952268204054e-05 0.000135835662839183 1.0
0.06371225782805508 0.278802278982911 0.7631623768920064 2.1253424138824527e-06 -2.492835460273254e-05 -1.9631839751663028e-05 3.8871211545490964e-05 0.0 -0.021139513823168095 0.2636066053458264 0.750889022945062 7.502247996091704e-06 0.00019172680566651498 6.242324660894142e-06 0.00018391521541640595 1.0
0.06372517273129434 0.27878053943480524 0.7631445375698512 1.0856268827859517e-05 -2.5767291169669256e-05 -1.9098240501986083e-05 3.146668146462202e-05 0.0 -0.021144621692464463 0.2637646369301901 0.7507921712843393 5.654050321940412e-06 0.00018524496246530585 -9.508688742756235e-05 0.00018055798283373185 1.0
0.06374380571079737 0.2787591666108946 0.7631216936845127 2.033331969429487e-05 -2.3059849508453783e-05 -2.361491462786284e-05 3.53071241670814e-05 0.0 -0.021288779360759857 0.2639924294655908 0.7507478835640042 -0.0001264737769367734 0.00019471810505348048 -6.171912386801172e-05 0.0002674528391108843 1.0
0.06375860397456203 0.2787640758929212 0.7631134472233218 1.827708497034084e-05 6.155295090482755e-07 -1.1184121401550718e-05 1.7444581757380012e-05 0.0 -0.021400561784908793 0.2642711847932637 0.75084415174811 -0.00014446078669818585 0.00025701321326694913 7.903936799429269e-05 0.00031939963399515726 1.0
0.06377017599759058 0.27875789649665883 0.7630873196366765 1.1995305899039199e-05 -1.359507267250569e-06 -2.2613072926562272e-05 2.991135890988882e-05 0.0 -0.02143396678706587 0.2647363894762903 0.7509544702320028 -6.0169257514334495e-05 0.000445520604341016 0.00013558307692831942 0.00048048693302674107 1.0
0.06377444403795875 0.27874339930618697 0.76308059932553 3.3449635665520778e-06 -9.127503132296177e-06 -8.168240442636992e-06 1.6655493902007097e-05 0.0 -0.020901586314639547 0.26529303618783484 0.751493805569505 0.00046906357855293227 0.000583893151512051 0.0005056884367481456 0.0009366939761526788 1.0
0.06374556176681122 0.2787368509648169 0.7630669870031133 -2.7234173438669714e-05 -1.1967466269770582e-05 -1.2877380704136344e-05 3.206339996404957e-05 0.0 -0.01852771854979158 0.2651217391529121 0.7527228293972774 0.0022144084976893656 -3.0129401194934813e-05 0.0011934699633896115 0.0026740512522104654 1.0
0.06373298998453929 0.27873807449562027 0.7630640164781834 -2.03182044896161e-05 -2.3062306109525494e-06 -3.9804212497320494e-06 1.3694242428905043e-05 0.0 -0.01607195942823216 0.2645185349135163 0.7542906150645021 0.0027829861189935484 -0.000642377743676219 0.0016507729232168203 0.0030152136461073734 1.0
0.06371739138871453 0.278697809738061 0.7630350020774799 -1.5863050877478602e-05 -3.313573673047578e-05 -2.4023503257987807e-05 5.061314945370559e-05 0.0 -0.011844243260943094 0.2623118797438238 0.7562896543431342 0.004204633579472736 -0.002152060341510715 0.0020511354518493786 0.005104602273185772 1.0
0.06373187523644312 0.27865990130411195 0.7630163856579144 1.3179095477822184e-05 -4.164195804627723e-05 -2.3119946270052936e-05 4.6642212141260875e-05 0.0 -0.008121472463634628 0.25984696677792646 0.7573371531200123 0.003985964132603059 -0.0027283397226733046 0.0012461255138012128 0.004645932954714362 1.0
0.06373311981998897 0.2785965684713214 0.7629693519170905 1.044310903901612e-05 -6.242925117648951e-05 -4.462653435223238e-05 7.726380918531041e-05 0.0 -0.005619036252808182 0.25709017728321665 0.7582213509798343 0.002601039523591746 -0.0028868091235477807 0.0007330986889887213 0.0037864077084198175 1.0
0.06374992177046843 0.2785416513178697 0.7629143861271139 1.7752608946928488e-05 -6.154619038599755e-05 -5.8403580536690324e-05 8.041529349301477e-05 0.0 -0.003750913000008258 0.2553958084815615 0.7588833027262835 0.0015490202366283978 -0.0017994889293640008 0.00045811365558837017 0.0026007999322553606 1.0
0.06374415207232426 0.2784751175777853 0.7628768190843882 -3.371673875519461e-06 -6.438592922944952e-05 -4.175166252781997e-05 7.602051544842882e-05 0.0 -0.002014227766298487 0.2549081602546493 0.7595018415664426 0.0013705247410309685 -0.00034458212115833235 0.0005268218151432577 0.0019242248695031526 1.0
0.06369250516633568 0.2783924263903894 0.7628393331612361 -5.1433745455203595e-05 -7.698797572033039e-05 -3.517087898047238e-05 0.00010439855650309937 0.0 -0.00045798407539004586 0.25423145341527115 0.760058126481902 0.0015004831701421319 -0.0002284074812438446 0.000624653203366629 0.001822690659946804 1.0
0.06361879416553336 0.27835527589368064 0.762829887009111 -8.016182650501003e-05 -4.421785934426836e-05 -8.637320146000143e-06 8.40431529000527e-05 0.0 0.0007562279936993664 0.25361336352254965 0.7605929479625149 0.0013658666846104155 -0.00047117576652613467 0.0006447369381949349 0.0014310357111755427 1.0
0.06354731189097572 0.2783502653135048 0.7628329023764169 -8.120711346806034e-05 -6.4850690263754415e-06 6.58615699650146e-06 7.108084477342273e-05 0.0 0.0030295001311354203 0.25389157716138855 0.7616996910982345 0.002352260929504022 -4.397940896204693e-05 0.0010904380922825382 0.0025270045679438888 1.0
0.06349417159157197 0.2783143732297873 0.7628193473936511 -5.51949430222051e-05 -2.0745467565518108e-05 -5.8890602233438635e-06 6.472153946027785e-05 0.0 0.004420445952583485 0.25446286557207426 0.7630201467228613 0.001670264060938214 0.00044210059796925176 0.001327029520489238 0.002036792687525573 1.0
0.06345432098974144 0.2782630194214769 0.7627932710463448 -3.373662109250483e-05 -4.899641510453074e-05 -2.865670655220262e-05 7.123628150685501e-05 0.0 0.0048422634845286345 0.2547465735229131 0.7641459610709437 0.0005109370810264234 0.00035057968384085607 0.001253189638491362 0.0012066468464868056 1.0
0.0634240209950098 0.2782077106828547 0.7627627273311542 -2.0043470392558067e-05 -6.263799125665525e-05 -3.698423297610768e-05 7.036357356695397e-05 0.0 0.004973722611589803 0.2549663013432863 0.7652521579608208 -6.750237174724333e-05 0.00029842167814843595 0.001099685402591588 0.0011127626172683703 1.0
0.06340936467579843 0.27815835452447013 0.7627354716533666 -1.3236446508541292e-05 -6.03514105755314e-05 -3.232268335776214e-05 5.723467560804874e-05 0.0 0.005214883154650121 0.2548727237425088 0.7663710360928917 -5.5390284141964945e-06 -9.275530902858845e-05 0.0010382353287800728 0.0011943564236942257 1.0
0.06339116208462187 0.27804006663822717 0.7626474262135259 -1.9222248981621446e-05 -0.00010989442552767919 -7.942939620914587e-05 0.0001476895702011458 0.0 0.006444616883090906 0.2541080903219627 0.7672230171205225 0.0010448835407744694 -0.0008438827937735783 0.0008135332096534072 0.001690866424512745 1.0
0.06340754438943268 0.27794923378902114 0.762608528239497 8.42801501709972e-06 -9.66333519756709e-05 -4.954466526129107e-05 0.00010405283392766607 0.0 0.007619344360789617 0.25320465107346524 0.7675127465603373 0.0014690339335173277 -0.0010220917601359738 0.0003240055111611603 0.001481899047850228 1.0
0.06343307734910508 0.27788234374301746 0.7625987701813799 2.659579279047148e-05 -7.03991232481489e-05 -1.1704238603218926e-05 6.843309467627195e-05 0.0 0.008299728275727204 0.25198811232559337 0.7672330570482115 0.0010606336890459592 -0.001180856557724519 -0.0002532688499636516 0.0014101322020110224 1.0
0.06344380867168727 0.2778537022459077 0.7625793420229331 1.718290262365201e-05 -2.9545614733683305e-05 -8.920555361001191e-06 3.566191883366804e-05 0.0 0.008675777878627186 0.25089833109186777 0.7668613969866674 0.0003063380115718756 -0.0011108821862244398 -0.0004896221024138598 0.001220948607336135 1.0
0.06344570787779617 0.27784279668804696 0.762558163591484 1.9076426101166834e-06 -4.3055422231641076e-07 -1.4379090577285065e-05 2.627208185686049e-05 0.0 0.008983724253948234 0.25023725822863396 0.7666295992557365 4.918507259775201e-05 -0.0006719247612289515 -0.0003240564830634489 0.0007764370287438632 1.0
0.0634388618431252 0.2778291798064863 0.762530714486202 -1.0956872517622844e-05 -2.658322035558587e-06 -2.7272686481451327e-05 3.2302482157503976e-05 0.0 0.009904353656684161 0.2501055550321031 0.7665277084049976 0.0006809593827733281 -5.830894036754899e-05 -3.776898716765739e-05 0.0009268512732582522 1.0
0.06344244945373159 0.27780323154490655 0.7625161808781021 -3.029134439203911e-06 -2.5993400096675334e-05 -2.3729467512777893e-05 2.792937563292442e-05 0.0 0.010159878738755575 0.24988281164464676 0.7661400140637614 0.0004756793163169309 -5.733627361445369e-05 -0.00020548228250271013 0.0005257285163813698 1.0
0.06344448772291175 0.27779466578355533 0.7625123928415507 2.5864405418356826e-06 -2.3901412955035388e-05 -1.0805948344830083e-05 1.0192191357240919e-05 0.0 0.010164582915552448 0.24972426309253937 0.7658373001635157 0.0001634450650303314 -0.00014544109161022714 -0.0002924675882210602 0.00033123941239639166 1.0
0.06341257957110996 0.27776414938173993 0.762493206170929 -2.1560573456033043e-05 -2.9838932398843187e-05 -9.705048908529573e-06 4.669569327826707e-05 0.0 0.009946037448785429 0.24934782078873896 0.7652196938673677 -0.0002681011419973969 -0.0004047349940079337 -0.0006340587240570668 0.000745137549585759 1.0
0.06335984282510708 0.2777683644482525 0.7624988354887872 -5.238512212052891e-05 -1.7529131517617856e-06 4.1321479198801414e-06 5.5669117582418355e-05 0.0 0.009704846266402256 0.24892021206423706 0.7651453038183781 -0.00038134870440717636 -0.0005539218654535489 -0.00024929551083176834 0.0005262237301401416 1.0
0.06333782149037522 0.27776007567146765 0.762504817782203 -3.4535962126092955e-05 -3.769089700392497e-07 6.305068492825325e-06 2.3825490547576284e-05 0.0 0.009727366509507654 0.24862248211397225 0.7653438011770258 -6.110037321450663e-05 -0.0003849595341327064 0.00020481360429091362 0.00034052338463502903 1.0
0.06330917474609324 0.2777652837490534 0.7624983782796614 -2.7234723555820897e-05 6.563336870010885e-06 -3.836393377871813e-06 2.748960436372502e-05 0.0 0.009741321164496221 0.2485762732507069 0.7652928641956088 0.00012197537232256148 -4.220676528721569e-05 0.00011560479952634948 5.673464666656916e-05 1.0
0.06331565746967181 0.27775907634931973 0.7625157237341651 6.80422037089763e-06 -3.851925992942441e-06 1.2117257668729279e-05 2.141577318492129e-05 0.0 0.009792578686241928 0.24853139055395307 0.7653263040222669 0.00016987266507642953 5.8563689939292846e-05 5.228479699884614e-05 9.167755404859918e-05 1.0
0.06336108868657336 0.2777772178579559 0.7625240982124205 4.982100199185328e-05 1.2510511077182664e-05 1.144951091865141e-05 5.007860624254259e-05 0.0 0.009841116761117104 0.24858662945639556 0.7652446117028894 3.1019632719911806e-05 8.912963341350763e-05 -0.00012553682704421603 0.00011864301986595077 1.0
0.06340420712223509 0.27780967694006187 0.7625146246980444 5.254602288975215e-05 3.1924056626741085e-05 -6.7079116237547615e-06 5.4398464454150815e-05 0.0 0.009893579141921788 0.24864667582468833 0.7651724428014004 1.8649590700400083e-05 7.327018932608355e-05 -0.00014457126116940568 9.634078633086261e-05 1.0
0.06345585465537996 0.27780908705202456 0.7625073133038783 5.0455505362991665e-05 7.066631758505354e-06 -1.1470791520984471e-05 5.15895198404492e-05 0.0 0.009943766012034734 0.248663164025806 0.7651807601191812 1.1982322078343611e-05 -1.4098774029481934e-05 -4.555748624333021e-05 5.3125898215819435e-05 1.0
0.06349044262232846 0.2778064668321464 0.7624655494934469 3.355196514206157e-05 -2.8783847919510205e-06 -3.8031304440635e-05 5.413114465821994e-05 0.0 0.010038543809055892 0.24856957375218802 0.7653710128226805 8.174844956853456e-05 -0.00011151648679671257 0.00022771873172916198 0.00022701788211047325 1.0
0.06350695001672645 0.27784392368013516 0.7624007298204957 1.3189969110623427e-05 2.5300121983378207e-05 -6.736552661012689e-05 7.682963867091335e-05 0.0 0.01023743538642609 0.24849528541023408 0.7656139852715986 0.00020578722091650883 -0.00010044413240249862 0.00029561182094441324 0.00033525207954648287 1.0
0.06351435376977219 0.27785547875907957 0.7623937980182091 -8.736386933046685e-08 1.819381486384662e-05 -2.1234914090614027e-05 1.729831230387933e-05 0.0 0.010200187569451867 0.24857077008770137 0.7659047215120512 1.5181777505587456e-05 5.192329293836914e-05 0.00030460158740006646 0.0002991517441032875 1.0
0.06352303404100504 0.27786460321166817 0.7623819424281126 6.546148317234357e-06 1.1312878217077744e-05 -2.5694143816378928e-06 1.3858913186560437e-05 0.0 0.009820678335505276 0.24876557229207003 0.7656748647005327 -0.00034936707194648697 0.00020405390086920453 -0.00014414655068782368 0.00047544336202371405 1.0
0.06352212547554884 0.277826327971905 0.7623659726064067 3.077270149444047e-06 -3.0289540789572243e-05 -6.5861400436795856e-06 4.304396366093843e-05 0.0 0.009016360651343537 0.24880539678428695 0.7654428725964989 -0.000825346102815328 0.00011776573550499394 -0.00033161317493278795 0.0008441957351053201 1.0
0.0635228187091339 0.27778362030247244 0.7623604224571379 2.21032450002255e-06 -5.119108189341355e-05 -4.258065126761281e-06 4.513554694749492e-05 0.0 0.008131423359961289 0.24778343871016728 0.764820705581875 -0.000988314842076292 -0.000870227997380517 -0.0006518668170975723 0.0014932418591845004 1.0
0.06352067584338189 0.27777763160031715 0.7623555416508292 5.691111240658012e-07 -2.115845987285904e-05 -6.666331381451468e-06 6.357815676707784e-06 0.0 0.007934525740221842 0.24690829874775508 0.7644943701279446 -0.00034569782461278773 -0.0010821767835606367 -0.00042888694677443735 0.0009641410989954926 1.0
0.06352020650362698 0.27775585771394706 0.7623477925546187 -1.2249503460306306e-06 -1.2859026443778709e-05 -1.3003892854101143e-05 2.0520487693962417e-05 0.0 0.007691948171216074 0.24626368890773973 0.7643913376283757 -9.390818096596039e-05 -0.0008175898917063373 -8.475378381022398e-05 0.0006609856019966671 1.0
0.06347794571935912 0.2776647466617118 0.7622737100722613 -3.6888795428345386e-05 -7.146186574117397e-05 -6.641978812080152e-05 0.00012741378464211256 0.0 0.008427395462343537 0.24619991003928904 0.7640260105402118 0.000753560153648627 -9.242646823230742e-05 -0.00021003240274486277 0.0008336295850323148 1.0
0.06344680250536941 0.2775497385058719 0.7622190893294176 -3.8352936857721854e-05 -0.00012044225423375136 -6.353146327859853e-05 0.0001340778724241314 0.0 0.009432234252951924 0.246557260998571 0.7637402074459556 0.0011322210717338314 0.0005278773592602694 -0.0002627737334687204 0.0011341945542282413 1.0
0.06344002190439706 0.277510754149071 0.7622102593445365 -1.3419942041477292e-05 -6.414730789183316e-05 -2.1908371888039526e-05 3.703801858988404e-05 0.0 0.010206880170653299 0.24676810024806997 0.7634863639698524 0.000888713367061355 0.00045469615531834747 -0.0003071218571616958 0.0008402292429256898 1.0
0.06343413169440812 0.2774907943374282 0.7622003594229547 -1.8118114434011856e-06 -2.0005722281991367e-05 -1.1104081653809949e-06 1.904003067711774e-05 0.0 0.010530695447754609 0.24676446907118488 0.7633346601587083 0.0003000511326144468 2.2487857857769972e-05 -0.00019539285660774387 0.0003214295423990011 1.0
0.06343006524302908 0.2774849390773014 0.7621923727002389 2.5435907291012834e-06 1.1109595178384087e-05 4.162859568575521e-06 1.6177398850768986e-05 0.0 0.010414411199674227 0.24665436145847494 0.7632738612063739 -0.00024311284616855913 -0.0002934571309618719 -8.236792731215964e-05 0.00017819996229943987 1.0
0.06343450150719494 0.27748239898937116 0.762192504840138 6.170788827153611e-06 1.2523267956176946e-05 3.462240681231097e-06 6.880893856617618e-06 0.0 0.010151464787976286 0.24629458164845403 0.7634293304168187 -0.0004233795463934988 -0.00044856117355549386 0.00018539893818841425 0.0004902248918593696 1.0
0.06345392886559453 0.27748410683409813 0.762200687708541 1.6045866263311747e-05 -1.8689574023584157e-06 2.9595870241408725e-06 1.7315848625351935e-05 0.0 0.009667800644488089 0.24591100651218048 0.76392394270767 -0.0005432094817904743 -0.00044295570800131456 0.00049655847488674 0.000801172449325432 1.0
0.06345973962647766 0.2774931526041518 0.7621902781416716 5.5239482888434995e-06 -4.291361120462211e-06 -1.4610094037585594e-05 1.5186743633984143e-05 0.0 0.009271779623764468 0.24561129371964407 0.7642800072541848 -0.00032906146298789906 -0.0002755688283835315 0.0004182909085114774 0.0005975196464681956 1.0
0.06346650539001963 0.2775041165173053 0.7621816651112909 6.815498500964745e-06 6.775900514324569e-06 -9.683583951018937e-06 1.6362088975925793e-05 0.0 0.008923106862878451 0.24554329869546498 0.7645928154590049 -0.00026736144613042885 -3.135439383487439e-05 0.00032819148717545815 0.00045417558560012343 1.0
0.06348029513363969 0.27750812021718985 0.7621817950828124 1.205585249558952e-05 9.748312286427419e-06 -7.694532254959777e-07 1.3876873985597423e-05 0.0 0.008778431625609347 0.24560256591318624 0.7647209002630386 -0.00011458469676699375 0.00010838794147245766 0.00010459981780198063 0.00021547901348267133 1.0
0.06348851828168366 0.2775021565545338 0.7621855562188428 8.028125633167706e-06 -4.790762374141159e-06 3.136843965037064e-06 1.1341866801749103e-05 0.0 0.008650187316697457 0.24569530167088308 0.7647336932959817 -9.001384879735489e-05 0.00014485814366090998 -4.6456939873506826e-05 0.00016736348008069592 1.0
0.06349469296126907 0.27750041369282274 0.7621858497229997 6.4466705506712335e-06 -4.68238576625957e-06 3.36873711194515e-06 6.413271328183792e-06 0.0 0.00833180522143857 0.2458771925542709 0.7646973124605618 -0.0002819824057857634 0.0001789744055288872 -8.211440737309372e-05 0.00036610200426947826 1.0
0.0634967945038464 0.2775031522176998 0.7621836839896275 3.3139514771275094e-06 8.435461637954253e-07 1.5144695247375993e-07 3.652479556677341e-06 0.0 0.007750403695548544 0.246079827543357 0.7645511876216455 -0.0005895159268666658 0.00017026373348843091 -0.00012314048061216822 0.0006321776904683587 1.0
0.06349427268694414 0.2774976182980292 0.7621695717052541 -2.2201511889386513e-06 -2.534126922736364e-06 -1.339205714706291e-05 1.558002825832211e-05 0.0 0.007169601278663952 0.24648976121079627 0.7641829719192366 -0.0006804700157478523 0.0003591947560382493 -0.0003121840194887386 0.0008002105740176986 1.0
0.06348862505293222 0.27749319343732415 0.7621698833171007 -7.458046972206539e-06 -3.170001044999891e-06 -6.173319391248414e-06 7.601472432564444e-06 0.0 0.006772911661577099 0.2467883278126014 0.763863582518302 -0.000468842418166841 0.0003351220693316081 -0.0003530884885432792 0.0005854262215281882 1.0
0.06348425858407578 0.2774902930352241 0.7621723442683233 -4.861230983935802e-06 -3.2335198798078833e-06 2.772528430654826e-06 5.113850326034349e-06 0.0 0.006608356168699822 0.2471058574225286 0.7636574548887455 -0.0001541949597110819 0.0003281772084449088 -0.00022840103538032604 0.0004086253797547383 1.0
0.06347900664501793 0.2774879570568759 0.7621749189140209 -4.215050219432502e-06 -3.2483482735435546e-06 5.731185664130302e-06 6.3348431157366405e-06 0.0 0.006602769398785442 0.2474611827433689 0.7633706639349314 8.253076447744444e-05 0.0003378325071447289 -0.00025089847129985813 0.00046199877415396546 1.0
0.06347564576360278 0.27748794439978436 0.762175193798973 -3.1805444468381365e-06 -4.793629390249895e-07 2.478100364357057e-06 3.862662439000572e-06 0.0 0.006688908640069853 0.24772296034029992 0.763182880973902 0.00015072454062472717 0.0002633847058467075 -0.00017695075808419648 0.0003455665203677442 1.0
0.06347371896859 0.2774885553948893 0.7621745931602202 -1.3687303456151174e-06 1.8241581567737355e-06 -1.2338233732511714e-06 1.958715570723847e-06 0.0 0.00682660459592783 0.247858950544117 0.7630713332305082 0.0001350660828810223 0.00014250395290283372 -0.00010472181466528584 0.00021370673070319267 1.0
0.06347161532236725 0.2774939324529977 0.7621698432454477 -1.7202211086460345e-06 5.23389241456716e-06 -6.125589808946181e-06 7.106051903427884e-06 0.0 0.0069430433615039885 0.24793889250867315 0.7630281879852908 8.14099712617324e-05 6.651394171059915e-05 -5.028823340738553e-05 0.00014024549740233828 1.0
0.06347086303723545 0.27749606357332063 0.7621673084194583 -1.125869871380099e-06 2.553703407699147e-06 -4.737093156885012e-06 3.931182872818867e-06 0.0 0.00705766927246983 0.24801921524321924 0.7629980892566185 8.075333737159781e-05 6.77184365249799e-05 -3.219006216264851e-05 0.00015046233589260287 1.0
0.06347272479500374 0.2774903525376877 0.7621717893403973 1.336384720382601e-06 -4.6828633146873065e-06 4.495991689775122e-06 7.083182188312351e-06 0.0 0.007115425623616677 0.24802651656404504 0.7629830583598941 5.084837595956452e-05 7.890081939095842e-06 -6.384918091311646e-06 6.412174518733024e-05 1.0
0.06347541756333683 0.27748068544193893 0.7621799429318163 2.905961420659848e-06 -1.0775909584948769e-05 9.334332599690169e-06 1.2997035562230584e-05 0.0 0.007258035142615903 0.24801581535330638 0.7629723960487524 0.00012413025810861718 2.4630952093053038e-06 -1.467590227525301e-05 0.00013506271642775623 1.0
0.06347541679633927 0.2774787107365482 0.7621817427091205 6.185026140863758e-07 -5.046058622052951e-06 4.556126466422776e-06 3.046530273488875e-06 0.0 0.007573895120039714 0.24796824224976705 0.7629610489850898 0.0003040252556569097 -3.360792692985834e-05 -2.8658477683569955e-05 0.0003233677028689223 1.0
0.06347413594686549 0.2774821372293862 0.7621787761154761 -1.36755134263261e-06 3.290759889103065e-06 -2.7238388459384154e-06 4.104507155804348e-06 0.0 0.008205875232508889 0.24772674607187528 0.7630094093926938 0.0006301237317558891 -0.00022175227170854127 3.917567521341753e-05 0.0006797640195729659 1.0
0.06347458569381229 0.2774817112298802 0.7621797356172773 -5.597996028553141e-07 2.8189772450994586e-06 -1.899055877808992e-06 1.425398089067103e-06 0.0 0.008441074735966945 0.24764325279746532 0.7629785786600964 0.000366208713963576 -0.0001394541241296638 -9.127920282836667e-06 0.00025968991668361315 1.0
0.06348167732609374 0.2774840298016669 0.7621842336055018 5.902603642496046e-06 3.482691092646297e-06 2.6876275915214747e-06 8.870858423309056e-06 0.0 0.008602158537843047 0.24755944348396758 0.7628976005750047 0.00014974332679401503 -8.061855222005432e-05 -7.491020791787584e-05 0.0001731933252982432 1.0
0.06348951913523077 0.277491237943934 0.7621758228885788 9.12321603988886e-06 5.947876838014084e-06 -5.279464452253344e-06 1.3554856975271382e-05 0.0 0.009151780057404859 0.24728612438760916 0.7628738823117863 0.0004130834565635638 -0.0002216594612317684 -4.8070695917879576e-05 0.000624043653907565 1.0
0.06349162137653296 0.2774918595990303 0.7621693899875407 4.362735238344863e-06 8.723453364118152e-07 -6.639267035911586e-06 6.696614082403308e-06 0.0 0.009479970141151598 0.2471538684199511 0.7629176493055742 0.000356098208011513 -0.00016304188574904545 3.189807911661962e-05 0.0003867402317865922 1.0
0.06349297128874826 0.2774897302136103 0.7621605490413775 7.805865949043564e-07 -2.5773103849502975e-06 -9.385162533133215e-06 8.903517592324333e-06 0.0 0.009756369464809159 0.2470592853172793 0.7629150248585279 0.000311087698751498 -0.00010056813290054136 2.2506962087666334e-05 0.0002626397195016544 1.0
0.06348909985312957 0.2774797223873771 0.7621592966569776 -4.873814933774856e-06 -9.491032477148449e-06 -3.5060234958449274e-06 1.104398080686914e-05 0.0 0.009961919920405234 0.24687294568741974 0.7628916825567348 0.00023327102277886054 -0.00016592137652580243 -7.686356599168741e-06 0.0002679175568130107 1.0
0.06348632663294267 0.2774764343845447 0.7621613034903012 -4.538084512457986e-06 -5.959059208178599e-06 2.802343944693513e-06 5.134781972388665e-06 0.0 0.010152880674554212 0.24677438670504936 0.7627514081013932 0.00017450323855022366 -0.00011743249845173899 -0.0001279165350600728 0.0002819918536987105 1.0
0.06348237642799007 0.2774765215459671 0.7621612122008004 -3.7524934659385794e-06 -5.406752362351938e-07 2.8217175081451205e-06 3.3888551250591225e-06 0.0 0.010353553634481082 0.24659430346079408 0.7625399875791546 0.0001461505537024339 -0.00015168378308470144 -0.0002368398738437544 0.00033827303846763245 1.0
0.06347801508636147 0.27748216436379247 0.762156401697855 -3.2843031971997775e-06 7.142526597973744e-06 -3.6250882520283277e-06 8.641723785602229e-06 0.0 0.010539617201040132 0.2462951241139635 0.7624014599171427 0.00020340778984241802 -0.00029758291142044987 -0.00017911217168057838 0.00036887706711962744 1.0
0.06346972415468105 0.27747845224987266 0.7621493778986806 -7.281957658349746e-06 1.84138783531394e-07 -9.036159947826888e-06 1.1938303826889711e-05 0.0 0.010745473197276739 0.2460768914357905 0.7622577667291659 0.00024302643118277192 -0.0002663111487668459 -0.0001318105439338379 0.00033928219185711797 1.0
0.06345366575363795 0.27745477151756165 0.7621423988116961 -1.5588903910748382e-05 -2.1838988099773196e-05 -8.692419694242703e-06 2.902187209788929e-05 0.0 0.011085647235351603 0.24557886535744708 0.7617566071530162 0.0003148411748859493 -0.00045149315222330836 -0.000424749831622768 0.0007752733364417749 1.0
0.063454337632335 0.27743179200607254 0.7621406475698781 -3.2620566547707946e-06 -2.80691141317997e-05 -3.104960486221593e-06 2.3468459689131374e-05 0.0 0.011135911851241609 0.2451682299309328 0.7613934758953902 0.00011015254175782916 -0.0004497269173471166 -0.0004198002520948202 0.0005699917976109358 1.0
0.06345573231612364 0.27740948164384077 0.7621376589629113 2.480951015237908e-06 -2.6163096714634602e-05 -9.455137169733136e-07 2.2010065717081273e-05 0.0 0.011223777407906402 0.24463874127228427 0.7609853655423996 5.3414988320855874e-05 -0.000523373501923466 -0.00042600234120559804 0.0006543376347383863 1.0
0.06345880451467649 0.27739484904876566 0.7621351875842107 5.449253651874122e-06 -1.4752281167007393e-05 -1.2039537698679396e-06 1.527623743251052e-05 0.0 0.011279467032170407 0.24430966041560995 0.7607695740291631 2.8815641592737584e-05 -0.0003531377552197757 -0.00024632440501097617 0.00040319171100196684 1.0
0.06345977400435722 0.27738060377762325 0.762122267664219 2.5759802873391517e-06 -1.0284882851185812e-05 -1.1422728051908891e-05 1.940864196996913e-05 0.0 0.011377236927187217 0.2437202563682577 0.7605086255169241 7.865095597961661e-05 -0.0005251409972056268 -0.00020561836580514762 0.0006494682844310172 1.0
0.06345699668527106 0.27735424395196706 0.7620893499873775 -3.145663372823906e-06 -2.142234475900684e-05 -3.229523701392116e-05 4.240255233856035e-05 0.0 0.011498747220799766 0.24329340541933508 0.7603477759120545 0.00013311545786766466 -0.0004541072022097705 -0.00013292433656420083 0.0004889646856272448 1.0
0.06345139581634372 0.2773057740783833 0.7620648136110789 -7.77233918906823e-06 -4.759375681156233e-05 -3.0335784429352864e-05 5.478379816260425e-05 0.0 0.012112866988839009 0.242423704772272 0.7597502532926633 0.0005758955406250548 -0.0008042325241604122 -0.0005323025424575324 0.001194457071141193 1.0
0.06344958542476634 0.277290566662114 0.7620639983017304 -4.136285818393097e-06 -2.6684118540422836e-05 -5.392717831240479e-06 1.5443493987883308e-05 0.0 0.012653174897769981 0.24198008169028737 0.7591509466209446 0.0006352179502675892 -0.0005748784363835235 -0.0006887370688653993 0.0009532982021074861 1.0
0.0634163050624672 0.27724658210214276 0.7620585098663926 -2.7421982753977806e-05 -3.858165678143508e-05 8.278111894640739e-07 5.312315697765394e-05 0.0 0.013207304558509856 0.24182252001631788 0.7578932425709909 0.0005796684203261686 -0.00017861363240915856 -0.0012209441393808778 0.0013477873222796609 1.0
0.06338119303055888 0.2772278341134542 0.7620851704907101 -3.827791784517877e-05 -2.1318606558627993e-05 2.7003857684566034e-05 5.105852103596418e-05 0.0 0.013834335197437219 0.24203003222541905 0.7571381601338805 0.0006067290734232031 0.0002464445983282928 -0.0009296008632279529 0.0010270419267740076 1.0
0.06337854654171238 0.2772429406842903 0.7620691078399394 -1.0573984668328904e-05 1.405001435452476e-05 -4.84292935195751e-06 2.1810272471584093e-05 0.0 0.013358734359251053 0.24220741716598862 0.757069528410309 -0.00035732957817443284 0.0003102273670393494 -0.00012978142162109734 0.0005023763499078969 1.0
0.06339360570993463 0.27725821022310976 0.7620504698897771 1.672567193615048e-05 2.2228885026853295e-05 -2.3873771207908823e-05 2.6022962985191415e-05 0.0 0.012498512501927038 0.24300454038229594 0.7572066344056853 -0.0009882591473704926 0.0007309505167261058 0.00030166515678690367 0.0011701718034233418 1.0
0.0634064368117126 0.27726021941033435 0.762041228353196 2.186514192689106e-05 6.9700107822704836e-06 -1.934335829642157e-05 1.759516767461665e-05 0.0 0.012556465340354196 0.24336218941592014 0.7576627737574095 -0.00025777679240488393 0.00045501183993550153 0.0005948289262700925 0.0006202443469687594 1.0
0.06341772288324969 0.2772607197727781 0.7620490805368402 1.6125110069594212e-05 -2.7191668555381436e-06 4.306716453667934e-06 1.4591680296375344e-05 0.0 0.012491109730096617 0.24361566518350494 0.7579710968292676 6.299676754621641e-05 0.00018636873126164977 0.00038258370189414375 0.00037903928482517133 1.0
0.06341403262910143 0.27726663600104157 0.7620494422995404 -4.259953239278181e-06 6.003119007413872e-07 7.66300990104615e-06 5.494863755359736e-06 0.0 0.012006973939318029 0.2435419583340964 0.7580917841912089 -0.0002428047774504135 -9.865227629904784e-05 6.341595155131077e-05 0.0004811689543587879 1.0
0.0633876742205398 0.2772504192088845 0.7620397629883516 -3.222561752442468e-05 -1.7886042811370088e-05 -3.783755505223108e-06 3.252220241748217e-05 0.0 0.012652146697008928 0.2434157248517843 0.7579287785875033 0.000546750335071236 -0.0002147628364691578 -0.00030007724947370194 0.0007135461678117605 1.0
0.06336785880730868 0.2772223068011267 0.7620481490050284 -2.762609556026413e-05 -2.627054296672069e-05 5.588056970469039e-06 3.668872661138725e-05 0.0 0.01309604236491815 0.24326909052821574 0.757607534403995 0.0005490854861331697 -0.0001811058879568999 -0.0003808303352468923 0.0005728718861355679 1.0
0.06327446212761263 0.2771506451834101 0.7620250974360095 -8.235392387073167e-05 -6.613337921117285e-05 -2.2671275355168303e-05 0.0001180967120820149 0.0 0.014126245695329992 0.2433283694065176 0.7565648702762203 0.0009093742446077938 6.194030945764547e-05 -0.000966515773206813 0.0014213890043609004 1.0
0.06311385129713148 0.2770272363772054 0.761933874786869 -0.00015794177801942808 -0.0001239011085246008 -8.498830920620508e-05 0.0002236888320960735 0.0 0.015203371926734427 0.2431660623103057 0.756523929099784 0.0011418165083427767 -1.6852314045817326e-05 -0.0002619781957470381 0.0011421461302077013 1.0
0.062646321875668 0.2764227447922173 0.7615730547122751 -0.0004392704734715473 -0.0005484587718602943 -0.00033406065606223775 0.0008405124412571397 0.0 0.015546893074630964 0.24306907561247612 0.7563778697952229 0.0005265399331535555 -0.00010810279441310344 -1.0082096120079685e-05 0.00035847780229276657 1.0
0.06188016935343981 0.275479819380203 0.7610284613492952 -0.0007739648366395326 -0.0009664382554643165 -0.0005644384407947247 0.0013435667083466654 0.0 0.015748577186973187 0.2430006094871374 0.7562480232217804 3.483219367655752e-05 -8.755215674808377e-05 6.035740159027647e-06 0.00022437139958194046 1.0
0.06060636782414748 0.27438401411977614 0.7604870601916753 -0.001276180136249606 -0.0011747113365359182 -0.0005997317391363895 0.0017585280061838545 0.0 0.015999887913103774 0.24292364518288395 0.7561264951593286 5.929257401445236e-05 -0.00010328001770101096 -6.358592854125399e-05 0.00032750283565740533 1.0
0.059583742787372426 0.2736597015453964 0.7602322028483367 -0.001154999739040613 -0.0008322700425420491 -0.0003090399376645262 0.001278791039842042 0.0 0.016133217228119803 0.24292704811694693 0.7560306526915123 0.0001641558784463374 -7.78999125645584e-06 -0.00014027606014945906 0.00018217582454980812 1.0
0.05710638372409766 0.27182725658473383 0.7596227562008523 -0.0022624344562934165 -0.0015936980673508087 -0.00048609329846190677 0.003102773369875645 0.0 0.0162021406150501 0.2429134813503442 0.7559589556460542 0.00010963404303857862 9.851517167887438e-06 -0.0001558819846449822 5.767261555920478e-05 1.0
0.05435039915209811 0.27002054184520535 0.7594071047063586 -0.002841331853084272 -0.0018500845587225152 -0.0002470697997838497 0.0033869987107100217 0.0 0.016338074766507237 0.24286248143266725 0.7559221558408196 0.0002236169714382951 -3.00978488359005e-05 -8.825245475618023e-05 0.00015501896534944202 1.0
0.05077628766589291 0.26759471168037086 0.7594288555122767 -0.003602504618885187 -0.0024230935390457823 1.5205936202819989e-05 0.004266965548514408 0.0 0.01671009788369548 0.24290554532976588 0.7558025706216523 0.00035941698822320595 4.263718391056496e-06 -3.035592790466221e-05 0.00040768212155287815 1.0
0.04524114301101244 0.26385909369126404 0.7598855148278659 -0.005402663573540191 -0.003685299655006124 0.0004329161038690159 0.006664697144802678 0.0 0.017295459876845144 0.2426415350924728 0.7560015114804319 0.000552477397776256 -0.00021402403368680616 0.0001357320650193996 0.0006722269458820961 1.0
0.04197454639160601 0.26144076256525006 0.7603068302255719 -0.0038704587883054624 -0.002820299109503211 0.0005097514156395173 0.004188373712724773 0.0 0.01765093199066992 0.24232750399306757 0.7559995530095446 0.0004528182790057417 -0.0003426413588710124 5.799326843888242e-05 0.00047287278544337077 1.0
0.038962845680306724 0.25760408073407426 0.7614566303267201 -0.002845496185702452 -0.00352474809455256 0.001088267276917177 0.004868108331696349 0.0 0.017814500085165736 0.24205718274138763 0.7560359449906638 0.00018851949501356676 -0.0003172641645636265 3.612911254346616e-05 0.000305213953992273 1.0
0.038308225027667495 0.25523701096119406 0.7624766156596819 -0.0005447646970994254 -0.0025243928870734384 0.0011035377017668572 0.002745512035931895 0.0 0.01786160360806448 0.24195775308582054 0.7560407169346227 -2.6676197729359795e-05 -0.00012277238715499935 -3.758942952167724e-06 0.00011630649328423789 1.0
0.037992827046120954 0.2522773534179957 0.7621014393176808 0.00015345739615431385 -0.002743212477948464 -0.0001981060837847232 0.0029968465104520895 0.0 0.017934512203296296 0.24178833484539836 0.7560628526146769 -1.655934500383344e-05 -0.00011151340376345709 -2.1899329274559795e-07 0.00019260821488008924 1.0
0.03773239135967328 0.25053829431885416 0.7618125366736104 2.6076642034933992e-05 -0.001809943206998518 -0.0005250116339120051 0.0018061342285885956 0.0 0.017945719828503123 0.2417329484026288 0.7560635537430151 1.3323333793449665e-05 -3.1829140805061204e-05 -5.034619697991916e-06 6.153749694404594e-05 1.0
0.037471841803486325 0.24964800707107015 0.7617857701623897 -0.00047908604469349206 -0.0009308925661706275 -0.0002713662452130424 0.0008678906713965821 0.0 0.017958841031621584 0.24168686715140011 0.7560661308436316 6.0136214925783464e-05 -2.942842865690319e-05 7.0915796133768836e-06 3.433283071133038e-05 1.0
0.037108086652709184 0.24892909924030054 0.7617382820526917 -0.0007415403247973996 -0.0005857409459384681 -2.034703210180704e-05 0.0008383878448375683 0.0 0.018009138752609344 0.24162831512069646 0.7560708825218568 8.327233239868725e-05 -8.236683784627256e-05 2.605079990663586e-05 7.961918954648735e-05 1.0
0.03661728604564001 0.24817001894758697 0.7614829280940356 -0.0005747338656611929 -0.0005985436394133495 -6.833831258893779e-05 0.0009225714112106502 0.0 0.01803364996425535 0.241588956133169 0.756075467801048 2.7572380063433538e-05 -5.5860141087624626e-05 -8.152637068992841e-06 5.1321818246156275e-05 1.0
0.03610818099131164 0.24763841357913013 0.7611221986586075 -0.0005786132832089411 -0.0007209051003832351 -0.00020592463650646485 0.0008693500538095823 0.0 0.018066050675771328 0.24152206665712794 0.7560799953427763 2.301539435425057e-05 -6.443322843758398e-05 8.176877193952195e-06 7.33698129825342e-05 1.0
0.035850077199851074 0.24745851099215888 0.7608666499195074 -0.0001533373622281623 -0.00028056642560634606 -0.0003372801208199655 0.00034783094500630534 0.0 0.01804427426511291 0.24147963060178293 0.7560365994555255 -1.9185258617733985e-05 -4.588313974821591e-05 -3.728026996249468e-05 6.163152669474059e-05 1.0
0.035663298355436586 0.24732188311398628 0.7606422451106107 -0.0001307658480921766 -0.00021240951598000242 -0.00034817377079103496 0.0003288382803849515 0.0 0.017953299695545346 0.24147199256076662 0.7559237986809443 -8.899988141550043e-05 -1.825068519056784e-05 -0.00010869397334114505 0.00014739782711270456 1.0
0.03558523978354133 0.2472246810082781 0.7605257538669115 -2.810311743909065e-05 1.1776410937400662e-05 -9.036538263256373e-05 0.00019463279129953949 0.0 0.01797861073131731 0.2414292868557688 0.755950821833182 -1.290339463620297e-05 -2.250391142799571e-05 -1.0090746623940016e-05 5.878862681234109e-05 1.0
0.03518964540666846 0.2465094559604006 0.759030901124355 -0.00031242223457099525 -0.0005757515136135614 -0.001233676737311983 0.001686817020477141 0.0 0.018002062195869452 0.24132631157565262 0.7559655569251326 3.315799159940673e-05 -9.365157247822223e-05 2.7964219509481757e-05 0.00010063683299934951 1.0
0.03485039359275026 0.24647125059620797 0.757525144710011 -0.00040611362126302474 -0.00025669282341507407 -0.0016854016579096074 0.001586664931586409 0.0 0.017989721976709245 0.2412800598566797 0.7559518000465567 1.3650564416927661e-05 -6.784273679701343e-05 1.0000301277178648e-05 5.4594841168998076e-05 1.0
0.03470264697461577 0.24647830594440595 0.7567118085219902 -0.00024345021566325893 -1.956211925995368e-05 -0.001105896588672886 0.0007810991265624588 0.0 0.017995776159097115 0.2412760119620084 0.7559512052211851 7.479055278838236e-06 -1.3051326086580312e-05 2.680272965093147e-06 6.349631523631542e-06 1.0
0.034520159393091866 0.24635551723422225 0.755743984892533 -0.00016386114097734022 -1.0950120769823418e-05 -0.0008705353790041854 0.0009580669484811753 0.0 0.01797692623745715 0.24125319172354925 0.7559292374733815 -2.024087641870035e-05 -9.490853675753018e-06 -2.645932432953922e-05 3.542640136186976e-05 1.0
0.034149561844328186 0.24636949262682226 0.7542495177951543 -0.0002896859115064732 5.87898732193645e-05 -0.0012352915475433847 0.0015968664254917128 0.0 0.018027532305892442 0.24121973875432226 0.7559674086259811 2.595774012968372e-05 -1.9443854158488158e-05 1.3957993048603642e-05 7.284443459272683e-05 1.0
0.03395105354247037 0.2457137990049094 0.7535037991486966 -0.00022596675664268668 -0.0005600930011344982 -0.0008173939563466009 0.0010519228147395788 0.0 0.018008422350943236 0.24120508807186536 0.755939836549677 -5.09230326447298e-06 -1.795159640565798e-05 -1.4973723977804309e-05 3.9234682273424387e-05 1.0
0.0338519102341304 0.24516343172061417 0.7531663944343394 -0.00012329716869833424 -0.00070001663693847 -0.00039350098594457546 0.0005693256153462605 0.0 0.01813161751717395 0.2411575854065152 0.7559295739392169 0.0001114538551708758 -5.235098389242458e-05 -3.313581346070743e-06 0.0001258057231325693 1.0
0.03383268336235449 0.24498062823709715 0.753091192796781 -3.2889705403418596e-05 -0.0003439073504195686 -0.00011003485471914508 0.0002119511042051756 0.0 0.01828928029296078 0.2408411129579779 0.7558760025604415 0.00016528393628794746 -0.0002877675724387224 -5.280259187687446e-05 0.00036112614883328437 1.0
0.03378808766692163 0.2448678833200753 0.7530396577137124 4.645968060775646e-06 -1.1122836161653066e-05 8.584583362749275e-05 0.00016280571535630135 0.0 0.018258854226981525 0.2406414684852863 0.7558744285650149 1.1528970492550603e-05 -0.0002519261458883143 -1.8625229586242804e-05 0.00020984144583277814 1.0
0.033745707277872655 0.24483316098128272 0.7530113959316038 -2.1246214957281297e-05 6.166233490174693e-05 3.390414364601497e-05 6.240328863390404e-05 0.0 0.01810450662661577 0.24063844746605756 0.7557720392254502 -0.00015766806272932347 -4.447658463285077e-05 -8.437298384345821e-05 0.00017097150648208366 1.0
0.03372331397393567 0.24483719614458696 0.7529894907764334 -5.32154829912889e-05 5.8821278904219095e-05 -0.0001274354377880277 1.3283361023402689e-05 0.0 0.017927889266445653 0.240680535560018 0.755729800464822 -0.00022285248687488261 7.773264005479854e-05 -5.641451631255631e-05 0.00018933060271203016 1.0
0.0337716436237197 0.244875107235456 0.7529674478045124 1.0086110670479045e-05 2.150320673404686e-05 -0.00012406018387354383 6.780780077330424e-05 0.0 0.017452086597406335 0.24097395900651036 0.7557040529933886 -0.00046211870286197703 0.00031458989682906933 -2.4513580719287735e-05 0.0005655969971785482 1.0
0.03387035860659257 0.24490439489684707 0.7529441240874732 0.00011021905286128945 -4.8202537810011406e-05 4.3768763915963925e-07 0.00010608688818876453 0.0 0.017103706990307745 0.24118637386435413 0.7555062955450923 -0.00040380870309831917 0.0002803731284614815 -0.0001694229526541343 0.0004629710102739096 1.0
0.033997731461237385 0.24489507137443198 0.7528926489335556 0.00014734134026710862 -1.070402795652777e-05 -2.5737056619760056e-05 0.0001428072919638524 0.0 0.01667165758472678 0.2415298253787898 0.7552022249638078 -0.00040038437564591996 0.00031582862389197854 -0.00030526273954285793 0.0006078171914533353 1.0
0.03409317197116357 0.2448821898555293 0.7528486287853622 0.00011400464511887942 -4.218473045903832e-06 -3.3603718959439235e-05 0.00010248990915474431 0.0 0.016229315184037658 0.24188386620876656 0.7548769255901102 -0.00041964659005855375 0.00031908073051114784 -0.0003580718622344602 0.0006624534620750635 1.0
0.03418441511400819 0.24477157960651594 0.7527515939188023 8.073220701496969e-05 -0.00010441082895949898 -9.10229253123135e-05 0.00017153434009991312 0.0 0.015935199827236787 0.24210270052951646 0.7545393385849548 -0.000309498416070086 0.00023466011480870077 -0.0003540103752042525 0.0005044100783637788 1.0
0.03447451053875793 0.24439533005691 0.7526166300777954 0.00024645564955629707 -0.0003501063163572287 -0.00013448320271979616 0.0004950845666567619 0.0 0.01589943212744706 0.24211392165782553 0.7545325717720957 -4.551037942167847e-05 2.0706780203905823e-05 -5.145817488344671e-05 3.5428112296581864e-05 1.0
0.034826881643292645 0.244109700334814 0.7525033037883423 0.00036468930476723344 -0.0003411634033898737 -0.00012504936158567673 0.0004767932786756133 0.0 0.015861796528631608 0.24219291903734885 0.7545497044728128 1.4599349975342665e-05 1.9767536153719358e-05 8.843480856162747e-05 7.340384698909907e-05 1.0
0.03505601740769975 0.24389929012790187 0.752374121197635 0.00028426230239817776 -0.00023411515327041412 -0.0001265931952103193 0.0003256462466018815 0.0 0.015826813275391607 0.24222102102185716 0.7545534779086368 -1.820715851265562e-05 2.5432964761794897e-05 6.364001699539693e-05 6.988771738251331e-05 1.0
0.03541359177348129 0.2434221971472204 0.752140962762037 0.0003360903237860105 -0.000408770781769252 -0.0002137387602001506 0.0006310332288207293 0.0 0.015844664057459303 0.24223565786477672 0.7545564955488178 7.843371446347367e-06 2.183633213817261e-05 -3.909261806908644e-06 1.8013880181364417e-05 1.0
0.035730357911579635 0.24306464994988644 0.7517913662051435 0.00031041537788608134 -0.0003727085471446301 -0.0003435543909736421 0.0006155573848741684 0.0 0.01586847343756081 0.2422500322530425 0.7545592633068267 -1.201368690478561e-05 4.666188562277464e-05 -3.518325364122103e-05 1.651416901427878e-05 1.0
0.03594605144171348 0.24279091435694694 0.751270488135525 0.00021382973053052828 -0.00028436101483291827 -0.0005231819089538757 0.0006178884180527108 0.0 0.01591701600065259 0.24222684792670363 0.7545730720517421 2.6750324736101426e-05 -4.715335133818888e-06 -2.1503709459379022e-05 5.691975539324091e-05 1.0
0.036075763326293524 0.24260455853922971 0.7508947984715781 0.00012586775211195864 -0.00019167320040253612 -0.0004384476601076103 0.00043023221667620314 0.0 0.0159757151641694 0.2421817232544062 0.7545924479312329 6.928256718931347e-05 -5.636271971995785e-05 1.4951025914299216e-05 8.536890143649549e-05 1.0
0.03602689087464007 0.24233887256686745 0.7508365054444005 -3.5070155529503855e-05 -0.00023424402623612903 -9.541367814172867e-05 0.00027990795555268226 0.0 0.016007853044404507 0.2421306730645496 0.7546101358387719 5.356992708291353e-05 -6.738085593451022e-05 4.448528846406305e-05 5.757706277248627e-05 1.0
0.03566305226958477 0.24198662361241574 0.7509207547656902 -0.00035729257041779557 -0.0003216108829560407 0.00014830251080578317 0.0005154055520139169 0.0 0.016065255191360896 0.2420733132250723 0.7546250714324143 4.5800734494061155e-05 -5.341063526460961e-05 1.7677142757501e-05 8.211407725363266e-05 1.0
0.03531721123165691 0.2417435618282517 0.7510326501084564 -0.0004116861145303904 -0.0002908341184937399 0.00019270106661874306 0.0004459135740354564 0.0 0.016071867333194576 0.24207862022684193 0.7545792953985556 1.1011442449227321e-05 -5.189858665199362e-06 -3.970233965846698e-05 4.853490546006877e-05 1.0
0.03532549539249093 0.24146368082814812 0.7510545208326896 -5.092810143603863e-05 -0.00030535285863061816 5.198529304414664e-05 0.000273625424810562 0.0 0.016091330502974573 0.2420340147726997 0.7545803495863901 1.4029516609000198e-05 -2.4990379663684033e-05 -1.6048109500333327e-05 4.754549501728149e-05 1.0
0.03523209423671921 0.2411815746586389 0.7510273068659348 -4.5746217217808565e-06 -0.0002668890817736629 -7.820848641367306e-05 0.0002860775871704643 0.0 0.016159083769419994 0.2419674676122506 0.7545876979276365 5.824813639912262e-05 -6.001255535635901e-05 5.239884682758753e-06 9.507906858074749e-05 1.0
0.035078212572596426 0.2408937881112205 0.7510745271590631 -7.81941604248298e-05 -0.00027163622404542724 -3.6549106836028934e-05 0.0003438408841415307 0.0 0.01618178182307765 0.2419387576354484 0.7545920539629838 3.922023039756609e-05 -4.453531096332212e-05 1.2473767034973965e-05 3.935918706782026e-05 1.0
0.035034943444264194 0.24076022505161518 0.7510624760472108 -5.706808109409776e-05 -0.00015152250673221607 -7.504749330356853e-06 0.00014752194356281508 0.0 0.016176088915858176 0.24191300530369653 0.7545955322731632 1.1108378826058416e-06 -3.0094337450021776e-05 1.0122341464947964e-05 2.31349050482055e-05 1.0
0.03514841591572359 0.24066588381226547 0.7509900231445378 5.6343157424404607e-05 -9.008064216449915e-05 -3.659756931153582e-05 0.0001463945124969006 0.0 0.01619067440768913 0.24188776728141687 0.7545998057478106 3.557450946665873e-06 -2.1820906516556236e-05 4.844596231362377e-06 2.9532984920407454e-05 1.0
0.03528212080828451 0.240586749174561 0.7509226537989764 0.00012101559307407705 -6.071881611361893e-05 -6.136851250417133e-05 0.00017762746370193451 0.0 0.016211304182687552 0.24185589671382773 0.7546031449506536 1.594246027621807e-05 -2.504833749898787e-05 -9.334692774219171e-07 4.1112475163348835e-05 1.0
0.03528957080058594 0.24060620309257633 0.750865233984024 5.960223363774247e-05 2.1227592962906443e-05 -6.486975909374356e-05 6.738536095709559e-05 0.0 0.016242773328790507 0.2418245963058665 0.7546069018288013 2.9233939423985325e-05 -2.8766520151904657e-05 -1.4038645566341329e-06 4.357591356636346e-05 1.0
0.0352753922636237 0.24066238149872887 0.7508453154026326 -5.012947868697417e-06 5.068526306762505e-05 -3.044660653141362e-05 5.173817101817072e-05 0.0 0.016244865708837288 0.24180659966711765 0.7546107370793498 1.5609955604380442e-05 -2.7617447044281442e-05 7.369459205495654e-06 1.6930723150223116e-05 1.0
0.03523316631729028 0.24071976802311393 0.7508122153790792 -8.750572824995843e-05 5.667327455430033e-05 -1.806988726208734e-05 7.98811315766399e-05 0.0 0.016251981282321974 0.2417940287651762 0.7546123495125383 8.171855971789996e-06 -1.3636986277752146e-05 2.4712532530548463e-06 1.4948678954937309e-05 1.0
0.03517381347824832 0.24078418780069463 0.7508072347676058 -8.500103971597435e-05 6.113997998350904e-05 4.615127626516e-06 9.398513484535015e-05 0.0 0.016264977997093314 0.24177508430911224 0.7546137926616909 4.022652840483458e-06 -1.2461606906579634e-05 9.721850331804799e-07 2.3558896473234358e-05 1.0
0.03514381680130021 0.24080840749157684 0.7508158568839319 -2.409347711502014e-05 3.1209088412090886e-05 4.129797542848082e-06 3.5438432989843736e-05 0.0 0.01627187005028447 0.24175362414170795 0.7546181835574399 5.448735491682446e-06 -2.0592998517895096e-05 3.6575411094286555e-06 2.3763807792586025e-05 1.0
0.035145837425122624 0.24085784325457277 0.7508396007944405 2.3890633814053152e-05 3.135598077782449e-05 1.8301618035939903e-05 5.173785882622747e-05 0.0 0.016280898121458654 0.24174026682229746 0.7546196485773972 1.1633578712621334e-05 -1.6789391411453055e-05 2.295679540405507e-06 1.5331129171459654e-05 1.0
0.03517971334115445 0.24097113650312318 0.7508799188284565 4.467902068501709e-05 9.958701996371568e-05 3.9809522598107934e-05 0.00012884769983431872 0.0 0.016300307047273203 0.24171828919023186 0.7546234350709008 2.0034876445531068e-05 -2.209508477238272e-05 3.5264176967588217e-06 2.8711522657678272e-05 1.0
0.03519878046504144 0.2411598723596134 0.7509460538359103 2.4945080820026763e-05 0.00019600478791463512 6.562758707605796e-05 0.00020218279015356473 0.0 0.01631832345246677 0.24168575428256184 0.7546317870720685 2.0012090251367402e-05 -3.128673230401533e-05 7.926216118641907e-06 3.943078320098318e-05 1.0
0.03513603020963139 0.2413977379228235 0.7509892901499196 -5.177078059488699e-05 0.000254926525270583 5.112620932859727e-05 0.00024809484000676263 0.0 0.01633862409678832 0.2416463759839164 0.7546366148131887 1.8931419533766355e-05 -3.925440066385801e-05 6.02854608625558e-06 4.4437384327690415e-05 1.0
0.03511144319708102 0.24150176466445805 0.751001068529307 -5.0738531283717515e-05 0.0001404222001911985 1.2290731434799968e-05 0.00010717995495869228 0.0 0.016343653962189043 0.24163519346552995 0.7546360135903936 8.000158434911147e-06 -1.747712669595891e-05 6.407691593601901e-08 1.2008552390629075e-05 1.0
0.035075667161824864 0.24158445366217948 0.751021552826573 -4.602830375636623e-05 6.554063644282952e-05 1.0998354247930075e-05 8.838117802655775e-05 0.0 0.01634155415308759 0.24162022789866536 0.7546380424817187 -3.6345949130612604e-06 -1.1651012066107417e-05 4.7524155034853635e-07 1.4180357324785217e-05 1.0
0.03501535162419452 0.24173775059011365 0.7510538711255533 -5.359914406489657e-05 0.0001083108388723472 2.501818826055284e-05 0.00017218259724718123 0.0 0.016333921530383762 0.24160439929396083 0.7546392733018009 -1.0979784874189724e-05 -1.1340173581977088e-05 6.69449366776383e-07 1.9059787611175327e-05 1.0
0.034985210117738814 0.24183572504254908 0.7510750672433795 -2.8508742677846436e-05 0.00010300957304459226 2.6134213690092606e-05 0.00011032926336288791 0.0 0.016339246972544682 0.2415911268944862 0.7546435523476307 1.8114766266978315e-06 -1.1972598837106194e-05 3.728938546319463e-06 1.5218101957212071e-05 1.0
0.03494501598503994 0.24190376036797942 0.7510794855408123 -3.1109463598813706e-05 8.445825581705142e-05 1.250515110585598e-05 7.124610307251129e-05 0.0 0.016341189362713653 0.2415862209760274 0.7546436584115752 5.511271320530547e-06 -8.276188475128965e-06 1.962466719969746e-06 4.394964459275819e-06 1.0
0.03489346411564408 0.24198529663650684 0.7510783165629715 -5.0382699968114645e-05 8.763250035409957e-05 2.5485317546587824e-08 9.434075442161883e-05 0.0 0.01634430812960496 0.2415723230307936 0.7546447311962426 5.959544403521e-06 -1.4030051824228814e-05 1.328293094782668e-06 1.3631611903848367e-05 1.0
0.03484937233293344 0.2420624178332394 0.7510725247169121 -5.0893895988295156e-05 7.637240659462416e-05 -1.113051009289335e-05 9.611340421121473e-05 0.0 0.016342828086536868 0.2415606392703893 0.7546477227243085 3.934805217920424e-07 -1.2600668793165177e-05 1.9901811729694503e-06 1.359408144674209e-05 1.0
0.03483078013441506 0.24209849772279265 0.7510697032382011 -2.0220732275377027e-05 3.225843008866573e-05 -6.949463019025665e-06 3.92201264157872e-05 0.0 0.016343175686751137 0.2415552029035103 0.7546482535533466 -2.1013580081716945e-06 -5.218732932126743e-06 6.523299530244951e-07 4.976761012894487e-06 1.0
0.034817490698966606 0.24212914456964205 0.7510666592602566 -1.1901554286981378e-05 3.0605288472983506e-05 -1.2041076382453567e-07 2.9181699627564586e-05 0.0 0.01634279978924163 0.2415532396611665 0.7546475717592185 -1.8912487134971793e-06 -2.5542776357320378e-06 -3.294351983967751e-07 1.6061495885918978e-06 1.0
0.03478651495881688 0.24215355018872545 0.751069566374694 -2.4727410071230677e-05 2.659087713267422e-05 5.376409182071632e-06 4.282431092168713e-05 0.0 0.016342749094178342 0.24154708267725217 0.754648746201069 -2.9895532234160537e-07 -4.3454961415407505e-06 6.464540692404422e-07 6.539896370914405e-06 1.0
0.034766345078520944 0.2421723710052643 0.7510735133632607 -2.0966925269271207e-05 1.3634175036288657e-05 4.925785621995834e-06 2.9034062252237782e-05 0.0 0.01633934000815995 0.24154040382479447 0.7546495260008356 -1.7143411687767318e-06 -6.06472311280287e-06 9.464886545046079e-07 8.06041165399658e-06 1.0
0.034760166578403154 0.2421814378451304 0.751075794363668 -1.2365173106261477e-05 1.0779024545285292e-05 2.4053460737483005e-06 9.1440004312373e-06 0.0 0.01634260885732881 0.24153465445364533 0.7546491287698454 1.8898251566284632e-06 -6.549781331775004e-06 -3.171473547944169e-07 6.156834091485609e-06 1.0
0.034748272426951804 0.2421946868772441 0.7510802537025772 -1.1476137406040813e-05 1.5825464709694782e-05 3.4435716826112706e-06 1.768833981172773e-05 0.0 0.016352489005711096 0.24152198493291957 0.7546523521829477 9.511747868758786e-06 -1.3164577543203608e-05 2.8800297539391865e-06 1.6146053007777673e-05 1.0
0.03473982213180549 0.2421904513036542 0.7510828943000099 -6.6539683535504884e-06 -1.1902029829675184e-06 2.126248731321354e-06 1.1803382010252094e-05 0.0 0.01636399875777216 0.24151270539403805 0.7546542205278055 1.2716260184617701e-05 -1.0465908685464084e-05 2.5313245663354286e-06 1.5438155858348875e-05 1.0
0.03471600647056422 0.24218777796670007 0.7510864726897661 -1.947364480187059e-05 -6.631835141356811e-06 3.029348957201579e-06 2.339102916970007e-05 0.0 0.016363232268479983 0.2415029384940962 0.7546544326298423 2.413643215800049e-06 -9.22205017505503e-06 3.989460580553647e-07 9.605407896456893e-06 1.0
0.03468796278417466 0.24218307274224532 0.7510914831770693 -3.0901928931879424e-05 -5.242987977366715e-06 4.701207186097433e-06 2.880334850168657e-05 1.0 0.016357875264515147 0.2414890608981861 0.7546553723599929 -6.602564712156857e-06 -1.2703418442721543e-05 4.7675485162631045e-07 1.4502248269873475e-05 1.0
0.03461757638025659 0.24213031289893316 0.7511087339763229 -6.897095191989301e-05 -4.594057718454712e-05 1.6199739917214547e-05 8.918633234342575e-05 1.0 0.0163578352636691 0.24146863024569123 0.754661433657375 -4.080288187930424e-06 -1.9890991809312238e-05 5.15226417416049e-06 2.1811116520170413e-05 1.0
0.03452642882771085 0.24234682164411392 0.750757401486676 -9.388272903398226e-05 0.0001723014171711892 -0.0002972473955427401 0.00042133774670126287 1.0 0.016311370464996488 0.24125163199774696 0.7548566228250858 -4.075829120533795e-05 -0.000190351135409265 0.0001690342954637216 0.00029318490835307634 1.0
0.034606366046932104 0.242372654309853 0.7506480849232957 4.9805839471985505e-05 8.576611237997816e-05 -0.00019423996724066698 0.0001494837594953901 1.0 0.01646398578466557 0.241200770824224 0.7550059477472566 0.00011991521055026553 -0.00010307530610402788 0.00018333088549542782 0.00022855169656273364 1.0
0.034647833007180655 0.24236555466361312 0.7506118146110379 6.992679613110654e-05 3.7467893829208198e-06 -5.709542248646182e-05 3.6694225388290013e-05 1.0 0.016530303116811484 0.24116779278763167 0.7550828337417894 0.00010303093015841483 -3.5944749078659744e-05 0.00010392273294264557 9.711204368877898e-05 1.0
0.034695360177032765 0.24241247569810656 0.7505681065529146 6.659989455370274e-05 1.4813652972121964e-05 -4.372235851608783e-06 8.275042894116332e-05 1.0 0.016548332303783025 0.24114277643474302 0.755106385436767 3.695816372211503e-05 -2.261441321174928e-06 1.4679899698431895e-05 3.515812737098631e-05 0.0
0.034721123738526295 0.24253720563878428 0.7505931465240167 2.9728163530770282e-05 9.739477822489972e-05 5.556697517748374e-05 0.00014427263661154408 1.0 0.01654649161356546 0.24107826762791074 0.7551587459145959 -1.3404373293341018e-05 -3.7157891609221835e-05 1.4180310644525385e-05 9.108585139286925e-05 0.0
0.03480308827596367 0.24275153770322114 0.7510126699407443 5.813678257116721e-05 0.0002124092558271953 0.00038404202131953546 0.0004720116402358791 1.0 0.015775714047183524 0.23944390450828373 0.7566141219857251 -0.0006849580537243814 -0.0014144413105116513 0.0012415547808819114 0.0023048526495761702 0.0
0.03459855541884482 0.24332704011001108 0.7515776473382969 -0.00017354856017463014 0.0005607405524079902 0.0005844733039562697 0.0008271447567060477 1.0 0.014887520573105786 0.23691410189514314 0.7593513837282855 -0.0009921442563255946 -0.002645168296171606 0.0027670897825530887 0.003880947645909613 0.0
0.03493391814245569 0.24384586286766463 0.7521148985591531 0.0002250615891612127 0.0006078216086239066 0.0005750870598150374 0.0008273409930223822 1.0 0.013895717073320563 0.23425798028434788 0.7625404576649746 -0.0010800186853474356 -0.0029730978968946285 0.003501790443602417 0.004245016229109978 0.0
0.035105268573850774 0.2444976684227043 0.753381382300194 0.00025007907520012656 0.0006436288210048218 0.0011878705965567367 0.0014148079314682206 1.0 0.013283417235879433 0.23309394342031664 0.7641015775855116 -0.0006737069233793699 -0.0014870072986559704 0.0020103267272066853 0.0020066461842535473 0.0
0.03493364176808047 0.24581583317568667 0.7550982326362522 -8.678874650392749e-05 0.0012177741314520173 0.0017160532356748515 0.00218832313577553 1.0 0.012940385255807771 0.23277115187673075 0.764828967955824 -0.0002739062833661242 -9.857674386810311e-05 0.000535091847355722 0.0008272781479884473 0.0
0.035765283943714234 0.2479321568029226 0.7553540158130049 0.0006429680168108649 0.0020758587965714935 0.0005641732142718403 0.002303262543297368 1.0 0.012839537334135268 0.23359559780699934 0.7648032839806891 2.6346472766116492e-05 0.0011871125495623704 -0.000482561564256398 0.0009100428155414166 0.0
0.03614182946275372 0.25145221315986893 0.7569660210199965 0.0005160633187968268 0.0034921060577493284 0.0012583643282884328 0.0038452857899962346 1.0 0.01291294312821526 0.23457705315891 0.7644203012739453 0.00014210599834218825 0.0013294085855674554 -0.0007097528895701618 0.00109198966664825 0.0
0.039167744405375314 0.2500556622091175 0.7614328260742989 0.002681204410135907 -0.0004102682921203919 0.004040436142145635 0.005606741576346562 1.0 0.012964116375640017 0.2349292775984951 0.7642484987529032 3.00503324683396e-05 0.0003763535499261899 -0.00015029845142426905 0.0003596075575676384 0.0
0.04502620907402837 0.2527193045870621 0.7591193847058375 0.005797776227323606 0.001517787609607829 -0.0008831906194758802 0.006857655203479639 1.0 0.013020620084034828 0.23543549060600755 0.7640746560193384 7.492773815932232e-06 0.0001403272729098154 0.00012286474521411793 0.0004621942626795044 0.0
0.04963638332224587 0.2563013014347477 0.7561985031007769 0.0054882030441033534 0.003291855972351165 -0.0033652118991721373 0.006499197960819908 1.0 0.01299991417337257 0.235997377835749 0.7640056183485326 -6.938339069960289e-05 0.0002947454823962539 0.00013409569091719963 0.0006262557784111732 0.0
0.05289642240120606 0.25862756590520886 0.7548666210219116 0.003559814467487965 0.002928355700258649 -0.0024077936601219845 0.004201259335529706 1.0 0.012953448873784565 0.23649735718129902 0.7639613548341283 -6.683923775491099e-05 0.0005137080137565513 -3.893665309727054e-05 0.0005229500027110773 0.0
0.056576262717863056 0.261155035992979 0.7537513802459298 0.0030443740612323984 0.0027911604759181877 -0.0013310168495812486 0.0045740986448953354 1.0 0.012912751664943477 0.2370674442209644 0.7638597037635929 -5.174165048543733e-05 0.0006489895220478706 -0.00011538885704444335 0.0005544597837567494 0.0
0.059525194192176736 0.26296745695630724 0.752972204709621 0.0025251842649134278 0.0019098945295797512 -0.0003636059783998153 0.0036561925112525355 1.0 0.012834908198147485 0.23759494573767437 0.7637694711192896 -5.7996581150287065e-05 0.0006586696422010434 -0.00016561118290329068 0.000537420926089861 0.0
0.062049998585428756 0.26498575854052825 0.7529731965985753 0.002329342680366287 0.0016087789297034357 0.0007031151145600375 0.0031967315646292387 1.0 0.012692387786103113 0.23810177968518384 0.7635881269388928 -0.0001188480111274295 0.000510629631643093 -0.000210540000195866 0.0005712437431653823 0.0
0.06352556259327007 0.2662371953507704 0.7533240137542436 0.001870306903791261 0.0009443439084206476 0.0006335180126717248 0.001923851069537128 1.0 0.012576316117965704 0.23842708616801583 0.7634731001361349 -0.00012572572833281326 0.0002974126471215775 -0.00013273281424757381 0.00035786600091255636 0.0
0.06585399750955254 0.26857286813789105 0.7547980412149629 0.0023055062374949327 0.002472530328626506 0.0008218008585170766 0.003580350272607697 1.0 0.012421335877203206 0.2389768836160531 0.7632170220051303 -0.00015060323452083013 0.0004994558178875936 -0.0002360351259901916 0.000618845047242788 0.0
0.06815969444405108 0.27068615872071905 0.7554356184345599 0.0022559970406222842 0.002329442931093226 0.0008478571264817895 0.003316895564792575 1.0 0.012300281168384917 0.23928710620592344 0.7629335407156644 -0.00013049508232019296 0.0003559046085616181 -0.00028017505101462093 0.00045458308212182187 0.0
0.07001706370689234 0.27239026284141044 0.75516118024039 0.0020262307017065947 0.0018174099348976479 -0.00011891599746584281 0.002451535496613519 1.0 0.012233857223019078 0.23936859683818484 0.7628599273471387 -6.669112816396074e-05 0.00010783311630785917 -0.00011468777671650778 0.00011733961445150394 0.0
0.07090116598052891 0.273122183606911 0.7548831710126154 0.0011265883278661582 0.0008570290066584065 -0.0005986671526536215 0.0011580204456465267 1.0 0.012206090015368294 0.2393806579916164 0.7628400711075296 -1.7137718267853156e-05 -1.57372133790096e-05 -3.020590177426706e-06 2.6667368541455892e-05 0.0
0.07137922740649251 0.27342757205668355 0.754740571081642 0.0003139603394590909 9.713675869982112e-05 -0.000390831653037208 0.0005968902538138606 1.0 0.012189224155529765 0.2393633341823508 0.7628460153461614 -7.159433393117398e-06 -5.741986293632002e-05 4.385791778257442e-05 3.72525609283013e-05 0.0
0.07149218763243848 0.2734596432935675 0.7546909508685827 -0.00010565800091834159 -0.00016348297054117884 -1.8492255120603515e-05 0.00019089322413683467 1.0 0.012183597959084934 0.2393465422693523 0.7628337575023293 -5.375646546620829e-06 -2.7694743852322494e-05 8.6826980562451e-06 2.979501621010541e-05 0.0
0.07145403935139297 0.27346791606185117 0.754656384899666 -0.00015760636791204655 -8.64729045005647e-05 0.0001652080275516122 9.154439315161005e-06 1.0 0.012175143071274673 0.23933820192478888 0.7628340156260028 -1.0931491226636862e-05 1.444837423776054e-05 -1.1432349571627987e-05 0.0 0.0
0.07147924776439184 0.2735051220079938 0.7546077306431928 0.00014039486829093856 0.00020110809556987685 0.00013784021283561824 6.708841885236282e-05 1.0 0.012170125639407463 0.239330838692363 0.7628380627251925 -1.6115645528035245e-05 3.915686541171553e-05 -3.058753403952297e-05 1.0485432815131356e-05 0.0
0.07153904518313392 0.2735283800639293 0.754563101868114 0.0001738618418066001 0.0001420025549262083 -0.00010728152738639983 7.04264620927696e-05 1.0 0.012171564036603275 0.239329102254381 0.7628343956153731 -1.9896465380620854e-06 -7.015617849509266e-06 -1.1813294679635623e-05 8.65967028879555e-06 0.0
0.07165920579002533 0.273543896836871 0.7544716549824276 0.00017243023812036013 6.26564649730695e-05 -0.00017117705899799974 0.00015955684134716028 1.0 0.012171252451347576 0.23931371346458055 0.7628261921860902 2.724983816205595e-06 -2.5392660843266018e-05 5.411823325388477e-06 1.6904687724645718e-05 0.0
0.07172268251249604 0.27355351999013516 0.754427624528525 6.643416056385798e-05 -2.9750099322934037e-05 -6.83101509459997e-05 7.74264140524848e-05 1.0 0.012172831993190669 0.23931157404783782 0.7628234643221223 3.705718438958545e-06 -1.069068125153173e-05 -1.0214239295559992e-06 3.892337938070481e-06 0.0
0.07180564099256112 0.27356332190319704 0.7543733203885146 6.24597007965129e-05 -1.986000703019491e-05 -4.327347260020385e-05 9.970319369990619e-05 0.0 0.012172682444646138 0.23930301882113225 0.7628221177986351 7.522105007740506e-07 -1.0369372360457747e-05 -7.915309915577401e-07 7.690115376709952e-06 0.0
0.07185263161812463 0.27358219725728605 0.7543270402084865 1.4768168645077576e-05 -3.5442275658258485e-06 -3.5783218686064896e-05 6.977585322465966e-05 0.0 0.012179648185642806 0.2392893482774835 0.7628077060949954 5.868154898169509e-06 -1.2896582834422326e-05 -1.2761656878811477e-05 2.138466841593555e-05 0.0
0.07188768864848183 0.27353290885230314 0.7542594749401668 1.4063247255996565e-05 -3.834753609698127e-05 -5.9568863248871064e-05 9.067123328620534e-05 0.0 0.012178741390754604 0.23926957959387915 0.7627948208491625 3.405743674424151e-07 -1.909006051445928e-05 -1.2820895250910298e-05 2.4238348343239284e-05 0.0
0.0720397524078546 0.272557173740755 0.7550234934932197 0.0001332659343817001 -0.0008498357497653666 0.0006432922338571251 0.0012379842563728727 0.0 0.012187465811830356 0.2392390347596745 0.7627748109873357 7.276613089122404e-06 -3.0454448900872878e-05 -2.0109693176924287e-05 3.697022686604723e-05 0.0
0.07213200019198637 0.27181223294910817 0.7557033119141463 0.00012102448827931325 -0.0009172417986057425 0.0008041241386919512 0.0010507535392902246 0.0 0.012189581852995334 0.23921316061262016 0.7627660332534126 3.917721640936328e-06 -2.8883193144284303e-05 -1.2311594697262819e-05 2.740339235055572e-05 0.0
0.07214459190462588 0.2715905365365547 0.7559152400261031 3.59194214206764e-05 -0.00037667849817141035 0.0003634005630817622 0.0002720404746567375 0.0 0.012191169751480355 0.23920263618432794 0.7627610378913379 1.2629941789048837e-06 -1.3391660043755516e-05 -4.1193423946070905e-06 1.1832400726562364e-05 0.0
0.07213205357331715 0.2712625468023536 0.7562445368616924 -2.7349563527689707e-05 -0.00020603581082681203 0.000240988864088542 0.00043333969745337227 0.0 0.01219073248403309 0.2391945725707701 0.7627590218863898 -8.06560742461253e-07 -3.653760672512921e-06 8.812057466942956e-07 7.967771567897653e-06 0.0
0.07211741222792639 0.27114423498572987 0.7563680436572552 -3.5364267841819845e-05 -9.230935126145197e-06 3.80210442812301e-05 0.00023168191152332537 0.0 0.012191107660144786 0.2391916689426109 0.7627576714843126 -4.441298277315941e-07 -2.9270393644271125e-07 1.7383033657962239e-07 3.8746073473340255e-06 0.0
0.07210208432236069 0.271049362715311 0.7564686946069544 -2.619607781169933e-05 -1.6848364704933515e-05 2.184635949985887e-05 0.00013795129540470106 0.0 0.012191356043362883 0.23918905305455276 0.7627566010745938 4.4354844378437627e-07 -1.3736526704390118e-06 -1.9673742983088995e-06 2.887303549395911e-06 0.0
0.07206612497882896 0.2709332368325185 0.7566122765270975 -2.274016529708219e-05 -0.00014840071781129787 0.00014961968399994485 0.0001508750641483578 0.0 0.012193223476718246 0.23918560346889284 0.7627498361589161 1.7138702890392963e-06 -4.807914242521672e-06 -7.02441533659251e-06 7.2218361198057065e-06 0.0
0.07203570873691505 0.2709221346459319 0.7566485716588203 -1.5797496044807496e-05 -0.00013186065677372284 0.00014628260266727017 6.608748192711741e-05 0.0 0.012192836229972406 0.23918399480468208 0.7627478062062962 1.1250499994530883e-06 -4.380283688753094e-06 -4.702807756934941e-06 2.9852836109742265e-06 0.0
0.07201705528401847 0.2709127586699573 0.7566916994554254 -2.2982858069381314e-05 4.290447729211671e-06 3.900436762246365e-05 5.005803359530705e-05 0.0 0.012194274787711233 0.23918535827352896 0.7627439546716315 7.060910934680379e-07 5.848482039796821e-07 -3.1899645290890913e-06 4.1059000366060915e-06 0.0
0.07201789497773033 0.27085165559148255 0.7567886831247803 -4.706408056290667e-06 -2.3935628582802122e-05 6.384675738930025e-05 0.00010589921234557234 0.0 0.012195784633917489 0.2391860729352507 0.7627390763472913 1.405445945763639e-06 2.0150850253017646e-06 -4.265401589963814e-06 5.21020014254278e-06 0.0
