0.06292619249435327 0.2796772270315058 0.7640738905937884 0.0 0.0 0.0 0.0 0.0 -0.016897663318630126 0.2795705831459313 0.7643152154928274 0.0 0.0 0.0 0.0001333626507906121 0.0
0.06292491294565274 0.27967566751160433 0.7640763900971179 -1.2795487005362594e-06 -1.5595199014950545e-06 2.4995033295338587e-06 3.2119875613946606e-06 0.0 -0.016904947859271467 0.2795700876272494 0.7643152189616487 -7.284540641340487e-06 -4.95518681919993e-07 3.4688212302569355e-09 0.0 0.0
0.06292188924557189 0.2796783530217821 0.7640761953806527 -3.023700080845293e-06 2.6855101777911727e-06 -1.9471646517388308e-07 4.048782730121934e-06 0.0 -0.01692207013664577 0.27957234402855746 0.7643163603766117 -1.712227737430197e-05 2.256401308076139e-06 1.1414149629906944e-06 0.0 0.0
0.0629229438562953 0.2796964876240746 0.7640572254659894 1.054610723402738e-06 1.8134602292496638e-05 -1.896991466332487e-05 2.6264684776687656e-05 0.0 -0.016958695375239488 0.2796377236741851 0.7642832037449901 -3.6625238593719633e-05 6.537964562763898e-05 -3.31566316215115e-05 0.00012547251409096116 0.0
0.06292532473388333 0.2796996407352934 0.764053094437808 2.5931857450187206e-06 3.825027751339497e-06 -4.996489872315854e-06 5.716299701990513e-06 0.0 -0.017023998419382676 0.27962220112627106 0.7642979662430405 -6.541164997963464e-05 -1.1786538659059318e-05 1.2559303207047633e-05 6.700818101621582e-05 0.0
0.06292760606300864 0.2797027565055773 0.7640484419350709 2.139890057640309e-06 1.8727791617323258e-06 -3.2429383256236804e-06 6.04634342047786e-06 0.0 -0.01706602644320498 0.27960164622303907 0.764313825949096 -4.289427082293354e-05 -2.6616218064506126e-05 1.9383881297062156e-05 3.029323210220619e-05 0.0
0.06292923246685686 0.2797006265122073 0.7640498988285489 1.4237270227231902e-06 -3.496357205542561e-06 2.9001402851473464e-06 3.517137615692118e-06 0.0 -0.017106258356181913 0.2795869329945035 0.7643302955485104 -3.675752632549571e-05 -2.2319266738513148e-05 2.009342500327486e-05 6.422741042280255e-05 0.0
0.06292998997923273 0.2796987398280301 0.764051516324639 3.672451045799641e-07 -1.9928684065157037e-06 2.026757900648663e-06 2.237027759288452e-06 0.0 -0.01710889076191677 0.27959966121218044 0.7643236307612378 -2.0414314862188476e-06 1.4247636998197582e-05 -6.64896747983202e-06 1.0662489504964707e-05 0.0
0.06293046937498636 0.2797005608218531 0.7640493974544507 -2.477137389913783e-07 4.995755814651982e-07 -2.65457384318779e-07 2.637724369520708e-06 0.0 -0.0171179715190397 0.2795957760410918 0.764330009864254 1.33031564606199e-06 4.60632162133503e-06 8.738009165967656e-08 1.1230523872581107e-05 0.0
0.06293141370932992 0.2797047003441053 0.7640446449861409 4.578969019201543e-07 5.8749102403229315e-06 -6.191383163842762e-06 5.752104346499694e-06 0.0 -0.01712527752032872 0.27958721258576236 0.7643376950009978 -3.918784552220162e-06 4.4419140338132594e-07 2.511742623547676e-06 1.2648522780101454e-05 0.0
0.06293157283727453 0.27970381506437014 0.7640454030539574 6.457623163374278e-07 2.3265570225406104e-06 -2.8319407048203974e-06 1.858010645991614e-06 0.0 -0.017131134336869237 0.27958044023927664 0.7643442138461061 -9.960910731869926e-06 -4.494075162469061e-06 5.385207436643285e-06 1.2078649237902827e-05 0.0
0.06293153625483318 0.27970156741785657 0.7640478277645298 1.6972145922672897e-07 -3.0886844752420137e-06 3.1335491604395705e-06 2.8179103720193196e-06 0.0 -0.017138342122939125 0.27957205636179006 0.7643527191237252 -1.2440927403798162e-05 -1.7165024362541345e-05 1.3642564551742502e-05 1.336655066460107e-05 0.0
0.06293186811575052 0.2797015943673081 0.7640476821208914 2.6075515650112806e-07 -1.405268830109455e-06 1.3479578356901346e-06 6.430635565344212e-07 0.0 -0.017142884331167473 0.27956648507685533 0.7643579327171537 -6.138903354569372e-06 -7.3790132433910995e-06 6.807362766451987e-06 8.656790122836102e-06 0.0
0.06293113374657146 0.27969814191502845 0.7640517873315695 -6.097235168071077e-07 -3.725098201154696e-06 4.352055568847299e-06 5.3401102925536025e-06 0.0 -0.01712195192229001 0.2795980468069808 0.7643374684887658 1.7715211348276867e-05 2.8584467969845796e-05 -1.808546635813702e-05 4.315519116880328e-05 0.0
0.06293014142839576 0.27969699210573806 0.7640536741820652 -1.0914730089872556e-06 -1.4659863220371451e-06 2.277687818629821e-06 2.582983982541094e-06 0.0 -0.017075575459541387 0.2794792711015988 0.7642371822523923 4.913448553876997e-05 -8.955322548909447e-05 -9.480869980624288e-05 0.00016214422154262864 0.0
0.0629300345901567 0.2796981979098825 0.7640523405030057 -3.329621795064401e-07 1.5959589873649357e-06 -1.5667593902436815e-06 1.5191682727900601e-06 0.0 -0.017007197103704862 0.27903806607610077 0.7639460884491149 7.147015890433056e-05 -0.0004135115817855347 -0.00027767679425239484 0.000532424858805107 0.0
0.06292913806803523 0.279697391784209 0.7640538114179583 -6.657939873211817e-07 2.2237694995700017e-07 1.9026473018762697e-07 1.997499297594412e-06 0.0 -0.01705704533409983 0.2781190958374722 0.763465224986545 -2.6942472938353987e-05 -0.0009156843333394421 -0.0004904628465046875 0.001041727142435234 0.0
0.0629268082352461 0.27969558516933485 0.7640513260769544 -2.121591572298145e-06 -1.8961179313353644e-06 -1.6996020738636306e-06 3.904039640638307e-06 0.0 -0.017431056779229105 0.27528462342851834 0.7617687532763286 -0.00034466428326728366 -0.0026737269101282644 -0.0015720007555273582 0.003307699143132145 0.0
0.06292406917412893 0.27969272612758567 0.764039706660426 -2.8767799410728653e-06 -3.1078939220126624e-06 -1.0588214423417763e-05 1.2318923205904388e-05 0.0 -0.017873359263135838 0.27393607224696265 0.7610438841498407 -0.0004975683414977795 -0.001877322531568091 -0.0010474094534654612 0.0016679601458843155 0.0
0.06292539076166924 0.27969334186233463 0.7640354829157588 4.955223821061877e-07 -3.732496142879212e-07 -6.7710664957379e-06 4.586559284644516e-06 0.0 -0.01842122430572746 0.2724396857764324 0.7602849066631128 -0.0005862689455507561 -0.001454729691553182 -0.0007394728761189554 0.0016407952343435988 0.0
0.06292284421750129 0.27968314386434845 0.7640234279303186 -1.5563991273722053e-06 -8.605488904307514e-06 -1.0648059875829643e-05 1.5448445869827084e-05 0.0 -0.019116982771807817 0.270902190331909 0.7595973594675219 -0.0006877580605643352 -0.001295587306551835 -0.0005511132342120414 0.0018661188959972614 0.0
0.06292166549047941 0.279657905385095 0.7639994401864126 -1.252057042418054e-06 -2.380669686875904e-05 -2.2530912837204086e-05 3.521683897666927e-05 0.0 -0.019918851555651106 0.26918497000658775 0.7589114400903125 -0.0007787788797188219 -0.0015053408005713722 -0.0005561376704502697 0.0020816220439340088 0.0
0.06293308301701481 0.27962228880412404 0.7639658653881614 9.598892233824785e-06 -3.721315307171917e-05 -3.392176860009842e-05 5.0681959528292194e-05 0.0 -0.020603213074391877 0.2671324658138551 0.7579561020877496 -0.0006954831260390383 -0.002014408166638376 -0.0008977422311269913 0.002337394721442931 0.0
0.0629409453543795 0.2796101616671684 0.7639596751071275 9.938870137119362e-06 -1.909194081018089e-05 -1.2468675543556063e-05 1.5698829336987164e-05 0.0 -0.02076898594526618 0.265593217358259 0.7568008345508971 -0.00022463351414274478 -0.0018171058374207645 -0.001251262898803141 0.0018840441628666 0.0
0.0629458821794337 0.27960645597467176 0.7639501416587996 6.259885334563458e-06 -2.225749246315528e-06 -6.4980611051295185e-06 9.616937066946027e-06 0.0 -0.020992699704620216 0.26434256672881085 0.755527820245793 -0.00012713039505830878 -0.0013927933941760618 -0.0014164520821151835 0.0018280194610854389 0.0
0.06294613891580653 0.27960073390649226 0.7639494464046402 2.3127559757337556e-07 8.42062846439334e-07 1.9776442118614557e-06 7.315800396624048e-06 0.0 -0.021198188082177705 0.2634948253732559 0.754397779683754 -0.0001340712568601411 -0.0006750595661500392 -0.0011287419570818085 0.001425056356911702 0.0
0.06293844006380811 0.27957609018358215 0.7639192375878927 -8.533529938691763e-06 -1.85665950791865e-05 -2.2632192038773585e-05 4.0013177735192386e-05 0.0 -0.021421953668450375 0.26306226082592826 0.7537240135260573 -0.00023263297423180247 -0.00036253657643722163 -0.000711132238777157 0.0008438379692391831 0.0
0.06293347322697514 0.2795287886350525 0.7638791141262068 -8.154734128661182e-06 -4.882223382570832e-05 -4.387487188661875e-05 6.236839324163423e-05 0.0 -0.021490926377947393 0.26279973524411915 0.7533954780380541 -0.00015845032039289687 -0.00019629268968830217 -0.00024779998438476363 0.00041277850549895664 0.0
0.06295394640297981 0.2794931692702216 0.7638616730725594 1.6856264408011317e-05 -4.6628690594979275e-05 -2.8560608162175063e-05 4.395082833940276e-05 0.0 -0.021428297563543846 0.2623218580004004 0.7528808560333409 1.3126219572692191e-05 -0.00045526999003197774 -0.00035246409018139233 0.0006985097316681412 0.0
0.06295806544324084 0.2794836170375599 0.7638435353524796 1.1978450716804053e-05 -1.588622216717849e-05 -1.748739519261954e-05 2.0140286257939377e-05 0.0 -0.021353829936068013 0.2620242878343955 0.7524235382730701 0.00011684736728293725 -0.0004246667465896696 -0.00046921418690027783 0.000582083165091502 0.0
0.06295443677440328 0.27947153220283694 0.7638325152966953 -8.35229821297343e-07 -3.145143601955093e-06 -5.526102553375505e-06 1.6878023363722507e-05 0.0 -0.021347400733412625 0.2618632520521169 0.7521675806069057 7.093453076768646e-05 -0.0002219447179590741 -0.00036630931661141546 0.00027842197645107933 0.0
0.06295509624236997 0.27947074896499813 0.7638232924091132 -2.7096008232398683e-06 4.815839038374353e-06 -5.296216363623152e-06 1.1065117002730665e-05 0.0 -0.021357605638637617 0.2617730749006811 0.7520630969664813 -3.27306354673389e-05 -9.589958559376704e-05 -0.00017311688180527275 0.0001251004919419175 1.0
0.0629551479549122 0.27947055418189803 0.7638185316798051 -3.00670465381069e-06 2.0595660669603516e-06 -4.512515526213405e-06 4.0135356633320285e-06 0.0 -0.021383414012900205 0.2617619162414612 0.7520294088543757 -5.876377594379257e-05 3.265120867949477e-05 -6.838975606227862e-06 6.136431528842509e-05 1.0
0.06295515010982491 0.2794820421947919 0.7638209657215299 -9.73109280095042e-07 6.7482228406276555e-06 -1.7199232027621064e-06 1.0854310204151679e-05 0.0 -0.02144813922773943 0.26182930227128065 0.7520248822365382 -7.934055285493778e-05 0.0001068661991570157 6.020363869477718e-05 0.00010119527531643295 1.0
0.06295187801347032 0.27947773792425934 0.7638292341904238 -7.624666299811342e-07 -4.207150989693756e-06 7.487830611148497e-06 1.0556563589508048e-05 0.0 -0.021418770366937047 0.2619592487287965 0.7520781654507216 2.3392604880722857e-05 0.0001271793144145378 6.0588181546118725e-05 0.00013350579633879505 1.0
0.06295103203452165 0.2794825526941123 0.7638256626694035 6.203899733184242e-07 2.4735801446623936e-06 6.003893007816894e-07 6.031936249872345e-06 0.0 -0.021270640858304945 0.2621240668385736 0.7521031644647617 0.00015680719096529088 0.0001423521833362927 -5.10363806612295e-06 0.00022254310211988542 1.0
0.0629459113327684 0.2794912309745672 0.7638081010519295 -5.9826605995706455e-06 8.295069126519044e-06 -1.7240543231842472e-05 1.9711454352015675e-05 0.0 -0.01909110068994798 0.26163158171945905 0.7524547682088742 0.001924924785021162 -0.000389274063344447 0.00029023623493774204 0.0022438676892312416 1.0
0.06293177587473317 0.27947711724291857 0.7638276680159032 -1.3702452029717348e-05 -1.0647724228468383e-05 1.0328304867722908e-05 2.8739170796433454e-05 0.0 -0.015054425157574993 0.2602264067473555 0.7539487371506048 0.004076029369085567 -0.001370218547977888 0.0013788010274110613 0.004572230449567099 1.0
0.06292229325601317 0.2794713637449017 0.76383800490293 -1.132205325424425e-05 -8.523813195919661e-06 1.4094415263169897e-05 1.521128372643583e-05 0.0 -0.012297699778112611 0.25870820065368283 0.7552279841774537 0.003440550578977149 -0.0017195779635061509 0.0015128354819107777 0.00342143272065469 1.0
0.06291215750239866 0.2794678972557572 0.7638262968581799 -1.0443480503770624e-05 -4.840059084558636e-06 -4.606617006780828e-06 1.4761066822333187e-05 0.0 -0.010201160224064212 0.25700371925227455 0.7564692734493312 0.002213942825051553 -0.0018088163871929541 0.0013567878642990895 0.0028487158463631587 1.0
0.0628519822652523 0.2794570848150617 0.7638205104262059 -5.24297043266148e-05 -8.631499826767787e-06 -8.062116819769895e-06 6.169162569266564e-05 0.0 -0.008364925732141386 0.2550667933863923 0.7573448274678477 0.0014253679641588542 -0.001882591206076586 0.0008702374312171501 0.002852049414234453 1.0
0.06279728923662899 0.2794182096497162 0.7637926651127466 -6.16716333910019e-05 -3.515627222431618e-05 -2.8131956353388445e-05 7.453822846284264e-05 0.0 -0.006640413930476687 0.2531815227537199 0.7578766097178834 0.0012754269588049175 -0.001801227303196258 0.0003949059048548367 0.0027027988283000477 1.0
0.06274821352830656 0.2793799993727121 0.7637695333284215 -5.454894640247934e-05 -4.12454509652271e-05 -2.9432095121215967e-05 6.484519122000476e-05 0.0 -0.005485422485967544 0.2520144797475972 0.758251157565496 0.0011235849148747046 -0.0011871283951600975 0.000214207142149538 0.001648735522672536 1.0
0.06263527183473692 0.27935345297420977 0.7637503595404409 -0.00010302606592505799 -3.196788490903416e-05 -2.026180108034419e-05 0.00011587345884712412 0.0 -0.003899031690452216 0.2502216057327205 0.7591779597522276 0.0017325566021983145 -0.0016065910976316533 0.0008193262406528698 0.002482914333291505 1.0
0.06259183972071165 0.2793361031902836 0.7637495640739465 -5.768840322651668e-05 -1.8156384726067973e-05 1.9208750784457563e-06 5.055864595542741e-05 0.0 -0.0025310957765620106 0.24986275130906554 0.760582542912573 0.0016187241023735408 -0.0005884149971956908 0.0015156976013675704 0.0020895233313018733 1.0
0.06258235874193145 0.2793159999049934 0.7637364238625105 -7.807596129656326e-06 -1.321256935543933e-05 -7.278709439445934e-06 2.2807798677912336e-05 0.0 -0.0010519213209032494 0.25042757097309937 0.7621294865432163 0.0014348296961744786 0.0005714562850696043 0.0017110184454234027 0.002171652598919255 1.0
0.06257494752031363 0.2792559416527772 0.7636945080344958 4.972879670512032e-06 -5.095607612313559e-05 -3.74062916844011e-05 7.30398884946123e-05 0.0 0.0009112848924116231 0.25118555052399766 0.7637953008262082 0.001901889325527234 0.0009542927375517311 0.0017736053500762253 0.002670922606991923 1.0
0.06258511995841637 0.27921218971786127 0.7636615586064552 1.3795654046144949e-05 -5.3398579697046306e-05 -3.9929819246921783e-05 6.011329039549602e-05 0.0 0.0020318600319135724 0.2515255846596695 0.7645001198992152 0.0013169470430626881 0.0005130566330137695 0.0008164846617033025 0.0014093976454247117 1.0
0.06259380804067621 0.27918960388387704 0.7636474828020128 1.1453285234823032e-05 -3.200345996952754e-05 -2.2602684136274105e-05 2.55027700120286e-05 0.0 0.002965323490172463 0.25204524505017145 0.7650917597232904 0.0008779288208529779 0.00038149450186852614 0.0003697967794479294 0.0011756768653896515 1.0
0.06260275256994019 0.27917172524583544 0.7636319761877025 2.4664835168748808e-06 -1.4231135027152735e-05 -1.1803650806165593e-05 2.2138998148576647e-05 0.0 0.003447727461088917 0.2524339113636965 0.7654313038325861 0.000382713078060398 0.00022470187864611605 0.00016963218859633778 0.0007157180229658586 1.0
0.06258577703132917 0.2790767224348664 0.7635503871526551 -2.194625143676485e-05 -7.625069859621278e-05 -6.632623765390864e-05 0.00012915505088725756 0.0 0.003931169322417206 0.25272586143849857 0.7656956276902117 0.00037542281264515585 0.00014860949802356777 0.00023606640131945195 0.0006585209155369875 1.0
0.06260095795333531 0.2789649947088613 0.7634620455787051 9.784367811983927e-06 -0.0001168705099357931 -9.368008020566412e-05 0.00014675878880015788 0.0 0.004829695207219884 0.25262316330433354 0.7661603245927439 0.0008013300405731952 3.605592104524106e-05 0.0005040683432826549 0.0009927486102113809 1.0
0.06261903385932081 0.27892185674560027 0.7634285755639049 1.9988171774222178e-05 -6.774873973338905e-05 -5.330763330267816e-05 5.3870198594659385e-05 0.0 0.005519410068910639 0.25265977574723575 0.7664839398723186 0.0008746573684319406 3.4404496451376595e-05 0.00046930159371653024 0.00076245373333486 1.0
0.0626459478789231 0.27887589483790914 0.7633911442421121 3.0051691647200214e-05 -4.3232188879474244e-05 -3.3640931696198175e-05 6.093085537945916e-05 0.0 0.007264642855946047 0.252729229968811 0.7671676367417137 0.0017175034627725319 5.013260230767784e-05 0.0006884317785852102 0.0018636092055300704 1.0
0.06263160744581137 0.2788270911103488 0.7633373095962506 -3.314389696496899e-06 -3.296475460972594e-05 -3.88431589874772e-05 7.941721481184023e-05 0.0 0.009328632932025604 0.25228790587676597 0.7675899860742346 0.0021260891181784708 -0.00035822755773393404 0.0004560774615644913 0.0021764499749732298 1.0
0.06260402060047748 0.27881737083646946 0.7633227973156084 -3.115078145578614e-05 -6.010615905746887e-06 -1.490252834048936e-05 3.529784342992604e-05 0.0 0.009919375553306783 0.25220809328049887 0.7676747010233362 0.000925595772913476 -0.0001404923750297278 0.00012231556286532738 0.0006130005132219179 1.0
0.06257894077100275 0.27880173708040273 0.7633091625901993 -3.521467018353488e-05 -1.321813809823259e-05 -1.3994492879557814e-05 2.6856261512755446e-05 0.0 0.010318525301174554 0.25220913524143235 0.7677131645746461 0.00020588724306039134 -6.254465696590365e-06 -5.687589101944189e-05 0.00032680376850277126 1.0
0.06255077651154381 0.27878539497483446 0.7633004758055546 -3.2203365711123185e-05 -2.360379318152461e-05 -1.372853909398071e-05 3.4567678798410706e-05 0.0 0.01075273489815421 0.25216514431641 0.7676700722341214 0.00014248951128651935 -8.714756307274564e-07 -0.00010627682732059998 0.0004901411510931713 1.0
0.06253872213031061 0.278782713443323 0.763296125701431 -9.273460348484729e-06 -6.79061237376176e-06 -3.3376732722113507e-06 1.600457177816872e-05 0.0 0.010894580361993415 0.25211498125058784 0.7674301619298776 7.144893382410344e-05 -3.172079280286622e-05 -0.00022259981238860314 0.0003349313628731805 1.0
0.06251785887358588 0.2787749324747056 0.7632805874395694 -1.2643216816697013e-05 -3.6302863791089213e-06 -1.0906808573889911e-05 2.4674728738031997e-05 0.0 0.010255831883748737 0.25211760612800227 0.7667051818740684 -0.000485928761889016 1.191677451946308e-05 -0.0006532624935874109 0.0008973149408563838 1.0
0.06250593310507371 0.27878384791587135 0.7632553439595278 -1.0464705258126642e-05 4.3026078086971315e-06 -2.8696470915465034e-05 2.9833875417218964e-05 0.0 0.009798180344302295 0.2523250529360998 0.7662431314680768 -0.0004063243756864516 0.00015246534116496654 -0.0005286859260671495 0.0006946568221305104 1.0
0.062499307538258476 0.2788162180379199 0.7632033677905213 -9.909632717559311e-06 3.0802558935098096e-05 -5.3011001325084246e-05 6.213023172634998e-05 0.0 0.008507507360542366 0.2526533315050344 0.7653201992925805 -0.0011902297943116574 0.0003035307200897491 -0.0008828211645501475 0.001616886734379001 1.0
0.06250122682343304 0.2788211429489647 0.7631892772082368 3.9770758731391646e-07 1.5792416507095734e-05 -2.247746175968412e-05 1.5550560173762613e-05 0.0 0.0068782750956134725 0.25258268557402636 0.7645358904989915 -0.0017560474949527526 5.708156367033529e-05 -0.0008353162775093768 0.001829140807121171 1.0
0.06250397492389556 0.27882098763175023 0.7631818039550179 4.026397943122348e-06 -1.664305559898745e-06 -5.656873618616675e-06 5.618598122892739e-06 0.0 0.005121421970311173 0.25210653159742 0.7640397114753359 -0.0018040145647860043 -0.0004586426298017486 -0.0005136425097320859 0.0018792772901769133 1.0
0.06250401245244779 0.27881572793505915 0.7631767157068443 1.1812784719094834e-06 -9.825314768499365e-06 2.307901978319012e-06 8.748797415918241e-06 0.0 0.003261216519348524 0.2514505246808993 0.7638466161975869 -0.0018447429737254374 -0.000762813102430371 -0.00016199111051802111 0.001970160424737884 1.0
0.06249149946841144 0.27881021298580455 0.763170204532352 -1.1087289421823664e-05 -9.44916012717223e-06 -1.4383959714021197e-06 1.614204003933528e-05 0.0 0.0021381445094297165 0.2509420468450146 0.7639751451685767 -0.0012109193381875103 -0.0006345012802019019 0.00016981082232581283 0.001248786595970283 1.0
0.06247817891617878 0.2788124264192337 0.7631723959207067 -1.7281493487700386e-05 2.9928044311851953e-07 -6.583566308656314e-07 1.3320360652168865e-05 0.0 0.00154619896829475 0.2505896439756335 0.7643085637865112 -0.0005258562310372672 -0.00034846700430227076 0.00037900646595071273 0.0007656351874753755 1.0
0.06246075549144228 0.27881974962159045 0.7631849111820828 -1.875244171090555e-05 1.156306804150039e-05 7.651589268491277e-06 2.1045409342695603e-05 0.0 0.0007782972109892653 0.24995721029654874 0.765050795003751 -0.0005149615535512456 -0.0004664877750610452 0.0007368290011132639 0.0012245731696174074 1.0
0.06243896216434954 0.2788130287829548 0.7631743617472088 -2.1393933465795495e-05 -2.1393582869263465e-07 -7.864229747842334e-06 2.6472418408358673e-05 0.0 0.00048240080867769015 0.2494053255897034 0.7654555865763327 -0.0003576315187319441 -0.0005181697740548629 0.0004474227823577559 0.0007943423977879033 1.0
0.062412676944067685 0.27880372316759744 0.7631734292088225 -2.4782106031910934e-05 -1.1708767206479875e-05 -1.778323766335948e-06 2.7698176455621915e-05 0.0 0.0004287301984285736 0.249098800591652 0.7656862508587188 -0.00012277045731241137 -0.00038494690460395923 0.00020722226401028452 0.00034891996792221747 1.0
0.06238055617094528 0.2787994375728397 0.7631764916261594 -3.116009218467438e-05 -8.050352776192262e-06 8.43734360789955e-07 3.24203965648678e-05 0.0 0.000588591396989379 0.24878783610848762 0.7657236681596503 9.78556141169669e-05 -0.0003203317904569062 -3.1334219026004956e-05 0.0003303221533470773 1.0
0.062356182818305475 0.27879589877288596 0.76317588258026 -2.6457129097135913e-05 -4.773253769863162e-06 9.411230372115022e-08 2.477645568863815e-05 0.0 0.0008035545303294501 0.2487920717980038 0.7656091246229422 0.0002196863227036318 -1.4163661744607766e-05 -0.000179097998722268 0.0002830001368200987 1.0
0.062338585662497226 0.27880409381529075 0.7631867289493001 -1.8276151254259205e-05 7.965899772333201e-06 1.016119263799873e-05 2.2054046702167933e-05 0.0 0.0009576389487112604 0.24886148885521253 0.7654795502501652 0.00021621044031268875 0.00013122467926532735 -0.00015817902224204132 0.00021261546483599672 1.0
0.06231777794666206 0.27880701297096844 0.7631927953486843 -1.7666405765998407e-05 7.4216406689187385e-06 9.650864942516208e-06 2.1869127377502734e-05 0.0 0.0013512758265230116 0.24914844812897916 0.7651554801957547 0.0003322323116508052 0.0002878555124937012 -0.0002602468712870394 0.000558027704578738 1.0
0.062310796995515 0.2788074468809907 0.7631952081267955 -7.876015540346464e-06 1.7433278190448768e-06 3.3675381052926524e-06 7.832283192576242e-06 0.0 0.001872139701136846 0.24949488301509237 0.7647685032418142 0.00047072745664668227 0.00033417288831498574 -0.0003416953044216203 0.0007580521693529857 1.0
0.062308868252931984 0.2788063938707827 0.763196479337082 -1.514471539268599e-06 -3.3248490517718995e-06 -1.4208057414617596e-06 1.9687916369472135e-06 0.0 0.0023098820191271865 0.24987878198851504 0.7642734745358889 0.0005030313812399309 0.0003883464972407332 -0.0005029377978020713 0.000759156681336423 1.0
0.062306163819982996 0.2788008821153318 0.7631906853870938 -1.7833066260901256e-06 -6.7608119135241745e-06 -5.467135913625795e-06 8.46298747610729e-06 0.0 0.0025147610331041734 0.25017480310622087 0.7638188191681038 0.0002569714198590201 0.00030376877562339835 -0.0004784488328623782 0.0005702049817444478 1.0
0.06228575282070983 0.2787942361167263 0.7631789235191901 -1.8219365489574918e-05 -7.5360422750818205e-06 -1.2342706905463104e-05 2.5003595408780992e-05 0.0 0.0027584768319507077 0.2501026742521135 0.7634523522344558 0.00019351677968292363 -5.7153199093840264e-05 -0.00037940695123376113 0.00044899668884706365 1.0
0.06227880989485941 0.2787946563550356 0.7631782603382768 -1.1931242378224213e-05 -6.400420056263949e-07 -3.5416428447216828e-06 7.205582088173685e-06 0.0 0.002962475464642783 0.25000088592563313 0.7632589229146226 0.00015804886318198156 -0.0001638624868827433 -0.00018772710018414635 0.00030809933052339207 1.0
0.062266220152834666 0.278788560764684 0.763176433121337 -1.3237592155582515e-05 -3.068314832283207e-06 4.777091547173715e-07 1.2657451259820297e-05 0.0 0.0034909426530305605 0.24971958658011248 0.7629682766186502 0.0004709398034058288 -0.0003111337692381442 -0.00022529545595437894 0.000657536675582374 1.0
0.06224438832509721 0.2787936780868304 0.7631909936468816 -2.044636000057564e-05 3.6593170411378683e-06 1.3868745052757913e-05 2.7587186457941598e-05 0.0 0.004310742853329072 0.24893892194311665 0.7627982423890737 0.0008640506607437131 -0.0007196637282600992 -0.00018682829399083352 0.0011536602762582527 1.0
0.06223230259438479 0.27880266998236836 0.7631803767132924 -1.2848568065516579e-05 9.587591495315142e-06 -3.942102145120952e-06 1.933657911161575e-05 0.0 0.0047327155347912705 0.24823789159092757 0.7629470167562745 0.0005862334825262332 -0.000759383995113757 9.391873453183078e-05 0.0008364240693236335 1.0
0.06223126257494552 0.27880474080738804 0.7631774259360155 -1.5936764251188836e-06 4.357252539915236e-06 -6.084721141640583e-06 2.7360070502926597e-06 0.0 0.0050679321853609295 0.24758262592962285 0.7629933155239862 0.00032309474300328824 -0.0006713040220949222 8.869829812461805e-05 0.0007087448344144435 1.0
0.06223265351839872 0.2788046440103819 0.7631755316850558 3.203519818418899e-06 -6.532015114547359e-07 -5.353793912760131e-06 1.6984363058714173e-06 0.0 0.0052834728748226145 0.2471841029215807 0.7629751470983912 0.0001292306528773057 -0.0004021850348209382 1.017121752155465e-05 0.0004656122528753562 1.0
0.06223408172738604 0.27880473018829655 0.7631741014423405 3.07110169020876e-06 -1.6637301358952888e-06 -2.3352764703290578e-06 3.36186682908842e-06 0.0 0.005632227275075731 0.24708102629573114 0.7628392930513981 0.0002496415999953497 -6.701783241609829e-05 -0.00013838862868761225 0.0004027914666619836 1.0
0.062232693051257094 0.27879762139717806 0.763168212742497 2.731106603257351e-07 -7.134327834611426e-06 -3.468951097792323e-06 9.121918300127874e-06 0.0 0.00619767421982402 0.24728443385899515 0.7627177882627518 0.0005427312542271286 0.0002708404553317078 -0.0001747209536142053 0.0006070140486784618 1.0
0.062234859776424824 0.2787923292004761 0.7631679723023255 -9.259690298755935e-07 -6.841403047723607e-06 -2.693311366725651e-07 5.3874404867568044e-06 0.0 0.006671524122997079 0.24761110453927598 0.7624137253234229 0.0005976460401427679 0.0003693439022266861 -0.00031824123837265547 0.0006505911381661556 1.0
0.062235272987255286 0.27879073710319674 0.7631673908373737 -1.1545524728166536e-06 -1.1506291125996055e-06 3.4516140836290817e-07 1.5392191620451082e-06 0.0 0.006948529441957836 0.24790267356269582 0.7621686650460797 0.0003615388811938607 0.000287499929290519 -0.00025699663364659944 0.00047023501528749593 1.0
0.06223615023553009 0.27879256516311934 0.7631636065218826 1.3477735544053616e-06 2.612132976057224e-06 -4.690866042722602e-06 4.392999854515285e-06 0.0 0.007010822214321727 0.2479334631722834 0.7621591628186462 2.5233283741354462e-05 3.26140538852174e-05 -1.646144086641887e-05 5.984703435093293e-05 1.0
0.06223527659349482 0.2787890300517626 0.7631672106900563 2.3618027557373277e-07 -1.6745470414113553e-06 2.959578593921274e-06 5.455703094377493e-06 0.0 0.007011623793417872 0.247740445196329 0.7624115019023139 -8.146111292278837e-05 -0.00025657949552230564 0.00025857374580398476 0.00031725514090630595 1.0
0.06223448272404308 0.2787898467916917 0.7631664950015262 -8.92132099101393e-07 1.9129157517267043e-07 5.136651241493298e-07 1.3577519038475865e-06 0.0 0.006908270245354115 0.2476114671888421 0.7624840916057201 -0.00014452587583647415 -0.00022519207098839445 0.00017551153752000685 0.00020647998748741494 1.0
0.062235389147760084 0.27880027919940553 0.7631720225603627 3.3231047767364697e-07 8.622044709679504e-06 4.524728006180172e-06 1.128291060707528e-05 0.0 0.007064167908464228 0.2475678057884125 0.7626261486870171 0.00013050569348634194 -6.401874004505225e-05 0.00014131881775377323 0.00019873679549315028 1.0
0.0622334406569176 0.27880078436823796 0.7631731058150593 -1.4125123159876988e-06 2.621928645421055e-06 2.020879534482188e-06 2.9715175336982836e-06 0.0 0.00729757643909306 0.24768193886527282 0.7626412153344889 0.0003001455237154693 0.0001589698978842528 -2.858874215640219e-06 0.0002520039423424131 1.0
0.06223317678227188 0.27879478678630015 0.763165898974385 -3.1364144730468903e-07 -5.048608523166377e-06 -5.883929664255233e-06 8.829072481230697e-06 0.0 0.007412198535444981 0.24770609794967985 0.7627220346369015 0.00019442690151548166 0.00012266195644177106 3.2607299489704285e-06 0.00015149518595802326 1.0
0.06223447778636787 0.27879269871426193 0.7631657692452176 9.951330999362229e-07 -4.4448002933362775e-06 -3.1122999910043685e-06 2.7652135474335364e-06 0.0 0.007401308368625063 0.24765361020808266 0.7627944158860416 2.7654832377958663e-06 -2.0569259105593168e-05 6.180971293318955e-05 9.120312887018816e-05 1.0
0.06223482741584698 0.27879096885214 0.7631666383520033 7.983315198332782e-07 -2.989642015053757e-06 2.4785183512298714e-07 1.8523998351720237e-06 0.0 0.006864332334187572 0.24840635305002287 0.7630509184501933 -0.0005233878338124249 0.0005873708304853748 0.0002612783597367526 0.0009443376200955766 1.0
0.06223519520952339 0.27879165718357635 0.7631651902924272 4.007289215079695e-07 4.7605302661180644e-07 2.8121440180195046e-07 1.7188852784943885e-06 0.0 0.006669881636661063 0.24886805044106466 0.7630213664572261 -0.0003664087374801396 0.0005688631460283058 6.147378109272164e-05 0.000543426180786353 1.0
0.0622242681831643 0.2787906796171453 0.7631579819018857 -9.347671974876293e-06 1.3476153572141038e-06 -5.811242186086331e-06 1.2934660400142834e-05 0.0 0.0068357698477343205 0.24930514000366097 0.7629609323944274 9.337025738109889e-05 0.0004945160181194692 -8.204549786581513e-05 0.00042698636432583883 1.0
0.062218672556461775 0.2787915671280895 0.7631584702671164 -8.090955925021186e-06 1.6972154948197993e-06 -1.098920831806036e-06 6.3249942581484e-06 0.0 0.007408938834651716 0.2493064519964281 0.7628923459221885 0.0006478058938794884 4.376492313903801e-05 -0.00010548989917690133 0.0005760001371792966 1.0
0.06221411087319245 0.2787898079851263 0.7631616252767427 -5.5976833555416704e-06 -2.3472635308106952e-06 2.2034341408733754e-06 4.93880935136778e-06 0.0 0.008314628446328715 0.24910837392128518 0.7628986298693747 0.0010258558207920812 -0.0002886582514310893 -3.4814431495179196e-05 0.0009561367271875166 1.0
0.06221023506057263 0.27879132485449365 0.7631608742218344 -2.992215213127915e-06 1.537098179372617e-07 5.735530600717125e-07 4.522625851411313e-06 0.0 0.009752206673797587 0.2483438531829694 0.7629307410100254 0.0014683082217645375 -0.0008177675243682107 5.205944435769358e-05 0.0016282768595552838 1.0
0.06220784476416803 0.27879029975645575 0.7631623861252737 -1.232642751761065e-06 -3.1873876946620136e-07 2.187376499203587e-06 3.277270978533653e-06 0.0 0.01123685172435973 0.24686268135167966 0.7626256284164169 0.0015260538829936048 -0.001468956090372335 -0.00021834087668057132 0.002102125476659653 1.0
0.06220150326461835 0.2787720031954811 0.7631542724752157 -5.014857976616573e-06 -1.583371505854363e-05 -6.987916864167411e-06 2.0771458406026085e-05 0.0 0.012333824019414108 0.24406277612230223 0.7611563217552837 0.0011124805164653732 -0.002681693427017324 -0.0013297740847399225 0.003343990954647347 1.0
0.06220212781327975 0.2787441470343457 0.7631285310097072 -1.2025366193576197e-06 -2.8995981803723807e-05 -2.5383316695961126e-05 3.8109028593393546e-05 0.0 0.015662574358817644 0.24239138712722877 0.7596186388658489 0.00291735252650925 -0.00206691939464277 -0.0017595020457994378 0.004046945860172086 1.0
0.06221284095786506 0.2787281155659623 0.7631213090244878 8.783815571472384e-06 -2.1342864790237745e-05 -1.387282434669317e-05 2.0973936666956857e-05 0.0 0.016918445605298937 0.24140776882230908 0.7596239515452662 0.0017604019058257124 -0.0010088541211670983 -0.0003749280737729626 0.0016144661579228152 1.0
0.06220684274812918 0.2787141666793894 0.7631169547011654 -1.1948233283599118e-06 -1.3638077053088889e-05 -3.610987223701492e-06 1.4453568629973108e-05 0.0 0.016490964371337662 0.24071560597546862 0.7593281697160879 -0.00023924073079300835 -0.0004114820494150236 -1.6313365276367318e-05 0.0007693649052662958 1.0
0.06218197120724842 0.278701564372158 0.7631026083465509 -2.305261419015127e-05 -9.483937221458597e-06 -9.385694010808805e-06 3.1825291176061575e-05 0.0 0.015311802463768197 0.24033450715803467 0.7588586742978418 -0.001513068425362316 -0.00012384729328626318 -0.00015895360095915338 0.0013838165418010306 1.0
0.062136363377333526 0.27868359010559335 0.7630804031817341 -4.7610586164062106e-05 -1.4075234799301255e-05 -1.9980702615291633e-05 5.503936660870797e-05 0.0 0.013413992749663175 0.24036490703091107 0.7583632557175682 -0.0022370368253823 3.600479377655315e-05 -0.00043553023007925903 0.002043163049664966 1.0
0.062090014364454466 0.27866559174337313 0.763059714315058 -5.286975468998405e-05 -1.8802597387999305e-05 -2.3049620352048033e-05 5.3538222377537325e-05 0.0 0.012437997589821137 0.24082260653385182 0.7583147063856721 -0.0013062940606517314 0.0002907010041879539 -0.00028260592736810956 0.0010299518741073285 1.0
0.06207388557665816 0.27865406749806665 0.7630644864028631 -2.2768331490422178e-05 -1.548328166434403e-05 -2.013429870690606e-06 1.9337419511093495e-05 0.0 0.012382746681176426 0.24138149334479697 0.7583912439116087 0.0001493128023842829 0.00046121884566787123 -7.562627470362104e-05 0.0004726884841925456 1.0
0.06205941520618526 0.27864361161350276 0.7630674674634196 -6.895552050583111e-06 -1.0801469470113996e-05 6.232863162736459e-06 1.7566541436311503e-05 0.0 0.012653009742844426 0.24203799902540515 0.7586290483556564 0.0008662794492777324 0.0007268766024279127 0.00030959791726622066 0.0008093971590485936 1.0
0.06204939011658865 0.27863079653824485 0.7630745791819532 -2.2731227415362935e-06 -1.0364632728041234e-05 1.2263780495137607e-05 1.934687269519046e-05 0.0 0.013064349992289014 0.2425670853089219 0.7588244923867711 0.0005531301597593023 0.0005531737413567576 0.00036969270969072136 0.0007477129329389971 1.0
0.062047819734140766 0.2786304719329973 0.7630729247710222 -9.748254888147564e-07 -1.670857093210865e-06 8.325685672252975e-07 2.7466286605857507e-06 0.0 0.013078719541517788 0.2426753447622427 0.7588374609453729 1.1475053131445798e-08 0.0001027955118379244 -5.472339345675693e-06 8.488413802127076e-05 1.0
0.06204605295380787 0.2786287423308893 0.7630702613941037 -3.8095032324871994e-06 -4.874397720006933e-07 -6.33926656889983e-06 2.0123944572981786e-06 0.0 0.012976917389355453 0.24281659354862117 0.7588252341900702 -0.000337806252042039 3.1421594684213666e-05 -0.00010361992795974588 0.00012385089112521648 1.0
0.06204591881846771 0.27862828890333163 0.7630679599659462 -3.724748839494364e-06 -3.838586506959633e-07 -6.280657194895984e-06 2.668049752857435e-06 0.0 0.012755687353485434 0.2429466796777247 0.7588907795773883 -0.00044230816762516633 9.20269523904645e-05 -3.512849324071904e-06 0.00030698670567707816 1.0
0.062046708126754974 0.2786260771359221 0.7630664373732311 -4.67497444013953e-08 -1.9026974866663642e-06 -2.0665073559607515e-06 3.565441126667269e-06 0.0 0.01222939223822041 0.24299207355774669 0.7591390358420516 -0.0005006638270956447 9.169086114608005e-05 0.00024988609578662575 0.0005936414572153179 1.0
0.062047389946036896 0.27862426617531905 0.7630661148816665 1.9728098152793562e-06 -2.4356577222978998e-06 1.9015752760488275e-06 1.4582486830519057e-06 0.0 0.011631674618212521 0.24287294198287065 0.7595052259315394 -0.0005601559356604273 -5.318590491557441e-05 0.00041243259961375075 0.0006951692332176625 1.0
0.0620479180284244 0.27861588115574953 0.7630566497165019 -3.184032976384619e-08 -8.520206436762832e-06 -7.187863324550415e-06 1.2408531383506469e-05 0.0 0.010877097514617476 0.24259101482324832 0.7599911947062589 -0.0007112322655146981 -0.0002489901516640015 0.0005385644151226255 0.0009304193075189906 1.0
0.06204949252371041 0.2786123508808252 0.7630565340396772 1.4900919511700254e-06 -5.3791534391083265e-06 -2.1458299864056237e-06 4.62252250012716e-06 0.0 0.010271658446635164 0.2423887491561023 0.7603702741001389 -0.0006219656138931387 -0.0002632379254427931 0.00041949676707627186 0.0007588716374930341 1.0
0.0620504495346527 0.2786119145454602 0.7630486603128264 1.5410944675662694e-06 -4.2998614995204106e-08 -7.2760252768086125e-06 7.167055105169869e-06 0.0 0.00974849032831453 0.24209720155562947 0.7607370148859826 -0.0005210303519764567 -0.0003087639847448856 0.0003315605154412015 0.0006905458411280087 1.0
0.06203311027303182 0.27859931683104733 0.7630315388464642 -1.4816948812112476e-05 -9.840764502987853e-06 -1.603243229281345e-05 2.7545619655527893e-05 0.0 0.009542185977904514 0.24197796186843873 0.7608662018074611 -0.00019418342916680104 -0.00012147476414341408 0.00011818085439824605 0.00028159315703386 1.0
0.061997138578985776 0.2785821999996035 0.76302253373402 -3.5869143234298464e-05 -1.7153332073950084e-05 -1.1661233155309969e-05 4.155456990100222e-05 0.0 0.009629416251702215 0.24190626312135563 0.7608039563285377 0.00011589155860772272 -3.5054328603542184e-05 -8.822004722065319e-05 0.00012020159343106583 1.0
0.06197722524352742 0.278583557167399 0.7630213117825542 -2.7051606514696125e-05 -3.3405648634275026e-06 -2.2716257960680324e-06 1.9906367929735356e-05 0.0 0.009882340465472839 0.24190805885139555 0.7607541732475757 0.0002892635549318586 2.224251774624988e-05 -9.685515139038756e-05 0.0002625555941452624 1.0
0.06196196091927663 0.27857908398877324 0.7630264119704004 -1.5954398684286146e-05 -2.211835356597622e-06 6.323127110657509e-06 1.5203740689697984e-05 0.0 0.010097805902369274 0.2419076247411733 0.7606152616215518 0.0002552712410304743 6.922789705023975e-06 -0.00012978137970140444 0.00026319971499754174 1.0
0.06194814658293928 0.278574846897957 0.763030950030362 -9.717489163886536e-06 -2.545255365484353e-06 7.260096070608805e-06 1.6279266517672648e-05 0.0 0.0105587660141239 0.2417451574298463 0.7602344463015093 0.00039214811252784407 -0.00015082371161007465 -0.00032543377165861735 0.0006092572193852228 1.0
0.06194211735440089 0.2785734506563902 0.7630317979275539 -2.9242065624155186e-06 -6.428787339169141e-07 2.898857786666992e-06 6.96875724734683e-06 0.0 0.011000954998114444 0.2416209540320116 0.7599489984782143 0.00042924277878634177 -0.00016625031689887525 -0.00031238065043038757 0.0005440265272623411 1.0
0.061937412173670284 0.2785701423448779 0.763033452725549 -3.240582331291633e-06 -3.5345848604515725e-06 -9.498350289154603e-07 5.041601485853982e-06 0.0 0.011972736806721241 0.24171868447510905 0.7593941397226969 0.0008848607638297138 3.305996229886114e-05 -0.0005147984796847763 0.0011147399991527258 1.0
0.061936153596470464 0.27856806726813627 0.7630343102009818 -3.6030447776859546e-06 -4.139192768920937e-06 -1.381121125122296e-06 2.468885284418867e-06 0.0 0.012263144640742888 0.24155571086808092 0.7592927464295053 0.00046716214653607713 -8.485916098939034e-05 -0.000199951968837596 0.0003736326297559341 1.0
0.06193558677732788 0.2785659142875226 0.7630349406757164 -2.050859216619551e-06 -2.1969037379148316e-06 6.192577360515751e-07 2.780681893581023e-06 0.0 0.012289533186046553 0.24120527837789815 0.7591306622029768 3.173070329235011e-05 -0.00031633720503604536 -0.00010559877901783211 0.0003493655512805624 1.0
0.061938191968487884 0.2785688999166976 0.7630287373516953 2.921144174437974e-06 3.4828365847331338e-06 -4.492638107125667e-06 7.113083628185585e-06 0.0 0.012178812581796932 0.24097275919664718 0.7589699463769465 -0.00021977540435557795 -0.00029083276228209984 -9.942344238937974e-05 0.00032479721908178195 1.0
0.06193518142983909 0.2785549808242872 0.7630168458960735 -2.1980118980389285e-06 -1.131036244797962e-05 -1.1366171659948635e-05 1.8581517052925496e-05 0.0 0.01188075471474262 0.24090098941562668 0.7583915834201657 -0.0003745239202234371 -0.00012272500674360558 -0.0005145011281414267 0.0006616674750306935 1.0
0.061917935061546255 0.27854542961402645 0.7630079342853918 -1.6052686809274087e-05 -1.188688554190994e-05 -1.0969067178991732e-05 2.1915580960180743e-05 0.0 0.01167213559636711 0.24077599075574174 0.7577253367570279 -0.00023303234821305706 -8.876541568266297e-05 -0.0007475138475957307 0.0007138231911193282 1.0
0.061877254235897475 0.2785330101449933 0.7629956193491941 -3.989983087348811e-05 -1.3330081654463165e-05 -1.2277686941837807e-05 4.367810937942108e-05 0.0 0.011597280109277183 0.2403841031208825 0.757333637734877 -2.4563031124151394e-05 -0.0003009824419164309 -0.0005198181310727265 0.0005335387986881798 1.0
0.0618039193191765 0.27852673417335094 0.7630072102279211 -7.404913154739786e-05 -7.628639098212373e-06 8.797171619674913e-06 7.492833336140262e-05 0.0 0.010569653180114562 0.2386801030645841 0.7566934875667821 -0.0007823396998444195 -0.0015379946743914131 -0.0005950800736664928 0.002084147242785935 1.0
0.06177589137386612 0.27852115140299677 0.7630117492200577 -4.1434414207513574e-05 -4.002057287466842e-06 9.588598510202972e-06 2.9915539864069702e-05 0.0 0.009173528051119095 0.2367836266275082 0.7563476640238496 -0.0014785518223094755 -0.0021290320544409273 -0.00031878171830386395 0.002432552899896411 1.0
0.061757521893551895 0.27850192409986 0.7629509431814779 -1.5464790131299913e-05 -1.5372779260901048e-05 -4.9365703522412214e-05 6.341872061192326e-05 0.0 0.008434950535140819 0.23559869973294054 0.7554084559295502 -0.0010075455758683015 -0.001496033179078566 -0.0008021362223782544 0.001660636079490541 1.0
0.061753956289661405 0.2785101856908226 0.7629087928029056 4.904095926356337e-06 2.9265285264331957e-06 -5.527128204429562e-05 4.592436022903104e-05 0.0 0.007951441570673772 0.2352159878428091 0.755094182699607 -0.0004993525982110771 -0.0003830485425504697 -0.0004635389046462351 0.000641018215426333 1.0
0.061754505543924934 0.278512174388981 0.7628952006281975 8.077239036919537e-06 3.572057173021611e-06 -2.5209297469853836e-05 1.3588589406371702e-05 0.0 0.007712799009348935 0.2354107542219946 0.7544936087232779 -9.719132756580052e-05 0.00046824512716496394 -0.0005746530746149599 0.0006961498946993845 1.0
0.06175498485407278 0.2785095817272393 0.7628912945798141 9.453856595881027e-07 2.1641314962743744e-07 -2.630797901728657e-07 2.873783115644905e-06 0.0 0.006912542974235062 0.2354057918233591 0.7538727283899082 -0.0005302027494392435 0.00033789684132450916 -0.0005959037270769072 0.0010718844715429084 1.0
0.061749706790937046 0.27850609413932553 0.7628885472300616 -1.029900992241284e-05 -3.856720350025555e-06 8.019575462750215e-06 7.714201947025845e-06 0.0 0.0066708902042542225 0.23529224916690727 0.7533588496665371 -0.00037758171305951865 -0.00010924072622171398 -0.0005174758398002335 0.0005595122507012305 1.0
0.06174854173845843 0.2785101385861456 0.762882840082166 -7.559712945816458e-06 1.4662473969619736e-06 2.05537127789204e-06 8.750794172027094e-06 0.0 0.006595220105054593 0.23523433780018382 0.753210269123267 -0.00023483293495694626 -0.0003337891292615635 -0.00021097716680130947 0.00013109915269395153 1.0
0.061749399706621355 0.2785141496726816 0.7628769268583153 1.841736895181361e-06 3.2305748827855724e-06 -1.0292927662020103e-05 5.236005767116279e-06 0.0 0.006534756616927272 0.2350772987491319 0.752982640661063 -4.957809000820162e-05 -0.00029453865841281494 -0.00015580191096923078 0.00028517272879548467 1.0
0.061749523075659916 0.27851187012745565 0.7628785660981213 1.1775504205045874e-06 -7.373849405298961e-07 -8.102244830402259e-06 3.0889990155343278e-06 0.0 0.006420741067488674 0.23475351870339525 0.7526841342057476 -1.1460985416627883e-05 -0.00029960784178327234 -0.0002757788148445609 0.0004976590606963235 1.0
0.061746817668867214 0.27850729935671353 0.7628781266061552 -6.291153280505358e-07 -2.63552109263765e-06 9.422435503080598e-07 5.577244030238566e-06 0.0 0.006240677853062494 0.23417281001345266 0.7525760301332926 -0.0001606175263486405 -0.0005010531044493851 -0.00011543652468291399 0.0006095465243099929 1.0
0.06174371039712244 0.27852392651648533 0.7628465229423541 -3.0983699969877186e-06 1.1542325101597344e-05 -2.4489957527386477e-05 3.578417793493097e-05 0.0 0.0066780664690812164 0.2342924449106429 0.7533077849309827 0.00029135616350120904 1.1714838613190572e-05 0.0005683464773074938 0.0008368145043815186 1.0
0.06174401207452348 0.2785318673662691 0.7628283357033001 -1.084718806634532e-06 1.0892587133845188e-05 -2.378255300236248e-05 2.0862581088474415e-05 0.0 0.006802962010774947 0.2339764467760582 0.7534121047455401 0.00018657287066938346 -0.00019556909116342158 0.00030635561334961124 0.00037135526608730125 1.0
0.06174102073067681 0.27853148908013203 0.7628146540369882 -2.6580631518419947e-06 2.5747859811341516e-06 -1.675504949071648e-05 1.249816688633059e-05 0.0 0.006863156676936385 0.2338581197714267 0.7533652442076406 0.00014130254918711218 -0.00010706448141860805 5.096915742718424e-06 0.00012743519771214198 1.0
0.06174027429719013 0.2785556667661949 0.7627828239118076 -5.220418119228564e-07 1.978886874345407e-05 -2.770510051889368e-05 3.9691892717076284e-05 0.0 0.00689029354311008 0.23389170314907806 0.7533742242339407 7.239388108668741e-06 3.070082763649911e-05 -8.058660964819478e-05 5.081895446236147e-05 1.0
0.061735944290158565 0.27857965123269596 0.7627421916888777 -3.4607744016582087e-06 2.481836365668273e-05 -3.847657692634619e-05 4.935058895297311e-05 0.0 0.006893330596298984 0.23400719925342528 0.7534675490243853 -5.458376978813874e-05 0.0001037196746068148 -2.7564419102787518e-05 0.0001611151594694074 1.0
0.06173521477900511 0.2785961126763047 0.7627173941154167 -1.7700689654279e-06 1.8915394431709378e-05 -2.831292968643402e-05 2.9287961561286465e-05 0.0 0.00687662562632653 0.23400943124599735 0.7534641612033289 -5.21711136760057e-05 1.4987012866821999e-05 2.738711384833541e-06 1.5531845056800683e-05 1.0
0.06173535622362346 0.2786090671841513 0.7626929024259642 -1.1342647255973625e-07 1.3532979053558381e-05 -2.4824087275921212e-05 2.5716901136941003e-05 0.0 0.006775571033680803 0.23410996657678598 0.7534130501473169 -7.145591890121448e-05 7.693756755921459e-05 2.7947345283717263e-05 0.00013017334836778354 1.0
0.061743091959149114 0.278618413152793 0.7626756712493744 7.253818887469274e-06 8.558963293883776e-06 -1.73940923755006e-05 2.2615385436952946e-05 0.0 0.006729543079582372 0.23439925393103686 0.7535432928640727 -1.2428842663125642e-05 0.00028490708755227754 0.00016051418869853114 0.0003341922116649707 1.0
0.0617497684689116 0.2786255258233411 0.7626471467427589 8.40180609158578e-06 3.7481613315119962e-06 -2.2510478144906694e-05 3.053857193471369e-05 0.0 0.006796359198388859 0.2352023866941969 0.7540366381307716 3.21699402097619e-05 0.0007150198573939405 0.00040627764867373465 0.000944583678860405 1.0
0.06175303757621274 0.2786453688438162 0.7626005086214951 4.264638660425153e-06 1.715476507805591e-05 -4.4931003671334626e-05 5.019089824710756e-05 0.0 0.007694527583830954 0.23646888738024155 0.7546402424300522 0.0008029757909664856 0.0013118103737112473 0.000651213007473393 0.0016712560812999426 1.0
0.06175471195273771 0.27865395848328045 0.7625870629749556 1.0780812569410554e-06 1.4451531472923321e-05 -2.4731577116802156e-05 1.66567496003753e-05 0.0 0.008441190980386822 0.23760653115715982 0.7552167767295789 0.0009067002700684633 0.0012949508422351924 0.0006561938839244106 0.0014813073206725537 1.0
0.061756991416433316 0.27866101962791257 0.7625744843232769 4.960393360509287e-07 7.938170422871413e-06 -1.1673132115515476e-05 1.2999550303786435e-05 0.0 0.009406114298045118 0.23859384113387277 0.7559163089930344 0.0010145644151248402 0.0010273528705842438 0.0006864676979971808 0.0015204162490178867 1.0
0.06175535577672017 0.2786585026766597 0.7625624035275522 -1.5380353911735406e-06 -2.7081012143538623e-06 -6.522112309243194e-06 1.3303457918413018e-05 0.0 0.010503721076789187 0.23991714690396362 0.7568216586604409 0.001075539401280152 0.0011660388384578536 0.0008345043733933267 0.0019513533810804897 1.0
0.061759567656675604 0.27865777475674725 0.7625523771716858 3.2955807279679985e-06 -3.6864572535828112e-06 -7.519740301462802e-06 1.1982575034276287e-05 0.0 0.011788047195997868 0.24099619260085398 0.7581665835775603 0.001210784459499596 0.0010590863826231145 0.0012785379985971266 0.002181104489550312 1.0
0.06175507076456554 0.2786516123256149 0.7625466735528634 -1.910575901742803e-06 -6.668761954166799e-06 -6.707403769555055e-06 8.715349144539317e-06 0.0 0.012150147965465197 0.24162800027931194 0.758657084291994 0.00047595070980161857 0.0006789840459860857 0.0007000307522616982 0.0008742464161282806 1.0
0.06174755012592329 0.2786533177126598 0.7625441459939092 -7.5663003278485855e-06 9.165911916310046e-07 -5.828247469751179e-06 7.428451969333261e-06 0.0 0.012086842986934989 0.2416997234192668 0.7591022358292441 -0.0001174169026219757 0.00011510694526847565 0.0003998582016841491 0.0003959792261089886 1.0
0.061741264351314586 0.2786640760681546 0.7625480329022756 -7.867519588668089e-06 1.1955516186687677e-05 2.2128043825300243e-06 1.38295315592159e-05 0.0 0.011703312618390978 0.2417869415761747 0.7591963010422375 -0.00048178035635236646 -3.120099023158878e-05 1.1911420505538405e-05 0.00044608200034579456 1.0
0.06173477115140938 0.2786621663597127 0.7625539468646026 -6.950299467912192e-06 2.0434701459607272e-06 9.025539815517925e-06 8.976720703342766e-06 0.0 0.011445574468416228 0.24212301933874142 0.7594641413580464 -0.0004143294181908425 0.00021925549237283956 0.0001262921142897964 0.0005319191836398983 1.0
0.06172960983267333 0.2786600749993336 0.762559294609621 -4.886873654646652e-06 -2.439705789381386e-06 5.9685119029116335e-06 7.4555410854168815e-06 0.0 0.012220108516175629 0.2435765145425346 0.760189197984926 0.0006884862263618961 0.0013813869304130722 0.0006867495169165165 0.001761505165619376 1.0
0.06169896859948427 0.2786356040454802 0.7625463113504728 -2.61441073405609e-05 -2.3783893761184483e-05 -1.0892622348742312e-05 4.098995843890405e-05 0.0 0.014215184158704526 0.2458203179618252 0.7607573362432671 0.002113706751934161 0.002438025419971192 0.0007679594072813439 0.003060806847210028 1.0
0.0616592597209421 0.2786288819046163 0.7625441688612238 -4.120431128091185e-05 -1.3775745538445632e-05 -7.106689727405638e-06 4.16416505022456e-05 0.0 0.013976625369032913 0.24590049470410358 0.761255361223259 0.00046533688432320343 0.0006701042270241585 0.0006169208884144485 0.0006048222852267132 1.0
0.061611204179189895 0.2786208521139253 0.7625461069444102 -5.192460569158604e-05 -8.182701596024591e-06 1.7828644297694514e-07 4.7618127246236135e-05 0.0 0.014804611963092159 0.2460612558887531 0.7616372264198309 0.00046600385221081645 -0.00011080477776893947 0.00032551985717678227 0.0007894735919649382 1.0
0.06160347180583641 0.27862366404610733 0.7625429497288521 -1.6042581225933837e-05 4.878232583320447e-06 -5.186109399500326e-07 8.917582963556417e-06 0.0 0.014922326673265422 0.24600652397488804 0.7615507847629156 -3.388494672036836e-05 -0.0004390855983114181 -0.0001021646973218942 0.00026547427748480946 1.0
0.06159502170646905 0.278625739965675 0.7625553209644299 -1.3733686972410204e-06 6.373763514034856e-06 1.2100362663302058e-05 1.4409155920300253e-05 0.0 0.014970190640617992 0.24591957435439013 0.761518057923358 -0.00014213649175189876 -0.0002779472727746123 -0.00017450746226737397 0.0001368335903306799 1.0
0.06159094221221071 0.27862661396116367 0.762555889341685 3.201168015139675e-06 1.7811234050739086e-06 4.645775749268507e-06 5.919206975312374e-06 0.0 0.01510999182888033 0.24585099078383732 0.7614728868651213 0.00012139527685093448 2.9299017101247303e-05 -6.427167951657496e-05 0.00010589104636037425 1.0
0.06158644521388212 0.27862287327457136 0.7625525676801375 -1.972223823050434e-06 -4.628726773047681e-06 -3.769769200598992e-06 6.095348345377163e-06 0.0 0.015465958917420957 0.2457220411093107 0.7613256805080056 0.0004966918845061584 0.00013867286749486344 -7.71786497111414e-05 0.0003843621459508385 1.0
0.06158355248627344 0.2786156617798656 0.7625457814770953 -7.265837591206603e-06 -1.014735277867502e-05 -9.590410360022396e-06 1.0024881445059665e-05 0.0 0.015607403620494802 0.24566713346528882 0.7612496968345676 0.0002899684076024436 1.8310949992530285e-05 -5.9246885046122105e-05 0.00022538413445046218 1.0
0.06157470876259362 0.2786102595435749 0.7625381700601468 -1.1983240341370012e-05 -6.3587935426793065e-06 -8.67934226699504e-06 1.259343719726936e-05 0.0 0.0159639028078122 0.245943379227508 0.760596039754008 0.00022416617578831775 0.00010129094966238104 -0.0005403559003092297 0.0007389765574303321 1.0
0.06156740743686628 0.2786075176157155 0.7625405746935664 -9.496093307311197e-06 -3.308778758478996e-06 4.528836488563837e-07 8.851571451861587e-06 0.0 0.016194173540752116 0.2459720103373403 0.7604967044872066 0.0003331091549832809 0.0001285857188439324 -0.0002580171648493006 0.0003017522391018055 1.0
0.06156033275670533 0.27860427607442645 0.7625372402635014 -5.110936968950164e-06 -1.2725762870254207e-06 -2.96959773616477e-07 7.736377303451342e-06 0.0 0.016404790782558864 0.2459862539881879 0.7603881857033332 0.00014408818918481452 1.0308566711755997e-05 -0.00012210013122271286 0.00020557538523351593 1.0
0.06147967105683959 0.27858168820214296 0.7625254892150831 -7.023923014682117e-05 -1.8905074358124556e-05 -8.272547291762385e-06 8.437807522301353e-05 0.0 0.017312749693686916 0.24562215517930847 0.7600214060619668 0.0007852482267558219 -0.0003463511235602833 -0.00025764119684132327 0.0010410538933956078 1.0
0.06137053572205001 0.2785869306939274 0.7625371538158002 -0.00011477912642738188 -1.3768408540863326e-06 6.062149429168572e-06 0.00011213936366772684 0.0 0.01835674831297511 0.24477574850033748 0.7597621450033029 0.0011252611578716006 -0.0008683760147269058 -0.00026590885753747595 0.001406508394990023 1.0
0.06133346259880035 0.2785822658250933 0.7625469361157463 -5.985489600818403e-05 -2.3707869592840716e-06 1.1264003180131967e-05 3.766102945526198e-05 0.0 0.018405796656977693 0.24437280039404624 0.7594471777039139 0.00030288884116133803 -0.0005923349068824694 -0.0003290005135050201 0.0005079065287687531 1.0
0.061314585755943216 0.2785859461961722 0.7625459325243137 -1.469806592361583e-05 4.012459878383859e-06 2.4683136140860545e-06 1.5394945459644035e-05 0.0 0.018119679983083607 0.24400493535515258 0.7591060344040702 -0.0003670084999389193 -0.00034286784250489686 -0.0003709737326584886 0.0005096696174892151 1.0
0.06130054301032237 0.27858420392148225 0.7625344903833459 2.8144372019959962e-06 9.090391728087787e-07 -1.0592058202491695e-05 2.133355198779901e-05 0.0 0.0179380836173568 0.24364469171124795 0.758644969067394 -0.00040950123065542634 -0.00024098885551719184 -0.000476692272756367 0.0006709425956683907 1.0
0.06128274769173101 0.27856371873534674 0.7624931368966447 -4.990421830102515e-06 -1.8168094486854995e-05 -4.050451105218259e-05 5.181278560850972e-05 0.0 0.018440877533564375 0.24337802664011046 0.7582890830223519 0.00029567737141624134 -0.00021368997840494688 -0.0003379003270370227 0.0006914831155827177 1.0
0.061271088875939704 0.2785434336787073 0.7624472435734196 -1.567458897138282e-05 -2.5090433573433892e-05 -5.3024845292439484e-05 4.97522710962379e-05 0.0 0.01909493804560656 0.2432563349932621 0.7576840826065021 0.0008117701514389407 -0.00012169969995844943 -0.0005721851431994016 0.0008632662131463789 1.0
0.061241960830089634 0.2785025450109758 0.7624041495623759 -3.936554631496386e-05 -4.17256188809036e-05 -4.743747042690896e-05 6.404318208325934e-05 0.0 0.019275226403937144 0.24307887986239285 0.7576821186874609 0.0005204864946193588 -0.0002031087118707429 -0.00012162417218818022 0.0002566223267390119 1.0
0.061091341835214544 0.27824977804719575 0.7621878381444015 -0.00013999989341587662 -0.00022389157281905043 -0.00018836628825495206 0.0003639254519846493 0.0 0.019803634867960874 0.24269106470187737 0.7575622239232093 0.0004711532937037375 -0.00039084466652129047 -2.6688814819312418e-05 0.0006554057798359221 1.0
0.06088956076868879 0.27783529459660933 0.7618036259225931 -0.00020903086008081768 -0.00042266239414005135 -0.00038098072538192694 0.0006078366545028446 0.0 0.020473224561252727 0.24195488430781129 0.7573593983730192 0.0005027431903160338 -0.0007016224316623939 -0.00013701389206822155 0.0010371386728925231 1.0
0.060729990428455866 0.2775693501574803 0.7615175722239473 -0.00018647969439922307 -0.0003331706226196388 -0.0003421995724934556 0.0004222406783339492 0.0 0.020600108994634967 0.24171967567835564 0.7572271985283817 0.0001650689261442768 -0.00040009798528111616 -0.0001557640393565816 0.0003168251526302834 1.0
0.06009809445233877 0.2768190353600115 0.7605276560536134 -0.0005639247638986822 -0.0006787536958434204 -0.0008971283875059332 0.001367846126036715 0.0 0.02090257800226602 0.24137845688796505 0.757048801198931 0.0002478015224707362 -0.0003061253976151356 -0.00021364558651746518 0.0004351134344285823 1.0
0.05936323330895703 0.27627177730617797 0.7595347011917677 -0.0007696720600180935 -0.0006066577976265789 -0.0010667397848293724 0.001393151883900088 0.0 0.02121321255631083 0.24140188088237022 0.7564290977432998 0.0003268137164755888 4.693619787162845e-05 -0.0005894161021601462 0.000714848461149491 1.0
0.05804707804182714 0.27542143645627093 0.7581453180515421 -0.0012894583005046414 -0.0008032916901181077 -0.0013884074807818914 0.002066498903362329 0.0 0.02161858358726311 0.24084125897876052 0.7564533649423696 0.0003854109114974945 -0.00037770650511529806 -0.00014025125711428124 0.0007286270956109543 1.0
0.056492495171737475 0.2745944157790458 0.7569895451684507 -0.0016147439291945014 -0.0008466844180575272 -0.0012369497586175724 0.002112267819409556 0.0 0.021861124538574833 0.24056468761287916 0.7562225983032902 0.00027944104669290113 -0.00037082469740553947 -0.00011217753370485839 0.00040153932214962926 1.0
0.05446384623796546 0.27373973045768185 0.756040054712808 -0.0020347583420554905 -0.0008670303272324797 -0.0009491655590054684 0.002391190478742876 0.0 0.021985259795648998 0.24008672533325962 0.7559719013213608 0.00018589931776889838 -0.0005273681368185287 -0.00021560849905023367 0.000535276879660945 1.0
0.0524996056689213 0.27283951855929933 0.7553665883024666 -0.0020210335107893026 -0.0008822202090316314 -0.0006036119986800569 0.0022783958980510787 0.0 0.022034684549545186 0.2398258039003436 0.7557831743047879 2.2268482666921606e-05 -0.00033886749561960435 -0.0001934807446623815 0.0003636876011267775 1.0
0.050156192409533444 0.27136393589996277 0.7547780325936234 -0.0022681862255912667 -0.0013795198234182104 -0.0004861602461615884 0.0028077944650934626 0.0 0.022452017214742954 0.2399234723692742 0.7554179777149642 0.000290886546641489 0.00010967920423683578 -0.0003468573363560424 0.0005456599184921571 1.0
0.04811549643495806 0.2682291896400817 0.7538782645079541 -0.0020871543384037195 -0.0029978675206027497 -0.0008452289420221859 0.003871792737711767 0.0 0.022503412336044405 0.23957395228413605 0.7555412980430735 0.00016463834587276767 -0.00019317025812303588 2.626601758002299e-06 0.0003802391219647103 1.0
0.04742587534342765 0.26620423651411657 0.7531058035463017 -0.0008204705633153087 -0.002468450733735456 -0.0008603823890995817 0.0022975455282952563 0.0 0.022694910141302507 0.23939247158249216 0.7554911341070667 0.00018971877554668025 -0.00020084942414943401 9.350667636704043e-06 0.0002606798927295999 1.0
0.04539531991409472 0.2636351626002499 0.7515813633758299 -0.0016146258885558805 -0.0025513097427138456 -0.0015120553858531094 0.0035154149061934455 0.0 0.022840174520299225 0.2391503678892211 0.7554473473296055 0.00015315817910812663 -0.00030956036617658115 3.428003987649016e-05 0.0002862700054108462 1.0
0.04435503332651163 0.2627254388447819 0.7510650451944354 -0.001189640063781944 -0.0010284317731098886 -0.0007681682281728702 0.0015806187644319975 0.0 0.022873138409848358 0.239063618198262 0.7554342762839593 2.2317319404971923e-05 -0.00012713491694224348 -4.4963583507895325e-05 0.00010056312653953278 1.0
0.04314397584956363 0.2617186302669033 0.7507459911674436 -0.0012366274565313036 -0.0006227346021407764 -0.0002631658734120314 0.0015475588266053606 0.0 0.022900369062368996 0.23899220928214776 0.7554288138537426 -1.2401082080099708e-06 -6.73349776077517e-05 -3.182488411065929e-05 7.465343643399457e-05 1.0
0.041938324018910365 0.2605433121699877 0.750475330251466 -0.0012524936858604864 -0.0009115487375717802 -9.203401327800961e-05 0.0017178505738636922 0.0 0.022933753622748035 0.2389376262976772 0.7554216554214855 2.962300890552287e-05 1.1391811133661025e-06 -2.4594605259581185e-05 5.8760088886444036e-05 1.0
0.040649126095836624 0.25911094942904966 0.7505126019863271 -0.0013281081993845123 -0.0015069587910329393 9.041569795027141e-05 0.0019486869256176952 0.0 0.022962970471160818 0.2388781563137774 0.7554141132960059 5.115799424059293e-05 -3.443320942151412e-05 -9.026053952835937e-06 7.405990550551e-05 1.0
0.03960253227894629 0.2576044182192889 0.7505486257313294 -0.0010524251244640832 -0.001782727001209636 3.903553811158858e-05 0.0018411049566638854 0.0 0.023030721770950217 0.23877899226725718 0.7553851159399863 4.9581161987889775e-05 -0.00013413099898221552 6.698766953672577e-06 0.00012024450881832171 1.0
0.03904407444918159 0.2568203004032292 0.7505821490238864 -0.0005687307842554502 -0.0009859804130514754 -2.1957716817793565e-05 0.000904548610932854 0.0 0.023092559928774008 0.23870152091453659 0.755369799725214 8.872209232317135e-05 -8.976845273429629e-05 -3.6146514330362076e-05 9.915918743473074e-05 1.0
0.03775668615792208 0.2563113034400397 0.7508498099472966 -0.0011756543767529252 -0.0004858229496028329 0.00014835990437933036 0.0014353166518460028 0.0 0.023157010535742584 0.238587738453815 0.755339942457584 6.574288584860368e-05 -0.00011917125696739336 -2.886374431192607e-05 0.00013501256948274568 1.0
0.036394954872053964 0.25580594814510704 0.751110791982914 -0.0013162835676272498 -0.00022240385344038773 0.0003316293461644779 0.0015055862660060654 0.0 0.023199816750632297 0.23851234625359055 0.7553336417600339 3.745664035850082e-05 -7.358230105242508e-05 -7.745892110826626e-06 8.746726584323039e-05 1.0
0.035612026513086426 0.2552936947315406 0.7510585960891747 -0.000990236767399679 -0.0004524671405494459 5.106451443732062e-06 0.0009396248275046479 0.0 0.02321018248873988 0.23846115094909517 0.7553206545464661 8.617327540230983e-06 -4.862194225842678e-05 -7.932494426526874e-06 5.332241295647083e-05 1.0
0.03510195575145131 0.2548031487162242 0.7508749127797023 -0.0005410218378436706 -0.0005623995863308609 -0.00020953440782839257 0.0006831193745156559 0.0 0.023234705383455286 0.23843636661649883 0.7553235603575392 1.2821417037327477e-05 -1.7568505324539583e-05 3.158778288376801e-06 3.497282195593946e-05 1.0
0.03463682991515571 0.2541312828699964 0.7508162423433294 -0.00034920527016526364 -0.0007521016893977093 -0.0001321764692605156 0.0008330610804501177 0.0 0.023227223132837097 0.23841313935558647 0.7553148720701504 -5.270287930903768e-06 -1.539525943571786e-05 -5.343942806016115e-06 2.6321476672697496e-05 1.0
0.03448531584804123 0.25382535300497727 0.7507594767698338 -7.118569120240291e-05 -0.0004185717635674757 -7.603528066529926e-05 0.00038922075754095967 0.0 0.02324708213042079 0.23842094794865631 0.7553190214457657 1.7697160793853245e-05 3.6264234335332135e-06 1.4598395003730542e-07 2.25381381777819e-05 1.0
0.03434030936337002 0.2535640512419392 0.7507064831180845 -0.00010011213417473617 -0.0001892456691524331 -1.1568538523004874e-05 0.000260777223697227 0.0 0.02324092088810564 0.2384105692177984 0.7553124795684976 1.977732091433697e-06 -7.0182772264976644e-06 -5.039309632633373e-06 1.2078123388059971e-05 1.0
0.03418107671372997 0.25320493954294315 0.7505903295125574 -0.00024650033913509075 -0.0002765431627239365 -4.941082753275695e-05 0.0004124978405763757 0.0 0.02324546660197871 0.23841364651503616 0.7553021747881832 4.731528528269916e-06 -5.1915462541496864e-06 -1.1831522328152358e-05 1.214472179141285e-05 1.0
0.03403380161335407 0.25274332295045565 0.7504333597897687 -0.00019018325798348312 -0.0004407058013801754 -0.00015639249098836448 0.0005305663283090855 0.0 0.02324867651128065 0.23840005579249499 0.7553063069924388 2.1787719545341414e-06 -1.160777992890229e-05 1.604918495434773e-06 1.4737454904202677e-05 1.0
0.03400453802691142 0.2524941023472101 0.750336835233494 -4.041224143970057e-05 -0.0003230980898225762 -0.00015085380002967483 0.000261978148978198 0.0 0.023247989829992804 0.23839858241219294 0.7552999108937097 -1.0395190795371945e-06 -5.431882967657983e-06 -4.068134369840367e-06 6.905429748679814e-06 1.0
0.033946853842526666 0.2522018739949223 0.7502226516650746 -4.579000005351555e-05 -0.0003024931150753371 -0.00011916185883111756 0.00029773603812362583 0.0 0.023249561120806617 0.23838547988325046 0.7553009402154182 1.743236615098061e-06 -1.1081139083031819e-05 1.286081979029455e-06 1.2684434756211482e-05 1.0
0.03400969804786622 0.25168656180945703 0.7500048744442326 5.679695575162478e-05 -0.00047578411721272605 -0.0001840791955979827 0.000581066471796854 0.0 0.02324634513904352 0.23838435948848313 0.7552780909681326 -3.839046144094376e-06 -2.7638749921166447e-06 -1.9334022362808445e-05 2.333523216433051e-05 1.0
0.033994922504549045 0.2515520698686175 0.7497947072638017 3.2115558755510434e-05 -0.00018147166655899593 -0.00021848448434664216 0.00026301391187790856 0.0 0.023260954349011986 0.2383669628827314 0.7552758568091881 1.3029308732702721e-05 -1.2139905999192075e-05 -7.580805381298485e-06 2.3230074863136513e-05 1.0
0.03406241952419114 0.2515888101979327 0.7498553268314949 4.828394880737399e-05 3.349197004790102e-05 9.96607502328967e-06 7.390544551404106e-05 0.0 0.023277772069555617 0.23835770126515968 0.7552672212573414 1.6973570909637892e-05 -1.2269520358913237e-05 -8.782684088408355e-06 2.051160560818184e-05 1.0
0.034506105284011254 0.2517168132833368 0.7503416279035993 0.00038344209908365394 0.00016419255320627985 0.00045737597057311075 0.0006645358277350342 0.0 0.023292094972852274 0.23833743115156789 0.7552479371125451 1.8068165464035598e-05 -1.8460409338776853e-05 -1.631454380849702e-05 3.117507852019001e-05 1.0
0.035452420357992474 0.2517640891764601 0.7515025199253298 0.0009296870328158052 0.00010715003974276906 0.0011660417665612251 0.0015295962505408555 0.0 0.023300979733194754 0.23832155661513563 0.7552286395522142 9.743531551288196e-06 -1.8399864885374058e-05 -1.895456706476923e-05 2.7441058190456113e-05 1.0
0.03622209143493931 0.2517135801870414 0.7525735151549336 0.0009160591038634003 -3.592199237401717e-05 0.0012438804227687115 0.0013251824226002502 0.0 0.023312136906904514 0.23831129217247385 0.7552099243990581 8.280800234142677e-06 -1.040593709810661e-05 -2.061289910339168e-05 2.354450778826386e-05 1.0
0.03709400879484795 0.25163730152879604 0.754332855770158 0.0008897531169383863 -0.0001472219142304555 0.001705543750352055 0.001910191102366487 0.0 0.02330050437269297 0.23831240437352133 0.7551523015579131 -1.0360799472978117e-05 6.263430409445913e-07 -5.256593610474063e-05 5.821602684823351e-05 1.0
0.03785122881670303 0.2504363984853919 0.7566299626909609 0.0007341154711307776 -0.0011008456178982187 0.002236787382771453 0.00273058476279477 0.0 0.023271457298735386 0.23830174358212675 0.7550968641802618 -3.0024273288593906e-05 -5.434238342711176e-06 -6.152455374518906e-05 6.500786026112528e-05 1.0
0.038741129427072744 0.2476364261657745 0.7589329550880342 0.0007810995106826267 -0.0027117634123770425 0.0023594217676407066 0.003755574197746329 0.0 0.02326812291908405 0.2382727945902546 0.7550548499840571 -1.023633216074563e-05 -2.7280502562222296e-05 -4.582788529112836e-05 5.039326536411201e-05 1.0
0.03950002709879293 0.24448241186205827 0.7609163923529669 0.0007546658805085905 -0.003438983019909243 0.0020563356740202036 0.003796059620457704 0.0 0.023260314853397374 0.2382223499038001 0.7550171192364097 -5.18098684440394e-06 -5.164133915075097e-05 -3.6570144210593205e-05 6.207850855372188e-05 1.0
0.03957869783902905 0.24211085747035174 0.7616202193164039 0.00020070684382801163 -0.0027075978302202493 0.000809185956629144 0.002449828120511246 0.0 0.023258331896935065 0.23820533216101455 0.7549840204352869 1.4210765806261234e-06 -2.9368359228639555e-05 -2.878971023359579e-05 3.9199172733283435e-05 1.0
0.038922568551972125 0.24037241937742082 0.7613476772223261 -0.0006258353802941014 -0.0016603719535517696 -0.00041701695046871435 0.001858828931088971 0.0 0.023215703572737945 0.2381873321248703 0.7549576121910752 -3.335154379344342e-05 -1.5449459696359233e-05 -2.2848602375209292e-05 5.249344094452038e-05 1.0
0.03818669093922518 0.23986893905472806 0.7608439900130515 -0.0009261205472580907 -0.00025279086019759493 -0.0008269089039973336 0.0010680997488107908 0.0 0.02321550879978417 0.2381735745456412 0.754949643711869 -1.1600736030052416e-05 -7.430088631590413e-06 -1.0053315784709012e-05 1.6431506280283382e-05 1.0
0.03766245907572224 0.23984493250034752 0.7603705058403704 -0.0006462701958927676 0.00034666425025028946 -0.0005570359354957188 0.0007157906297038214 0.0 0.023211136964064447 0.2381610111309332 0.7549478286974773 -6.0734549806202375e-06 -7.711362918534457e-06 -3.649398874926925e-06 1.2366056656864231e-05 1.0
0.037078813127052454 0.24002396910446924 0.7596413099367215 -0.0004906826693790385 0.00026550588704194584 -0.0005334379952750788 0.0009244034572689238 0.0 0.023218019359964856 0.23814824071964097 0.7549427349749629 8.229741479048546e-06 -1.379039361484848e-05 -2.3163072774727767e-06 1.6018672483903038e-05 1.0
0.03688276177860091 0.24024559813452118 0.7592662709313175 -9.426713549414334e-05 6.425899600438789e-05 -0.0002488890728053086 0.0004891368415255314 0.0 0.02321276967425788 0.23813965237112925 0.7549387388230948 2.5798951492556775e-06 -1.3089766879456133e-05 -3.99261686147472e-06 1.1229984744021309e-05 1.0
0.03677186232216052 0.24066130474183814 0.758842217810942 -3.6734924941041365e-06 0.00021613393420094737 -0.0002979298340691299 0.0005866269679640646 0.0 0.02320928190408171 0.23813596245706778 0.7549341900384811 -4.626151424064827e-06 -5.970231638643934e-06 -6.741333642633461e-06 6.589923094709944e-06 1.0
0.036827730742946534 0.2411702293198318 0.7584632481326777 3.864262386201703e-05 0.00042142319255667913 -0.0004116960152919752 0.0006401797415395596 0.0 0.023211689121957667 0.23813180143558563 0.7549363298960292 -2.303239281400157e-06 -1.0155705157421143e-06 -7.269404373876724e-07 4.33518603164917e-06 1.0
0.03690087000208009 0.24160494011956463 0.7580832297513513 3.961243495559831e-05 0.00045215705621934896 -0.0004256363549149571 0.0006017575427501782 0.0 0.023212044200719307 0.23812464973750996 0.7549326411413336 -2.253435161337852e-06 -6.403696459860525e-06 -1.960155787731966e-06 9.071070463554142e-06 1.0
0.03699354329676175 0.24203538469465843 0.7577081890622891 7.495633610966619e-05 0.0004919987191430667 -0.0003960264827763655 0.0005660813401796539 0.0 0.023211243317855557 0.23812080946987152 0.7549328515627279 2.9092781780195687e-06 -4.862038844103e-06 1.0854698466766177e-06 3.854789866858159e-06 1.0
0.03710878170819875 0.24257750691856061 0.75706837972897 8.94912480337638e-05 0.0005270663009075568 -0.0006248122402664569 0.0008363379493014694 0.0 0.023212026785141456 0.23811133385392794 0.754931823805077 6.809197049399684e-07 -9.31189416150164e-06 -5.890895127460413e-07 9.115506856477196e-06 1.0
0.037095959461815375 0.24303617718895024 0.7565624016043607 -2.0171760008495083e-05 0.00047355582078290265 -0.0005830430598985807 0.0007076551554899558 0.0 0.023210014725604695 0.23811071669580264 0.7549259407098012 -1.3105816699972232e-06 -2.7247652224440528e-06 -5.699683953100506e-06 6.590812435257405e-06 1.0
0.03687694864998079 0.24358957301683648 0.7559887710275826 -0.00019541248883209249 0.0005410592450991297 -0.0005556977760462289 0.000804908530430554 0.0 0.023204011230836926 0.23811668556048737 0.7549288492344811 -6.867304946659231e-06 6.168076519026451e-06 8.335731984508446e-07 8.798424244884905e-06 1.0
0.036142578954157144 0.24394264693860043 0.7547334836010762 -0.0007051807254450989 0.0004045980242365917 -0.0011565147707425553 0.0014964273302805727 0.0 0.023205312498361913 0.23812022453240933 0.7549263533200617 -2.783462112124998e-07 6.209655516077161e-06 -1.0081504873048882e-06 4.620582548573153e-06 1.0
0.034863051889771034 0.24401971137814876 0.7528953520277814 -0.0012925156711525814 9.68257477376205e-05 -0.001833489713713082 0.0022610264723655162 0.0 0.02320592673244677 0.23811929762487707 0.7549277632096681 1.6591782893954056e-06 3.6747906229437904e-07 1.4488408154143337e-06 1.6566058616730375e-06 1.0
0.03443098998674453 0.24378663779348014 0.7521424346064521 -0.0006808518052922453 -0.00026029908735849833 -0.0010596505533804414 0.0009120375233994525 0.0 0.023205616549984997 0.23812392291277915 0.754933755756231 5.854952037446188e-07 2.376137257596521e-06 5.344192805420062e-06 7.6175019795715795e-06 1.0
0.034127058259589456 0.24338395529853513 0.7512687515073267 -0.00023674771184587675 -0.00045846557614595795 -0.0007767781341108339 0.0009298671174135839 0.0 0.023200343959735834 0.23813127416249333 0.7549329859348844 -4.265579612347935e-06 6.096620956316716e-06 1.23831872544496e-06 9.273209177590462e-06 1.0
0.03406095652052102 0.24285942040331576 0.7507791874083364 8.959248401613177e-05 -0.0005505418123691612 -0.00038137464110030536 0.0007810747618856364 0.0 0.023188279302903868 0.2381261399795341 0.7549346514429645 -1.207891684317156e-05 -3.1758516296293664e-06 5.738674474240076e-07 1.3114998126406183e-05 1.0
0.03432488555871686 0.24224454372170742 0.7506075529242512 0.00035585996037404763 -0.00060344599731294 -5.181182609073843e-05 0.0007134084677698965 0.0 0.02319810534522726 0.23812733012531254 0.7549289566949158 4.409431959915699e-06 4.731763561550758e-08 -5.425066077031577e-06 1.1273310495822735e-05 1.0
0.03460201949098562 0.242159380648364 0.7505549124192838 0.0003139095990604301 -0.00012561030528235616 -2.151639849668662e-05 0.00026744598567685475 0.0 0.023194074118254342 0.23810818159674668 0.7549196898101564 -8.752222405101484e-09 -1.649992190243799e-05 -9.602845252110431e-06 2.1575786811678998e-05 1.0
0.034986125307527205 0.24238320493481666 0.7504514180439147 0.00029122620654090277 0.0002763247368738226 -0.00017092634301255397 0.0004253956968567887 0.0 0.023210359458435324 0.2381046794770069 0.7549250595314144 1.5164698444183691e-05 -8.703594534095565e-06 1.6791661985865182e-06 1.7995769810808394e-05 1.0
0.03525369331916456 0.24238874021420845 0.7503845289932835 0.00022040019507608922 0.00015442069230936923 -0.0001409476775309981 0.0003228385542719161 0.0 0.023210199930818777 0.23810659130313747 0.7549199881960059 4.388738136601768e-06 1.4089198213437526e-06 -1.3347399073435016e-06 5.080293313241994e-06 1.0
0.035299953415520405 0.2423582338143677 0.750418190679948 8.104618950779702e-05 -1.9751085207580095e-05 3.2584363286359544e-05 4.554822381085165e-05 0.0 0.023188947614677446 0.2381104026184983 0.7549124666561394 -1.9520260637934e-05 7.129988497447905e-06 -6.037371702731137e-06 2.2319182150456435e-05 1.0
0.03518066706474547 0.24190305815590832 0.750162243782705 -0.00016584346200707842 -0.0004773821063570351 -0.0002484751467097723 0.0005252701158843052 0.0 0.023194330339363186 0.23811290216466832 0.754917165714701 -4.372565022913086e-06 5.202791060495348e-06 1.8499243227949775e-06 8.841527098314474e-06 1.0
0.03513807250657425 0.24176043217792142 0.7501992671529275 -0.00010111821681193812 -0.0003351966752206925 -1.54195859803025e-05 0.00017949950822695343 0.0 0.02317031502881672 0.23814570431939827 0.7549271517461978 -1.993671704566597e-05 2.8041554876061197e-05 9.91022989842817e-06 4.072084552683767e-05 1.0
0.035063105976615695 0.24170479280763918 0.7501990606900744 -5.553785149022275e-05 -9.520037404263544e-05 3.3957664792093e-05 7.503654531633105e-05 0.0 0.023185300751006232 0.23817704323738464 0.7549565765989986 9.877443477862872e-06 3.44100936146482e-05 2.8039112433373928e-05 4.632256228735337e-05 1.0
0.03497888957130807 0.241675912759907 0.7503446846286154 -4.762381927713978e-05 7.497613643480826e-05 0.0001517068384696103 0.00016133290663241815 0.0 0.02316868692184288 0.23820659656763365 0.7549609028621515 -7.965816949916438e-06 3.10109683448739e-05 1.2036841088969326e-05 3.3994973519478125e-05 1.0
0.034976985918816476 0.24180248093058707 0.7505602363629574 2.5133618223205042e-05 0.0001848489152929902 0.0002349943271031831 0.0002719569773280427 0.0 0.023178100647731657 0.23822396591028897 0.7549726447923725 7.090629629342692e-06 1.966065773230939e-05 9.75233440969059e-06 2.2236222259459655e-05 1.0
0.03523643148358106 0.24200758431878108 0.7505061511681175 0.00023507916239433 0.00021434569845966365 1.287745516348609e-05 0.0003339122106027583 0.0 0.023176979874072138 0.2382392094975409 0.7549854980911861 -4.7915939931815e-07 1.1332862747165351e-05 8.397458090445565e-06 2.01409780184334e-05 1.0
0.035083172554778094 0.24208356309724707 0.7503984088438025 -6.59658213470323e-05 8.960672909964415e-05 -0.000143022968868679 0.00018656010391899424 0.0 0.02317896324636105 0.23826632103187506 0.7549816804703242 5.760802246380146e-07 2.118157636984184e-05 -2.9485717428386196e-06 2.8602182376754125e-05 1.0
0.03493344922127688 0.2419269264964697 0.7503637757289178 -0.00018560303991927286 -0.00017600684804718796 -0.00011855238119323208 0.00022398506561165788 0.0 0.02317382128853618 0.23827044459993524 0.7550043109260692 -3.4649006646177254e-06 8.691529167035963e-06 1.799273459668679e-05 2.3016076136675348e-05 1.0
0.034859295090493674 0.24188590008103975 0.7503867469160954 -0.00013525792678146278 -0.00010126540466294845 2.0136652632464426e-05 9.378767454936484e-05 0.0 0.023150795391000727 0.23828511294927435 0.7549907435039084 -2.309427154472912e-05 1.479223392384117e-05 -4.944102771629032e-06 2.990003433113446e-05 1.0
0.03479028777122269 0.24184556986444594 0.7504381909616699 -9.205753176906233e-05 -6.766650681316159e-05 7.847529498844599e-05 9.23978572280648e-05 1.0 0.02316160802526742 0.23830425737919778 0.7549975987924192 4.303045563932292e-06 1.8431670650123543e-05 2.906962218178879e-06 2.3445464556589008e-05 1.0
0.034699959039589424 0.24188793638822143 0.7504316394621721 -6.515175008375363e-05 4.970476834184299e-05 5.165396328186232e-05 0.00010053566741779017 1.0 0.02314990699736323 0.23827156894953938 0.7551021384412735 -7.721510662046963e-06 -2.4336230809953214e-05 8.879108860040407e-05 0.00010923617889582865 1.0
0.03465157658225193 0.24179201995515295 0.7504903258630806 -1.632817186494837e-05 -2.1498934491364756e-05 5.0610328628291956e-05 0.00012161036438602417 1.0 0.02286383862603425 0.2385040205464881 0.7550455969746193 -0.00024403875555542698 0.00018834059265921449 -1.7848607275556274e-05 0.0003734179913494516 1.0
0.03461313758665328 0.2417533954429209 0.7505101084126283 -2.1041134390244136e-05 -3.876359835027702e-05 -2.9263897892477188e-06 5.954832829577916e-05 1.0 0.022832774176788164 0.2385593646718089 0.755082679756593 -0.00010715660962513095 0.00011246241916281765 1.4037690435644653e-05 8.226629398994567e-05 1.0
0.034671869584429874 0.24190480715028098 0.7504413713602353 1.4926529799757815e-05 9.85245355296525e-05 -6.617067104855494e-05 0.0001700568325703503 1.0 0.022873393836834895 0.23861412239864474 0.755103803425133 3.212806692442946e-05 6.163915243547667e-05 1.70835238281523e-05 5.2671725663849944e-05 1.0
0.03469706887970881 0.24196465956203278 0.7504096872088151 4.584499886612511e-05 8.142196700374657e-05 -4.6886140441329205e-05 8.184781542980475e-05 1.0 0.022878094123389186 0.23863397194721295 0.755102507034459 4.947380803127112e-05 5.808798297530594e-06 2.4643668965181854e-06 2.864470464069615e-05 1.0
0.034703247723728334 0.24200019468746334 0.7503951121282046 1.9321210214271487e-05 6.228156534929092e-05 -1.935735882227216e-05 3.247595041404189e-05 1.0 0.0228759288971532 0.23864439618556815 0.7551045140082014 2.779798792834063e-05 -1.1941661134126659e-05 -5.675146571357914e-07 1.9957768765770253e-05 0.0
0.03471675102306054 0.24202518562071607 0.7503827332202891 1.5752220256886712e-06 1.852185355822911e-05 -5.573710968806701e-06 3.0399948245462096e-05 1.0 0.022899093249173046 0.23865542993857658 0.7551161431315747 1.863799262902044e-05 -1.7795122287398091e-06 1.46077366330044e-05 2.2854418575115325e-05 0.0
0.03472502923630013 0.2420522821797474 0.7503752415830456 -3.921565470482686e-06 7.119811438670638e-06 1.025916714434002e-06 3.301049066739834e-05 1.0 0.02288165171805482 0.23868098950298708 0.7551149367264405 -3.7468907563896276e-05 3.2259997847832897e-05 3.843426058675408e-06 2.4646841803864806e-05 0.0
0.03467814667754604 0.2419582067918915 0.7507271782176586 -4.1852973836913784e-05 -9.722901637519189e-05 0.0003117502661146992 0.00036490613112017187 1.0 0.025310793604062826 0.23935645649949805 0.7557840669625425 0.0020552615505242617 0.0006094519493868482 0.0005648400938373877 0.002591141812769903 0.0
0.03461332737077328 0.24198299095250875 0.7509810535693611 -6.621754663287398e-05 3.761161000341104e-06 0.0003123827851486976 0.0002706507368332025 1.0 0.027363057523388492 0.23993951920195256 0.756592485415822 0.002467815395057935 0.0006813102721154907 0.0008904793694587015 0.002365643430108186 0.0
0.03450646774422742 0.24216756999192612 0.7513119631410239 -0.00010186453199754702 0.00018163366721555814 0.0003413273990970333 0.0003813663567914181 1.0 0.0317704810181242 0.24147261382466387 0.7586145020951238 0.004321383161054632 0.0014655686402237408 0.0019492699743498708 0.004972102779711473 0.0
0.03457753872124266 0.24242741992269143 0.75154084515032 3.5420101337383854e-05 0.00028074891784272683 0.0002441207951885932 0.0003572047055940443 1.0 0.03494987393164569 0.24271070474415118 0.7602126342357421 0.0036393428451865035 0.0013992070541125274 0.0018452522814565802 0.0038514253751810914 0.0
0.035493705622889296 0.24293734541118941 0.7517359293630279 0.0008207952529232644 0.0005137860268224483 0.00016284099411032634 0.001063604953304914 1.0 0.03914962295217613 0.24470803589259987 0.7626592728250899 0.003947802710390205 0.0019023259172852502 0.0023541708749559892 0.0051764704284249655 0.0
0.03616098638040171 0.243224707425191 0.7518043213828929 0.0008507685368946794 0.00036276700149740583 4.550690710580256e-05 0.0007565483304400934 1.0 0.03985405199263711 0.24548401996657818 0.763273607294963 0.0010082034053242553 0.0009695233705250871 0.0008692667965483601 0.0013247461860308543 0.0
0.036537904333509036 0.24347625108413953 0.7522057443467589 0.0004908593987521815 0.00023148806806432202 0.00033094143572990036 0.0005693773843926557 1.0 0.039693130306921946 0.2460415766548227 0.763550952823805 -0.000616584871048909 0.00042425498841761365 3.806776679109875e-05 0.0004952279438481663 0.0
0.03606379552814367 0.24457232878274923 0.7544581309431805 -0.0004410637506450913 0.0009134680993372512 0.0020510495793880875 0.002533932409487798 1.0 0.03668276834155897 0.24759229051312456 0.7639087876185011 -0.0030791274711551683 0.001218675006693208 5.089843868942134e-05 0.0034861439093134463 0.0
0.035338150398241334 0.245259604038747 0.7556172374375759 -0.0009394630632159841 0.0008373863106439567 0.0016204675917935896 0.0016239166066839314 1.0 0.03435426966988531 0.24807282865504782 0.7637275140355901 -0.002964323861725935 0.0006875133042566779 -0.00017551275644745102 0.0025097865436244766 0.0
0.03694562698566991 0.24623179631641898 0.7566669166012098 0.0010798439151632182 0.0009844955149149535 0.0011559751414109568 0.002056016156853387 1.0 0.029569784295459655 0.24772848157978783 0.7626559824770409 -0.004282208212193021 -0.00014648841054730629 -0.0008325899755165784 0.004748100120088583 0.0
0.03917368667691225 0.24604842589402767 0.7579834056894793 0.0024928148784337033 -2.9326048091842666e-06 0.0011051342731152214 0.002597515795340493 1.0 0.02644974664732215 0.24702131236661434 0.7620108503639579 -0.003320787711789921 -0.0007998690890927927 -0.0007380065080498008 0.0032688867595535628 0.0
0.04155709391992706 0.24691990997996904 0.7576406597658618 0.002898031707853224 0.0005398458491706571 -0.00028329483705289836 0.0026247814350712374 1.0 0.024521359758413047 0.2464125040067104 0.7617183836654879 -0.001714061142572141 -0.0007784217322723737 -0.00028812804128350083 0.0020901478933855132 0.0
0.04452209188581556 0.24836982387551604 0.7563365871168473 0.0030655113031905364 0.0013222319060677433 -0.001451628456932707 0.003512480703275348 1.0 0.022082278025338322 0.2457292254486553 0.7613773322645326 -0.002037945218910161 -0.0007799660949615506 -0.0003170844605971425 0.0025174861872429297 0.0
0.04718764049950015 0.2511006300122529 0.7551565703254716 0.002607800636561849 0.002759528220789587 -0.0014204365533414213 0.003981642304059993 1.0 0.01924291414029568 0.2449609248994715 0.7610877912074625 -0.0025816555284976566 -0.000608083833297109 -0.0001556467171478416 0.0030124493980533277 0.0
0.04841100240755492 0.2523235332697553 0.7552474666406364 0.0011293055166141106 0.0018303844820170539 -6.0198028313406655e-05 0.001789319716904963 1.0 0.017831684288412683 0.24455424871579062 0.761048689630618 -0.0018681011567801753 -0.0002898584995193217 -1.9816368041036478e-05 0.0015206031313440525 0.0
0.04998037600976239 0.25343569121038984 0.7551702167545775 0.0011683087364219333 0.0010472118863594211 0.00019167731598363 0.0018075827831259242 1.0 0.01648928259527438 0.24460961918734994 0.7609170404378129 -0.0013853204829653472 -1.2431237385498442e-05 -0.0001768526365939025 0.0011804151354919876 0.0
0.05213048428096613 0.2549018230837959 0.7544997523229998 0.002033809910903909 0.00110097549910881 -0.00022850313365639532 0.002767710042231737 1.0 0.015375406752981458 0.24494906895043728 0.7601477581140628 -0.001215725510703129 0.00035161789641633567 -0.0007567415228571638 0.0014845987189987986 0.0
0.05593895120385047 0.257188658771506 0.7539767593936513 0.0037146776947140983 0.0019460189805403502 -0.0005363769373181882 0.004525129154362135 1.0 0.014655369617943921 0.24566967728556635 0.7590368950472239 -0.0005466044662982804 0.000750737262609328 -0.0011376257425000952 0.0015567697265004435 0.0
0.05904155417989811 0.2589254013501136 0.7546683476530226 0.0036707696332924315 0.002062878857517454 0.00023435442914383265 0.003593565918030259 1.0 0.014466705903146271 0.2468137614987121 0.7582298323925178 -0.00018443737685421187 0.0011550951628059168 -0.0009776408320461062 0.001367073575540407 0.0
0.06108616218553038 0.2602794964812301 0.7550611658108439 0.0024392170729644245 0.0016050058048544863 0.0004552255417330272 0.002384432194832859 1.0 0.014018825311437156 0.24752992572424523 0.7577715190019851 -0.00045649587289241234 0.0008034787346310582 -0.000524382914626662 0.0009367814154091314 0.0
0.06423301946800958 0.2625926168225862 0.7562636712662748 0.0026649536173089963 0.0021403986899113762 0.0012581245998149046 0.004109480107939805 1.0 0.013720803153240013 0.24799884789156104 0.7573950133789771 -0.0003612228499779032 0.00041720810368296604 -0.0002344395063636497 0.0006946209204392274 0.0
0.06637310267135096 0.2648800354677797 0.7573334636342549 0.0020010653126257285 0.0021680018043680883 0.001298929635746356 0.003442920863751085 1.0 0.013868855745049733 0.2480404746443203 0.7573651393402818 0.00011844853217940921 -2.435415361901614e-05 8.261087624302955e-05 0.00016192937862032205 0.0
0.06844274157825417 0.2676460431505977 0.7583224601480408 0.0020028436464066945 0.002774932377284597 0.0009500785665549658 0.0035122669745094627 1.0 0.01426636170649781 0.2480706470866532 0.7574370285841127 0.00036192376589467006 -0.00010195021334189023 0.00011976472093320314 0.00039706895292768835 0.0
0.06933788356255637 0.27005924300684564 0.758996803513529 0.0011138991772636877 0.0026291888912904748 0.0005646380317776191 0.0026169253560095578 1.0 0.014501759578865485 0.24810198543059686 0.757474695217291 0.0003351068701540527 -5.599378159171971e-06 -2.0446470643263376e-06 0.0002556205492155923 0.0
0.06932519507445385 0.272095228798906 0.7596962714832124 6.142690473294509e-05 0.002108636051884963 0.0005933369169269618 0.002184669883591593 1.0 0.014617607097594484 0.24810443086074027 0.7574825323008504 0.000172487474896871 8.935921023818343e-05 -4.681162717995121e-05 0.00010218739848932411 0.0
0.06862419104255282 0.27373517705811873 0.7608953536560934 -0.0009223121279467047 0.0014799676400155618 0.0011211971058663686 0.002172306290746874 1.0 0.014707624621321577 0.24810328740556906 0.7574830782913896 4.312914066690655e-05 9.1006270174486e-05 -2.7780375783966263e-05 8.242807294535294e-05 0.0
0.06822667925388579 0.27462969742349136 0.7610838737883504 -0.0006358201056052455 0.0008202916064616098 0.00039523190124882504 0.0009915145853198015 1.0 0.014765119490810968 0.24809099259443287 0.7574887526929408 -3.912166246073051e-05 -2.6007778707538756e-06 -1.6628066850211e-05 6.810506131575884e-05 0.0
0.0691309114039204 0.2753463191859926 0.7606236328616435 0.000880915783633467 0.0006449953665478862 -0.00035630434197687596 0.0012167183919292563 1.0 0.01481416227343853 0.24807893265521466 0.7574848890200362 4.065772077170126e-05 -2.633546576125015e-05 -6.530395916692477e-06 5.920488528343595e-05 0.0
0.06972333929426643 0.2755475211448987 0.7604392211222516 0.0009762213650308335 0.0002182914355738524 -0.0004199011009719967 0.0006688318700144111 1.0 0.014832840997033558 0.24805978238729862 0.7574791046422307 7.246146727602447e-05 -4.7042529983947964e-05 2.3064359653893413e-05 1.5312386650049182e-05 0.0
0.06989597662787109 0.2756116854400846 0.760333874263172 0.0004976821458927624 9.679118680760426e-05 -0.00020639735915156665 0.0002197480092209791 0.0 0.01486839893070625 0.24804278581418338 0.7574753149227529 6.0344539778038907e-05 -1.6144126130662555e-05 5.416132980970396e-06 4.2758555700932454e-05 0.0
0.06994999449317214 0.2756733184705719 0.7602169099464738 -6.525773707380085e-05 6.277061522411576e-05 -4.675889373482805e-05 0.00012136015531284683 0.0 0.014902158984276558 0.2480480090901378 0.7574691877768688 2.7770943745689385e-05 3.2405112317379354e-06 -7.66920507005356e-06 3.644632320082595e-05 0.0
0.06960388392142017 0.2741113209234876 0.762980615195188 -0.0005603528396192359 -0.001288094355473003 0.0025118560180452045 0.0031743889645108386 0.0 0.014927402717882341 0.24806073726929165 0.757449525987537 2.3772611064661872e-05 1.4055860213735241e-05 -1.9471201905579492e-05 3.3373694485894716e-05 0.0
0.0689585565021673 0.2732871769330407 0.7647899768704486 -0.0008157047327307908 -0.0011158421948226855 0.002429715440518638 0.0022200749197285115 0.0 0.014929824621495618 0.24805473450085933 0.7574540330869082 6.257869082335467e-06 8.827706547042875e-07 -6.336644159724469e-07 7.97751057587205e-06 0.0
0.06880796066424637 0.27336114794989336 0.7656679216381809 -0.0002365530514208433 -0.00013709167696857667 0.0011267108447822348 0.0007483958239805056 0.0 0.014931270104683137 0.24805115009556647 0.7574528724758425 -3.6643594964913973e-06 -6.0075989329093625e-06 1.870379209891059e-06 3.2980123318389814e-06 0.0
0.06883500671604853 0.2735920132364271 0.7665395255771921 0.00017975671411042023 0.00043043683143851886 0.0005703173593238521 0.0008691859365899364 0.0 0.014942313593725193 0.24805620503304068 0.7574490913890997 5.119888571227268e-06 -2.227650362013512e-07 -1.9062940739636616e-06 1.375098292899456e-05 0.0
