0.06361333167791303 0.2768440627977065 0.7603114260006653 0.0 0.0 0.0 0.0 0.0 -0.01729873893888175 0.27889915430075096 0.7618469508962025 0.0 0.0 0.0 5.8104900477936314e-06 0.0
0.06362296157592412 0.2768140222692232 0.7602402678452591 9.629898011093152e-06 -3.0040528483321616e-05 -7.1158155406148e-05 7.78373391635841e-05 0.0 -0.01729910117156961 0.27889840649301173 0.761845094017787 -3.6223268785884333e-07 -7.478077392319982e-07 -1.8568784154737727e-06 0.0 0.0
0.06360763065200653 0.27673149786288637 0.7601593019238395 -1.5330923917589168e-05 -8.252440633682578e-05 -8.096592141959569e-05 0.00011662244767083472 0.0 -0.017296154073426384 0.2788911341542662 0.761840152447632 2.947098143225857e-06 -7.272338745534235e-06 -4.941570154959329e-06 8.635523180012606e-06 0.0
0.06362448412976655 0.2766794319481381 0.7601059522385335 1.6853477760023217e-05 -5.206591474826716e-05 -5.334968530601447e-05 7.642701167409464e-05 0.0 -0.01729510298748893 0.2788875961376512 0.7618402361329502 1.0510859374535109e-06 -3.538016615012296e-06 8.368531811964175e-08 7.075977735820118e-06 0.0
0.0636202149123089 0.2766087227378916 0.7600548985251713 -1.3808136855409487e-06 -6.731735488447347e-05 -5.0499172233209186e-05 8.731838454446579e-05 0.0 -0.017295939867251316 0.2788868848851388 0.7618382852629637 -1.0381697066506448e-06 -3.226526899776863e-07 -1.6007625789190648e-06 7.72384299945096e-07 0.0
0.06360638578357392 0.2765250978896543 0.7599580193721374 -1.6333731611233527e-05 -8.62944711105041e-05 -9.744976901750046e-05 0.0001287242414498982 0.0 -0.01728801176483573 0.2788556657795369 0.7618142952590568 7.850509389457397e-06 -3.091538205903717e-05 -2.402178948055811e-05 3.856088786285936e-05 0.0
0.06361369375250604 0.2764484059698564 0.7598947639448496 3.5054615569127873e-06 -8.027546853110531e-05 -7.595190087777946e-05 9.925798712929591e-05 0.0 -0.01728331662357303 0.278807412415884 0.761789856666269 5.885158839558443e-06 -5.059286953501023e-05 -2.7379178455300128e-05 5.7135762008606064e-05 0.0
0.06359936822556736 0.2763178607633573 0.7597630147326372 -1.170401019794222e-05 -0.00012879868240578112 -0.00012589114974220235 0.00018570316622454547 0.0 -0.01726797504111723 0.278721589990254 0.7617309270685735 1.4787664265502107e-05 -8.65836150584855e-05 -5.728496179341608e-05 0.00010355535743451915 0.0
0.06361288762786825 0.2762593375595836 0.7597201288391892 9.01194745570765e-06 -7.815144111756765e-05 -6.87144180645695e-05 7.767472269572923e-05 0.0 -0.0172930428133147 0.27871768143915576 0.7617046273290687 -1.7954676747782838e-05 -2.3453319855839857e-05 -3.621797090508321e-05 3.775143310942633e-05 0.0
0.06361069774831218 0.27621530556907276 0.7596877674152658 2.0463861831094366e-06 -4.3573643269433215e-05 -2.6600685725355455e-05 5.11081117322399e-05 0.0 -0.01725422569286939 0.27852498752790833 0.7616631209084783 2.4986878141195743e-05 -0.00015694962535333298 -3.700273779896943e-05 0.0001964550529067123 0.0
0.06359582245280931 0.2761747207969315 0.7596492507971452 -1.04912161333173e-05 -2.740722584032591e-05 -2.234784818666133e-05 5.883595196812197e-05 0.0 -0.01720922488956039 0.27682083405988966 0.7604003524594158 4.7644564643359555e-05 -0.0015026221777341587 -0.0010858398226935243 0.002111114873092296 0.0
0.06356936326075811 0.27612996445224364 0.7596106132464695 -2.9870949882263365e-05 -3.884469392179962e-05 -3.4419957269717586e-05 6.765419287775633e-05 0.0 -0.01728802594172584 0.2752525598062795 0.7593261395176717 -5.357161594314358e-05 -0.0018186423549863852 -0.0012721692254129154 0.001963583678840008 0.0
0.06353189256540988 0.27603286162204477 0.759505121127927 -4.054340114426683e-05 -9.250732955903424e-05 -0.0001022327149466176 0.00014685488624747485 0.0 -0.017532471841750573 0.27357762336521585 0.7581048063237826 -0.000234421050072286 -0.0018298612802732928 -0.0013232802518414826 0.002017158433860822 0.0
0.06351941854390242 0.2759652082973112 0.7594257048542984 -1.8360373885362178e-05 -8.655673788857194e-05 -9.85385685684592e-05 0.0001044411412886905 0.0 -0.017640366639095958 0.2721962314860275 0.7570887074845732 -0.00016810613658177988 -0.0014126259326380879 -0.0010443388000066424 0.0017141804141052532 0.0
0.06349894812080394 0.27580269841410754 0.7592823761670631 -1.636903020576124e-05 -0.0001574423460861093 -0.00014484446992519 0.00021543976822387665 0.0 -0.01799046215192456 0.2696673030036106 0.7551433251999045 -0.00032182172956182005 -0.002186984068215666 -0.0016931402880053217 0.0032288607943797005 0.0
0.06350235792676702 0.27573279419592295 0.7592238751999485 6.265713598874281e-06 -8.783245121344062e-05 -6.962670277741454e-05 9.621124813124612e-05 0.0 -0.01838182296714666 0.26822963380308645 0.7538972798437859 -0.00039603424323041223 -0.0015859338680600803 -0.001355135240978948 0.0020207373305188773 0.0
0.06344106424656523 0.2756240300783524 0.7591228827986736 -4.8664445498410914e-05 -9.554297618652476e-05 -8.38396216656129e-05 0.00015470623504692935 0.0 -0.01845360964550504 0.2671952440736591 0.7530804663607998 -0.00012140415148727568 -0.0010769322859371419 -0.0008837633072825276 0.0012066302475845687 0.0
0.06333755865535566 0.2754221295502832 0.7589247293471256 -0.00010584296346647394 -0.00018063270930805258 -0.00017686708440877921 0.0003043560592206837 0.0 -0.018447735922775575 0.26615880355262317 0.752135476651085 3.9414530954514885e-05 -0.0009720799394300065 -0.0008749357712175646 0.0014136727560857157 0.0
0.06327614684612717 0.27528813388488577 0.7588272342360423 -8.342998860840299e-05 -0.00015529958117815033 -0.00012651361130593212 0.00018236746739853346 0.0 -0.018389828398383188 0.265573454750851 0.7515986910842872 0.00010279177094881705 -0.0005122265435758074 -0.00047996831505093423 0.0008642195538595336 0.0
0.0632463523785858 0.2752243978009266 0.7587784885063658 -3.590461311847791e-05 -7.915244609752654e-05 -6.00740403338387e-05 7.68993125481315e-05 0.0 -0.01832894064263594 0.2651853974653573 0.751227384039261 8.991607817717979e-05 -0.00035780567579203246 -0.0003440900095940838 0.0005212708139089759 0.0
0.06321743269185026 0.27519313533011674 0.7587491991750202 -1.3910558770715679e-05 -1.953365147516009e-05 -1.4305305052689414e-05 4.893750789079033e-05 0.0 -0.018341968135589755 0.2649115036977086 0.7508498562585929 -9.045459976594417e-06 -0.00031098071341956125 -0.0003824667298411987 0.00041615281289440753 0.0
0.06316399823851436 0.27514001744403066 0.7586960444529652 -3.7098642242088236e-05 -3.256145588539427e-05 -3.379961732786552e-05 0.0001023007782776978 0.0 -0.018363270692585646 0.26472634488231994 0.7506235123125522 -8.304447978902698e-05 -0.00028628584070538167 -0.0003286847903529431 0.00034036914507905584 1.0
0.06313300671681575 0.27503855856271153 0.7585999185920054 -3.5173159626093224e-05 -8.454307362065672e-05 -8.495649613166687e-05 0.0001421658817788625 0.0 -0.018304724195256084 0.26454911320020935 0.750494357148389 1.9188924400942572e-05 -0.00011970199692732742 -0.00010261822182160932 0.00021799224259506445 1.0
0.06311600617074938 0.27498197020583326 0.7585481043657218 -2.962642909964457e-05 -8.678622698880223e-05 -8.265555966072213e-05 7.426856162339379e-05 0.0 -0.018235816140605637 0.26450759015302844 0.7505351041795444 9.45419581793068e-05 -7.924591209602905e-05 2.828110775958165e-05 7.771116272573052e-05 1.0
0.06307945924090703 0.27486015214342463 0.7584430006475376 -3.5447617217187687e-05 -0.0001287185392838816 -0.00011059741116201963 0.00016201773790866896 0.0 -0.01823491952582336 0.26458107705341305 0.7504954197220054 3.3072521596620446e-05 4.435927063511729e-05 -2.0167496392254312e-05 9.233639178844581e-05 1.0
0.06307811024220322 0.2747044332769731 0.7583185310933588 -2.5886926117411766e-06 -0.00015158399424071813 -0.00011687007572747048 0.00020488780838599189 0.0 -0.018334804387558728 0.26471452591352523 0.7505204846393261 -8.287386783721538e-05 0.00016914017058197923 3.914145107668688e-05 0.00016886667673927762 1.0
0.06311739291301059 0.27458286075172256 0.758236232230938 3.8560086798711234e-05 -0.00012808066008160852 -8.813388518141932e-05 0.00015331111336535998 0.0 -0.018538532025395252 0.2649755665198464 0.7505728775344827 -0.0002170879219639401 0.00026942667385961873 3.7119547010100256e-05 0.00033486828178965746 1.0
0.0631715382348354 0.27445789485691335 0.7581418617448413 5.905314505097322e-05 -0.00012093406403575172 -8.755232345801892e-05 0.00015985257748429475 0.0 -0.018652730733355643 0.26515557678993396 0.7506888619653296 -0.00016710384718843365 0.00021089855725637668 9.245670265972916e-05 0.0002458056354039623 1.0
0.06320844245787574 0.27437354408635645 0.758056143577316 4.4914171594023195e-05 -8.564144834313261e-05 -8.397445814558162e-05 0.00012827720344777096 0.0 -0.01879467494238458 0.26551423909854804 0.750874401549358 -0.00013409771246007812 0.00032080673283582125 0.00018958308695825272 0.00041598742533113987 1.0
0.06318322367465824 0.2742678677705524 0.7579777444590295 -1.7047630324546364e-05 -9.218777001237879e-05 -7.655472807846086e-05 0.00013605310443838353 0.0 -0.018898931703946784 0.2657871057782711 0.7511213428653474 -8.177187318392858e-05 0.0002837246336767958 0.0002623837869763085 0.0003941615546997069 1.0
0.06314510905016156 0.27423905628049716 0.7579579225254456 -5.287277285789985e-05 -3.396472400192718e-05 -2.442353803720382e-05 5.076222573542635e-05 0.0 -0.01906758880127745 0.2661932663095957 0.7513770735897949 -0.0001375617077634568 0.0003882164795967044 0.00027605683605237414 0.0005053943456925277 1.0
0.06306754477508472 0.27420185739511727 0.7579444851827406 -8.812179272540746e-05 -3.4793424040378254e-05 -1.1478022661086238e-05 8.40309761183015e-05 0.0 -0.01920959845887972 0.26677246264957494 0.75167637071737 -0.00015280656137893077 0.000566470279757178 0.00028721528354182994 0.000666670604901557 1.0
0.06293762690559303 0.2741210086381841 0.7579492525940834 -0.0001273616574038422 -7.267093052464415e-05 8.711715729553226e-06 0.00015646134461727137 0.0 -0.01895450279872712 0.2672224614248281 0.7521781462574296 0.0001832078546941868 0.0005029719075541145 0.0004725664715427983 0.000722595693802067 1.0
0.06286408675540868 0.2740934296119751 0.7579456780106187 -8.376033420587482e-05 -4.1606416399535994e-05 2.605151183927986e-06 8.055919274736767e-05 0.0 -0.018682871593568094 0.2675118553676993 0.7525927436995072 0.0003195285810686326 0.0003162080471541715 0.0004502245160871146 0.0005745649432994284 1.0
0.06280620149300405 0.2740460460268766 0.7579207275552596 -5.042742612030706e-05 -4.803995519673683e-05 -2.7832156995301972e-05 7.310378494532641e-05 0.0 -0.018615201058225055 0.2675324949398742 0.752731357341558 0.00015602482650959798 8.421131398458404e-06 0.0001872690573166738 0.00014925376829762953 1.0
0.06278843392555257 0.27401426976053356 0.7579156067867666 -1.0226172777127383e-05 -3.346510449600372e-05 -1.7326733743625174e-05 3.8258144433336654e-05 0.0 -0.018567255725338194 0.267521399831065 0.75281331468915 2.498573800255866e-05 -7.842986323629988e-05 3.991249690816221e-05 9.345162169707729e-05 1.0
0.06276287442772487 0.2739295347283399 0.7578638903498763 -1.2803362369144618e-05 -7.499298939330012e-05 -4.722354227833598e-05 0.00010503364449715913 0.0 -0.018497540672056327 0.2674867641032783 0.7528241805778301 3.9168784634615e-06 -7.976882642953762e-05 -3.866031256459e-05 9.094203792043139e-05 1.0
0.06276305430174707 0.27390606604206386 0.7578527028470191 -5.783507670330157e-07 -3.308486098980595e-05 -1.7923839450717107e-05 2.7694258387803676e-05 0.0 -0.018476149529858814 0.26749190174828674 0.7528197607677468 -1.351400066837026e-05 2.6360177027653236e-05 -2.9479401497697102e-05 2.3738335349174572e-05 0.0
0.06276367051892624 0.27388136171384453 0.7578365452200404 -5.559017025305291e-06 -2.547933632424395e-05 -1.2402202980538882e-05 2.3667161681183384e-05 0.0 -0.018448709243871306 0.26748952222657496 0.7528269375394879 3.730156639285078e-05 5.4027156858891764e-05 2.8808024835227475e-05 1.6657375646947467e-05 1.0
0.0627672229952928 0.2738718079651922 0.7578292368005761 -3.0225992600462615e-06 -7.68763370809986e-06 -2.838040637098169e-06 1.5412927041118655e-05 0.0 -0.01842774757915824 0.2674871231846447 0.7528329748030926 6.512203145666986e-05 2.1165975917603204e-05 5.142276572627278e-05 2.225412919734757e-05 1.0
0.06276954263391689 0.27386470631572624 0.7578180942872249 3.85156530167117e-06 1.9064992191153245e-06 -7.89200353117502e-06 1.4252082877661573e-05 0.0 -0.01790924926518159 0.2669756578179478 0.7535960675084624 0.00045100018025300345 -0.0004440063009725593 0.0006655159031249511 0.0010522912553326768 0.0
0.06269001536409088 0.27366325233664607 0.7576912310654744 -6.870129359977263e-05 -0.0001740998224495943 -0.00011112844485657841 0.00024900416490186255 0.0 -0.016187621752112424 0.2648566890652923 0.7563903195671338 0.0016092532613221934 -0.001983794571687633 0.002602848374370335 0.003910757010023856 0.0
0.06266101852822568 0.27362068079690205 0.7576497223334729 -4.7330598356874576e-05 -9.604555907431118e-05 -7.176820385464709e-05 7.34960269548853e-05 0.0 -0.01584562325626372 0.2645881346836565 0.7568066866944113 0.0007697730573396711 -0.0008241963260548108 0.001128680104419637 0.0006942409259802492 0.0
0.06262292472615767 0.2735681582066658 0.7576346192921742 -4.07000202972359e-05 -5.783341087522234e-05 -2.485027036430452e-05 5.507252686602554e-05 0.0 -0.015627324235949567 0.2643670240055327 0.7568280376935208 0.0001885931016951338 -0.0001623751105438557 -1.867646737891592e-05 0.00010882269403019846 0.0
0.06260231919625146 0.27354993805768296 0.7576252012435112 -1.6579465893954487e-05 -2.475539465859224e-06 6.318115878693193e-06 3.152406522217444e-05 0.0 -0.015251741953661404 0.2640743509722181 0.7568936492450068 0.00012050000647959906 -2.3825216456396366e-06 -0.0003546544341723354 0.000559989175238027 0.0
0.06257275849318478 0.27352013264208674 0.7576019554162163 -1.9369990958376623e-05 -7.3173620112768815e-06 -6.857946179813373e-06 5.465113918463292e-05 0.0 -0.014770255224657549 0.26372787745913295 0.7571277750642736 0.00031964571587053334 -0.0001513504329238845 -8.396875778739942e-05 0.0007653840688141648 0.0
0.0625479201336841 0.27349910454674886 0.7575922262902 -2.158574380139956e-05 -1.547876150836704e-05 -9.48193705451481e-06 3.3616803862257505e-05 0.0 -0.014198517108128833 0.26323838812453354 0.7574397128665499 0.0006035780492289823 -0.0005024893614700087 0.00035392221459368283 0.000744311795885414 0.0
0.06246413514089527 0.2734151759854907 0.7575593037839249 -7.88938874104093e-05 -8.659926498075532e-05 -3.866949390068925e-05 0.00011496169661919259 0.0 -0.012914384070765892 0.2622434853195566 0.7581175039867758 0.0013686828118559084 -0.0011424656557986817 0.0009425783000169879 0.0016602184395806368 0.0
0.06230838891383468 0.2732277073362859 0.7575078853753179 -0.00016039378271897066 -0.00019821843417468945 -6.240608410420454e-05 0.0002556948507557061 0.0 -0.008569680734097106 0.258884305961842 0.7600193645307723 0.0041195300102506785 -0.0032438053871363336 0.0019894516440091487 0.005888236407328413 0.0
0.06216782785650344 0.2731518331234389 0.7575510462200123 -0.00015714082644797722 -0.00010465214595023982 3.086779489177484e-05 0.00016660396130965284 0.0 -0.005890826927175237 0.25729521987954446 0.7618044531430018 0.003313361116351502 -0.0020932519088674266 0.0018355620164711112 0.0037004373256796794 0.0
0.06208789365099852 0.27310253320656197 0.7575247059323468 -9.55179421700741e-05 -5.062201149746729e-05 -3.541003728787697e-06 9.12260717143658e-05 0.0 -0.004948980948979395 0.25689709762342555 0.762420706566912 0.001294719490099868 -0.0005808342899792782 0.0008626312922971592 0.001009922208668029 0.0
0.062061955260042025 0.2730695195306012 0.7575113717192384 -1.69035602046253e-05 -1.056946713859928e-05 -1.2116405222691714e-05 4.468596338212917e-05 0.0 -0.004881628996192333 0.2571901616219629 0.7624776683854217 -0.0003194574006627608 0.0006327279674947137 -8.229627696341993e-05 0.00027781864552689473 0.0
0.06206202543936374 0.2730582735869213 0.7575110960053976 2.259650148382386e-05 5.423162085607079e-06 -6.031826392881111e-06 1.7037336022312507e-05 0.0 -0.005318565554266618 0.257724854928428 0.7621570316792091 -0.00103625553171218 0.001001147708884293 -0.0006214169301858529 0.0009272583561554395 0.0
0.06206452537120986 0.2730554763378099 0.7575046572695111 1.8470041363959835e-05 1.584104332994954e-06 -7.87071241624007e-06 6.087485606104608e-06 0.0 -0.006243444330688176 0.2585947559335919 0.7615301163789538 -0.0011607969434346281 0.0009894574677976563 -0.0008036509079243395 0.0014470065120244769 0.0
0.062077254247648705 0.273056637361209 0.7574852172724765 4.445449788703335e-06 -1.1527896482365207e-05 -2.0623062785149827e-05 2.022806913067904e-05 0.0 -0.006885856047336988 0.25912795249261605 0.7610875572353955 -0.0004836771878733213 0.0003764611051717149 -0.0004273339003701964 0.0008122586960261289 0.0
0.06209213062164762 0.2730606345368203 0.7574700496788511 6.519243195769237e-07 -7.164701812581521e-06 -1.5484589764286354e-05 2.3402396913776725e-05 0.0 -0.007610654825982221 0.2596741232785599 0.7605731596727602 -0.00026170777463814044 0.00018119716058485023 -0.0002704603911811346 0.0010336601235636808 0.0
0.06210262262506867 0.27305350583452354 0.7574590192412212 5.843754551181714e-06 -5.11846826334474e-07 -7.567275295989574e-06 1.5942777039034317e-05 0.0 -0.00811194816162546 0.26000606961495115 0.760277833382487 -0.0004852103700450179 0.0003515895399813598 -0.0002253971888865956 0.0007202505384608206 0.0
0.06211019850652161 0.27304602522632004 0.757454952955629 8.784585828662994e-06 -9.692888933202656e-06 -9.620653266449361e-06 1.1408795938759342e-05 0.0 -0.00872599309540919 0.26042160385087676 0.7599008468964723 -0.0006002624123772459 0.0003997801480950436 -0.0003579913458068272 0.000841963970126799 0.0
0.062110881938749515 0.2730372247390169 0.7574607768291107 3.11868467406097e-06 -1.0208423260438404e-05 8.441493126317849e-06 1.1218352498492201e-05 0.0 -0.0092598621928381 0.26088853792480504 0.7596023183158924 -0.000572119723759605 0.0004920864443166289 -0.00031926533739898885 0.0007649161323469657 0.0
0.06210856729560295 0.2730307913877955 0.7574643648477379 -2.52951625239775e-06 -6.161285307537135e-06 7.926061617296402e-06 7.900556384573853e-06 0.0 -0.009811448278078809 0.26139658235896085 0.7592854627383677 -0.0006003266607661818 0.0005627603625703499 -0.0003469010768497243 0.0007984413607320592 0.0
0.06210081541350723 0.2730122825209626 0.7574519819555515 -7.970568160531182e-06 -1.531544566886215e-05 -1.0310702645996806e-05 2.2941021339068915e-05 0.0 -0.010241815528762124 0.26181256045961165 0.7590299984264238 -0.0004904795688061892 0.00048643953609539753 -0.0002941306029004957 0.0006604334948827035 0.0
0.06209406602390219 0.27298966320885515 0.7574358185955088 -6.658213818663407e-06 -2.216409536040998e-05 -2.0129920279110438e-05 2.914925125601712e-05 0.0 -0.010690313927659033 0.2622293151983139 0.7587031836727647 -0.00042020377483929035 0.00039654611568411746 -0.00030899564491998596 0.0006825841045575468 0.0
0.06209289496304826 0.27297012124200776 0.757417718101367 -1.3893899529112073e-06 -2.155722186124688e-05 -2.1568946005402995e-05 2.6417154442988717e-05 0.0 -0.011052484305871121 0.26256235839627834 0.7584319689039412 -0.00036737073549284626 0.0003246411060568381 -0.0002887271968829427 0.0005774715442350032 0.0
0.06209864523104724 0.2729617134797896 0.7574089247551737 6.300451410912257e-06 -1.092368067019525e-05 -1.1315349839606404e-05 1.318472700813155e-05 0.0 -0.01150680633768632 0.26294914522072127 0.7581165362868416 -0.0004200159537976717 0.0003430413343935943 -0.00029911721014150094 0.0006645915121847867 0.0
0.06210107612262694 0.27295008833836987 0.7574110786873924 5.185510197731326e-06 -8.351583134146112e-06 3.734865153301135e-06 1.1975077170071135e-05 0.0 -0.011836841403005624 0.2632185680854501 0.7579002111587079 -0.000368369995392202 0.00029349647014373766 -0.00024033535638331196 0.0004858934411191137 0.0
0.062103309904763315 0.2729384029863247 0.7574085705410712 2.577295848466457e-06 -9.428004028182825e-06 3.344845083946053e-06 1.2854458576819016e-05 0.0 -0.012710935247121804 0.2638013480297067 0.7573968428617988 -0.0007942738516306944 0.0005399024163094052 -0.00044748284287615626 0.0011483149347952491 0.0
0.062094661505983376 0.2729230089800552 0.7574002400823333 -8.295047226987789e-06 -1.4884783761611186e-05 -6.316428842479462e-06 1.9302496765511247e-05 0.0 -0.013170444473994175 0.2640608954889049 0.7571244651935453 -0.0005886867374592401 0.0003467205841165078 -0.00033410604632139846 0.0006273500326491086 0.0
0.06208737137532623 0.2729061307173023 0.7573829190685156 -1.0575905237330299e-05 -1.9304386075020854e-05 -1.9199150965971935e-05 2.5139221755507936e-05 0.0 -0.014715045475449877 0.2647846240839365 0.7558146704390172 -0.0013891884779567375 0.000646566620461872 -0.001161190309523405 0.0020982936897738637 0.0
0.062083647244336924 0.2728635038403221 0.757353048834642 -5.66830135138167e-06 -4.068652075100079e-05 -3.216177344402057e-05 5.181629373163479e-05 0.0 -0.015064956571921449 0.26534795412833595 0.755281593922811 -0.000627127177090099 0.0006191589009250718 -0.0007722186055347834 0.000922604563719323 0.0
0.06199986411152851 0.27272320892421126 0.7573040321978779 -7.114854105630173e-05 -0.0001299013161969003 -4.997582854962799e-05 0.00017036903933097367 0.0 -0.01692310776059314 0.2659382442507595 0.7528466919633665 -0.0015622490394324464 0.0005957799238260634 -0.0021604025112933944 0.0030260777668124537 0.0
0.061926387981626196 0.27263305039655616 0.7572798722592717 -8.429279433173277e-05 -0.00011301881817714011 -3.0403087894180266e-05 0.0001223637841220177 0.0 -0.017331444394163394 0.26555601636453185 0.7513929367676075 -0.0006778373132687659 -0.0002544464862205111 -0.001766332484677067 0.0016654929428540424 0.0
0.06188014215359102 0.2725686941292216 0.7572821014297806 -5.771004538501161e-05 -7.250842817387813e-05 1.8594558301335845e-06 7.424652476960202e-05 0.0 -0.017452599146201685 0.26545590798705665 0.7501835808847348 -6.43203249282426e-05 -0.00029854117506979074 -0.0012524751485046965 0.0011332933470524823 0.0
0.06185397008283467 0.27255306324646167 0.7572758341329375 -2.4262377182543793e-05 -1.0286479344219827e-05 3.3662808063497063e-06 3.099879903306176e-05 0.0 -0.01728345426151272 0.2648493861265492 0.7501804826104915 0.0002918190952551666 -0.0006150881781224918 -1.9121083886591503e-05 0.0006460250958409278 0.0
0.06184673947655091 0.27253297142628324 0.7572708150811269 2.400900852776345e-06 1.5294847598080495e-06 -6.378567532330353e-07 2.519293134888623e-05 0.0 -0.017177696817468717 0.2647267117523054 0.7502715810497829 0.000259362872749343 -0.00024392772518201617 0.00040707783946380456 0.00020327170734390988 1.0
0.06184483026754651 0.27251557141748745 0.7572809031034928 8.851153576003731e-06 -8.029202668551731e-06 6.070259344201189e-06 2.121113487268335e-05 0.0 -0.01714982460580548 0.2647120422305782 0.7503252831762536 -1.836958397464193e-05 9.749737678979917e-05 0.00022102398451373 9.364298226334684e-05 1.0
0.061837983138687394 0.27246537759786593 0.7572178607645476 -5.452045322922863e-06 -5.3453947273551874e-05 -5.5765645669926154e-05 7.739161110435706e-05 0.0 -0.017619110925049867 0.2652043975342626 0.7504849133376698 -0.00047587946682999124 0.0005457262812730364 0.00011349640501251022 0.0006298967488248823 1.0
0.0618037841497341 0.2723041899963004 0.7571896382723092 -4.0449540642673756e-05 -0.0001639902291834976 -4.4888485333233124e-05 0.00016893404761443993 0.0 -0.017944377314246023 0.2661699337168619 0.7506091671787227 -0.0005991648751232887 0.0010155337361799866 -0.00013655759267956313 0.001084753133664569 1.0
0.06181085155238974 0.27223133000858585 0.7571445729093218 -6.327838146254382e-06 -0.00010576153151833662 -4.447389341655482e-05 8.752032314709437e-05 0.0 -0.0177663533804324 0.2662211484751678 0.7509979995517236 0.00014593931125890286 0.00023932262246210306 0.0003079364903789436 0.00040943620822533324 1.0
0.06181707783126058 0.2722158272217147 0.7571275817903206 8.382394975948407e-06 -2.308386797446629e-05 -1.865757443086287e-05 1.9043281864973148e-05 0.0 -0.017486936864980783 0.2661351677380214 0.7513840846793053 0.0003839239410173877 -0.0001672637014041457 0.0004195334004496315 0.00044998379892888696 1.0
0.06180659886497227 0.2721784795740394 0.7571067026957904 -2.0404012559293425e-06 -9.214144102520854e-06 -1.373926935908416e-05 4.454515899828008e-05 0.0 -0.01718307434281874 0.2659843094524313 0.7517915710609654 0.0004491919634997643 -0.00036851805648390384 0.0005142508709343938 0.0005646429848060108 1.0
0.06178288237167027 0.2721366923714993 0.7570615106857492 -2.0087853563469074e-05 -2.456718144329531e-05 -3.5482258929331084e-05 7.179632697070347e-05 0.0 -0.017068259272590928 0.2660980309264422 0.752379958241724 0.00018570436271550967 -5.487334531166423e-06 0.0005661230120819412 0.0006293109912017359 1.0
0.06173988438691155 0.2721247665197928 0.7570596136591791 -4.500697993578625e-05 -1.684220530333882e-05 -1.1756412379951832e-05 4.331310668298707e-05 0.0 -0.016777223053074056 0.2662864586905002 0.7532990409436969 0.00018301360628575616 0.0002500335422705573 0.000875942972784729 0.0009543812836987973 1.0
0.061676007140423365 0.2720725335321761 0.7570148887011527 -6.900373668669022e-05 -5.728997822326078e-05 -4.2036563199761745e-05 8.821055811751165e-05 0.0 -0.016104866566831345 0.26601056283602864 0.7544178767535026 0.0005288591846714275 -4.093604626992183e-05 0.0011433246417526018 0.0013333315095752603 1.0
0.06165146155291388 0.27201898934721525 0.7569891247011421 -3.6153091339462934e-05 -6.740784231168434e-05 -2.88205582871182e-05 6.876089682924086e-05 0.0 -0.014587142726613381 0.2640033603300755 0.7564675647028982 0.0014671207741792603 -0.001757914799754607 0.0019795148277546998 0.0032433575129130364 1.0
0.0616307505287289 0.27194421652303885 0.756962483276123 -1.2573660417223163e-05 -6.878641617223644e-05 -2.7938032443380836e-05 8.109674842228846e-05 0.0 -0.012094175001667986 0.25955938056627376 0.7591854449572081 0.002570347769961798 -0.0044819158174202465 0.002779580794410013 0.005795802581806718 1.0
0.06156359077832255 0.2717858133985056 0.7567409725098828 -5.2215967514574913e-05 -0.0001477724377571117 -0.0001914805905335672 0.0002783802816469649 0.0 -0.007495804629906752 0.2533318116048699 0.7616928028569906 0.004549106981529183 -0.006569683890977447 0.002697531960918202 0.008144557454307927 1.0
0.061567085939950965 0.27155427845020336 0.7565864260287427 -9.996642271749511e-06 -0.00023614287504863005 -0.00019175159477570315 0.00028532993080268115 0.0 -0.0011243282851429964 0.24637495591606762 0.7631134185497548 0.006489631666025257 -0.007373155974856835 0.0015769819140962463 0.009515402253448222 1.0
0.061477620535117745 0.27143260686005627 0.7564917452658358 -7.437672593007732e-05 -0.00015451875567050816 -0.00011728414462000537 0.00017326349665475917 0.0 0.0021034108011930945 0.2427839027486131 0.7634529018036378 0.004051586511615655 -0.004168793524994025 0.00021984040375596427 0.0048694949035192345 1.0
0.06124558800139911 0.2711965136123778 0.7562434634516635 -0.0002215298706968829 -0.00020867301075760914 -0.00020812780192112977 0.00040503367449968414 0.0 0.00401815200049116 0.24118762162408053 0.7632692261842751 0.0017138689478490693 -0.001101907298249658 -0.0005183101735343032 0.002370038312337515 1.0
0.061073075986998855 0.27107014148584274 0.7561993836760976 -0.00021035759922253614 -0.00013805643867101808 -7.284634346032383e-05 0.0002366658948618835 0.0 0.005481288798577009 0.24079801488720726 0.7627610823485308 0.0006986287155254888 0.0004981441404063289 -0.0007041728094908948 0.0016962138145931401 1.0
0.06095256652304651 0.27102248820368335 0.7562055950940405 -0.0001361854498637864 -4.276559166129334e-05 2.233554776500185e-05 0.00011943820778214043 0.0 0.005977802894747353 0.24031523036314942 0.7617390134722857 0.0001075245161715859 7.34650616528793e-05 -0.000881688646095152 0.0013492568133146373 1.0
0.06088736187753478 0.2709933116710395 0.7562055276323993 -5.568892794347154e-05 -1.1353413470753334e-05 2.3060445659230855e-05 6.587127249517986e-05 0.0 0.006410541982978326 0.24017795436651046 0.7609062299524793 0.00042261651838135694 -0.0004470134663906377 -0.0007251049728540042 0.0008656214296418802 1.0
0.06085349972559782 0.2709572997980902 0.7561731115983799 -6.756531572959632e-06 -2.7650864811349954e-05 -2.8567161849114737e-05 6.827588044454319e-05 0.0 0.006712201397457292 0.24018991890054128 0.7603348997186296 0.0007301252908657354 -0.0005776454682517064 -0.0005018933042011489 0.0005498821606403888 1.0
0.060853755306737374 0.27091524676798456 0.756147044961849 2.0051226645322527e-05 -4.577907926672247e-05 -3.277009856867652e-05 5.1691117749030826e-05 0.0 0.007013843244246475 0.24007806294128647 0.7597568104533876 0.0005929219486432566 -0.0004079657655574904 -0.00050607939133741 0.0007300058673743188 1.0
0.06086097739298449 0.27089972603908574 0.7561324794211033 -4.1061425571487344e-07 -2.9162618048353113e-05 -3.656639584502546e-05 1.3937501346095334e-05 0.0 0.007340147401579954 0.24005509115864979 0.7595301213334669 0.00022683351719098976 8.164839101606428e-05 -0.00024058829092567062 0.0004128147933366907 1.0
0.06086581484268053 0.27089543559656115 0.756092300681501 -1.0141620620870515e-05 -2.0893460172101587e-05 -5.1085076248138096e-05 4.364256807321584e-05 0.0 0.008187695182869109 0.2401354528784599 0.7594199644949626 0.0007827179770528258 0.00016922653566520465 -8.196335387615868e-05 0.0008411229799152259 1.0
0.06086093842910581 0.2708631712814932 0.7560538891999706 -7.189317493822494e-06 -1.75996467844802e-05 -2.344727045138642e-05 5.149623965452181e-05 0.0 0.008750016577129949 0.24016877022038785 0.7593477088132632 0.0006749033327351846 0.00010664115427163885 -7.72694470258015e-05 0.0005850464796328578 1.0
0.06085343837111786 0.27082096995331145 0.7560208922192719 -1.1624378268605413e-05 -3.6840812598430675e-05 -3.0634455211458126e-05 5.440147247524061e-05 0.0 0.009082252514906365 0.2401282316351959 0.7590289246226393 0.00033183433906288674 -3.661100595435927e-05 -0.0003258408192483316 0.0004438507648408766 1.0
0.06083913538651306 0.2707835999696897 0.7559974692700704 -1.5030492852735304e-05 -4.33365612731928e-05 -2.5536932601823418e-05 4.518281645098969e-05 0.0 0.00929288651546184 0.24013396613622032 0.7586520920945642 0.00015529426336817573 9.142655468625139e-06 -0.00041948034964290996 0.0004303553762321302 1.0
0.06082340913071938 0.2707610509810067 0.7559864735117326 -1.535005381400137e-05 -2.902140056055113e-05 -1.181142195033342e-05 2.957673416200333e-05 0.0 0.00955360597991592 0.24018005522032387 0.758312842383354 0.00014965539725649818 3.2302548900246575e-05 -0.00040663999479678616 0.00044178262435438974 1.0
0.06080673425989033 0.2707522546519883 0.7559746987083804 -1.4124731240431368e-05 -7.232645151938418e-06 -6.246178766789187e-06 2.2836024844138326e-05 0.0 0.009890053893920203 0.24033630399095168 0.7579365643697692 0.0002963755355952654 0.000137216203311299 -0.00039082991953547823 0.0005327442360273394 1.0
0.06078806498954825 0.2707501155816887 0.7559578210587381 -1.705563933318573e-05 5.869832180124352e-06 -1.4340836031769412e-05 2.5192339974185955e-05 0.0 0.010249891267892075 0.24052641261755103 0.757478585947771 0.0004166350564204458 0.00022202187006991578 -0.00040447015743427437 0.0005988089118860653 1.0
0.06077326789220532 0.2707404867092311 0.7559365281653652 -1.4955227129909532e-05 -4.42051223136101e-06 -2.467603899953628e-05 2.793322723361423e-05 0.0 0.010538265918293257 0.24068411533926523 0.7571200245251597 0.00038267556214062167 0.00019071546265789766 -0.00035311664389620187 0.0004950035094184104 1.0
0.060761790931103454 0.27073032410283404 0.7559221199562665 -1.1553141887459982e-05 -1.4003505393160106e-05 -1.8554550948461975e-05 2.070003510213962e-05 0.0 0.010819875748316186 0.24083579994513302 0.7568054706527937 0.0002639537884280243 0.00014160163095264976 -0.0003095907038927016 0.0004410202242758793 1.0
0.060745322131381146 0.27071875912599247 0.7559041225213124 -1.4725182391062411e-05 -1.5699017676036517e-05 -1.782424324969675e-05 2.6477624866574774e-05 0.0 0.011103012191696337 0.24098698472125146 0.7565036478490798 0.0002468237743462714 0.00012710376736625373 -0.00030224469381984236 0.00044444851415838683 1.0
0.060702522672053054 0.27068316320387126 0.7558700446335793 -3.957849928269768e-05 -3.412416058637432e-05 -3.03908024848314e-05 6.557956613377227e-05 0.0 0.011467238657481916 0.24116739504016002 0.7561593739254058 0.0003340403467823543 0.00016524878893142786 -0.0003248266664862835 0.0005368580269573668 1.0
0.06065953625044686 0.270643600861874 0.7558352505689341 -4.755034151220279e-05 -4.158501477629478e-05 -3.565000788922226e-05 6.923936742209055e-05 0.0 0.011821399260088952 0.24143896235786202 0.7558505044617478 0.000374383137239664 0.00026435720148193677 -0.00031691538885160513 0.0005421214774540811 1.0
0.06063105453404868 0.2706059754571639 0.7558054411314051 -3.4451695680721816e-05 -3.9738487132612275e-05 -3.279279231128148e-05 5.454270662657864e-05 0.0 0.012111394726428042 0.24156394766381595 0.7555472670091608 0.00031970483678900026 0.00017308759683619575 -0.00031900429914452297 0.0004332734589749487 1.0
0.06059687273596758 0.27055546420202076 0.755774004416248 -3.137537564715812e-05 -4.817350219148024e-05 -3.120430366818844e-05 6.761766071857653e-05 0.0 0.012584371817837255 0.24182893113528306 0.7550313993468282 0.00043965878625423966 0.0002388203190520744 -0.0004926499130066824 0.000743359708777738 1.0
0.060568207727825715 0.2705250260208369 0.7557628147899025 -2.5405333206763527e-05 -3.307633000908197e-05 -1.2272352481268772e-05 4.537709377267053e-05 0.0 0.013139517525962303 0.2422658515933342 0.7543702968064792 0.0005491293092893333 0.00040979437449875606 -0.00066066373837044 0.0009806799077453508 1.0
0.06054522894356181 0.2705039733333056 0.755756855429173 -2.099779099192777e-05 -1.8581592194243896e-05 -1.9829983436280384e-06 3.101361895562366e-05 0.0 0.013449015247217649 0.24280865241404093 0.75384015469745 0.0003710847329926398 0.0005577472940979317 -0.0005913497365553288 0.0008207779587868263 1.0
0.06050668832288176 0.2704734284276687 0.7557481812950011 -3.625574768730688e-05 -2.5114152630911247e-05 -5.5757964697779225e-06 4.898803637755014e-05 0.0 0.013313557350081351 0.2434578098731406 0.7535760830771824 -9.127602331800405e-05 0.0006746390423748539 -0.0003031839331932756 0.0006953343730130563 1.0
0.060485641740179376 0.27046007191164595 0.7557348754281011 -2.769220716365786e-05 -1.6655632820872597e-05 -1.3835791349903706e-05 3.009282903703882e-05 0.0 0.013497940621759812 0.2437983236493687 0.753485055806573 4.148849145089393e-05 0.00041377887992933063 -4.653926443142002e-05 0.00040590992511800654 1.0
0.06046894508063613 0.27044900848121883 0.7557223943135775 -1.686724787653548e-05 -1.106099860048501e-05 -1.5375500775416985e-05 2.232220057132172e-05 0.0 0.013822024580703925 0.2439755920391535 0.7534577017488799 0.00027145619368080116 0.0001491670579175921 5.5343182493043316e-05 0.00037555659975164535 1.0
0.060457521100187046 0.2704349023817151 0.7557206173140613 -9.369275737711809e-06 -1.367904350659936e-05 -5.682740849333226e-06 1.772223981890616e-05 0.0 0.014045156916856982 0.24406696354255292 0.753378152057099 0.00030440913533497435 5.987345963289831e-06 -3.834544570548249e-05 0.00025624164645084103 1.0
0.06042023762916552 0.2704163142103427 0.7557114219178974 -3.191465683601046e-05 -1.9210846530761926e-05 -7.0809039424686205e-06 4.3591727844439805e-05 0.0 0.014325313020772057 0.24415872101373365 0.7532200286194302 0.0003496398209410534 4.863638599808037e-05 -0.00019633639474700323 0.0003282177216117755 1.0
0.060372323009745016 0.27040385749610474 0.7556830622354009 -4.927202497258113e-05 -1.3701572363976245e-05 -2.3354533534058846e-05 5.7664040713413335e-05 0.0 0.014601710047286052 0.24425393994424838 0.753082415182609 0.0002924212558964521 0.00011384966208420299 -0.00020946351951375234 0.00032598534734613026 1.0
0.060338419726513035 0.2703999564259483 0.7556817829220568 -4.194913088615995e-05 -5.798707357438846e-06 -7.974833350621808e-06 3.338309671224292e-05 0.0 0.014872251506895242 0.2443168289474212 0.7529412772055328 0.00022309882397056726 0.00011730838247453555 -0.0001622107741257676 0.0003078025766370605 1.0
0.0602913770334992 0.270384132154227 0.7557006923842527 -4.664363897719964e-05 -1.2961709502702273e-05 1.636783983996156e-05 5.1881726880887065e-05 0.0 0.015320032710048517 0.24447110516015116 0.7528758280332353 0.0003832184218105979 0.0001704875077047233 -5.8143272884250544e-05 0.00047850955762044115 1.0
0.060258019597799355 0.2703696632864139 0.755703886143793 -3.238793730681767e-05 -1.3433357080131368e-05 1.091910073076248e-05 3.826567021813698e-05 0.0 0.015999969442218383 0.24462291229830707 0.7528406059609204 0.0006966584532832594 0.00014876033738330603 -5.739940612286594e-06 0.0007005972677561756 1.0
0.06023427801966554 0.2703715498862876 0.755702150312003 -2.1187121438339415e-05 -1.636930538673237e-06 1.5527848400701376e-06 2.3790584112262943e-05 0.0 0.016538260156929527 0.24472548860208673 0.7527027384960719 0.000618690439898878 0.00010924159154896226 -9.959511755112583e-05 0.0005712772438318035 1.0
0.060166941999907325 0.27036076240131623 0.7556997854690048 -5.782577904549315e-05 -8.023060125565104e-06 -4.765793475513918e-06 6.674301894079985e-05 0.0 0.017479508428293454 0.24495166912834757 0.7520882750859315 0.0008855337560315188 0.00019798691362143622 -0.0005623586818541303 0.0011253710616083467 1.0
0.06008147764544214 0.27036154726615547 0.7557133903465213 -8.970039314518474e-05 -7.34149461798725e-07 6.031906480931974e-06 8.849420231938942e-05 0.0 0.01794195101169814 0.24510269623778955 0.7515670199497418 0.0005584567356980755 0.0001677903590670683 -0.0006265986552055651 0.0007420568557268783 1.0
0.059965527753227756 0.2702816191363868 0.7557573555379052 -0.0001204294322110727 -6.710610412735839e-05 3.981868157708263e-05 0.00014673493335415612 0.0 0.018022775475346618 0.24520130406861382 0.7512003267572536 7.849970907314725e-05 0.00010286307994336538 -0.00044128158962639607 0.0003678581441755064 1.0
0.05976963348133946 0.27017204298951436 0.7558268696792566 -0.0001920923274474528 -0.00011627944608002938 7.571795140365446e-05 0.00023407213320796695 0.0 0.017998735738918453 0.24514781952300022 0.7511096944818115 -0.00013164617528597518 -4.700793099483132e-05 -9.094623799783428e-05 0.00010170601705857164 1.0
0.05932625604439365 0.2698158518307945 0.7560283568671364 -0.0004213586220658241 -0.0003364837675009049 0.00019220891483778495 0.000602122478677978 0.0 0.017995978063039965 0.24496020896076964 0.7511299586907099 -8.042177954311065e-05 -0.00019677966659800282 0.00012006028926395014 0.0002025981850067279 1.0
0.05840132122951644 0.26901738772551254 0.7561374451851743 -0.0008950419628089074 -0.000774358217850233 0.00014145849498515075 0.0012306017503222908 0.0 0.017993252094204618 0.24486485766972357 0.7511329328512608 1.2309409452576777e-05 -0.00014988273028928304 9.259099486071245e-05 0.0001108507977162506 1.0
0.057351469362677085 0.26783759830404447 0.7556186328494905 -0.00112474411176428 -0.0012107310255650755 -0.00043164210239984374 0.0016669790407941236 0.0 0.01806651821158212 0.24484348815446275 0.7511352993346888 0.000129238582112807 -2.8174495745674646e-05 -1.1518861484836044e-05 4.956818241613119e-05 1.0
0.056070183564590724 0.266364298328988 0.7550759308969021 -0.0013174536336928724 -0.0015303072869093323 -0.0006446059639725719 0.002016697966435437 0.0 0.018148264544303783 0.2448124798434759 0.7511239751338019 0.00016885134423382105 2.0090548862232633e-05 -8.535757580815437e-05 9.291432521132904e-05 1.0
0.05285909524165141 0.26284988163583445 0.7540618690722936 -0.0029572641736027383 -0.0032867533677724296 -0.00104039005200014 0.004840478402179036 0.0 0.018455081242863956 0.2446852344658443 0.7511505125721452 0.0002629971075239875 -8.479620590770738e-05 -1.0975140380298947e-05 0.0003360314481805633 1.0
0.050605691227313405 0.2605259489304035 0.7535349435494936 -0.0026248596945500674 -0.0027592851078956353 -0.0006670751811790682 0.0033876094519289294 0.0 0.01856255125850013 0.24463405787972933 0.7511893271615598 0.00014065501281044693 -7.507546922573313e-05 4.040357312548235e-05 0.00013719032219604635 1.0
0.04730162327461661 0.2573945666776644 0.7534448592918809 -0.0032019933311252025 -0.003020986978697465 -7.415115292812703e-05 0.0044079146421312195 0.0 0.018663264585086162 0.24457596931046321 0.7512086141426824 8.621876977227477e-05 -8.253103386777565e-05 4.8400271688869845e-05 9.860107644619879e-05 1.0
0.044299374639747896 0.2540817901596777 0.753158564486035 -0.0030576649966059842 -0.0032086298049016217 -6.820709230275968e-05 0.004539238725371551 0.0 0.01880633769250238 0.24451889251852743 0.7512079911981437 0.00010578928145034937 -6.52417955375778e-05 1.0234923619902074e-05 0.00015952842766606715 1.0
0.043090868069858394 0.2499842396629564 0.7521483468232446 -0.001383150430587283 -0.003925277955746125 -0.0008378093651201322 0.0044330739232061106 0.0 0.01926587069586629 0.24437571566083235 0.7512616707382029 0.00039795515237601173 -0.00011629465679321603 3.740412290083672e-05 0.0004906241600147052 1.0
0.04303401017494306 0.24660939075689675 0.7513193982522774 0.0001524069312238926 -0.0035566818478865525 -0.0010263285375206022 0.0034534715606566032 0.0 0.01950919325209042 0.24441612309194075 0.7511719573084545 0.00032673319678071515 9.554765113049994e-06 -6.86325702990827e-05 0.00027135406597071887 1.0
0.042866028194834926 0.2445174275190837 0.7511242814065228 0.0002395968592457089 -0.0023012625504570568 -0.0004277897417148672 0.00205207922689996 0.0 0.019620809371383326 0.24433834917163572 0.75117563674864 0.0001550876758362452 -5.1532784999996376e-05 -2.391464320502051e-05 0.00011242961401894484 1.0
0.04265182974080133 0.24424208490438476 0.7514822525279418 -0.0001618310081330516 -0.00032967167511920676 0.00033123687753905883 0.0005622859243602789 0.0 0.01970453203113824 0.2442516030888903 0.7511753309544407 5.7525734185124455e-05 -8.697379573151419e-05 2.2221851127009705e-06 0.00012630546173905758 1.0
0.04232197840858059 0.2453139540295739 0.7520246610126491 -0.00044567938989091343 0.0014739166407581202 0.0007850489155256665 0.0011978374192104973 0.0 0.019861176106836093 0.2441247724528438 0.7511900819919816 7.977606880566675e-05 -0.00012357219791803836 2.131730167038194e-05 0.00021397493530082775 1.0
0.041927159267976806 0.245997113669203 0.7522805180631843 -0.0007526895669702719 0.0010992227058956683 0.0004717043440823479 0.0009106682929412358 0.0 0.019934568986854674 0.2440749889963682 0.7511796750581982 8.207766188527308e-05 -7.679622290265456e-05 1.716454749832234e-06 9.204657896943674e-05 1.0
0.041227675201841875 0.24691281386899372 0.752730778061909 -0.0007709770261994514 0.0008039200889864971 0.00032394109642561923 0.0011768611905921171 0.0 0.019997818311464733 0.24401483939149582 0.7511777576110306 9.317720899417148e-05 -5.765134201889237e-05 -2.261421871043132e-06 6.966275435330771e-05 1.0
0.03934037206320335 0.24800346410981214 0.754227406600973 -0.0016407864197601311 0.0007071156688699893 0.0011804957933864654 0.00261653257743771 0.0 0.020038031205270538 0.2439938923303147 0.7511649281593767 7.10140523349518e-05 -1.5000582987335204e-05 -1.597524093071485e-05 5.5322570840794484e-05 1.0
0.033941410099352906 0.25182432660967846 0.7551468054828145 -0.005009999676875005 0.0032382195692503756 0.001111929529190339 0.006703306857852361 0.0 0.02005275910841005 0.24397539705857446 0.7511664895433761 -4.206047643570384e-06 4.079461526975911e-06 -1.3076534761769329e-05 2.683196886547228e-05 1.0
0.03256351070422634 0.25275677267614793 0.7545317461487456 -0.0025780811560198826 0.0017334285003302607 -0.00030434839413990536 0.001925190786330092 0.0 0.020058442992947637 0.24396884397812232 0.7511626468843625 -7.525149400856005e-06 -1.4769202022319799e-05 5.196026114413375e-06 7.669390596604672e-06 1.0
0.03380886603665561 0.25131553102934856 0.7536766056379232 0.0010488728681842707 -0.001054059849049083 -0.0010625295982375671 0.0017650369748968822 0.0 0.020052331406988456 0.2439633594580568 0.7511642233638278 -3.029994387327228e-06 -9.941061059835267e-06 2.8717155955762855e-06 6.169592269089039e-06 1.0
0.03530403423404568 0.2503580928159637 0.7525578393537348 0.002446367091777964 -0.001649499799246022 -0.0013982936039653685 0.002260827743892127 0.0 0.020062268875067128 0.24394779966452368 0.7511617934624967 1.3916957134095471e-05 -1.877036566355373e-05 -2.1306084590209673e-07 2.117412145282788e-05 1.0
0.036132786881934165 0.24991072362862035 0.7516831723986814 0.0017019995759635725 -0.0010327423036642412 -0.0010404410812301325 0.0014365545968088938 0.0 0.020074652125084715 0.24393003237863314 0.7511551965472906 1.1504241354077176e-05 -1.698464754406703e-05 -8.098190373202699e-06 2.1468572613034834e-05 1.0
0.03677060074025901 0.24895743030800033 0.7508697746479259 0.0005450018446134935 -0.0007219173925324355 -0.0006243497161846806 0.0012711090849075934 0.0 0.02011814972166501 0.24390432166534712 0.7511621456668632 4.404326698514119e-05 -2.8558305206304775e-05 3.852129939580983e-06 5.0852012148186964e-05 1.0
0.03675835065886014 0.24829357064986615 0.750627572496836 -0.0006806456858494468 -0.0002513425417709508 -4.3587137069285055e-05 0.000628564398308209 0.0 0.020253612719422758 0.2438936978299928 0.7511906217915697 0.00012767734114749817 -1.2583885167905043e-05 2.5924119881006704e-05 0.00013874793683297333 1.0
0.0365747634111816 0.24781047589635552 0.7504782269432972 -0.0008245339444546717 -0.0001350226951654489 -5.379818336092158e-05 0.0006567824348676504 0.0 0.020314330035977275 0.24385936891165025 0.7512503160068904 8.596675235401376e-05 -2.8934503426786906e-05 6.090939000820309e-05 9.456781354860757e-05 1.0
0.03641466548984191 0.2473282833806269 0.7502554176331688 2.924823261014984e-05 -0.00069228138613266 -0.000234350281669645 0.0005091612480264546 1.0 0.020333487664848833 0.24385269801591092 0.751249417004985 2.3410302824466774e-05 -1.0155433840787348e-05 1.4999942375886754e-05 1.655942693022318e-05 1.0
0.03648756400109999 0.24682401522949424 0.7498877866977395 0.00028340370112206557 -0.0006522080741739939 -0.0003883579044417963 0.0006386318280538785 1.0 0.020340795924433493 0.24383184726023932 0.7512492047660257 -1.0000337748808385e-05 -1.6707494726262382e-05 -5.523082121164098e-06 2.0622278068169646e-05 1.0
0.036367014828063295 0.24662587803126512 0.7497809385681492 4.345304636103214e-05 -0.00019570382588512156 -0.00025171368608929744 0.00026464979069140736 1.0 0.020340504941536327 0.2438201498592516 0.751237293774971 -1.6008540076983657e-05 -1.2984059675893963e-05 -2.0933783045142763e-05 2.181955680691676e-05 1.0
0.035705672722797906 0.2463214764080848 0.7494357106250147 -0.0005544993723428484 -0.00025032841230456003 -0.00033592114018046087 0.0007673358330085788 1.0 0.01958083660845104 0.2433521929234295 0.75123239604498 -0.0006564993459773346 -0.0004031521180395736 -1.2687103955698186e-05 0.0008838415209407554 1.0
0.03567911427178713 0.24617485766078248 0.7494178777257502 -0.00020974351616287132 -0.0002020631680481644 -6.943189999141647e-05 0.0001989221983080562 1.0 0.019651631562901582 0.24338612770307227 0.7512222721223206 -0.00014310783840986477 -0.00010152526656144657 -6.400299377283297e-06 0.00011170537261810093 0.0
0.03567631495456758 0.24616219109662316 0.7494162589224949 -4.949279340614487e-05 -1.6131509244641422e-06 7.278580830672951e-05 0.0 1.0 0.019645817546476037 0.24335922856151526 0.7512186814060404 4.2526068601558095e-05 -2.54505812504997e-06 2.2492491737471584e-06 0.0 0.0
0.03511568537319184 0.24664350433403126 0.7495877511533436 -0.00041738849857477357 0.00043647447063720625 0.00018575478345197015 0.0007510276410185333 1.0 0.019910298069682517 0.24152866260913017 0.7535447584047803 0.0003129884800599661 -0.0015247679121417638 0.002000739931273982 0.002958162113234673 0.0
0.034821417379532225 0.2472111229556951 0.7500169606842292 -0.0003418839726518592 0.0006236232740717958 0.00041344215540647835 0.0008140093350436504 1.0 0.021743329847798046 0.23992152697478153 0.7579000859624513 0.0017070602551371862 -0.0018584247779748154 0.004394737343504842 0.005099271729443253 0.0
0.034086673228548 0.24822036022308766 0.7521575250154706 -0.000692519186590873 0.0010095306562724962 0.0019350162115333875 0.002439632515754725 1.0 0.0214147340279426 0.2391296551394807 0.7597961507232861 0.00022444376233898686 -0.0010994351935228546 0.0028131922561695963 0.002074646642502353 0.0
0.03545445691122954 0.2502211016954547 0.7581578590563617 0.000972370119332863 0.0019296387687883962 0.005717366122364128 0.006457309884169198 1.0 0.020079363946067554 0.23891546920789855 0.7601567780326867 -0.0013699543024965786 -0.00018834686875103657 0.00047493826114217017 0.0011883790152120554 0.0
0.041335706745297476 0.26120483340719663 0.7624287014139625 0.005490820093234022 0.009840959969865238 0.0052313063696788654 0.01322052556822448 1.0 0.019406309847211537 0.23900238037800453 0.7600288510525105 -0.0012507921742484246 0.00035701427057008176 -0.000785896748868237 0.0008309572584144929 0.0
0.05028643153586179 0.27068327545302046 0.7676913942728039 0.009480918278103713 0.01103886558531261 0.0053295266177926905 0.014133832395835691 1.0 0.01923025243437627 0.23910767478490663 0.7599014932589805 -0.00038238651539589737 0.0003950563192020107 -0.000779341218832551 0.00034698346675714827 0.0
0.057038103480300285 0.2765268417523896 0.7718286018781546 0.00806694627151445 0.007190055766142778 0.0040473847679889565 0.009683249112842882 1.0 0.019189792930058132 0.23912876011171197 0.7598767430812765 0.00013669710611691885 -8.419320008501213e-06 -8.237658793287556e-05 0.0 0.0
0.06212238490290528 0.27848143492751315 0.7722287043640002 0.005187925750018977 0.0017118389818755325 0.00039281787461053076 0.0053739046563332105 1.0 0.019171462040131253 0.2391264664143738 0.7598757037878389 0.00034926161120888495 -0.00026508831613133695 0.000517567879918237 0.0 0.0
0.0653733246082192 0.2794392714349376 0.7715517676165198 0.00242968459408934 -0.000796885414840076 -0.0013822557513766373 0.0036069446737918556 1.0 0.019162626434251692 0.23911892077063157 0.7598876373818712 0.0001734437114978177 -9.264247880250457e-05 0.0003782120356839516 7.885749600251369e-05 0.0
0.06695238616963832 0.2799426356688912 0.7710156541188531 0.0006123796705561721 -0.0007032937241890842 -0.0010122433124821447 0.0018856357182120305 1.0 0.019156721094407532 0.2391175357473372 0.7598904615576307 -0.0002503596764125654 1.693329405521877e-05 -0.00010519454452777646 0.0 0.0
0.06804725412795702 0.28035139318128593 0.7703689931341519 0.0007286330645037565 0.0006837052918658435 -0.00043913258129670094 0.0011926696088396462 1.0 0.019151844570184234 0.23912020297664913 0.7598877016486416 -0.00013884140759324942 4.611804352385341e-05 -0.00011469707174072575 7.83670522769113e-06 0.0
0.06853841324153286 0.2806556358637386 0.7697178502907734 0.0009450323870211798 0.0015849084139027223 -0.0003393248507172937 0.0008237188549020114 1.0 0.019148966908955768 0.23912088237246232 0.759892914568951 2.481182380310626e-05 3.316503282356858e-05 -4.384188302844564e-05 8.220377942783595e-06 0.0
0.0684786822821768 0.28091131078719067 0.7693192462330368 0.000431604208837498 0.0006107342826504967 7.079876118029366e-05 0.0005051900071961161 1.0 0.019149825042768128 0.239117389206323 0.7599008060575325 3.163381610010827e-05 2.0602045902372524e-06 3.632229818425922e-06 9.252915628402592e-06 0.0
0.06813256227858085 0.2811092930295954 0.7690161298141882 -0.00027669092469671114 0.00010080521532338654 -0.00023817110625155413 0.0005103780264195459 1.0 0.019153817188058447 0.2391069670894131 0.7599042799593433 1.2554146505493245e-05 -1.6073906419601886e-05 1.2108157628166853e-05 1.088579388253995e-05 0.0
0.0677901179301594 0.28132734923090064 0.7689061104713688 -0.00035360932700295375 -1.3821478634459122e-05 -0.0003493248494910819 0.00042547277573258373 1.0 0.01915096374630232 0.23910236590279968 0.7599051913267565 1.1945927030293047e-07 -9.438420537221057e-06 3.8549726215652615e-06 5.268777515791968e-06 0.0
0.06745086749177641 0.28142081124268536 0.7688520725208868 -0.00038773847823679337 5.914192560706817e-05 -9.019312758650562e-05 0.0003651711718601408 1.0 0.01914668221782616 0.2390960340381132 0.7599078048033995 -4.3012178911043005e-06 -6.7250859927223e-06 2.26706126502976e-06 7.915634830053547e-06 0.0
0.06724776615786772 0.2814018921206628 0.7687393556918967 -0.00022981676830361808 -3.547519440066243e-05 -8.457332800796509e-05 0.00021728022608395086 1.0 0.01914273910250374 0.23909292378395888 0.7599075541552052 -5.347225610138776e-06 -2.150306955579297e-06 -1.471532609738856e-06 5.294912088411563e-06 0.0
0.06719106037010436 0.28139355142307565 0.7685570233146957 -9.78919771635659e-06 -3.680486274051291e-05 -0.00021341013768025753 0.00019420069186604 0.0 0.019139520234385705 0.2390921069518456 0.7599050997636294 -4.018505791442178e-06 4.204781720691065e-07 -2.658737895718653e-06 4.128497595669317e-06 0.0
0.06718941417124565 0.28141780750298534 0.7681665549934495 1.6352198276456094e-05 4.040947588280217e-06 -0.0004070949397416261 0.00039581494678571946 0.0 0.019138081031544497 0.2390922781452727 0.7599031482767161 -1.1064197011066045e-06 7.486155394591406e-07 -1.5101762398541472e-06 2.305517504746482e-06 0.0
0.06735304563886672 0.28162524883140083 0.7673783074793141 0.0001291064768583759 0.00019407873187733866 -0.0007756192661496286 0.0008309804773899068 0.0 0.019137918827022808 0.2390935689174862 0.7599011990567879 9.813098375133208e-07 9.532779320914458e-07 -1.8333068162042307e-06 2.3096261574902243e-06 0.0
0.06737912850241452 0.2811082308441558 0.7676636634450477 4.2626265155178814e-05 -0.00036745192247725125 5.709945083016662e-05 0.0006005220989034293 0.0 0.01914182346852455 0.23908953714830547 0.7599029999631526 4.115639935641374e-06 -3.6852640171892936e-06 1.1510315476225631e-06 6.0246181261732544e-06 0.0
0.06721583191011449 0.28004558739328744 0.7684586149620687 -0.00016139156459086434 -0.0010537961242045295 0.0008512455439483625 0.001305301460398943 0.0 0.019144825869485647 0.2390937065096851 0.759898084029985 3.2936759702187282e-06 2.3203253701467103e-06 -3.1731484268397987e-06 7.090828294079504e-06 0.0
0.06679017575278413 0.27898929679323053 0.7696071821121058 -0.0004514718105624698 -0.0012337609354128665 0.0013305598032633565 0.0016477302001096838 0.0 0.01914500566590009 0.23909767777884866 0.7598919657269876 6.122915239433257e-07 4.060655394504829e-06 -6.139662819687296e-06 7.261840845659974e-06 0.0
0.06584966357527254 0.27819368880506645 0.770936038421835 -0.0009396433917676153 -0.0009253797741613553 0.001466773651881234 0.0018116933433527317 0.0 0.019144876374383914 0.23909793026264506 0.7598938374948359 -8.55366734435187e-07 1.7574603982482309e-06 -4.6851416337780006e-07 1.8509843807883838e-06 0.0
0.06589564211654342 0.277963396078347 0.7710914736658541 -0.0001908600592685393 -0.0002229766063764511 0.00032547301447945925 0.0002790603362677038 0.0 0.019153926489384375 0.23910245531126642 0.7598960067594215 6.913602770620752e-06 3.905216125754387e-06 2.6093348050587338e-06 1.0184599074089584e-05 0.0
0.06600136463485551 0.27783073813791204 0.7710971933998456 0.0002063151863660851 8.099330403454033e-05 -0.0002718193726658722 0.00011898074665505842 0.0 0.019150925895045946 0.2391098018085089 0.7599007802420702 -2.1057639819512577e-07 6.897805322780216e-06 5.721010289060326e-06 9.759763399459716e-06 0.0
0.06603676953081648 0.27773084219328187 0.7711603416251518 0.00022751494115508914 4.709609349668934e-05 -0.00022582174738208696 0.0001858681876235609 0.0 0.019140892581766916 0.23910674934765316 0.7598968460872993 -9.24243690910627e-06 -1.2596455045244482e-06 -1.6162298772389977e-06 1.0894738388353463e-05 0.0
0.06602134153252508 0.27766144619126537 0.7711570846372126 5.1901507015174124e-05 -0.00012723057504930796 1.8334642534811548e-05 8.11857118834348e-05 0.0 0.019140490898389602 0.23910821774326618 0.7598929576463346 -3.6375823758894903e-06 -4.025846148142545e-07 -5.094682237108066e-06 4.1141516168698835e-06 0.0
0.06602370346768718 0.2775352557884292 0.7711383520780797 -6.948190291275023e-05 -0.00022360906140675733 0.00010377115083892252 9.35497213020635e-05 0.0 0.01913581862579346 0.2391094059802298 0.7598873516219954 -4.400429223531001e-06 1.1382238878079783e-06 -7.628338517485325e-06 7.239823087535228e-06 0.0
0.0660270652625905 0.2773798257946005 0.7712012389939438 -0.00010888776970779685 -0.0002180818232427221 0.00018457435270697643 0.0001522946341208347 0.0 0.01913730677902608 0.23910614076157685 0.7598878091530141 1.2451020170498658e-06 -2.7484261882524187e-06 -1.0668070564039744e-06 4.1160374439001746e-06 0.0
0.06600416693150092 0.2773093924475513 0.7712064233565126 -6.229430129707936e-05 -9.26045405405388e-05 5.6000826141926197e-05 0.00010666517245437623 0.0 0.019141694076090524 0.2391107221549315 0.7598815236172242 5.9511224161165175e-06 3.1907940856400673e-06 -3.5658844441969105e-06 8.561541411247728e-06 0.0
0.06598816923980112 0.2772841787502778 0.771185191056791 5.959618007196068e-05 1.0101630647719041e-05 -9.640412019303328e-05 2.2063249854461023e-05 0.0 0.019146561583370924 0.23910137654336766 0.7598816493322863 6.490805632648868e-06 -5.998353085207307e-06 -2.1733757762287358e-07 1.0709562701473123e-05 0.0
0.06597305351875864 0.2772264232667819 0.7711744337700861 -9.509135596332007e-06 -2.7493347158869755e-05 -2.6690863426064617e-05 6.259444025529881e-05 0.0 0.019152696588679647 0.23910191608550513 0.7598820589906395 5.106682925199322e-06 -1.9577109788391705e-06 8.828855666318468e-07 6.109699083379421e-06 0.0
