0.06203724587863964 0.2775777573336798 0.7607622172509984 0.0 0.0 0.0 0.0 0.0 -0.017162134665200734 0.27884785333113615 0.7622614372984308 0.0 0.0 0.0 1.7295241025042443e-05 0.0
0.06202266208879309 0.2775449935778361 0.7607348346533921 -1.4583789846547845e-05 -3.276375584371216e-05 -2.7382597606262493e-05 4.512158324949544e-05 0.0 -0.017148679374491042 0.27884320538875174 0.7622568986530129 1.3455290709691453e-05 -4.647942384417014e-06 -4.538645417828668e-06 1.2134363624558215e-05 0.0
0.06201338769585438 0.2775059132046068 0.7607001360901158 -9.274392938712905e-06 -3.9080373229249954e-05 -3.4698563276314154e-05 5.307805789174564e-05 0.0 -0.017127310800952693 0.2788286540921322 0.7622385826506405 2.1368573538349533e-05 -1.4551296619536025e-05 -1.8316002372453788e-05 2.7864851883901965e-05 0.0
0.0619839056397383 0.2774801354046754 0.7606937398285325 -2.9482056116074407e-05 -2.57777999314035e-05 -6.396261583274665e-06 3.9681214250278456e-05 0.0 -0.017117574057290613 0.2788132041810828 0.7622159152269061 9.736743662079606e-06 -1.5449911049403298e-05 -2.266742373435715e-05 2.9898721312579135e-05 0.0
0.06197140788674834 0.2774716516634368 0.7607011779749884 -1.4042314036080149e-05 -8.358030417005673e-06 8.375829262214761e-06 1.6837271688167344e-05 0.0 -0.017119509107504587 0.27881053814764134 0.7622108349321766 -2.4137395501025337e-06 -2.5291420211222153e-06 -4.9924085530569425e-06 5.6690812692970945e-06 0.0
0.06196610613178065 0.2774656877408522 0.7607049923291086 -3.7347649991776863e-06 -5.919093725399887e-06 3.1415562017087637e-06 8.84456192737804e-06 0.0 -0.017122027497459526 0.2788090061034456 0.762205632510579 -2.398722375364602e-06 -1.103328015263233e-06 -4.457272725896384e-06 5.085443336771872e-06 0.0
0.0619624487299035 0.27745207115941284 0.7607075334518452 -2.017691163119378e-06 -1.4567792588927618e-05 -4.470922262832297e-07 1.4385217076501973e-05 0.0 -0.017121041718518148 0.27880227972876837 0.7621974998426084 1.482886229974504e-06 -5.601529861242629e-06 -6.768407948149609e-06 1.2402272453745851e-05 0.0
0.06194830968472334 0.2773994454086383 0.7606749120882568 -1.3021333175968686e-05 -5.285995375212359e-05 -3.303189332940843e-05 6.340693345389653e-05 0.0 -0.017121566807359226 0.2787999332914713 0.7621956570779757 1.750523423826907e-06 -4.592594147948054e-06 -4.348867655318413e-06 3.0638165921469706e-06 0.0
0.06194891618186395 0.2773518932653406 0.7606320056340673 -3.5534427282705602e-06 -5.974800332862909e-05 -5.227165542080263e-05 6.506932852831329e-05 0.0 -0.017119633447459554 0.27879600577090496 0.762194438952656 4.7867534485707115e-06 -5.023250745566954e-06 -2.1571535002986525e-06 3.33547332671009e-06 0.0
0.06195188623433126 0.27730533946053487 0.760622051113382 1.8318588256712696e-06 -5.3088148819387556e-05 -2.206237700942669e-05 4.6251946591115626e-05 0.0 -0.01709723480256323 0.27875990302844184 0.7621991163884231 2.1460209454484692e-05 -3.3201817993949725e-05 2.176535147579163e-06 4.25664420345593e-05 0.0
0.06195059123015945 0.27728601777608763 0.76062038448189 -9.743378082937918e-07 -2.1184009095831794e-05 2.8811508354929284e-06 1.9015681694772395e-05 0.0 -0.017049917220249067 0.2786442073547892 0.7621564721005564 4.601568103473304e-05 -0.00010900533200243518 -3.525073293261986e-05 0.0001331005416461002 0.0
0.06194639567359992 0.27726612114499066 0.7606151069393126 -2.1704117092937743e-06 -1.040396396643081e-05 4.726422209855333e-06 2.1765661761273627e-05 0.0 -0.016953493414358596 0.27833652831620564 0.7619688610162121 9.44834269644618e-05 -0.0002947189769518218 -0.00017214873212133397 0.0003722441429051465 0.0
0.06192333028050337 0.2771956022966734 0.7605647556525696 -2.1219515921538802e-05 -5.68000737874915e-05 -3.959503208826628e-05 9.042542378917564e-05 0.0 -0.016740169850068203 0.27715178557383113 0.761034572341407 0.0002065942914194409 -0.001097632114718243 -0.0008555418575666834 0.0015176659957891524 0.0
0.0619134408289434 0.2771328294518552 0.7605169970853103 -1.6105989798085713e-05 -7.179568730542517e-05 -5.6732437396729396e-05 8.074049096369345e-05 0.0 -0.016658240826634897 0.2758977795425618 0.7602219103596448 0.00012117267311950692 -0.001388853906945842 -0.0009538876884120079 0.0015271113160818485 0.0
0.06188692950548229 0.27695699777481114 0.7603757343024511 -2.5301951581780794e-05 -0.0001702600692558883 -0.00013926822282656282 0.00022281498339544784 0.0 -0.016620610470306284 0.27374658556883835 0.7587962527094689 3.522593555403919e-05 -0.0021299380673896425 -0.0014080735883391423 0.0025346701794869554 0.0
0.06189190302918496 0.2767967068349089 0.7602346693850676 1.4377959621678688e-06 -0.00017961255180819603 -0.00015548670396875312 0.0002181530390180426 0.0 -0.01693421751322208 0.270428487702125 0.7564493287075457 -0.0002928906270883996 -0.0032634498046440487 -0.0022711221486071713 0.004090815193410478 0.0
0.061918437557660536 0.2767611994317086 0.7601429958859514 2.811245549484284e-05 -6.0210175489547666e-05 -0.0001032919110726461 0.0001001678184398334 0.0 -0.01746788039173142 0.26830280454561817 0.7547257235859617 -0.0005714794611012151 -0.0024723591742623102 -0.0019343803855889504 0.002843942222485443 0.0
0.06192513452929752 0.27674804899552946 0.7600787179554896 1.661301445965507e-05 9.047003557027784e-06 -5.665902502874527e-05 6.14994941774567e-05 0.0 -0.01795356779641911 0.2673832563973116 0.7538794874070468 -0.0005635814222865054 -0.0009805901190845226 -0.0009388899595793689 0.0012599107221209454 0.0
0.06191190765030294 0.27670520355017 0.7600103316853071 -1.0302439464476312e-05 -1.0314706405378487e-05 -4.947967858583221e-05 8.591844105336531e-05 0.0 -0.01809091640096551 0.26701561426224646 0.7534050633736906 -0.00018823419967071623 -4.744593624375158e-05 -0.00028541542207262546 0.0005994092951017148 0.0
0.06190301628920241 0.2766376536574584 0.7599394300796459 -1.7545031970036277e-05 -6.033800311184082e-05 -6.253703003551554e-05 0.00010283803952569124 0.0 -0.018052158516427448 0.26657053881401355 0.7528735148278004 0.00011447985915880199 -8.355004874314488e-05 -0.00027908865820830593 0.000782429656053546 0.0
0.06190926877584367 0.2766330827643466 0.7598786631441519 -1.4137964922761271e-06 -3.163701407506486e-05 -6.643411183135083e-05 5.6184169718028845e-05 0.0 -0.01797781255347837 0.2661523711748741 0.7522092778562289 0.00017953282502756654 -0.0003641793157810265 -0.00056660515042852 0.0007899236090275778 0.0
0.06189255514476617 0.27659834258237825 0.7598198271038454 -1.2448815428046205e-05 -4.608962061549561e-05 -7.157484265998029e-05 6.779823152674728e-05 0.0 -0.017966689116312058 0.26595653483098897 0.7518761772009264 6.250218780454815e-05 -0.0005025584422095226 -0.0005760797893625045 0.00032991001010272 1.0
0.06186868590694483 0.27649877973002696 0.7597322692589994 -1.8646362954092326e-05 -8.652306104533851e-05 -8.459660830214294e-05 0.00013762874651971678 0.0 -0.017924287548912517 0.26575227454663974 0.751592164438689 -2.5289207025458267e-05 -0.0004227415383384354 -0.00044520868466101137 0.00034291697764373503 1.0
0.06186475575795959 0.27641572914079376 0.7596679935651249 -7.403477933298242e-06 -8.46667269767218e-05 -6.757798881277879e-05 0.00010813003038009301 0.0 -0.017972011074008976 0.2655337415942527 0.7514750853940968 -0.00010193967779536844 -0.00016176152418841605 -8.700360243474011e-05 0.000279801273767164 1.0
0.06184711689581192 0.27639200505014705 0.7596483948404719 -1.6720189328560004e-05 -3.9234681889679166e-05 -2.4819793358796133e-05 3.180226194243274e-05 0.0 -0.017897582843689502 0.2654253353329591 0.7514767178680574 2.8829241442528803e-05 -4.271848081459492e-05 8.993805377002979e-05 0.0001431069028006095 1.0
0.06181482913276331 0.2763520580576501 0.7596239831074449 -3.0479382726892717e-05 -3.209456067943672e-05 -1.5953022246793235e-05 5.417526038868624e-05 0.0 -0.01783565756592325 0.2653930995627316 0.7514557434488027 9.540648928005265e-05 -1.201619193802331e-05 2.8070438246870265e-05 5.771081777429803e-05 1.0
0.06179328621464398 0.27634557535565246 0.7596037820013937 -2.3903692885917863e-05 -6.538086395923345e-08 -1.3906470683452458e-05 3.6116476302561565e-05 0.0 -0.017827975302936495 0.26548530511202756 0.7514558184495471 4.338770582801875e-05 7.353505940038875e-05 -2.8974001360957812e-05 8.929297715720426e-05 1.0
0.061781189796983 0.27631274967696345 0.7595809346523016 -1.3547814379536874e-05 -1.7184841619263684e-05 -2.12694828512903e-05 4.0429317939210524e-05 0.0 -0.017906280584389603 0.26580559798471715 0.7513714482416156 -6.682700145683146e-05 0.00031658877858380753 -0.00010455715449275872 0.0003483053824136201 1.0
0.061774874309139964 0.2762556722444458 0.7595305720690735 -6.6127047140808884e-06 -6.168972384129478e-05 -5.208683183257741e-05 7.380708736358056e-05 0.0 -0.01797645003328929 0.2660051229383608 0.7513216882649322 -9.775247144768574e-05 0.0002710332973626447 -6.70945617734514e-05 0.00022075721005860975 1.0
0.06178085224518357 0.27622907634504723 0.7595025523785185 8.072615630130021e-06 -4.6197768731798444e-05 -4.128109582968163e-05 4.145061432885881e-05 0.0 -0.018012868738144346 0.266144788001187 0.7513231596811056 -5.730988178223898e-05 0.00014131118334012618 -1.806695615847332e-05 0.0001326311806998362 1.0
0.061786668663224895 0.276221833428154 0.7594891469208461 1.0181662314255665e-05 -9.607911761453533e-06 -1.4398003656224446e-05 1.4954047423464698e-05 0.0 -0.0180520948035763 0.2662418791123304 0.7513266177275167 -3.460859312438959e-05 5.964909256659756e-05 2.536300818438734e-05 0.00010535249916684969 1.0
0.06175555547764622 0.27620089498048717 0.7594712700672702 -2.7080457441677082e-05 -8.858910787851485e-06 -9.404269206271655e-06 4.037848322506605e-05 0.0 -0.018033934568396793 0.2663809429384675 0.7513935465443045 3.525051745564275e-05 9.482126590530741e-05 7.882930540906867e-05 0.0001636210361794529 1.0
0.0617153907357152 0.27619778778508297 0.7594628499244256 -4.665529649159548e-05 -2.105288345747125e-06 -6.259244756724469e-06 4.473005915385424e-05 0.0 -0.0180577071140639 0.26649354433467365 0.7514440108212033 -3.326418723922548e-06 0.00011149111426234166 6.47284287262236e-05 0.000128260379037745 1.0
0.06165392553914518 0.2761933469990012 0.7594666186818457 -6.518815047629786e-05 -1.3247615519315215e-06 3.6350634880708e-06 6.006153818951189e-05 0.0 -0.018181082853035404 0.2668531178536296 0.7517552723828033 -0.00011503908610940881 0.00034890928708154864 0.00027428378616547474 0.0004779610190500551 1.0
0.061609429055432555 0.2761739764765901 0.7594710008685388 -5.149880291208221e-05 -2.1434549253085883e-05 3.896474829537595e-06 4.771436535576254e-05 0.0 -0.01809215243549768 0.26716555417267046 0.7522667380529932 3.0764120947904163e-05 0.00037747940109582984 0.0005068802266248507 0.0006197942734864014 1.0
0.0614906193893316 0.276159759779533 0.7594511157536044 -0.00010482649178568692 -1.975542258440297e-05 -1.7982468759229378e-05 0.00012097776291245598 0.0 -0.017548022399866078 0.26730034515085005 0.7530831212206527 0.0004929809734263521 0.00017530284720931118 0.0008291660322297216 0.000981218445441199 1.0
0.06132109177038148 0.2762088946983733 0.7594322734979632 -0.00016575653545819471 4.0679063813696e-05 -2.1368143714286032e-05 0.0001799494201819433 0.0 -0.016872810359464568 0.2674825808832293 0.7545891060664736 0.0007477908419737514 0.00013947870632430908 0.0014751812884346719 0.001659116710544666 1.0
0.061266880252097554 0.27619548407727856 0.7594112350056067 -8.357786031775443e-05 5.024667187572213e-06 -2.441121708669907e-05 6.0350051160784413e-05 0.0 -0.014985668409961093 0.2667506115943311 0.7566387135884298 0.0018015592292932405 -0.0006409917620880722 0.002084497996057027 0.0028850363440482193 1.0
0.061201458796349195 0.27608260041390753 0.7593254709631554 -5.580247487274767e-05 -9.965260883637009e-05 -7.837063587617983e-05 0.00014891455250462578 0.0 -0.011911906365169391 0.2635409368270825 0.7586379353035742 0.003087465394962556 -0.002997754559382 0.002129555920115078 0.004876592254615991 1.0
0.06100852878017193 0.27586281690081943 0.7589680483007116 -0.0001577177564252625 -0.000224151549651288 -0.00032572972240306795 0.00046616884388741545 0.0 -0.005498751402556422 0.2534751232436614 0.7613155926424223 0.00619298184291308 -0.009541384894442322 0.002590766718322361 0.012185658015331847 1.0
0.06086519791118777 0.27560539898066366 0.7587858853852457 -0.00016004621074653107 -0.0002854416279747936 -0.0002502420557197849 0.0003583033700202121 0.0 -0.0015389855198789054 0.2497003696708427 0.7615411152062193 0.0048602944280981214 -0.005904506118030194 0.0005881292325289333 0.005723247419224967 1.0
0.06065492396747869 0.2753891070422027 0.758679479013804 -0.00021317092124703771 -0.00024156830515389076 -0.00012487017846420795 0.00030213161542256433 0.0 0.001180035243677836 0.2473132016624825 0.7604404488482239 0.002840632236436265 -0.0024475366568743532 -0.001278691836653806 0.00335845242050052 1.0
0.06058137030940935 0.2753348809055341 0.7586612733875507 -0.00011054888101351105 -6.14370252008822e-05 5.635588474440826e-06 9.483870708260666e-05 0.0 0.0025283340889038866 0.24678510654986127 0.7599550974159179 0.0008821106786815231 0.0004630981181436679 -0.00108738155538824 0.001658394753660549 1.0
0.06053769350750839 0.2752856237769657 0.7586303276382186 -2.882209658449381e-05 1.8158994233609902e-06 2.3187629118232844e-05 7.857456794579221e-05 0.0 0.004026252655836397 0.24612709010560518 0.7591673783611236 0.0007180983913399086 0.0006525680295632755 -0.0008325227989161025 0.002038822605266663 1.0
0.060517965315839334 0.27525816126730945 0.7585975781537723 1.3031871280816556e-05 -4.757051720517309e-07 -1.434300706272691e-05 5.1136886887952394e-05 0.0 0.0047543849888892565 0.2458941160917854 0.7587456088698253 0.0006851613743224373 -7.43541990782309e-05 -0.00024150307305203828 0.000857244593987108 1.0
0.060498172551260374 0.27519387197159434 0.7585613299177174 -1.0703459690373724e-05 -6.166816289758173e-05 -6.220498449642628e-05 7.112928560635355e-05 0.0 0.0052236920679269655 0.2457403008754701 0.7584653990731831 0.0008011872657354181 -0.0009246464771880183 4.793993764165257e-05 0.0003145220265750397 1.0
0.06049620985548416 0.2751429817847093 0.7585085615382227 -1.745053041887316e-05 -8.100147672175564e-05 -8.702929894495519e-05 7.436562555684855e-05 0.0 0.005564016536441781 0.24563907062201673 0.7583354864383881 0.0007269619536289405 -0.0008894263647195753 5.0573429115917216e-05 0.0005199491640488852 1.0
0.0604982495674879 0.2751093292553876 0.7584180928457728 -6.97467983258376e-06 -5.692062260627401e-05 -8.313077891710621e-05 9.279910982193878e-05 0.0 0.005839094107366278 0.24552193333544972 0.7582876962899221 0.000184761796176546 0.00017575426844844942 -0.000209427708458396 0.0002915057019375611 1.0
0.060467936484780625 0.27507820447780496 0.7583984220124385 -3.4018308422528455e-05 -2.858264208305039e-05 -3.1228675188360415e-05 5.2438278407995254e-05 0.0 0.005969816714108379 0.2452511950585215 0.7578930629111479 0.0001087703471467404 -0.00019238806357401795 -0.0004215201350592313 0.0005173326795821402 1.0
0.06042585306882329 0.2750709665781595 0.7584036157149971 -3.731489837836743e-05 4.60659765506597e-06 1.3966737806745693e-05 4.008573193466081e-05 0.0 0.00620239826423478 0.245279741505641 0.7578404603647042 0.00018493380026796515 4.9499337536174515e-05 -0.00013964071070681058 0.00021561888697645484 1.0
0.060411712423872804 0.27505764842840186 0.7584093466438804 -2.3422635619351295e-05 -6.512994743412839e-06 1.8690015472551567e-05 2.2119775679450978e-05 0.0 0.006142967013954457 0.24517835896390452 0.757613304406459 3.238026395758651e-05 -8.476037505829965e-05 -0.00024775367516734263 0.0002568014191974069 1.0
0.06040491838679925 0.2750453229281032 0.7584150616453132 -5.598937678536653e-06 -1.1302468357724993e-05 1.3644044836197818e-05 1.4922880336953309e-05 0.0 0.006395379879028424 0.24513390786901487 0.7575958987413477 0.00014520779123390875 -8.679302601282725e-06 -2.697709404969129e-05 0.0002591763816872934 1.0
0.06040027902681534 0.27505794577912035 0.7584094970811383 1.874495433383967e-06 3.9620619029631635e-06 -6.995992287767359e-06 1.448652530282926e-05 0.0 0.006341227063851135 0.24502314451593643 0.7575368527287623 -3.9622026093357084e-08 -8.860817292521025e-05 -1.209716992431716e-05 0.00014602036252821162 1.0
0.06040219846619883 0.275058727717868 0.7583986804411651 7.418609162512173e-06 4.476746029092143e-06 -2.11548039422611e-05 1.0371429925450004e-05 0.0 0.006363430991363248 0.24491220589119198 0.7573949961114177 1.2549201807518116e-06 -0.00012275571847363158 -0.0001003752400920652 0.00017298284713774365 1.0
0.060399147076234824 0.27504606304691687 0.7584215280778001 -2.020191616086199e-06 -9.839052965481886e-06 1.0287034304235537e-05 2.673375242793741e-05 0.0 0.006513870100922624 0.2447004062833474 0.75735547810635 0.00012007471643035446 -0.00022056826437333288 -7.66631501015036e-05 0.00026050397946709894 1.0
0.06038629274539756 0.27504798694088883 0.7583968894288946 -1.6752800391928575e-05 -3.0759807939454835e-06 -9.092065586765999e-06 2.7882038989477067e-05 0.0 0.006994439202708831 0.2444354220245208 0.7574003868141734 0.0004482350416101431 -0.00027899522537347887 6.225212447819267e-06 0.0005575264143679681 1.0
0.060388916214741795 0.27502361311455 0.7583899758821261 -3.532358892056657e-06 -2.0829704464217046e-05 -9.275305816343669e-06 2.5504701235905428e-05 0.0 0.007488731034273114 0.24438175300672224 0.7563513086735774 0.0005642518653725577 -7.997185543567439e-05 -0.0008593646766278877 0.0011567435364818641 1.0
0.060376073010187256 0.2750135119455904 0.7583919417558943 -8.546044476736465e-06 -1.570161199233656e-05 -9.981120873967004e-07 1.6096817852866387e-05 0.0 0.008314721356269834 0.24487205499164486 0.7551436574494247 0.0008181705843948639 0.00043309548920914513 -0.0013328455449509713 0.0015497655172329442 1.0
0.0603406007649012 0.27499244925022825 0.7583665280428145 -3.222995654155019e-05 -1.856477796996553e-05 -2.0607797976855893e-05 4.821678484097971e-05 0.0 0.00890977637526677 0.2443147586978029 0.7550976578954749 0.0006828296960725868 -0.00029273153109298335 -0.0003518263054842997 0.0008188071742292074 1.0
0.06029951971284344 0.274957016604499 0.7583422646169693 -4.393353175448451e-05 -3.1440811400811175e-05 -2.6709607600554767e-05 6.0920704479752724e-05 0.0 0.00879779802843941 0.24407156572954 0.7548970768701124 -6.856267317263763e-05 -0.00036050377894039274 -5.275448772745798e-05 0.0003023177077627375 1.0
0.060265156213104694 0.2749010780265658 0.7583259472246736 -3.885146766706116e-05 -5.60364764060459e-05 -1.860298469111606e-05 6.667828213503085e-05 0.0 0.008898136603851605 0.24428478659131797 0.754886586986841 -8.481839580151019e-05 5.2745431105078594e-05 0.00016646397357245176 0.00025415108505559385 1.0
0.06024788639363218 0.27488179421696607 0.7583214375668186 -1.9670470721250793e-05 -2.911389523974319e-05 -4.474959349236023e-06 2.6066747613589902e-05 0.0 0.00893499887204376 0.2442702038898765 0.7548930522175457 -3.550712450731938e-05 4.4991692378033274e-05 0.00013246431855810307 7.097400342705729e-05 1.0
0.06023203286224566 0.27487378438057875 0.7583046487081773 -1.02085095306639e-05 -5.910064253697453e-06 -1.4274294079163704e-05 2.3453665374962207e-05 0.0 0.00898041947103469 0.24436926187977256 0.7549038900153632 7.501288852150194e-05 0.00014598510184738584 -3.8510526222676635e-05 8.692361358269136e-05 1.0
0.060223367428661106 0.27486333165558763 0.7583021433176014 -3.591991868702226e-06 -3.770706033536351e-06 -1.2824063303744128e-06 1.5730471302783323e-05 0.0 0.008918041043535217 0.24429372301595892 0.7547577722919668 2.9271733640310758e-05 1.3737632501234352e-05 -0.00028855117834789934 0.00016288467855881381 1.0
0.0602084192835467 0.2748485857602407 0.7583020456050253 -1.3837332981158281e-05 -8.827262071446135e-06 1.7076515154787788e-07 2.068092033892811e-05 0.0 0.0086797963615786 0.24389904287169523 0.7545699921411015 -0.0001568213093363221 -0.00038146750620663425 -0.0002297284619590188 0.0005082546930746878 1.0
0.06018135954640021 0.27480708078077615 0.758267270408419 -2.9072202509737897e-05 -4.072207168875245e-05 -3.154284733233891e-05 5.984813105586211e-05 0.0 0.008228892840316675 0.24338766161765854 0.7544148733468857 -0.00048148505076050846 -0.0006592005299186925 -0.00011977811112486893 0.0007045597319692114 1.0
0.06016475887240869 0.2747548096306178 0.7582317054524459 -2.2701185363918657e-05 -6.0219243355105355e-05 -4.0021388650765916e-05 6.599302048631157e-05 0.0 0.007939455296727705 0.2430068589324751 0.754276541687814 -0.00041080553537078393 -0.0004264777919533358 -0.00015592580654983843 0.0004943286454074247 1.0
0.06015593576016619 0.2747207946853801 0.7582218303728845 -1.0391883674082987e-05 -4.398563537159498e-05 -1.756264132271183e-05 3.630722278637306e-05 0.0 0.007880622948394995 0.24283181019820943 0.7541879662446879 -6.971107655198946e-05 -0.00015971098508712282 -6.213808336711258e-05 0.00019673411633330812 1.0
0.06014227992403768 0.274687409832928 0.7582110169909511 -9.492767905492506e-06 -2.9107019549843296e-05 -7.70196357126541e-06 3.591349863119423e-05 0.0 0.007811013949774611 0.24275658988463927 0.7541616784321092 5.310522762235479e-06 -1.6783163843742777e-05 -6.814271304205724e-06 0.00010621306012877985 1.0
0.06012542013924192 0.2746348352386284 0.7581832076289424 -1.444763793936373e-05 -4.391415858985527e-05 -2.050353993298107e-05 6.364947309117309e-05 0.0 0.007707771394360872 0.24266144470672008 0.7541708539701815 -3.504364409961209e-05 -3.849656639228597e-06 2.171278694373332e-05 0.00015515696537540946 1.0
0.060123030718579204 0.27461741828365444 0.7581729884098724 -4.752662175834499e-06 -2.1744045676645226e-05 -1.101400252083202e-05 2.2067401191478734e-05 0.0 0.007644129974675342 0.24262895509216434 0.7542277182407637 -7.649593155460359e-05 -4.245041018067762e-05 4.7513094555716105e-05 9.02333807169274e-05 1.0
0.06012158568980593 0.2746108541716444 0.7581704111032641 -1.900390242053726e-06 -6.167275338548448e-06 -4.973734462820569e-06 3.8145507008889375e-06 0.0 0.007618071741103126 0.242597245525792 0.7542579734733265 -7.577941423048998e-05 -7.733705820045269e-05 3.573543949692026e-05 3.9166864194111844e-05 1.0
0.060108435777929424 0.27456302346783457 0.7581480771324303 -1.0836876812393375e-05 -3.969899006119537e-05 -2.102139514006283e-05 5.444085020460363e-05 0.0 0.0072581348839940016 0.24278645716666014 0.7546319808051544 -0.0003392586328029192 0.00012832439694670665 0.0003193674996167828 0.0005481706826601034 1.0
0.0600992425853822 0.2745010242202244 0.7580961591159883 -9.901917780223912e-06 -6.37742083641778e-05 -4.828693928095273e-05 8.477110134980978e-05 0.0 0.006710092648023139 0.2434893983265257 0.755521386289131 -0.0005509763640507517 0.0006615190208508027 0.0008537048951147601 0.0012753795761223574 1.0
0.06009557922160598 0.2744284904361624 0.7580591316091272 -5.730072993249104e-06 -7.821684406320001e-05 -4.3939666172898685e-05 8.015494410894629e-05 0.0 0.0066578417081659385 0.24421751891092985 0.7561710184793564 -0.00017356197142721084 0.0008336420869688892 0.0007934207009971764 0.00098736230781066 1.0
0.060091593295735206 0.27438976213594113 0.7580482385561053 -4.389398786610974e-06 -5.06603886955992e-05 -1.825754193148203e-05 3.825575883139095e-05 0.0 0.0059909007083151665 0.24417697124302046 0.7573226534188844 -0.0005401428933117185 0.00013547682713297947 0.0011113394449400761 0.001288844647717902 1.0
0.060079943335775474 0.27436525717534044 0.7580416347352538 -9.335970370903352e-06 -2.1959773843878833e-05 -1.987760439958266e-06 2.8399470573301724e-05 0.0 0.006406056473109158 0.24487002646323527 0.7572511836627865 0.00025945983461174546 0.0004614685153230298 0.00011661602041546666 0.0008403555207116052 1.0
0.060081301425550224 0.274374067635544 0.7580207236940292 1.1366262671545741e-07 1.7624031135217688e-05 -9.461351746902868e-06 2.4670645201338326e-05 0.0 0.006533217796972824 0.24526482995323975 0.7572342260266642 0.00029627725258791023 0.0003851862979655003 -0.0002112457626265785 0.00041603399439912533 1.0
0.06007167261627257 0.27435101384221 0.7580304251003013 -7.84196516275036e-06 -8.682482919364802e-06 5.94471244959228e-06 2.662425352529686e-05 0.0 0.006388168823899233 0.24594698064793993 0.7569389188114696 -3.805936872109593e-05 0.0006370921917408369 -0.0004269014743039423 0.0007420903763771566 1.0
0.06002357136432404 0.2743150871648972 0.7580608603242921 -4.397864683405901e-05 -3.9464356600358055e-05 2.5270344169232824e-05 6.617642247578036e-05 0.0 0.006245529213522425 0.2470436349602858 0.7566585994911186 -0.00022728167741738973 0.0011205422703038136 -0.00031993323704163036 0.0011608305094406026 1.0
0.059986974093066706 0.2742968025529013 0.7580783423225753 -4.404642422210438e-05 -3.172385456049835e-05 2.0948422273164803e-05 4.547273887323382e-05 0.0 0.00702482100512441 0.24789521595392303 0.7563192232575603 0.0005554632925797427 0.0010189421961771849 -0.0002582256250780259 0.0012113970461712364 1.0
0.05996296185386367 0.27428412232773924 0.7580891451935624 -2.892000494497632e-05 -1.7946318008615515e-05 1.4128420905428232e-05 2.7972565689313544e-05 0.0 0.007217770317191066 0.24778792717077985 0.7563035889854027 0.00037560643239916303 1.3862304004419088e-05 1.6260554801053985e-05 0.0001934188501916108 1.0
0.05995441628832137 0.27429759073728155 0.7580745372815337 -7.687782420152552e-06 1.481628687038384e-05 -1.320680725923033e-05 2.1442507796417032e-05 0.0 0.007114030852944806 0.24745700488346406 0.7561827810677886 -3.64168335913069e-05 -0.0005253700405046772 8.869976396878388e-07 0.000345160146301749 1.0
0.05995325352297525 0.27428906682059984 0.7580817208319748 5.328875061029382e-06 3.699399370719444e-06 -4.52115163696142e-06 1.2789296156442695e-05 0.0 0.006856912925475665 0.24721977189712266 0.7562107587681811 -0.00024450756318708733 -0.00040725462318398625 -3.178508731428091e-05 0.0004016968072337703 1.0
0.05992655789677029 0.27426892830338867 0.7580896733148198 -1.6683719702840946e-05 -1.619260787931711e-05 5.817106143229777e-06 3.394840350515303e-05 0.0 0.006860299573246118 0.24676118320819868 0.7562413475219542 -0.0001927491656223197 -0.00048053771929646344 4.918386229285328e-05 0.0004601780794274429 1.0
0.05990217805881285 0.27425141895627486 0.7580347461513345 -3.0001297053805036e-05 -2.642566694819667e-05 -3.954512162967559e-05 6.210064626775954e-05 0.0 0.006488571658704734 0.24590385174514262 0.7563911616453272 -0.000350213322381822 -0.0006953101975205925 0.00010746287697822705 0.0009162256481256873 1.0
0.05988325283489168 0.27415209569669013 0.7579667441511484 -2.7850621114817154e-05 -9.27646888514949e-05 -7.04377678974045e-05 0.00012208114145141928 0.0 0.006021578860486926 0.24494593145341056 0.756322933649459 -0.00040385769880859625 -0.0008876303472529682 -3.84306744746325e-05 0.0010751412889102056 1.0
0.059885134482461716 0.27409618600537905 0.7579549535779053 -1.39961078680408e-06 -7.248697813123128e-05 -2.9729795613980662e-05 5.8428984054462364e-05 0.0 0.0059878669213082585 0.24448067506175786 0.7563444754546276 -4.1899289648883044e-05 -0.0005933129281936753 -1.894618024046214e-05 0.00048253911911567255 1.0
0.05986004191765444 0.2740647525831423 0.7579354856984771 -1.5290851279217003e-05 -3.54849408927941e-05 -1.4284469716432648e-05 4.106085662809559e-05 0.0 0.006329225886320738 0.24435451534045072 0.7564855945774172 0.0002898429768828848 -0.00017056964097032464 0.00012066444268556549 0.00035453311271584076 1.0
0.05982594328812405 0.2740597065092205 0.7579178475112385 -3.09878622610301e-05 2.8338185323482243e-06 -8.539514230290264e-06 4.0677441042568966e-05 0.0 0.007542605074055784 0.2445011525495713 0.7563060834497253 0.0011866127913887062 0.00025534352851504054 -0.0001263938082691706 0.001255454917357118 1.0
0.05977924035244713 0.2739914505181719 0.7578700560502069 -4.9390171302394266e-05 -4.685793101424217e-05 -3.5761203438715335e-05 9.701354714575732e-05 0.0 0.008887072916476616 0.24498943869039352 0.7559561070323763 0.0015239946504905621 0.000573906315175635 -0.00033724048422428316 0.001512249194423433 1.0
0.059745310323730316 0.2739291525308292 0.7578791471072444 -4.282652310244104e-05 -6.623769429124283e-05 -6.22724517276857e-06 7.253714417113944e-05 0.0 0.009616168952382573 0.2449359718972373 0.7556534611466422 0.0009318353484332805 5.725812096577112e-05 -0.0003616681244783114 0.0007582804594470918 1.0
0.05972690111653743 0.27393426575056334 0.7578608306971428 -1.9656283010870506e-05 -1.6398439717333645e-05 -1.877771582914323e-05 2.2512803332549655e-05 0.0 0.01020688522923117 0.24508678680151208 0.7554275235282699 0.00044010488563895635 -1.6065432931119234e-05 -0.0002591535389563341 0.0006056908535876221 1.0
0.05971694749586181 0.2739385988427247 0.7578333325608878 -3.959821743490061e-06 3.851185267326472e-06 -2.4141337415185044e-05 2.9645574119191076e-05 0.0 0.010966714414423434 0.24526753317581104 0.7555776298897682 0.0005172704558105438 7.201950428061465e-05 0.00011546674699598581 0.0008396887190175248 1.0
0.0596942898565139 0.2739201350326329 0.7578290762237984 -1.4075821352118053e-05 -1.0093539443731627e-06 -5.53663437145088e-06 3.236059907902434e-05 0.0 0.012107094455880797 0.2459986483367553 0.7555312613394529 0.0010293621306777566 0.0006578302701111488 9.36762460766715e-05 0.0013779582133805147 1.0
0.05964773435579856 0.2738661870331771 0.7578051900337531 -4.577923802141204e-05 -4.557957274193314e-05 -2.1927721541328437e-05 7.5168464793851e-05 0.0 0.012100469761833535 0.24636806565531777 0.7556741877356027 0.00029162942371007956 0.0005414367754225842 0.00015684189149073023 0.00038869213204926334 1.0
0.05962989959602588 0.27386152897745086 0.7578043902216637 -2.9897288658336985e-05 -2.357524998948027e-05 -6.2689028169839985e-06 1.7925324791795396e-05 0.0 0.012005812245415755 0.2463265414447481 0.7557891013623601 -6.942700645994385e-05 7.866778705122423e-05 8.960366136083047e-05 9.813719984462071e-05 1.0
0.05962198913190918 0.27385712127145834 0.7578068669859435 -1.1348997700057397e-05 -1.2360868573906043e-05 3.5184439944789617e-06 6.792889787231429e-06 0.0 0.012055589751998805 0.24632679390958143 0.755829625816306 -0.00010943676226054188 -9.927331317960875e-05 1.6337092543278843e-05 9.770852414360195e-05 1.0
0.05960654319815287 0.2738451137751915 0.7578181474882802 -8.36299413972406e-06 -3.039118770227793e-06 1.6317883229256882e-05 2.4156726144606904e-05 0.0 0.012225270829800437 0.24643943077562497 0.7558337914668388 7.039673122061674e-05 -4.0282942604865464e-05 -1.8360557172785754e-05 0.0002305600600827505 1.0
0.05959890816360954 0.273849195941376 0.7578097586025747 -4.262817690365024e-06 1.0835098106849339e-05 -6.138738007418536e-06 1.4202766223883533e-05 0.0 0.012493483559344674 0.24662055203645053 0.7557939376826941 0.00034692728348447767 0.00018938310030487413 -4.550921501580784e-05 0.00031388197548157205 1.0
0.05959624141623884 0.2738501080622085 0.7578037023595047 -2.890402512054421e-06 1.6345718012625142e-06 -9.298729737165505e-06 5.218027666012605e-06 0.0 0.01261193367267138 0.24668221245788607 0.7557370719970908 0.00028848587220631737 0.0001686579157797879 -5.1180513166585974e-05 0.00012233728025650749 1.0
0.05957859487992856 0.27384887375387007 0.7577924450989014 -1.8048877144622297e-05 -5.185939092943569e-06 -1.3131054097756162e-05 1.9127229854544342e-05 0.0 0.013215001294214036 0.24694257593809613 0.7552735033102042 0.0005586666013661941 0.00029980066400340534 -0.000420291511815036 0.0008062741788692768 1.0
0.05955814191711225 0.2738532145724864 0.7577824278632437 -2.3769254055302704e-05 5.259031173825977e-07 -1.3364721128031036e-05 2.5647208927044387e-05 0.0 0.013618310152786096 0.24722742155178581 0.7550184370798751 0.0003776933911767556 0.0002595645008047282 -0.00032039158433515855 0.0005843877369753642 1.0
0.05953287038864084 0.2738526011076333 0.7577776098059877 -2.4897240536110665e-05 3.3261816385052637e-06 -3.421304120562321e-06 2.5083470701091497e-05 0.0 0.013960004526467867 0.24738368182189788 0.7551530608632131 0.0003533591051890654 0.00015607031900941596 6.578178449905397e-05 0.00037898282781577425 1.0
0.059471253648387686 0.27384507027490257 0.7577720664330969 -5.788251005657414e-05 -7.657495461163492e-06 -2.8364413650813652e-06 6.126697876328019e-05 0.0 0.01396166568013874 0.2474459823754111 0.7550307586961197 3.0479107267872994e-05 6.682446414085172e-05 -4.932777244669084e-06 0.00012780379340478524 1.0
0.0593890796562145 0.27384673429765294 0.7577681267424654 -8.469227395816703e-05 -1.4315575761055041e-06 -2.5569118555095144e-06 8.378606684544895e-05 0.0 0.014105529529862425 0.24759413142580175 0.7550228104767408 4.5241856544152686e-05 0.00010718629612428514 2.317605865571285e-05 0.00021718504388179116 1.0
0.05928869401439607 0.27383860902410884 0.7577771967384828 -0.00010300379360528844 -5.42114109174647e-06 6.3148720303368555e-06 0.00010068294496830952 0.0 0.014244362408747727 0.24762096391243085 0.7550069593250239 0.00010102104219392146 3.049894241027863e-05 -1.4627255991556194e-05 0.0001599215460241125 1.0
0.05919382633158214 0.2738308873590896 0.7577815925566359 -9.951938802138937e-05 -8.307461800626675e-06 6.723040134466203e-06 9.466340146816513e-05 0.0 0.014872929407260815 0.24770340069138042 0.7548793003269796 0.0005841137105849725 6.68336469673226e-05 -0.0001505801735243514 0.0006197683932041476 1.0
0.059125533501782665 0.2738246015246258 0.7577981330256887 -7.076671273908975e-05 -6.7472277263333045e-06 1.4951991522576042e-05 7.071460972022297e-05 0.0 0.015585306790231554 0.24792758817256996 0.7547341437871011 0.0008419680022324939 0.00023133390861902205 -0.0002023836053898168 0.0007795855742437965 1.0
0.05905063898839519 0.2738241390514853 0.7577982179451545 -6.451084900447483e-05 -7.968099559675143e-07 3.5181353146633295e-06 7.477413297797313e-05 0.0 0.016000666976420705 0.24790971670454576 0.7546879457488893 0.0005330589077305842 4.691184393160956e-05 -5.245160950729486e-05 0.0004114129011252034 1.0
0.058975719705005085 0.2738160290445646 0.7578174970439102 -6.907729538745944e-05 -6.2573821830578725e-06 1.475625886477602e-05 7.859204175855363e-05 0.0 0.016204728466968472 0.24787408115142 0.7545167294347408 0.00018870645919805498 -5.5090550673002304e-05 -0.00012119205867226824 0.00025317424631025333 1.0
0.0589226724600632 0.27380212480595506 0.7578306388400198 -5.815220995353654e-05 -1.3189199560009771e-05 1.3904156526708588e-05 5.67187114326238e-05 0.0 0.016346327659413944 0.2478138147988611 0.7545339202125587 1.5006470201434346e-05 -9.017271074094138e-05 -2.357580524661516e-05 0.0001679480433140294 1.0
0.05889388891511833 0.2737863388286336 0.7578355233303291 -3.331187750729779e-05 -1.6684431605269165e-05 6.813702708158233e-06 3.168302888770634e-05 0.0 0.016399601088672756 0.24777536286945095 0.7545604558420341 -1.0715929630849725e-05 -5.781901068798972e-05 5.6624327585297706e-05 8.564585505480015e-05 1.0
0.05881774911843837 0.273785222304835 0.7578179711432798 -6.651973855602728e-05 -5.515603405169562e-06 -1.4931948234642023e-05 7.770787846098209e-05 0.0 0.016417143462423553 0.24777644547211733 0.7545563389222764 1.6613453656757212e-05 -4.4294895970014035e-06 1.7541538803195294e-05 3.0463174992366568e-06 1.0
0.05871766238038333 0.27378886592069374 0.7578391296091127 -9.973196030497023e-05 4.996711927471508e-06 1.0808346072820358e-05 0.00010514324762884613 0.0 0.01645103362588252 0.24776786555393793 0.7545466527028756 9.581095632236458e-05 2.7141480523002665e-05 -1.7460428374521296e-05 3.270944748366594e-05 1.0
0.058585772331633555 0.2737003923728354 0.7579284473133115 -0.00013655960038277775 -7.173093138054863e-05 8.227160208789126e-05 0.0001804273500859595 0.0 0.01649638866973128 0.24775037851907222 0.7545155428971958 7.552804279865378e-05 3.5201020271406628e-06 -4.058264625217363e-05 6.461990988280378e-05 1.0
0.05806089241786982 0.2731144026380544 0.7581627242926136 -0.0004813663804016388 -0.0005268967772313084 0.000228059764856401 0.0008154568774785323 0.0 0.01658813240401215 0.2477114560011631 0.7544818113787827 8.362768383315662e-05 -5.500185421200373e-05 -4.678300861885734e-05 0.00010325502287523416 1.0
0.055098250541592404 0.269601018990992 0.7582231593826215 -0.0026754604906831115 -0.003182575018250831 0.0001179893280691603 0.004580406762340172 0.0 0.01670212260185125 0.24769403866295805 0.754203408993219 0.00011576244569542967 -3.115383388186669e-05 -0.0002555757251479873 0.00029952783985732107 1.0
0.05055156323336654 0.2646890095863953 0.7575743262074144 -0.0047072665052051346 -0.005190660845316523 -0.0005573754886243393 0.006809066198362685 0.0 0.016854527824023285 0.24771687009631665 0.7541256047427185 0.00015397939897010324 1.2905027269585718e-05 -0.00012456915102373564 0.00017944212200431218 1.0
0.04324036752436735 0.2587906987572447 0.7579977076745242 -0.007432485684416087 -0.006303794627302836 0.00014031018568101618 0.009326965423129588 0.0 0.016943551405823022 0.24767092024346632 0.7539444403819843 9.770284999056344e-05 -2.5093528274390824e-05 -0.00016441317373945395 0.0001971920141676697 1.0
0.03962754441982447 0.2564411143429792 0.7586214077290507 -0.004683260351977107 -0.003105839693576591 0.0006396747168538554 0.004395968972758659 0.0 0.01700355726011895 0.24753014544061985 0.7538388171910055 5.185169466133188e-05 -0.00012656183118249173 -0.0001065325965642835 0.0001894307257758573 1.0
0.03747833475356552 0.25411993281797673 0.7583840200557793 -0.0019123059421584472 -0.001630287168454843 4.7349932590562714e-05 0.003005009506602415 0.0 0.017047847534753784 0.2474463704635448 0.7537782900390428 2.9527077739771425e-05 -0.0001141818467157793 -4.6446523525517814e-05 0.00011759078513478953 1.0
0.036305970295079024 0.25197160397876056 0.7567684954334454 -0.00028790122898199793 -0.0013468208301602265 -0.0014344876634375292 0.0030899249902697733 0.0 0.017092537866413453 0.24743910641099245 0.7537303907672201 3.3721447191256706e-05 -2.7544402831564796e-05 -3.1633014662112995e-05 6.216669760928688e-05 1.0
0.03625247801084426 0.25004169926633585 0.7551752028145368 0.0004959905554683634 -0.0017217030988923806 -0.0019166883628207914 0.0026015911357127703 0.0 0.017184399985502603 0.24743792695486505 0.753624877465755 8.86680052732151e-05 1.654989309911004e-05 -9.666768672069789e-05 0.00013598751792122114 1.0
0.03680503791096676 0.2488521500966043 0.7537899066412834 0.0005022220840922016 -0.0016682134539194502 -0.0016994251591868305 0.001809341403845849 0.0 0.017224879416407896 0.24744395471282632 0.7535978500893956 6.404981347442856e-05 3.1130364619760784e-05 -6.154039197159517e-05 5.8474304841241046e-05 1.0
0.03676634301195091 0.2480104201839818 0.7527325669503792 -0.0002871082338397556 -0.0011738677418734163 -0.001072519758661857 0.0012376335977563003 0.0 0.017263159386866123 0.24744804491627806 0.7535681225318767 4.4465655670607315e-05 1.3100210751245635e-05 -2.0969483693333835e-05 4.0447208186127775e-05 1.0
0.0364058746408652 0.2474796086585421 0.7521193470179253 -0.0007798034376619587 -0.0005597333221156802 -0.0003270797558580293 0.0010048289867439358 1.0 0.017290149353789322 0.24744953018012258 0.7535462008203716 1.9251192111575477e-05 -1.3589593182562624e-05 -2.721292860561628e-05 3.57220770105776e-05 1.0
0.036059389492587024 0.24703908590646015 0.75175167029986 -0.00040943578427063074 -0.00015210016237901611 -0.00015371700336321188 0.000658197828097333 1.0 0.01730331927786781 0.24745605429831538 0.7535350013614841 7.043377735218789e-06 -9.580911441185288e-06 -2.9637454690314535e-06 2.1935415593536824e-05 1.0
0.03592454787628324 0.2467915499224059 0.7515850546037124 -0.00026498703408602215 -0.00031127134532185066 -0.0001743868617157903 0.00032297786176466257 1.0 0.01732992047870837 0.24744637853655632 0.7535164152889174 2.0646559176132127e-05 -4.93894795936423e-06 -1.3915450201778938e-05 3.264477817684368e-05 1.0
0.03613610102163638 0.2465583165795945 0.7514881500761452 0.00025061525920484773 -0.00028593016573286644 -0.0001949585728148128 0.0003190726527644793 1.0 0.017321824027079588 0.24743070762881708 0.7535145863133486 1.457411447237483e-06 -1.1633888389772583e-05 -9.358343477567454e-06 1.630755601328193e-05 1.0
0.0363351606448334 0.24638923090804854 0.7514696651393631 0.0004314582679783676 -0.0002046615771799402 -6.606316139552422e-05 0.00026893261441651023 1.0 0.017338689362245384 0.24742899360529316 0.7535220206804207 1.5137391200937734e-05 -5.728766697884578e-06 2.268085057554112e-06 1.9798425586408484e-05 1.0
0.03644219708138473 0.24638823073741334 0.7514849461559971 0.00023707567671029075 -1.603128445735796e-06 -2.1256995206182534e-05 0.00010938633699131848 1.0 0.017345760143561952 0.24742116807401898 0.7535395113863307 6.451872225244135e-06 -5.406353938658059e-06 2.3302140116374356e-05 1.960504822067787e-05 1.0
0.036418848295819865 0.2463797818277393 0.7515022782944187 -7.850539853680055e-05 1.984995855416308e-05 9.424867951469658e-06 2.385748411926872e-05 0.0 0.017415934028969515 0.24751986744502824 0.7534415609371065 6.288466223100859e-05 8.53666857424382e-05 -7.965350818661289e-05 0.00015521586422300877 1.0
0.03623910031870663 0.24635850260506872 0.7515247640500737 -0.00026084721789784417 2.083436923593714e-06 3.0446380756343283e-05 0.000182041522778578 0.0 0.017208741022800376 0.24746896292921125 0.7533278194061341 -0.0001589583325062901 -1.3642427369292979e-05 -0.00012702274957575343 0.00024534004463286493 1.0
0.036250437332684314 0.2463375945215966 0.7514723888752893 -8.511019157962212e-05 -2.6374986161971218e-05 -3.894707606336145e-05 7.191728619312932e-05 0.0 0.017108394501381928 0.2473160700190168 0.7534356465734146 -0.0001472586305608088 -0.0001469181814127263 5.8735527317089183e-05 0.00021069216403317076 1.0
0.036054770845669375 0.2464799259404956 0.7513827076379022 -0.0001373613462879791 0.00011013329107060148 -9.105374906272901e-05 0.00024174294147121824 1.0 0.017293356273429934 0.2473610755691592 0.7534551714384481 0.0001260258475263341 -1.7334601471564832e-05 5.898305190178047e-05 0.0001869043112325527 1.0
0.03597725494286378 0.24648509867640905 0.7511514315708355 -5.5497769140192726e-05 3.3458273549443667e-05 -0.00022472135508435557 0.0002508467932704644 1.0 0.017417066682174395 0.24738250937487213 0.7534417862333906 0.00017811819364882753 3.06972266960017e-05 1.6310075870445036e-05 0.00012912233399247567 1.0
0.036156087989980705 0.2463602733818328 0.7508019472088582 0.00016031596754761062 -0.00010136989498253247 -0.00035276472265517765 0.00041087430665562075 1.0 0.01764475760938041 0.24739700243517884 0.7534831728304777 0.00026025006180872997 4.1093748143673594e-05 3.076743903991113e-05 0.00023297673635448197 1.0
0.036005483399516744 0.24650487871785737 0.7506671062849294 -6.178772222887666e-05 8.458790530237436e-05 -0.00019037007389448535 0.00025270503687778125 1.0 0.017256544461430653 0.2472472434268615 0.7533790006681067 -0.00027966378803663967 -0.0001090062541133656 -9.666161691847591e-05 0.0004300543169881536 1.0
0.03577211987348733 0.246655647986984 0.7507286465274646 -0.00024336701293138733 0.00015697079200243307 6.00844792616392e-05 0.0002737445206282214 1.0 0.01703293282700251 0.24719993559155504 0.753296984778316 -0.00034976937587951023 -8.554063044371348e-05 -0.00011921228768009497 0.0002469340644293752 0.0
0.03567838807949332 0.24693529757051522 0.7509985448231283 -0.0001700239564007024 0.0002916720837769704 0.00031160626662223094 0.0004081133889234675 1.0 0.017006422294974174 0.24719848289353652 0.7533088251866824 -0.0001468213425679092 -3.875430993710473e-05 -8.277777401464358e-06 1.7295291903983586e-05 0.0
0.03493735279750374 0.2473234890344501 0.7523822559997213 -0.0006582263073927039 0.000414479081778641 0.0012981729349686856 0.0016088651676596233 1.0 0.018569428316200422 0.24685737486497536 0.755118939937665 0.0013868389157076478 -0.0002806094849924623 0.0015863425312863323 0.0023919537553071077 0.0
0.034006549957247445 0.24785723967095227 0.7539181296846347 -0.0009877654577715635 0.0005443896615642791 0.001687145785492008 0.0019064211676068292 1.0 0.023388257491842725 0.24662253058373113 0.7594933204894886 0.004674411420494353 -0.0002625514443706839 0.0042797772359945245 0.006567542875338419 0.0
0.03391586403678962 0.24800564928778632 0.7553581062908766 -0.0002715500644073189 0.00020320397473713012 0.0015638797560962772 0.0014202290691648644 1.0 0.024745604621749347 0.24615208492300286 0.7619532018469931 0.002535584043384408 -0.000459249757661395 0.0033195528941990125 0.00294148356768692 0.0
0.03376127756095977 0.24904021264198667 0.7562836602257206 -3.3464667021818906e-05 0.0008482094996623395 0.0009558625602910334 0.0013690904510690915 1.0 0.024398045967829834 0.24562045728415774 0.7625883590437286 -0.000220626791825023 -0.0005557265943324581 0.0009280782813640098 0.0006347981993720097 0.0
0.035535690169040055 0.2504818073155574 0.7591656302413528 0.0016181151269062627 0.0014600459093662413 0.002413930389558355 0.0036930018035197117 1.0 0.024076061765590347 0.24542235575097388 0.7626908611677992 -0.0011939033616982168 -0.0002684161154140565 -0.0004948029357378173 0.0004549685640124598 0.0
0.037354636115017784 0.2582393429195506 0.7629176152682837 0.0021465258340088436 0.007005378715450119 0.00373995547667792 0.008855491274403196 1.0 0.02392287840033926 0.24537479941367452 0.7626320341889178 -0.0008109307054229612 -1.0979906095412884e-06 -0.0007284924050068197 0.0003791050382554453 0.0
0.04880360050883736 0.2689640324494632 0.765345089115808 0.010284548018326197 0.011277407215163337 0.002973318941094633 0.015874952023999484 1.0 0.023861777219903086 0.2453569740320411 0.7625252282993309 -3.057516290073427e-05 5.8117978084330744e-05 -0.0002579972358257174 5.687045783552317e-05 0.0
0.055857024268490374 0.2744633504399358 0.7653965726831216 0.00892781692192926 0.007384101497655206 0.00043833501131004284 0.009055216343607526 1.0 0.023873804397191545 0.2453143881086973 0.7624888774055519 0.0005843428016070906 -1.4741251917788782e-05 0.00036852426649024373 0.0 0.0
0.0627558370561859 0.2776094441372276 0.7632639571091091 0.007274901974752794 0.0029962086001243064 -0.0024396611916373363 0.007449750091349929 1.0 0.02387020723833284 0.24528802628993404 0.7625264854538053 0.0004379558719286368 -4.3419021968087396e-05 0.00044625421719783837 0.00012348427664850064 0.0
0.06651987226309179 0.2801146590279226 0.7627950690962364 0.003533315733283162 0.0009823099774764648 -0.0015595566381770964 0.004808603782295509 1.0 0.023857698034104438 0.24527461857492316 0.762562967852555 -0.0002497948397084662 -7.599373401202158e-05 1.7928190757798834e-06 4.851445707574481e-05 0.0
0.06803057436999865 0.28187540282002344 0.7631348973413459 0.00046380490046521157 0.0007047820921504252 0.00018118237925784095 0.0025340150325964834 1.0 0.02384590984428959 0.24523064687867496 0.7626117657878926 -0.00015956815956659509 -5.993475555740298e-05 -4.875066295223626e-05 6.128927127763487e-05 0.0
0.06816117941884264 0.2827029537620194 0.7634404833209146 -0.0007127734928750703 0.000946831706327709 0.0010924098255664487 0.0007595985043505041 1.0 0.023809425278141828 0.24524759465167656 0.7625962528313827 -4.888634020907591e-05 2.719105336879688e-05 -4.2889511737908615e-05 4.3564940495514535e-05 0.0
0.06817808243342587 0.2830669261928159 0.7635726448429947 -0.00011578838097905762 0.0013128970889057798 0.0007393187628415457 0.00024849622862621644 1.0 0.02380420448281615 0.24525250658180564 0.7625944680558441 -7.2693044903318345e-06 2.2644454821591354e-05 -3.537882433584638e-05 4.770405422872652e-06 0.0
0.06814815090694874 0.2832396158456548 0.7634390504358338 0.0008176730911210596 0.0005558403846795939 -0.00014703390550344347 0.0003823768834312572 1.0 0.023807465474175726 0.24524826081815201 0.7626003988664943 1.1491957334849688e-05 2.4311343273424597e-06 -1.1739506306507398e-05 8.087140458152723e-06 0.0
0.06822066915128928 0.28335759676885597 0.763145563300628 0.00021821943507255304 -0.0001772837853549255 -0.0007001841604467561 0.00024187648393959177 1.0 0.02381506003172376 0.2452342053064387 0.7626129907230262 1.8043875281822915e-05 -1.5735919327272987e-05 1.762234926747806e-05 2.192529302846814e-05 0.0
0.06834300700616469 0.2834057500466913 0.7629116115725407 0.00047514775336914006 1.9704346293136256e-05 -0.0005388381172344911 0.0002912487074565786 1.0 0.02381819001109672 0.24522107861450715 0.7626311802094901 6.5671047358511784e-06 -1.749858121410761e-05 2.9242731904507696e-05 2.3150951892271766e-05 0.0
0.06838328068356364 0.28336556366181903 0.7624145681189404 8.251981917711988e-06 4.49845766559067e-05 -0.0003424531071603244 0.0004926692573025589 0.0 0.02381357924411993 0.24521904103969094 0.7626288159366651 -4.856653175749758e-06 -7.882737132141601e-06 6.535740452223174e-06 3.7878906345079736e-06 0.0
0.06843625572202465 0.2833056174139267 0.762003349164871 -8.517938252040414e-05 -6.178869413127992e-05 -0.00035589090066747055 0.00043423509488379596 0.0 0.023812406642049522 0.24522003541704132 0.7626259790487582 -6.607412535306881e-06 1.396606023608366e-06 -5.4271779694530994e-06 2.8348423075699386e-06 0.0
0.06830658418506493 0.2817284153562729 0.7634878184306143 -0.00021348379412086237 -0.0014150806492627338 0.0012346649599269035 0.0021457309600589137 0.0 0.023815111827615275 0.24521956965304315 0.7626281021673716 -1.5222917618213745e-06 7.666941242215134e-06 -7.129365491949774e-06 4.76022306063824e-06 0.0
0.0677288063130587 0.2801240856785046 0.765391395821541 -0.000560107681737859 -0.001836974651876422 0.0021223351276372176 0.002608589405091408 0.0 0.023813071848285957 0.24522449377323663 0.7626198450865693 1.7329805824265533e-06 4.371778947143908e-06 -6.366726252708569e-06 9.953050948885611e-06 0.0
0.06717504356291802 0.27940000223718026 0.7664233759016077 -0.0006440814345607147 -0.0010349023166007314 0.0014456138460390937 0.0013499306706847658 0.0 0.023816316847718944 0.24522578962491484 0.7626132594441954 3.962153996243802e-06 7.531941147889759e-07 -5.85079015087497e-06 7.073132885422515e-06 0.0
0.06704969935926942 0.279240961831211 0.766597901468259 -0.00022380208074366235 -0.00011109014694582704 0.00022753484815011527 0.00020928135864535104 0.0 0.02382056577684403 0.2452266927691633 0.7626005448646915 5.021812788989949e-06 -8.878246872305874e-07 -1.0543772176586797e-05 1.2931586440698274e-05 0.0
0.06708151189239339 0.2792084893783823 0.7665893991045345 9.28848076583908e-05 0.0002719143470552274 -0.0003827944323267659 7.811518147539365e-05 0.0 0.02382488167183128 0.24523341135772245 0.7625970322627682 4.186423926727063e-06 5.211648937376527e-06 -5.282550397481079e-06 9.31904606799811e-06 0.0
0.06713407979142308 0.2791195349548152 0.7664857014244569 0.00017519686206856204 0.00013977333856943344 -0.0004499577249299946 0.0002142497097205102 0.0 0.02384457138608895 0.24524277050398002 0.7626078258409861 1.714359521287454e-05 1.015672308047525e-05 8.37309291191309e-06 2.3953811353617432e-05 0.0
0.06717158619867647 0.2790253453340966 0.7664265483773756 0.00010291745644837116 -0.00014972265274758672 -7.304404210567786e-05 7.936916292522158e-05 0.0 0.023849260229266724 0.24524678501803807 0.76260760605764 9.14723001771094e-06 5.917617651242228e-06 5.184336367368116e-06 6.910549387343058e-06 0.0
0.067187449609397 0.2789796623200876 0.766404246835298 -3.0208480700240578e-05 -0.0002985257958001474 0.0002542392238581436 1.9740959225080575e-05 0.0 0.023850631959325963 0.2452483251311732 0.7626021986213282 1.3333737162541473e-06 1.662147118792398e-06 -3.636406264433268e-06 4.766448904336217e-06 0.0
0.06718317488105878 0.2789780065779186 0.7663701542789279 -9.147415179807565e-05 -7.534008713212911e-05 0.00011121276734067003 4.412164033582933e-05 0.0 0.023862540760231737 0.24525407345213765 0.762579601314086 7.645081496825065e-06 4.080247398823668e-06 -2.326518083468341e-05 2.638752186198196e-05 0.0
