0.06265827364722032 0.27733131258001575 0.7605774155096047 0.0 0.0 0.0 0.0 0.0 -0.016258289929092385 0.27931961410692957 0.7628683645337768 0.0 0.0 0.0 0.0 0.0
0.06264832668423334 0.27731734167755173 0.7605809233985077 -9.946962986978614e-06 -1.3970902464022217e-05 3.5078889030204508e-06 1.750524129737944e-05 0.0 -0.016256942313413292 0.2793114081415752 0.7628611772612811 1.347615679093278e-06 -8.205965354390887e-06 -7.187272495712271e-06 1.1050995725305347e-05 0.0
0.06264566462949381 0.27731247519410884 0.7605808189625162 -2.6620547395328487e-06 -4.866483442889091e-06 -1.0443599152143435e-07 5.5479819225109255e-06 0.0 -0.01625800637832956 0.2793111387225823 0.7628575917066001 -1.0640649162688143e-06 -2.694189928931223e-07 -3.5855546810514838e-06 5.66458161488465e-06 0.0
0.06264380050238864 0.27730799935072575 0.7605788144067926 -1.8641271051639263e-06 -4.475843383089373e-06 -2.0045557235226497e-06 5.246559587278045e-06 0.0 -0.016257894107708788 0.2793127859655678 0.7628532409221334 1.1227062077234784e-07 1.647242985514108e-06 -4.3507844667001194e-06 4.219861621665659e-06 0.0
0.0626206404192328 0.2772247496928982 0.7604985610067323 -2.3275968138345106e-05 -8.269734961191366e-05 -7.901206650709873e-05 0.00011793007759448134 0.0 -0.016249152075663627 0.27927888255385375 0.7628389481147991 8.791773511616642e-06 -3.377076833982613e-05 -1.4440608654642246e-05 3.6266021472602736e-05 0.0
0.06263197679607706 0.27713938456737447 0.7604387648167759 1.0000759661282578e-05 -8.859760376364394e-05 -6.34121286537681e-05 0.00010483941257437358 0.0 -0.016256232151965266 0.27926332449247715 0.7628177317854472 -6.569066224302749e-06 -1.7312500719595425e-05 -2.145925991497197e-05 2.839165963232855e-05 0.0
0.06263065068853266 0.2771223508745317 0.7604284935365136 2.300470354261255e-06 -2.51686455598693e-05 -1.2761678740991224e-05 1.8816924741633593e-05 0.0 -0.016248854093858737 0.279248398360832 0.7627980206310625 4.762210544711685e-06 -1.4539338825488958e-05 -2.1338712697121308e-05 2.5529757309605928e-05 0.0
0.06260950517528202 0.2770602432907298 0.760417948044784 -1.8585892189833642e-05 -4.4762051186590654e-05 1.3646634051967547e-06 6.729077583828502e-05 0.0 -0.016242416903256205 0.27923956126825017 0.762787082694441 7.061615594628345e-06 -5.934006518256661e-06 -1.0632158923162938e-05 1.4773164408592869e-05 0.0
0.06260294350946857 0.2769987123472323 0.7603786471598148 -1.1875067329421004e-05 -5.3658038571514343e-05 -2.1699433605783362e-05 8.048195865431671e-05 0.0 -0.016238817206111426 0.27920964625093286 0.7627792343506485 4.84859102302916e-06 -2.3599378119233297e-05 -6.43333876941651e-06 3.182994378784468e-05 0.0
0.06259907115431056 0.27697864696740854 0.760370592461406 -5.285662824452887e-06 -2.331778170584009e-05 -1.155544690619689e-05 2.291632524139142e-05 0.0 -0.016165487832895346 0.27895716979338453 0.7626026327630862 6.342474936903366e-05 -0.00022113984555329475 -0.0001494415321684405 0.00031488894008985355 0.0
0.0625766657832244 0.27696107116336405 0.7603542030721778 -1.9349871991155864e-05 -1.7190469456857235e-05 -1.9983566071930336e-05 2.5861977285313776e-05 0.0 -0.015939488003232683 0.27765522351757216 0.7617134107610941 0.00021404689538019397 -0.00118879522567535 -0.000811398102587924 0.0015889968779003428 0.0
0.06252810250991042 0.276933734708981 0.7603201414747295 -4.606035417701286e-05 -2.824078952622497e-05 -3.917044514701286e-05 6.819746948403685e-05 0.0 -0.015912165582709775 0.2759026620206257 0.7605955859300967 8.500122120214367e-05 -0.0018675351362896894 -0.0012082941369954841 0.0021073541922155643 0.0
0.06243046678181074 0.27688562317374243 0.7602548401534885 -9.359870513520647e-05 -4.30467626534561e-05 -6.080767546743015e-05 0.00012996814733692237 0.0 -0.01605003390618632 0.2725129223730501 0.7583678135250309 -0.0001250195909390193 -0.003346497943662047 -0.0021910992097798777 0.004014244199894933 0.0
0.062276650427012574 0.27675603143147076 0.7601106901363173 -0.00015824723184667882 -0.00012072549937929808 -0.00013628142574979526 0.00024452668352345345 0.0 -0.016362088311612687 0.2685459017548369 0.7557340501423689 -0.0003399137590984146 -0.00414939288507921 -0.0027459440941084343 0.004807294346334756 0.0
0.0621720289428356 0.27666442967245086 0.7600262547325323 -0.00012557959286213 -0.00011820351423555771 -0.00010962864181171407 0.00016511794353565607 0.0 -0.016876752637795825 0.2664068002317458 0.7542065980709782 -0.0005509239722076563 -0.0025613940099956695 -0.0017951381024781366 0.0026875320277448263 0.0
0.06210085367142609 0.2766073887642177 0.7600102108292244 -7.069113429456781e-05 -6.614943389373341e-05 -2.6812919654530907e-05 8.811185284820763e-05 0.0 -0.017145337365867243 0.2656429314273583 0.7534357029268584 -0.00034987175639054793 -0.0006326968958635364 -0.0006831571721063388 0.0010368813628106697 0.0
0.06205895936509068 0.2765191309866147 0.7599493879752494 -2.8125787963704e-05 -6.866829445253576e-05 -3.084076244460395e-05 0.00011490186617670351 0.0 -0.017113868409338102 0.2653699375945337 0.7530036825230446 3.574465748247567e-05 0.00025829624479107227 -0.00012190335645551249 0.0005477759770708595 0.0
0.062060874530024186 0.2764423030651637 0.7598633438659712 1.2436983020079629e-05 -6.909901918909992e-05 -7.092274139309765e-05 0.00012198913970305097 0.0 -0.0170085785237681 0.2652639438250834 0.7527274741990013 0.000210764388529451 0.00023816279543627367 -6.888239204602917e-05 0.00040159157698610383 0.0
0.06203973948600331 0.2763880378810368 0.7598070941410913 -8.849730405704341e-06 -5.615003489792894e-05 -6.86520011898005e-05 7.95135137156955e-05 0.0 -0.016978904388940678 0.26534142813401074 0.7524997630775233 0.00010905161600475321 5.635176917650922e-06 -0.00024007728377596594 0.00019283028530427192 0.0
0.06201107425361314 0.2763275444265236 0.7597461627083708 -3.596485804940056e-05 -6.227800485192351e-05 -7.217157582837302e-05 8.451599948568802e-05 0.0 -0.017063381429300094 0.2654697429569821 0.7522472293368437 -8.39520820920474e-05 -0.00023380907346331027 -0.00046701084902078176 0.0002488051629427838 0.0
0.06199397762218879 0.27628880940983674 0.7596954750178981 -3.2763191184233265e-05 -4.640681802343324e-05 -5.751185331758327e-05 7.011574242980135e-05 0.0 -0.017109007918643584 0.2653317516796647 0.7520076135500244 -0.0001363467456369446 -0.0002998317375274245 -0.00037854038030131834 0.000306842247813288 0.0
0.061975232087883046 0.27626126713316124 0.7596577622630655 -2.1293142912580832e-05 -2.266719914306901e-05 -2.8771386697494717e-05 5.0873965214521535e-05 0.0 -0.017114678314435746 0.26518154669002114 0.7517054084758362 -7.046344896306691e-05 -0.00012442722833279005 -0.00026892557097883815 0.0003435400795595619 0.0
0.06195514637841412 0.2762450977990175 0.7596301186982775 -1.854520252950866e-05 -1.3888648262690557e-05 -2.1118649258120625e-05 3.62759929644413e-05 0.0 -0.017250812738799536 0.26500684205669506 0.7512428307497958 -9.279356356167647e-05 -0.00014482806141580826 -0.0004156865870640772 0.0005112300164675713 0.0
0.0619504228326403 0.27624140882264814 0.759624169702073 -2.8774722226075e-06 -6.296542808173567e-06 -1.1214668530197585e-05 9.124602439680216e-06 0.0 -0.017302877995357617 0.26496097452238343 0.7511180667430062 -3.9838331609991034e-05 -5.731128723992151e-05 -0.00018256643902972664 0.00015086584677809602 0.0
0.06193512544704717 0.27621923599720527 0.7596082919724416 -8.828772040487378e-06 -1.724707842235751e-05 -1.2775153596073725e-05 3.090295802971953e-05 0.0 -0.0175162603968662 0.2648050586067143 0.7507764690126997 -0.0001816661600207609 -9.55603233210035e-05 -0.00027099246040327243 0.00041139495583308487 1.0
0.06192421945303365 0.27619193367696543 0.7595895190058455 -1.3615749895491197e-05 -2.9015348880889638e-05 -1.7094783059072428e-05 3.5593369507835526e-05 0.0 -0.017854206816429633 0.264674131961572 0.7503700042596754 -0.0003443113957653229 -9.662651978949906e-05 -0.00037881247162472426 0.000561706693466219 1.0
0.06192509815914745 0.2761668014918871 0.759572808351518 -1.8260475695257847e-06 -3.111651317649618e-05 -2.114462724351162e-05 3.0147471531033425e-05 0.0 -0.018214159251842377 0.26439043837554793 0.7497470319111191 -0.00039424491149784235 -0.000262273926568478 -0.0006094274545975099 0.0007758079416017956 1.0
0.061921058908104426 0.2761565914407738 0.7595593441984958 -1.585057974455456e-06 -1.3378185444552055e-05 -1.6276921281264267e-05 1.6322313312150703e-05 0.0 -0.018002481721639516 0.2639663320593865 0.7496627621262418 0.00011919146508454178 -0.0004510159504218513 -0.0002135152509759096 0.0004765341139554003 1.0
0.061885536831887376 0.27615188790400097 0.7595499663418448 -3.087533385462613e-05 -1.8866887332252453e-06 -9.50054898102574e-06 3.694819206571693e-05 0.0 -0.017790608061589434 0.26371971563523033 0.7496800107438184 0.00030118062962886517 -0.0003124137453894268 3.9025534641544564e-05 0.0003092766146131821 1.0
0.06186555424758444 0.27614593111015573 0.7595513670537529 -2.6916213401882802e-05 -3.6737220743723645e-07 2.5064866585004035e-06 2.2959331212184173e-05 0.0 -0.017787663153328838 0.263661355702819 0.7496996598402336 0.00011772188835698522 -7.220324317211931e-05 0.00010982047145210338 7.951829332302629e-05 1.0
0.06185577027016857 0.27614424740210847 0.759552648863566 -1.3122334500586603e-05 -4.59567015816207e-07 5.028144978621678e-06 8.378751024602358e-06 0.0 -0.017862845783641057 0.2636873613366435 0.7496858389368423 -7.275769902068894e-05 8.404865169158842e-05 5.5212519366245065e-05 7.780945374225435e-05 1.0
0.061851004644962536 0.2761437392047576 0.7595512916071759 -3.565741252487766e-06 -3.031034768070071e-06 -8.497826422501604e-07 4.673843418095187e-06 0.0 -0.017960114432011457 0.263792021237346 0.7496986269935564 -0.00019063226304892467 0.00014690560970343064 -3.938389730533843e-05 0.0001482904459131734 1.0
0.061849068940142624 0.2761376621460137 0.7595501506252412 3.110592251646211e-06 -6.847121316235971e-06 -2.45134298995883e-06 7.28163911696462e-06 0.0 -0.018184590433032184 0.264226798976867 0.7496843458116007 -0.0002796498267609671 0.0004093827310909141 -7.134881300125686e-05 0.00048046500671986107 1.0
0.06181281584083446 0.27612522294482 0.7595478145100676 -2.8059326660220504e-05 -1.2568478366381428e-05 -3.6947332192492647e-06 3.8472786245375853e-05 0.0 -0.018342626762774445 0.2646386054557245 0.7498167502465882 -0.00017645217853803663 0.00042863905749886957 8.08611408324542e-05 0.0004700941039145072 1.0
0.061782494499475794 0.27615100739879195 0.7595529129485532 -3.803967321350624e-05 1.9529327320952615e-05 3.1235080965175883e-06 4.025975975545318e-05 0.0 -0.018437034512580094 0.26510953289439537 0.7501681377586016 -4.2916969101561525e-05 0.00046282789780575733 0.0003777716526882541 0.0005809059195708379 1.0
0.061774489544731796 0.2761498678601232 0.7595712589884643 -1.8248039947792997e-05 7.2087729362641985e-06 1.7809908124545657e-05 1.956509319174412e-05 0.0 -0.018456382936667057 0.2652743912003818 0.7504059182367946 -1.6770171698763379e-06 0.00020954517892861953 0.0003103710504234393 0.00030015534643734076 1.0
0.0617556881105362 0.27612708986008416 0.7595951322816723 -1.3117549312061708e-05 -1.8624659683807746e-05 2.6849793465052766e-05 3.683393486413201e-05 0.0 -0.018394785513622097 0.26553079402791785 0.7508368280566473 6.806609245786044e-05 0.00018263859807334654 0.0004146260170885299 0.0004958936137014138 1.0
0.06172253340511395 0.2761162350287493 0.759583158196939 -2.6413787370273594e-05 -1.7489534448533824e-05 -4.410119733002866e-06 3.885509614809005e-05 0.0 -0.018176959289511543 0.26570943317274553 0.7514471028608954 0.00021650150627164615 0.00014273076867390495 0.0005849411702344452 0.0006866705119540186 1.0
0.06149329752174876 0.2760664280613304 0.7595257921916442 -0.00020193889129912964 -4.799245678842693e-05 -5.6102307167697926e-05 0.0002395153271481857 0.0 -0.017265871491042525 0.26584997059126886 0.7528912331712969 0.0008328542863961914 0.00014496551555279587 0.0013438979721084598 0.0017021059230502159 1.0
0.061347448196960586 0.27604591810056783 0.7594529721499698 -0.00018913108266580624 -3.007285797410926e-05 -8.325165031258509e-05 0.00017041306845085995 0.0 -0.013368338659431538 0.262791218118252 0.75595089060162 0.0035699075275613798 -0.0025751181315114492 0.002957883920661564 0.005808336604962491 1.0
0.06113297183878558 0.2758410362654724 0.7592409934113593 -0.00022028056556547558 -0.0001758086822204376 -0.00020185360707288544 0.0003544140762573427 0.0 -0.007410724859114166 0.25862233925767664 0.7586315764504009 0.0061625192382745095 -0.004451653689420214 0.0030647400241885316 0.007831565519687759 1.0
0.06095996150608791 0.27572929291065285 0.7591594233856829 -0.00017599124629401477 -0.00014357824039381399 -0.0001184156497041804 0.0002299226209159973 0.0 -0.001595928608336115 0.25298398583292414 0.7600766196148839 0.00647049007454779 -0.005969310151257693 0.001744778119191555 0.008162444891857294 1.0
0.06077687274452313 0.2756688768780978 0.7591104244954143 -0.00016330068895405926 -7.607941700483306e-05 -4.376473506309202e-05 0.00019354461105123015 0.0 0.001077872028717385 0.2494301404084431 0.7604705522549631 0.0032747553903580825 -0.004203022316624572 0.00021980665815629234 0.004428339659620788 1.0
0.060683170212104044 0.275581035657465 0.759063637176449 -9.311549622810156e-05 -6.618767846457248e-05 -2.0402569307135423e-05 0.00013879441347554558 0.0 0.004171683194358598 0.24739977182901582 0.7599656519535118 0.0022425499138686205 -0.0018275823036992453 -0.0008870366812416853 0.0036854268472168157 1.0
0.06057887136654451 0.27545561565592264 0.7589480068330786 -9.175756274897623e-05 -0.00010242842282599206 -8.96546581216472e-05 0.00019932647144834471 0.0 0.006429174799524617 0.24634594902242463 0.7597507450466133 0.0015996964526271474 -0.0003371598422120169 -0.0006185856489067024 0.002659295876284727 1.0
0.06045945651104633 0.2754006608277947 0.7589145346457109 -0.00012017844366049173 -6.831421227139521e-05 -5.6815795666719486e-05 0.00014204395022297112 0.0 0.007738836068087644 0.24535148006062393 0.7594138948564624 0.0012208965455701541 -0.00041597001729247116 -0.00019812182644770394 0.001662106034941034 1.0
0.06038792255983699 0.2753992340999662 0.7589170784811925 -7.799120356223005e-05 -1.2785997012749927e-05 -1.3779039483169031e-05 6.229916895610579e-05 0.0 0.00835000209647066 0.2461075750024928 0.7599517807475896 0.0009634168026965075 0.00036439195875429496 0.0007580358904253365 0.0010405316258831146 1.0
0.060370344562824224 0.27539948581886825 0.7589198211802796 -3.275040387806533e-05 -2.488288934478862e-08 3.4474884765553027e-06 2.0155087987981348e-05 0.0 0.008085339762300948 0.2465601723750951 0.7600538259277401 3.999372412015912e-05 0.0003586158877733332 0.0004355511245893507 0.0005116462921367021 1.0
0.06035868968783147 0.27540506782992785 0.7589006703041817 -3.1875834260940118e-06 2.3530386091602713e-05 3.2881072385685837e-06 2.4356104625895684e-05 0.0 0.007540565777645925 0.24680938492064358 0.7604427346236572 -0.0006542075482627654 9.501209042260105e-05 0.00037133436721054416 0.0007672094319802567 1.0
0.060360676123705916 0.2753978461625821 0.7588871525810905 8.157067015804049e-06 -3.5372647191431753e-06 -1.631608308356108e-05 1.8314103340636817e-05 0.0 0.007114818702156931 0.24675285924364826 0.7607832833030238 -0.0006524896102032048 -4.10109365522127e-05 0.00025460574188903846 0.0005379698314420603 1.0
0.060368501266344965 0.27540199034996216 0.7588821280426347 1.3095140514654595e-05 -1.1459317236171672e-05 -1.7974103417082075e-05 6.591866599154678e-06 0.0 0.0067070561122243265 0.24666744878845515 0.7611267423310892 -0.0002396153416866732 -0.0002158956444768545 0.0002360612291584887 0.0005357522481910159 1.0
0.0603669837394779 0.27539788126759546 0.7588805646628444 -7.571616869252726e-06 -1.127425369296281e-05 -9.158805096093169e-06 4.6402709484476615e-06 0.0 0.006606831931838321 0.24637009632282791 0.7615685043501456 -3.318303076983416e-05 -0.0003716270905139208 0.00040424708493221864 0.0005343883994394002 1.0
0.06034958748767428 0.2753934056625785 0.7588710762089548 -2.2760245769350664e-05 -4.0868318898219357e-07 5.688082085513114e-07 2.075353147312813e-05 0.0 0.005958209917440861 0.24652880202783284 0.7608295442999279 -0.0004802779311874456 9.333433837305639e-05 -0.0005616496388950449 0.0009989605082073682 1.0
0.060342772860033186 0.27538870598862886 0.7588745780130322 -1.0627015940286964e-05 -1.2729553376499754e-06 4.986413683469231e-06 1.0386046089537303e-05 0.0 0.005621411315333648 0.24688267464324953 0.7602172195106617 -0.0004470664019102196 0.0005382031796511132 -0.0007407177685014311 0.0008061079830607497 1.0
0.060336524064802874 0.2753818391901516 0.7588701301789006 -4.772787311569903e-06 -6.440901966190672e-06 -3.4962559606859224e-06 8.820935976812711e-06 0.0 0.005346224449730085 0.24669006660132714 0.7598197801409445 -0.0003778292897147797 -2.1433568740974952e-05 -0.0005826198599554627 0.0004925453100592364 1.0
0.06030588303291902 0.2753083083598101 0.7587953353036511 -2.522942920913391e-05 -6.421395827866423e-05 -6.708811295335773e-05 0.0001085699784084103 0.0 0.005524144973215718 0.24622127218162687 0.7593911715320962 0.00010975312240275566 -0.0004727603940241147 -0.00036689272074073224 0.0006556277387818352 1.0
0.06029014923176393 0.2752422906708108 0.758734519792397 -1.8024301509970632e-05 -7.700657173882408e-05 -7.298572544374001e-05 9.499078055281177e-05 0.0 0.005819908066711663 0.24602563537468036 0.7592163812848177 0.0003807730632326868 -0.0003830803622687618 -9.409186480607861e-05 0.00042241877565019016 1.0
0.060282654153697705 0.2752227731961944 0.7587014919488729 -8.519928662782301e-06 -3.2170583988774235e-05 -4.3402351268797e-05 3.592883849408179e-05 0.0 0.0060594968794839554 0.2458303404747002 0.7591086454662901 0.00033879131140042266 -0.0002492958476433566 9.93604929756288e-06 0.00031737076228936627 1.0
0.060271838540839645 0.27521977300808087 0.7586893723981306 -8.887640046858156e-06 1.7880246338549603e-06 -9.58569999326831e-06 1.3984471106158546e-05 0.0 0.006166162051625483 0.24574513850446245 0.7590554248587623 0.0001251384270962369 -5.5267136774575184e-05 -3.285165531506911e-05 0.00013475051987429302 1.0
0.06024702616331118 0.2752312636537623 0.7586440258288404 -2.1367561015003374e-05 2.364732980682855e-05 -2.789656213209712e-05 5.6331384392444795e-05 0.0 0.006368472753686572 0.24571643778074118 0.7589337635568426 7.446080168640133e-05 8.398240808504093e-05 -0.00019761180241601248 0.00024463337253424614 1.0
0.06020830618428185 0.27521515482730674 0.7586147644791047 -3.753032359322526e-05 -2.7711660739749975e-06 -2.757732228086822e-05 5.4026412788240466e-05 0.0 0.006590283591861802 0.24556240999853537 0.7587850763549228 0.0001859881547746151 -9.537506157588412e-05 -0.00016139331590291355 0.0003160348918603503 1.0
0.06014553344572695 0.27518958900265184 0.7585671254006447 -6.485243031781576e-05 -3.076512436139739e-05 -5.0441569960404116e-05 7.82009028707693e-05 0.0 0.006423276938543609 0.24590447483421216 0.7587763913207056 -0.00010349803404145741 0.00020032206383821158 -5.426250106011486e-05 0.00037291014490769094 1.0
0.06010966075346211 0.27514706879778883 0.7585013729690621 -4.708629914773099e-05 -5.532373203355965e-05 -7.338223885737047e-05 8.68249614878419e-05 0.0 0.005736706203242602 0.24675742062834205 0.759244914709543 -0.0006176793782704522 0.0008033363268836365 0.00040174229622960456 0.0011842516816152706 1.0
0.06010930139052719 0.275167409103686 0.7584030552412974 -1.9477618206980307e-06 5.149661860623248e-06 -9.667398160032965e-05 0.00010103840542797456 0.0 0.004428029477894988 0.24737860172668769 0.7596646453056527 -0.0013290166033055036 0.0007904999303647681 0.000529619954555636 0.0015286880811756476 1.0
0.06006387700959304 0.27511503034016677 0.7582942017184489 -2.7616014166024214e-05 -3.094822292092753e-05 -0.00011085242871294716 0.0001291945687496276 0.0 0.004408405508541774 0.2475401939632058 0.7598408327730872 -0.0003659633506371169 0.0002609037774552732 0.0002744407090476949 0.0002424662962311835 1.0
0.059984973105822834 0.27505830208003 0.7582649522689855 -7.288007255768239e-05 -5.4386941806546336e-05 -4.3921409687622364e-05 0.00010200781625386558 0.0 0.004969023402231078 0.24721302567115314 0.7595648479753401 0.0006086565381826924 -0.0003776280272840579 -0.0002581206042074883 0.0006397163136930415 1.0
0.05993652326432031 0.2750406967357821 0.7582716659902159 -6.406141462894622e-05 -2.8862969436993496e-05 1.2413604906224779e-05 5.117678935478698e-05 0.0 0.005472734388249579 0.2470528663736891 0.7592512848919971 0.0008392076385086819 -0.00039488420725276754 -0.00046238922006884347 0.0006840662674156624 1.0
0.0599123613965724 0.2750385852906765 0.7582648793774492 -3.376237144902245e-05 -5.326416890322146e-06 1.578732718932725e-05 2.4006838400558268e-05 0.0 0.006247106268369394 0.24643196722846264 0.758768629704825 0.0009074759429911099 -0.0006306170335216986 -0.0005611379939151726 0.001110762526981102 1.0
0.059911172862352945 0.27504253274282076 0.7582402756541199 1.5846935121951238e-06 1.0422678789515904e-05 -1.6832289049660303e-05 2.684972466207188e-05 0.0 0.007153081652178969 0.24591048215150196 0.7581832840555518 0.0008358667102915114 -0.00048768808205259964 -0.0005676358752110808 0.0011673780122564187 1.0
0.059907263601491845 0.27499862743167464 0.758171578950987 1.1351955196020987e-05 -2.9230907516220944e-05 -7.384806191051136e-05 8.182313189316031e-05 0.0 0.00809786570028086 0.2456939931754919 0.7575097567253418 0.000790325101895989 -0.00017673090239588056 -0.0005985933694365233 0.0011678230210962236 1.0
0.059887989603169434 0.27496166379520104 0.7581682940607037 -1.1460022340179569e-05 -4.195993438457127e-05 -3.363235390745481e-05 4.244403408081982e-05 0.0 0.008821903456648504 0.24552865006106492 0.756962460666932 0.0006721105052967634 -9.988986222988962e-05 -0.0005465315972679501 0.000946865811255125 1.0
0.05985560634872057 0.2749486740775545 0.7581806819327733 -4.085678359782178e-05 -3.126163585081856e-05 1.0485960757173639e-05 3.3748796832304894e-05 0.0 0.0094582160373555 0.2451865337840199 0.7568133736272358 0.0006880575291667995 -0.00027377248184739654 -0.00019210183523912257 0.0007223458953108473 1.0
0.05983600072390365 0.27493108664910504 0.7581748777829626 -3.210012721915183e-05 -1.5367647124742034e-05 1.502586107307226e-05 2.8043440670267315e-05 0.0 0.00979057511573097 0.24468487449144186 0.7565170673795473 0.0003412122242484992 -0.0005012943673185151 -0.00021075891477758288 0.000685290329230542 1.0
0.05981244219430592 0.2748767304378597 0.7581402423199319 -2.271475779572332e-05 -4.0491632050691945e-05 -2.2923780514089413e-05 7.005127618644112e-05 0.0 0.010463378764940294 0.24429268797540987 0.7555656093460877 0.0005487936098974174 -0.00047195810950256736 -0.0008149584606770512 0.0012203143547082048 1.0
0.05979601974078554 0.2748486944443102 0.7581463153133379 -1.3312377931998702e-05 -3.2761451551640806e-05 -8.678680963615629e-06 3.4524105995457654e-05 0.0 0.011045315209966081 0.2441009660721317 0.755322926245281 0.0006404352755738843 -0.000289886272558084 -0.00046778416278974046 0.0006820194844872647 1.0
0.05977620442967447 0.2748398068229965 0.7581441223610698 -1.456510689275359e-05 -1.4228983481024409e-05 -6.947720955459257e-06 1.795300234616778e-05 0.0 0.011528110548494792 0.2439443942400359 0.7548644037771403 0.0005621875461093757 -0.00010455541808795628 -0.0004612278761996272 0.0006433110357671884 1.0
0.059753096619713626 0.2748201009201918 0.75815994322743 -2.2264050567149435e-05 -1.749298487941301e-05 1.3489507181203955e-05 3.53057670378518e-05 0.0 0.012468163101436041 0.24448758481597307 0.7542622880316465 0.0008909367155753186 0.0005251266879126144 -0.000556747638450806 0.0012498829416776438 1.0
0.05973253401455946 0.27483180651428446 0.7581357208803551 -2.3555621033371813e-05 1.2063976069028299e-05 -8.27257895068493e-06 3.5723783054873856e-05 0.0 0.013484620080397133 0.24513122673002694 0.7535270265211029 0.0010402582645826363 0.0007426073905952669 -0.0006850553363263667 0.001446980837076954 1.0
0.05969992957383906 0.27483369134106106 0.7581246615747024 -3.2286080974568626e-05 9.095781822939637e-06 -1.6187736713941363e-05 3.395365126219674e-05 0.0 0.014042678895606913 0.24570918508155232 0.7531221435337628 0.0006632911768522139 0.0006472081684843369 -0.00046306869791313426 0.0008847585342056245 1.0
0.059637196822775546 0.27483492377776586 0.7581193400057525 -5.926345358491884e-05 -3.4384431399749746e-07 -1.3069647050399934e-05 6.105406994202498e-05 0.0 0.014456640945815783 0.2461702732876045 0.7531791267719189 0.00037111951726648154 0.0004466965108796903 -2.6353931245353762e-05 0.0005796665059884194 1.0
0.05957091262226623 0.27482734380829016 0.7581132025018062 -7.124598112483234e-05 -1.1239378528636528e-05 -6.951146418080011e-06 6.909798343128711e-05 0.0 0.014631369152152258 0.246317817151649 0.7535046604564872 0.00012505219995229735 0.00010630011163310102 0.00037210963966680967 0.00043347822837288966 1.0
0.05946988666365679 0.274816465083232 0.7581035936945302 -9.966034614920564e-05 -1.1942013707221693e-05 -3.5732750428215305e-06 0.00010109091017568621 0.0 0.014745769796427515 0.24642160498831692 0.7532538003745297 1.769626839599899e-05 -7.457614319617033e-06 2.0644530386133234e-06 0.00030720621593372183 1.0
0.059146463143332675 0.27471260784569046 0.7580065419231911 -0.00029666012608365824 -9.2743014881361e-05 -8.359865881308e-05 0.0003513017290474887 0.0 0.014792904276632053 0.24638416957553483 0.7528532679789722 4.2215621430346324e-05 -6.940119950041399e-05 -0.00046006645718760144 0.00038881989007431253 1.0
0.058640131484593815 0.2744126074641409 0.7580561818554806 -0.0005125520062840257 -0.000285941404544369 1.6069143936702094e-05 0.0005962639649753787 0.0 0.014832318892026875 0.24614258508328876 0.7528694081587987 0.00011001331740743742 -0.0001729303691975237 -0.0002146453106665262 0.0002452862892794996 1.0
0.057413336878476606 0.2726900363883849 0.7576129880824543 -0.0011743706395290494 -0.0015572263488383736 -0.00036676671842392097 0.002146145066915317 0.0 0.014855033480218327 0.2460305070391854 0.7529099430257989 6.0711890518850686e-05 -0.0001294849437318647 -1.286610312717872e-06 0.00011919514206431745 1.0
0.055295042278685876 0.27007137813108884 0.7567567412091567 -0.0021133441420488285 -0.0027164721909395018 -0.0008484856543974876 0.003504421562094745 0.0 0.014911000983917842 0.24598654700414246 0.752893841406642 4.424409659313012e-05 -3.1006118620541864e-05 9.254363992576467e-05 7.067624943801905e-05 1.0
0.05333591434277005 0.26806681852577025 0.7565922309134298 -0.002173754010853618 -0.002381758685232262 -0.00037180172456658945 0.002812835083264237 0.0 0.014948517811678127 0.24594956180073177 0.7527765850324445 4.663147400144909e-05 -9.210753617857953e-07 -1.2053345271764563e-05 0.0001364497139442572 1.0
0.04843351354122582 0.2632049028745732 0.7566454753851521 -0.004534786797482527 -0.004453925485416798 6.479628223458e-05 0.006793726799027267 0.0 0.015069345942773548 0.2459429170102564 0.7524784965547895 0.00010097896130889641 7.977376838066714e-06 -0.0002931481788741104 0.00032254073594505746 1.0
0.043292506024453815 0.25854707820053363 0.7579552236010928 -0.005422278033054412 -0.004868458641023794 0.001278806550405521 0.007230743245196732 0.0 0.015285233064191026 0.2459761679347788 0.7523754479625064 0.0002106232479697238 3.786343452663401e-05 -0.0002478036864163749 0.00024003306036946833 1.0
0.038186380676406936 0.25462363423449175 0.7589830391567864 -0.005368896328723683 -0.004138586535172811 0.0013464555119574826 0.006456692887588932 0.0 0.015395283138963739 0.24594281671110985 0.7523470180130521 0.00014237493213765874 -4.050252408958613e-05 -4.518035779387371e-05 0.00011232369537813165 1.0
0.03534436097101323 0.2527618849262024 0.7596748869701426 -0.003125265192980213 -0.0019985759559506293 0.0008418080195673768 0.003391106294971199 0.0 0.01542335650163548 0.24586008798798806 0.7523473205229881 3.4498655779494286e-05 -0.00010289823901058344 7.39926079551317e-05 8.614408033503129e-05 1.0
0.034300882523786984 0.25151998994539565 0.758720195086939 -0.0007622491281827604 -0.0008365844556859872 -0.0009168877367992833 0.0018845001216747505 0.0 0.015528252171272036 0.24578150775817537 0.7523511602645329 6.219739105925246e-05 -8.914588385443883e-05 4.43795185724289e-05 0.00013953071246951455 1.0
0.034517503992281956 0.25102417300950153 0.7575086801540782 0.0007918204191434726 -9.212117281591839e-05 -0.0016189803959836243 0.0014441279003735126 0.0 0.0156725248571151 0.24582895290723747 0.7523838591573264 0.0001259535137924136 2.258575198169099e-05 2.8326286252466107e-05 0.00015736009891221812 1.0
0.035157191305122154 0.25056398174522637 0.7561134124006433 0.001035565419189204 -0.00029762170266678725 -0.0016470677336983062 0.0015636179719472607 0.0 0.01573361459849278 0.24581415772314816 0.7524256562240025 8.656694950877827e-05 1.4945656267341014e-05 1.5180122502340276e-05 6.877584019386346e-05 1.0
0.03593203716369566 0.24998951771609085 0.755017670379894 0.0005536004800144249 -0.0009211180386344531 -0.0011363369004497139 0.001454625077622064 0.0 0.015771932243856965 0.24578824939420124 0.7524676140543519 5.6552153221630665e-05 -5.576733848618983e-06 2.2568022555173e-05 5.9881248290196716e-05 1.0
0.036584754852812706 0.24890999884293072 0.7538956150871916 0.00035382731398669615 -0.0012567029900013862 -0.0008263306660569289 0.001626622190057856 1.0 0.01578533050263513 0.2457602863122578 0.7524970154185311 1.1878120995897082e-05 -2.9182963513166028e-05 4.2405936302248486e-05 4.737783911027256e-05 1.0
0.036822282385050864 0.2485993672427464 0.7535088253052555 -3.1081309321617442e-06 -0.0005977112352313629 -0.00030168968425206034 0.0006017668222951843 1.0 0.015795533051448273 0.24574357213310158 0.7525032884890128 -1.2848695104132032e-05 -3.598702063910297e-05 9.828275978235857e-06 2.2215895996626845e-05 1.0
0.03685756721569138 0.24846615306011474 0.753352042095771 -2.072624014341426e-05 -4.23394889384459e-05 -5.559316700726115e-05 0.00018265631944178618 1.0 0.015789194632706026 0.2457097657551669 0.7525160475231664 -1.0061701268599421e-05 -3.9379489197590264e-05 5.594355979082191e-06 3.379013217794109e-05 1.0
0.036781684696947356 0.2484480031182162 0.7532413450695968 -7.539431099440634e-05 0.00012730781403904223 -0.00011991762676095378 0.00015661840653951632 1.0 0.015792957852744413 0.24570004346859214 0.7525206980626556 1.427462901386618e-05 -8.492850737589519e-06 3.0278518564034546e-06 1.1827887990768665e-05 1.0
0.03672809283523473 0.24846353464435986 0.753184146926333 -1.3338976154888367e-05 0.0001572409902955705 -7.150743213861575e-05 9.597198418129314e-05 1.0 0.015795960668508552 0.2456872781501749 0.7525302835061165 1.0493951051110867e-05 -2.642840187066817e-07 1.1602627203195171e-05 1.640745209417421e-05 1.0
0.03663201506021976 0.2484736747914179 0.7530958948505895 -2.2996652855795962e-05 9.3012718481484e-06 -0.00015117724757015725 0.00011527950481785487 1.0 0.01581809518187834 0.24565310245050112 0.7525666453927127 1.745024663003263e-05 -3.378342237280286e-05 3.61760866774837e-05 5.398249009515291e-05 1.0
0.036604558426493836 0.24848758781869487 0.7530853245464367 2.64536979505981e-05 -7.230635392011268e-05 -8.576998708476578e-05 1.3301284177534654e-05 1.0 0.01582022189774099 0.24564348371382724 0.7525737535229355 8.005229927938141e-06 -1.6721835651512426e-05 1.7280902171291127e-05 1.4434823374444584e-05 1.0
0.036574277332066245 0.2485246559504243 0.7530889530359894 -1.2771459653146454e-06 -3.639301770508221e-05 -2.5545032827654088e-05 6.434014393255898e-05 1.0 0.015821571593882533 0.24563429678879942 0.7525764310569503 -1.9511754432597825e-07 -9.265022635106395e-06 1.9061086081528854e-06 6.972121508476932e-06 1.0
0.03649629031334474 0.24879080253096783 0.7531514197948579 -8.255675588934462e-05 0.00027653476090578407 0.00010618206197421961 0.00028219343306778825 1.0 0.015836990771912127 0.24560260909961915 0.7526080642078647 9.98640322786475e-06 -2.6412895242797196e-05 2.1953617951753178e-05 4.714557785030195e-05 1.0
0.03650480198784288 0.2490160519827528 0.7532415113778574 -2.2150269228830036e-05 0.0002750450701786431 0.00010998379539373836 0.00025134410967536907 1.0 0.015830709755660685 0.24558796022467944 0.7526126566437988 -4.258580109391657e-06 -1.9416765067662633e-05 9.631724906104127e-06 2.025569785693062e-05 1.0
0.03693704540419757 0.2501576273668664 0.7539820342427466 0.00036830995244512433 0.0010419203663099548 0.0006580604676308666 0.0014068175861834738 1.0 0.015831330707585807 0.245569049927984 0.7526287744862791 -9.168229930365759e-07 -1.717790710158737e-05 1.3775854136255923e-05 2.175079057307974e-05 1.0
0.04271320482362279 0.2583852931093407 0.7587528051830542 0.005086884217898701 0.0073502045534216305 0.0042919091605637385 0.011072110034751583 1.0 0.01586246555671084 0.24554140630560772 0.7526502104631494 2.6807975284927043e-05 -2.7216525281493837e-05 2.217678786344047e-05 4.616365319453912e-05 1.0
0.047798955427143165 0.26805982325947597 0.7645398819266154 0.005991347364111164 0.010559716614625372 0.006282510827670713 0.012644986025299404 0.0 0.015893194852634573 0.24550729051771208 0.7526416430021796 3.628478526696492e-05 -3.470773095187977e-05 -2.2162431730875797e-06 4.954769242823177e-05 1.0
0.04904630605386246 0.27251628139848416 0.7674125355922389 0.0023416224026666555 0.0062408199303207335 0.003914518180856915 0.00524431324751683 0.0 0.01588468140304462 0.24547290160563326 0.7526395119015581 -3.581012045471017e-08 -3.40955990315158e-05 -8.83735696127591e-06 3.4218936088496055e-05 1.0
0.049176551341742335 0.2734422939376422 0.7684333475998453 -0.0003843725902880379 0.0007824746723325862 0.0009325047156123893 0.0010681791771388574 0.0 0.01588878170515284 0.24547372613930507 0.752647540884523 -2.133861370337426e-06 -5.882042610962028e-06 4.670342622858822e-06 7.77882390802378e-06 1.0
0.04932137304518769 0.27373178175519053 0.7689956663036255 -0.0010090531869677872 -0.0014631289175489962 -0.0004096189229735092 0.0009580457065769617 0.0 0.015896844924465726 0.2454664103441903 0.7526417469557155 2.342436644744975e-06 -1.7997959537074438e-06 -8.329548271440084e-07 1.327946614843596e-05 1.0
0.049475672597631304 0.2738362744266987 0.7692902669769976 -0.00040159630319218137 -0.001175163489946479 -0.0004202376715276361 0.0006253444463105527 0.0 0.015888391312988276 0.24544798577193522 0.75263011402537 -8.369742101927151e-06 -1.110636853588284e-05 -1.1314712371850776e-05 2.412148492209981e-05 1.0
0.04959532040333541 0.2737611438689254 0.7694609142839804 0.0005153469637989521 0.0001830063725821744 0.0002725786345362226 0.0 0.0 0.015883950213203015 0.24544123099024942 0.7526274523378998 -3.0796979653465183e-06 -1.0562588884382606e-05 -3.5278991286709483e-06 8.552634055595814e-06 1.0
0.04958489505306853 0.2736126579271083 0.769477780860373 0.0008395443729187601 0.001095804310848021 0.000696632031768135 4.6591136616054964e-05 0.0 0.01588662500831507 0.2454377019262382 0.7526310706898742 4.816355148260516e-06 -7.409996470928991e-06 2.4614955373632953e-06 4.3222082192961246e-06 1.0
0.04931472619688808 0.2730909165708769 0.7692725929981452 -0.00016584701261220577 3.2723062270641895e-05 0.00010077142941919241 0.0007217752605463146 0.0 0.015897381687560257 0.245422923061722 0.7526276744680388 9.967185750075689e-06 -1.4233362958458005e-05 -2.2822366989593384e-06 1.8766729917981386e-05 1.0
0.04881291339013052 0.27227715483730935 0.7689876163873602 -0.0007838578019717145 -0.0010927509739393545 -0.00044508071490014997 0.0010361656270112957 0.0 0.015905621860620524 0.2453794455461788 0.7526166086663834 8.84058169862696e-06 -3.92440897077264e-05 -8.072041896630218e-06 4.680419508073081e-05 1.0
0.047966071226689735 0.2707619217209906 0.768623933854265 -0.0009391378714533804 -0.001712624833456168 -0.00048145191250957694 0.0017463007037936797 0.0 0.015897409521089253 0.2453149273274745 0.7526467322517109 -3.2733605832298086e-06 -6.444370908815228e-05 2.2937251023278004e-05 7.146027658306203e-05 1.0
0.04710244328496725 0.26932160033135993 0.7679813128438874 -0.0009222143691991713 -0.0016056494547365733 -0.0006284426006466521 0.001804658798545897 0.0 0.015927883965772934 0.24525016159152058 0.7526566741487241 2.180730693022193e-05 -7.300231689983846e-05 1.5386110897773533e-05 7.172815753064665e-05 1.0
0.04568907339744307 0.2671684388292811 0.7670054499424368 -0.0013433660419507525 -0.0020974541935130184 -0.0009612344125437672 0.002729189511490886 0.0 0.015893939967223436 0.24517697753864862 0.7526420830640508 -2.3947708704278032e-05 -7.475285820179482e-05 -9.419798747500029e-06 8.146860154969794e-05 1.0
0.04488715520982098 0.2658768942988698 0.7665214608231473 -0.000924626696127375 -0.0014565948693258095 -0.0006142536172915314 0.0016414203874468363 0.0 0.01589165255755159 0.2451209502265926 0.7525954122149516 -1.147857889970505e-05 -5.524975786583534e-05 -4.6144073928119313e-05 7.373947420433169e-05 1.0
0.04391177694422593 0.26409004238277256 0.765965016282335 -0.0008851646017557543 -0.0015924675401329453 -0.00051125517191334 0.0020497008321418275 0.0 0.015898202172735836 0.24503679621307223 0.7525671037206246 4.114293231113093e-06 -7.390722159282536e-05 -4.094777577705421e-05 8.885312147976915e-05 1.0
0.04217066598817485 0.26120342901768406 0.764873235625842 -0.0015663734550666907 -0.0026631787193582986 -0.0009490834607486872 0.0035741004135395596 0.0 0.015852755374503005 0.2448637166261166 0.7525728245657461 -3.44313593150304e-05 -0.00016097242404074555 -2.7114446102627723e-06 0.0001786636329952483 1.0
0.0413414592798814 0.25920834128927667 0.764296316312427 -0.0010488649593164076 -0.0022922899871387617 -0.0006834084193067903 0.00230196436038381 0.0 0.015813345964179697 0.24468894254466567 0.7525888186938509 -4.421756203884461e-05 -0.00019154794881710765 2.4685932468997397e-05 0.00018229654934619508 1.0
0.040613862220625734 0.25725392182189005 0.76340524998595 -0.0007356624674253535 -0.0020312814599883454 -0.0008558906335566596 0.0021622819828079343 0.0 0.015803263600630436 0.2446407646913911 0.7525260568144795 -1.8254180400415362e-05 -7.937846154311769e-05 -3.778426066412069e-05 7.785694997730318e-05 1.0
0.03995823172934417 0.25573980776706234 0.7623663701134624 -0.0005763560366507473 -0.0014833683634734743 -0.001054480126199035 0.0019580056088269095 0.0 0.01580742929653427 0.24458654682184425 0.7525184375454119 6.734765464862302e-06 -3.4601820755498805e-05 -2.524132364079643e-05 5.088983983428639e-05 1.0
0.03953810961112952 0.25521554275501973 0.7615251787050068 -0.0003905986827348458 -0.0005111485467661242 -0.0009014059082756333 0.0011577929050423429 0.0 0.015823996164781088 0.24456190412532802 0.7525370222183826 1.9431815583879106e-05 -4.461609619959748e-06 6.957328633694828e-06 3.993381641731956e-05 1.0
0.03914201428553146 0.2547823788946306 0.7607644067843071 -0.00032576786192566216 -0.0001678418005436617 -0.0007247330523581495 0.0009067176631042603 0.0 0.01582993373365542 0.2445606895282502 0.7525454022479175 1.7248615786544495e-05 8.657961847169452e-06 1.3731415521244736e-05 1.2301699502498869e-05 1.0
0.03804878610523669 0.25387433894150474 0.7593083407789035 -0.0010593673458232922 -0.0008166789975222639 -0.0013403693308813923 0.002013121245366906 0.0 0.01583480309948967 0.24455067459732524 0.752517889010965 2.955571841522022e-06 -1.431772686010364e-05 -1.3523947138691484e-05 2.548572007929875e-05 1.0
0.037465298563199176 0.2536648907149576 0.7588437147535051 -0.0008303777079366366 -0.000494841706268448 -0.0006944625120049524 0.0008655252005860203 0.0 0.01583338494944227 0.24454841567627597 0.752513189299026 -9.667336416704794e-06 -1.8990658883073745e-05 -9.789592085804282e-06 6.3402414792194706e-06 1.0
0.036829380110278254 0.2532506050746316 0.758409087709794 -0.00060542094739057 -0.00041147638830767554 -0.00034790030520182535 0.0007682370849380758 0.0 0.015852009723331718 0.2445052165197965 0.752564590068669 1.2479793975184027e-05 -4.091764811938153e-05 3.646959214277279e-05 6.939962837832937e-05 1.0
0.03638523710076301 0.2528179925884719 0.7580492579610407 -0.0004340270177659684 -0.0004741501282571848 -0.00029199221074558475 0.0007433142142467433 0.0 0.015847077739412144 0.2445291094441149 0.7525536401106058 2.2401349197500266e-06 1.3749528890125861e-05 9.85909412897514e-07 2.8809928466711393e-05 1.0
0.035956345041682485 0.25245400904842824 0.7576164565403088 -0.00034638312844956275 -0.00034508623436452007 -0.0003648191843300221 0.0007563763787363478 0.0 0.0158429053748794 0.24453860779496134 0.752534658545916 -3.2360153201986382e-06 1.4003655466201858e-05 -1.2037992939673016e-05 1.907714789322638e-05 1.0
0.035777500889635584 0.25230703825417944 0.7573842884000962 -0.00015535718542780685 -0.00012144447002903204 -0.000275550110846173 0.00031176079944204285 0.0 0.01585038451253375 0.24450251843422882 0.7525559126184915 4.736425767047575e-06 -2.1596371534627826e-05 1.0015686353413052e-05 4.272903460448845e-05 1.0
0.035722465112978295 0.25212041062214036 0.7572202240691819 -6.816812307263001e-05 -0.00017566079504213977 -0.00023431652912530275 0.00021203090615597772 0.0 0.015842239664427632 0.24451803089893007 0.752533998560971 -6.186901653150688e-06 4.785865307961683e-06 -1.8626096241519847e-05 3.022347592735853e-05 1.0
0.0356258344439337 0.2518019732505904 0.7569883298082583 -0.00011004027288857995 -0.00029944699241457205 -0.0002570558098751552 0.0004446528417633808 0.0 0.01584334853413294 0.24451270379750914 0.7525475838464014 -6.894658937907355e-07 -3.686677302530978e-06 5.137496028562895e-06 1.3955600404949185e-05 1.0
0.03545382698353616 0.2506224558667417 0.7557543345203745 -0.00013447185510142635 -0.001034303622607933 -0.0010239883046470738 0.001702536693356712 0.0 0.01584108264775553 0.24454683858954385 0.7525259494511566 -9.484165179792164e-07 2.8033339607866183e-05 -9.421425829457633e-06 3.7955380960677404e-05 1.0
0.035281767013961594 0.24981570856956875 0.7547079109512452 -0.0002175161331696678 -0.0010374738480576978 -0.0012331219176154417 0.0013701014343510051 0.0 0.015834658096253507 0.24455193892841517 0.7525125791343517 -4.665193203787516e-06 1.4141156001117014e-05 -1.3547717705639457e-05 1.9126303647690602e-05 1.0
0.035199475797887285 0.2496671080499529 0.753826298893133 -0.00012471089851998106 -0.0003114424777867318 -0.0010182650933331615 0.0008416885356851188 0.0 0.01583660553393255 0.2445535587531057 0.7525144697449232 -1.5458027771346637e-06 7.131942772087008e-06 -7.428814732055649e-06 1.5061388982600494e-06 1.0
0.035146041210665065 0.24955140105107249 0.7535882920489445 -5.374845556627627e-05 3.6145281001805064e-05 -0.0002901901887704402 0.00026879714823421514 0.0 0.015837791501101067 0.24455549630466286 0.752530532020066 2.488620696284742e-06 -5.472786313074688e-06 1.69408692964405e-05 1.5219173893267205e-05 1.0
0.03518995363567676 0.24927982773891183 0.752952188850849 7.217133210427187e-05 -5.9097020932927545e-05 -0.0003580499875005848 0.0007170607627843087 0.0 0.01585140468098249 0.24456534238566063 0.7525592567032572 1.3210110695123358e-05 2.913210707947482e-06 3.40434847094557e-05 3.514033375770723e-05 1.0
0.035339364586806844 0.24913045877490483 0.7523966745605102 0.00016778747210712363 -0.00014178579032682738 -0.00046564571182628893 0.0006327494951351455 1.0 0.015850513019687835 0.24456929899864538 0.7525416298750488 2.3112708371708925e-06 8.857522765339724e-06 -8.524009888991791e-06 1.8379174616519413e-05 1.0
0.03573011853392707 0.2487392918498399 0.7513755049126712 0.00037300756241653973 -0.00045292655509294674 -0.0010188857497009283 0.0011071021098415061 1.0 0.01584926713197148 0.24459343872529987 0.7525242001098951 -1.4352936734441594e-06 2.249510099303097e-05 -2.175038249509272e-05 2.7367503641320306e-05 1.0
0.036263397417017035 0.24844510116797108 0.7505616621192079 0.0005439275869509936 -0.00045475714185984697 -0.0010454863642221151 0.0010329254663864664 1.0 0.01569419362188335 0.24452173761876184 0.7524750493641214 -0.0001360168418689492 -5.263651630474472e-05 -5.550489421862461e-05 0.00017792943916329027 1.0
0.03567738157729754 0.24859052407493443 0.7504351622189434 -0.000390706525706596 9.854917555401411e-05 -0.00026154513312732965 0.0006103185879948899 1.0 0.015455807451122265 0.24452645271870144 0.7523643026653034 -0.0002498400546572319 -1.9963669313666622e-05 -0.00010850735196216994 0.00026736361340168736 1.0
0.03562785018698666 0.24858073505046893 0.7504075060371255 -0.00027879092949206297 0.0001353459635174396 0.00011471304118801785 5.929699911344554e-05 1.0 0.015377576876394431 0.24445043077635117 0.7524268109241493 -0.00013051767585310338 -6.58481786588068e-05 2.9450604703199414e-05 0.0001246039855374129 1.0
0.03556197121094234 0.24860924892992858 0.7504083141657827 -0.0001538467789834205 6.920699911214632e-05 0.00017860971783954837 6.622825072603292e-05 1.0 0.01532226697780795 0.2444317982574835 0.7524176922132072 -4.482998896522449e-05 -3.0259824881474205e-05 2.31148731674842e-05 5.0777878430963005e-05 1.0
0.03552814032254712 0.2486665628197429 0.7504313290639544 -4.725907209080204e-06 4.0754538829277946e-05 3.0403012695167834e-05 9.944576015590229e-05 1.0 0.015303792031410683 0.24442387138847543 0.7524152596632844 1.4011914784920621e-05 -3.6147783712494013e-06 1.1722796405352141e-05 2.559832828189947e-05 0.0
0.03549549776973239 0.24872807198494873 0.7504247581044756 6.355886403936308e-05 3.193362022063149e-05 -6.672834847231389e-05 5.274347562855776e-05 1.0 0.015285510960741483 0.24439566459449522 0.7524225247343044 1.0214950237305631e-05 -1.5723123474072213e-05 3.3611385325346365e-06 3.962070496702354e-05 0.0
0.03548629314622334 0.2487416351842557 0.750421538939111 6.014134857383277e-05 -1.950346114665727e-05 -0.00011167613255870718 7.298344775454805e-06 1.0 0.015284035185790626 0.2443822721183998 0.7524238910763723 -4.8169752984937226e-06 -1.4269662464013728e-05 -5.434140647361082e-06 1.072533847597041e-05 0.0
0.03529676838022633 0.24870233983422738 0.7506205810168802 -0.00018646809394046637 -2.5047664837600113e-05 0.00016347046412329468 0.0002759830401394205 1.0 0.01581678776395233 0.24422873142797288 0.7529939840475943 0.00043292668482551166 -0.00013951096434810183 0.00047914866451140406 0.0007837111762663756 0.0
0.0351547207159258 0.2486860536137946 0.7508081179992554 -0.00025740885918163647 -6.275293878066959e-06 0.0002611679630094905 0.0002553883173239894 1.0 0.01683967411197573 0.24408526568944633 0.7538630030407623 0.0010182180938659551 -0.0001628855131232701 0.000906256007344041 0.00137259413728211 0.0
0.035357932946402326 0.24867679571161422 0.7507262753922334 0.0001743214235022185 -2.776613681534664e-05 -1.3486734845013208e-05 0.00020653925749708924 1.0 0.017292325132892413 0.2441147258427132 0.7541778427793094 0.0006750835122272325 -1.597491717735912e-05 0.0005159018704417107 0.0005546621315162762 0.0
0.035800351255727746 0.24872628953441522 0.7506826942131314 0.0004594522595435336 5.136309949422138e-05 -8.430729436997637e-05 0.0004417484275813549 1.0 0.017368979156102977 0.2442754379584314 0.7541842984895368 0.00010829933497334248 0.00017227317846464293 2.4528225272519395e-06 0.0001297068548412755 0.0
0.035962912297205205 0.24881433671245348 0.7509825771672919 0.0002943296655954833 0.00010291346520639277 0.00020724783255908564 0.00036719291802207727 1.0 0.017409995258366968 0.24440068230177794 0.754159217008808 -0.0001237263527844493 0.00018213738911474622 -0.0001821961511749855 0.00015752763715884898 0.0
0.03574674053221781 0.2489349791881588 0.7518229193886905 -0.00016127077232371207 0.00013210097244326004 0.0007976548186921153 0.0008639181729424228 1.0 0.01793428286302491 0.24441561172372386 0.7546255877009601 0.00031205120898490125 5.166446442078799e-05 0.0002769004778298567 0.0007365088737369316 0.0
0.035216503309956446 0.24906741747704633 0.753213269334311 -0.0006055289134076448 0.00013446589295871251 0.0014543605989554708 0.0014988398920598026 1.0 0.01877102968809294 0.24420769415175972 0.7555979066254074 0.0008596563162653573 -0.00021047639425754374 0.000983489330901636 0.0012882089517596465 0.0
0.03494674294146527 0.24920514308433747 0.7547907998089075 -0.0004632785290360474 0.00013264705309779114 0.0017297778401614123 0.0016185580794920067 1.0 0.019865072196929512 0.24402572651323015 0.7568236486392534 0.0012792657731492013 -0.000268186317115991 0.001436630983580589 0.0016302175563784815 0.0
0.034304269766352806 0.24937490433443046 0.756334641934651 -0.0005874346874732434 0.000160118452957234 0.00160894890201895 0.0016588992167854114 1.0 0.020858815098829746 0.24385565455307542 0.7579465758635492 0.0011600230099689441 -0.00020483825606677317 0.001292267239190249 0.001513360154500249 0.0
0.033761357609729634 0.2495989605231105 0.7572622181003344 -0.0004962574844302478 0.00021498473723052103 0.0009328592338289293 0.0011015644925200473 1.0 0.021611553809450165 0.24369471904739712 0.7587934330089317 0.0007266080021453203 -0.00013324558790208716 0.0008241959891452808 0.0011405304258596167 0.0
0.03393009791372186 0.24975537428466843 0.7575632405903274 0.00011972667090352291 0.0001772697166643818 0.00019849653819122636 0.000385873285296226 1.0 0.022034282445382365 0.2435937230709979 0.7592992903164858 0.0003245929744801694 -6.681220023167777e-05 0.0003904177570121221 0.0006772515469685154 0.0
0.034685012971755705 0.25227807418637516 0.76004395339682 0.0007736367699224061 0.0021859329252014027 0.001960980361799974 0.00357757569100624 1.0 0.022492570167213736 0.243497584745908 0.760142311865257 0.00031818115991006854 -7.073531696492668e-05 0.0006374286956559415 0.0009603103199234452 0.0
0.034692388840465736 0.2563642473687202 0.7620208297621957 0.0002688393446916585 0.0041902957634290805 0.002299123921170452 0.004658431928377579 1.0 0.022420030451990095 0.2434917161373955 0.7601315833650146 -1.570368461800912e-05 -1.967126027594863e-05 0.00013229719964168973 0.00010166727623729229 0.0
0.041501217684994304 0.2627842580748516 0.7630887906525405 0.005812340337205392 0.0065908252760211545 0.0014855351589669612 0.009302859909151901 1.0 0.022319849550820916 0.24356875749505583 0.7600932478107302 -0.00011650661270145755 6.073994589173545e-05 -4.663709652847768e-05 8.592316548973217e-05 0.0
0.048068098037335555 0.27093472149921083 0.7670423858938239 0.007420741763970204 0.008426566147877589 0.0034824800283183915 0.01124270549185472 1.0 0.02224863613445568 0.2435929057787259 0.7600448419395336 -7.244526331599019e-05 4.972958834763234e-05 -7.93160655598881e-05 0.00010622345585204157 0.0
0.05135796874177929 0.2755662726526722 0.7685415752245275 0.004398146424575216 0.005449524095653094 0.0020068236308216983 0.005905770063332883 1.0 0.022197081507434817 0.24359468402400833 0.7600290647904209 -3.147792654698239e-05 2.369717651012378e-06 -2.929416197015671e-05 7.0618057997029e-05 0.0
0.054630218658711795 0.27828007413089156 0.768275198039201 0.0027965199031415675 0.0023443977255900887 -0.00020361084427205148 0.004053366159806619 1.0 0.022154540401093638 0.24361244265255183 0.7600449064731062 -6.207374269613175e-06 -2.6833254957858298e-06 4.5650533358651676e-05 3.7721492051931644e-05 0.0
0.060402216004484144 0.2830768787726215 0.7692727032079084 0.004512834695147391 0.0034215211330113895 0.0003337076544765597 0.007677142534016312 1.0 0.022090263957740164 0.24363598734516667 0.7600595510890708 -3.0468590039246378e-05 1.0720267532991317e-05 7.584681864896239e-05 5.468585572871603e-05 0.0
0.06190086727116514 0.28355954740783207 0.7692588961698217 0.001907005628053077 0.0009368996432892409 7.343664305141677e-05 0.0019394599141954036 1.0 0.022077143924582533 0.24364600026746994 0.76006559362651 -1.457980956302504e-05 1.1384600014765735e-05 4.6811145752033174e-05 3.964850637657672e-05 0.0
0.06317251182363398 0.284001156563956 0.7684356054694474 0.0012007820675945643 0.00033938267120253544 -0.0007642806695732393 0.001097433000519248 1.0 0.02207584703461079 0.24363929057640354 0.7600695125436832 -4.0043815696817135e-05 6.830214316831264e-06 -5.928039749229525e-05 0.0 0.0
0.06351352981377927 0.2844137091261928 0.7675643516494175 0.0007054050423276768 0.000529711097514627 -0.0008113076070505622 0.0010807303923757753 1.0 0.0220864761903376 0.24361975310875866 0.7600826097854599 1.196177906553435e-05 -1.475099517494564e-05 2.765330495969135e-06 2.7520150936391634e-05 0.0
0.06381243280545032 0.2839330327396764 0.7662169513818095 -6.391531170073152e-05 -0.00022057033476730135 -0.0011105339396426238 0.0016949940258002526 1.0 0.02207924746053019 0.2436211686236094 0.7600894015464013 1.4224086447740125e-06 -1.088126790692007e-05 4.916740807874718e-06 1.2550011675516138e-05 0.0
0.06432703181155132 0.2833205158418241 0.7652436899718967 0.00029504413919141225 -0.0007503205128467525 -0.001277988257315565 0.00118069375186451 0.0 0.02207700154498184 0.24362484963921766 0.7600840375803354 -5.406005474050401e-06 3.7298249979371947e-06 -5.456037259611192e-07 4.8028466427679095e-06 0.0
0.06515851053400835 0.2827722414553219 0.7640966856483857 0.0011946921607363672 -0.00044498550996069364 -0.0010993184418679335 0.0013666430285310732 0.0 0.022082378677065837 0.24361986652461443 0.7600853518483065 -2.0293718786506596e-06 2.9241247442473722e-06 1.1094089184520906e-06 6.412667596289501e-06 0.0
0.06451877441591676 0.2808969141481774 0.7661066431152642 -3.557497122678305e-05 -0.001497324754420058 0.001761829286666719 0.0029557622657763105 0.0 0.0220853508593049 0.2436182543564982 0.7601001504072078 7.816697799609972e-07 1.9270727423264416e-07 1.172357659676968e-05 1.6981526992693555e-05 0.0
0.06338417829566129 0.2797109607986805 0.7679794117886538 -0.0014456885741278083 -0.0016840986913417653 0.002301864406025456 0.0024933652453503173 0.0 0.02208165423970164 0.24361920118838737 0.7601253095474785 1.8673075306538365e-06 -1.5150766346765386e-06 2.556241520977644e-05 2.525883262134243e-05 0.0
0.06275562339336464 0.279370500511466 0.7687566182102339 -0.0009708563644084027 -0.0004328141976338331 0.0012479176912139364 0.0010270398537801735 0.0 0.022083284176287885 0.2436251573443499 0.7601442973811372 1.5280899952782817e-06 2.8546403524762167e-06 2.4395562214458778e-05 1.944756810311281e-05 0.0
0.06251128415534235 0.27923195178618704 0.7691287546259197 -0.00040088686215611563 4.9136560458830575e-05 0.00024106251819524312 0.0004108842347173066 0.0 0.022086728841355943 0.2436403022504362 0.7601513687147232 3.0105985448382457e-06 1.432709075196231e-05 1.0350231310017982e-05 1.6953310194599877e-05 0.0
0.062480442146051786 0.2790960819995526 0.7693283688765207 0.00015442130209414312 4.7763597478261944e-05 -0.00027471454409506123 0.00031369267111666893 0.0 0.022085396656654654 0.2436456632668799 0.7601505798763719 -1.5417819062889429e-06 1.0591045492599568e-05 -4.266511450139206e-06 5.77980235935814e-06 0.0
0.06252148639884712 0.27897891368476296 0.7694254744741396 0.0002984261464660426 -4.6960154641415366e-05 -0.00020821027404585232 0.0001832902310993053 0.0 0.022085490247830165 0.24364144924446984 0.7601442078461325 5.366255199766163e-07 -3.4211516269837136e-06 -1.1233120091417026e-05 7.675360054258633e-06 0.0
0.06256212617418486 0.27894289838762326 0.7694323380217298 0.00011299107848194241 -0.00016610849973377318 5.211202031492573e-05 4.457864116051962e-06 0.0 0.02208350460278059 0.2436463798336856 0.7601424808332405 -1.3836807431011481e-06 -2.3725479537500643e-07 -4.171024185205121e-06 5.8668641318175224e-06 0.0
0.06258595681454028 0.27891848020687854 0.7694010953410009 -0.00014509517248697992 -0.00020832914781945139 0.0003099856657945944 3.714676827309125e-05 0.0 0.022071473158058914 0.2436447830161322 0.760137877473342 -1.1483931694749103e-05 -1.6194160492033914e-06 -1.723354710576324e-06 1.2636164024564878e-05 0.0
0.06259943672852945 0.2788842266284086 0.7693521915761519 -8.192158823584284e-05 2.1815431302239265e-07 -8.858980838225353e-06 8.198469070760852e-05 0.0 0.022071979057606172 0.2436523118442687 0.760135381951907 -3.195756284797867e-06 6.608146689186282e-06 -4.4541274667449855e-08 8.166034407758214e-06 0.0
0.06264347720421494 0.27883823698719007 0.7693417266127637 4.2173342265434044e-05 1.1484004101702024e-05 -7.138679704609221e-05 6.470676654079946e-05 0.0 0.022084392193272802 0.24364945972077728 0.7601392557431652 1.1947506857602831e-05 1.136465963903535e-06 3.828648075604759e-06 1.2861768230343795e-05 0.0
0.06267110368426117 0.27880067495589705 0.7693090815991133 5.152659566074174e-05 -3.643379493633653e-05 -3.55892624827025e-05 5.409686180124517e-05 0.0 0.022086739524389876 0.2436478546603268 0.760141617966147 7.210278519789677e-06 -1.3556207689211315e-06 3.0542900265349044e-06 4.219956012346091e-06 0.0
