0.06243462489074322 0.2782316047188384 0.7601507094733269 0.0 0.0 0.0 0.0 0.0 -0.016363704533740153 0.2789986410207607 0.7625314973237753 0.0 0.0 0.0 0.0 0.0
0.062420379591827606 0.2782316743109908 0.7600818475031355 -1.4245298915617488e-05 6.959215237412053e-08 -6.886197019140283e-05 7.032001367252865e-05 0.0 -0.01635816111708497 0.27897293785326854 0.7625067461993043 5.543416655182792e-06 -2.5703167492174828e-05 -2.4751124471089625e-05 3.709813499192007e-05 0.0
0.06239774278987577 0.2781608521682077 0.7599950721312967 -2.263680195183776e-05 -7.082214278308907e-05 -8.677537183876538e-05 0.00011427233203514742 0.0 -0.016320430502207668 0.27896479651952993 0.7624927525228866 3.773061487730156e-05 -8.141333738609369e-06 -1.3993676417634049e-05 4.3668524599742054e-05 0.0
0.06241900269628565 0.27804420364920707 0.7598418524187265 2.1259906409880347e-05 -0.00011664851900061723 -0.00015321971257020728 0.00019373987954391622 0.0 -0.016243297331136768 0.2789626232425785 0.7625030973063212 7.713317107090056e-05 -2.1732769514559713e-06 1.0344783434534932e-05 7.543544460399083e-05 0.0
0.062425997648956434 0.2780393220614892 0.759795553397922 9.236156799604228e-06 -5.403034331837315e-06 -5.089009907886128e-05 4.7078217775995166e-05 0.0 -0.016235243236526302 0.2789659253189094 0.7625114560607147 9.429359853752623e-06 2.3597927355845847e-06 8.615582107334762e-06 1.3747298142565561e-05 0.0
0.0624239286920804 0.27801487744534537 0.759753646150682 -4.551993730199786e-06 -1.842388448679692e-05 -3.479596263607099e-05 4.8559625330243676e-05 0.0 -0.016228389769277905 0.2789623847781007 0.7625165819065566 2.681223357283956e-06 -3.213021660430124e-06 4.197515697971106e-06 6.592162164893314e-06 0.0
0.06242288424343626 0.2780129769269658 0.7597199106417796 -5.950537763493385e-06 3.473797779691584e-06 -2.8930741529044913e-05 3.611467556032237e-05 0.0 -0.016209876808283098 0.27895698377701167 0.7625125415762652 1.1809248465647267e-05 -8.438870718264059e-06 -7.247105720026365e-06 2.1655217622588978e-05 0.0
0.062409549308444244 0.27800472523119935 0.7597024849566824 -1.4021874775883217e-05 -1.4756946212363056e-05 -2.2839475651786963e-05 2.1388455491876143e-05 0.0 -0.01617945275587652 0.27895590266919545 0.7625059164686039 3.5523340039266755e-05 -1.6130864894065414e-06 -8.113521794269361e-06 3.234824390490773e-05 0.0
0.062396133486930766 0.27799852977274925 0.7596348516942623 -1.863452534947675e-05 -9.925364998171502e-06 -6.560400053278741e-05 6.578550328676419e-05 0.0 -0.016143799651422278 0.27895748835521755 0.762503057271277 4.077601230091074e-05 -1.4411506254317918e-06 -8.759105792688439e-06 3.4807778971639804e-05 0.0
0.06239149877994481 0.27797831304085924 0.7596005831609447 -6.293609116285638e-06 -3.164481140613984e-05 -5.482465516670137e-05 3.961599553164236e-05 0.0 -0.016129105596614787 0.2789554024322202 0.7625095406797291 2.8108112246146256e-05 6.397993611061314e-07 6.3707119893983655e-06 1.4645251846017537e-05 0.0
0.06239828654204651 0.2779802582017785 0.7595499095452846 1.0383185556307704e-05 -7.562623611455301e-06 -5.6641456585864916e-05 5.214337057603292e-05 0.0 -0.016101867900535458 0.27890770764674006 0.7625411915120562 2.566676803961496e-05 -4.0283150979614336e-05 3.273760486087377e-05 6.389179620549113e-05 0.0
0.062400708153556625 0.27801216614745855 0.7594909003805398 5.825824502608199e-06 3.573347593669243e-05 -5.081601026871605e-05 6.625538724846787e-05 0.0 -0.015962713380032797 0.2785589397192345 0.7624286247032694 0.0001155462241979483 -0.0003128540305505305 -8.652043034247532e-05 0.0003909924313478822 0.0
0.06239730547106965 0.2780456902160136 0.7594239415443599 -1.3384994819918554e-06 3.8998463949004284e-05 -6.569229897719883e-05 7.670143171637537e-05 0.0 -0.015743483721641454 0.2773637187795022 0.7617374667604022 0.00022349210415226474 -0.0011247250428703867 -0.0006269241690528496 0.0013980873201504922 0.0
0.06237270117562297 0.2779990922479372 0.7593368291688617 -2.355329897906152e-05 -2.8661272752505473e-05 -8.445272358010807e-05 0.00010106331099906928 0.0 -0.015799611060508298 0.27496921456833695 0.7602890319517985 9.835561419429409e-06 -0.0023811865733271084 -0.0014424607333588992 0.0028077401186142117 0.0
0.06236303502937438 0.2779714421299301 0.759299147728986 -1.818769138620931e-05 -4.267400682184546e-05 -4.83666841511864e-05 4.763787194624288e-05 0.0 -0.015706237593971675 0.27119500738608826 0.7575928172758862 4.455305927005774e-05 -0.003846535097895385 -0.0027003409507180146 0.004634433012597426 0.0
0.06234848308024017 0.2779525126332945 0.7592528970813279 -1.5054355325996825e-05 -3.164657139601601e-05 -4.21293603011881e-05 5.074770740294997e-05 0.0 -0.016348819067275543 0.26616603501619174 0.7538195059297959 -0.0005614752643236538 -0.005160265814531196 -0.003878244845352527 0.006318662724313225 0.0
0.062328490578543116 0.2779167195116854 0.7592093373509767 -1.6671455032800146e-05 -3.396450873990085e-05 -3.5155137957670574e-05 6.110787550578028e-05 0.0 -0.0170528652542576 0.26416934390684416 0.7518377816018498 -0.0008003698046693085 -0.0026656551794500267 -0.002472526552702543 0.0029399716517561365 0.0
0.06230575503270097 0.27785485273010396 0.7591483542725804 -2.040057771749546e-05 -5.110605799402351e-05 -5.769824919421569e-05 9.071113307175928e-05 0.0 -0.01747452287997233 0.26365256800156445 0.7510653156015084 -0.000541980653275519 -0.0002635498426883646 -0.0006959948565837583 0.0008895814299100504 1.0
0.06227933783211838 0.27777239633762957 0.7590804446034495 -2.6624409357427663e-05 -7.761244436615183e-05 -7.223855128811384e-05 0.00010948002353871347 0.0 -0.017640899304976053 0.26346436790838573 0.750709903358337 -0.00015144738618133092 0.000563880147375022 0.0001517037815508941 0.0005005491961456731 1.0
0.06227703485670454 0.27773460097812325 0.7590568052239202 -7.677706831028669e-06 -5.177489768746636e-05 -3.706449278727644e-05 4.399813361751875e-05 0.0 -0.01765804159637404 0.2634620956857294 0.750659800368532 9.384045453225421e-05 0.0003890447394178696 0.00029036721978146894 0.00016825033508849742 1.0
0.062278621520264796 0.27768930259335395 0.7589850151323237 3.2892101154065395e-06 -4.5533673552656296e-05 -6.0949951818883396e-05 8.297285038959727e-05 0.0 -0.01779175303842104 0.2634232744369786 0.7507081209668667 -1.3667023021181942e-05 -0.00019998628195492076 2.2234467775839593e-05 8.08106992524029e-05 1.0
0.06228210546698021 0.2776632483400741 0.758940216040665 8.53817803999641e-06 -1.9268171515097954e-05 -4.513811043718788e-05 5.5610979225416334e-05 0.0 -0.017781995267578447 0.2634427885984162 0.7507587870151928 -1.1005679025172062e-05 -0.0004664471663722962 -0.0002488911793329246 0.0 0.0
0.06228940582148254 0.27763923901182164 0.7589117727592565 7.793992332410557e-06 -1.7457510073933902e-05 -3.119521890291838e-05 3.714683151533362e-05 0.0 -0.017757889870103634 0.2634735791457443 0.750777661549113 -7.206000983018323e-05 -0.0002507429748190163 -0.00020646962681847162 9.44485135232773e-05 0.0
0.0622916040728485 0.2775971087002041 0.758862125267861 1.474944225941853e-06 -4.00632633160332e-05 -4.409295844634034e-05 6.305932286710671e-05 0.0 -0.017759947584791866 0.26362282152585403 0.750854545847429 -2.2911236587792676e-05 0.00029383924012940047 0.00011326319933868722 0.00016918996240599185 0.0
0.0623033181304417 0.2775906254237716 0.7588231983787926 7.406903358775194e-06 -1.8852581863118907e-05 -4.226820919751577e-05 4.319930910253632e-05 0.0 -0.017713035471074563 0.26372142661469733 0.7509995431763109 5.24450857695858e-05 0.0002116251432259309 0.00018430253154107928 0.00018465491915720155 0.0
0.06230972154614613 0.27757443042329805 0.7587866662947327 6.85166750717927e-06 -1.495143922580714e-05 -3.6938229241383876e-05 4.01535305714937e-05 0.0 -0.01763071044676819 0.26381279867455687 0.7511878157013755 9.51681880910188e-05 0.0001189658747965206 0.00021606032867833218 0.00022394472275324463 0.0
0.06231913895534144 0.2775527426140419 0.7587467263472492 1.0539949580567442e-05 -1.666530060979181e-05 -3.814392694251383e-05 4.480948087916552e-05 0.0 -0.017419522229484643 0.26393885440244336 0.7513667187349661 0.00020129115180501922 0.00012117751275208228 0.00021787412206674957 0.00029715941141416523 0.0
0.06231714993613159 0.27753635256395726 0.7587203027783455 -2.2073989987043272e-07 -1.8356609914347375e-05 -3.1763085214039534e-05 3.327127711229597e-05 0.0 -0.01731797527634408 0.2640436635190626 0.751466481919269 0.00013095001808092544 9.687472269414553e-05 0.00011942725279445898 0.00018446239781023423 0.0
0.06231268618093085 0.2775141274303762 0.7586876773870054 -5.6671342454639445e-06 -2.1569824278255856e-05 -2.755373364920997e-05 3.87361270251306e-05 0.0 -0.017270580395787556 0.2641838446996162 0.7515762715725708 6.309372955968878e-05 0.00013422444495048993 8.506583669562053e-05 0.00017820413127036424 0.0
0.06232244805605665 0.2774958494072061 0.7586614896632529 5.9567055226914385e-06 -2.104933575981077e-05 -2.6158431850068664e-05 3.3217189959438794e-05 0.0 -0.017223926593900173 0.2647394578341376 0.7521008818765226 1.9418476262259505e-05 0.0005041537199257303 0.0004448139287947801 0.0007617748478144901 0.0
0.06232229154321194 0.27748735069454 0.7586579394144698 2.7097369701123807e-06 -1.0289873540720217e-05 -8.108346955617358e-06 9.974296448825113e-06 0.0 -0.01720972671900503 0.26518361041132654 0.7525146690656794 -5.158120459687439e-06 0.0005293415094592894 0.0004896673338239527 0.0006317421579693435 0.0
0.062324376518790345 0.27748753385055036 0.7586480724380404 3.579142185633097e-06 3.4531148725082432e-06 -5.1772428682814905e-06 8.927851615194072e-06 0.0 -0.017194471354064905 0.26562154685839307 0.7528516539641259 1.1784190659227329e-05 0.00046867988086404463 0.00039488041718637433 0.0005273847264227655 0.0
0.06232482883976814 0.2774855578947768 0.7586414195888516 6.539304680816563e-07 1.601261649482881e-07 -5.7179176291823495e-06 7.7471616591656e-06 0.0 -0.017240647905003955 0.26636864453198705 0.753421069321858 -2.5181159315607075e-05 0.0006868425864626242 0.0005216899073267633 0.0009307508595880953 0.0
0.06232313384465661 0.27748131983639307 0.7586419305761446 -2.0904551545613494e-06 -3.4414055271215755e-06 -1.2121509902092691e-06 5.062015830549802e-06 0.0 -0.017244130248257536 0.2671267280109575 0.7539787391977885 -2.8699985374538696e-06 0.0007611810391823762 0.0005444048761206118 0.0009741025335016949 0.0
0.06231915300436993 0.2774767390749025 0.7586422719773305 -5.332233135724754e-06 -5.928229419773955e-06 1.4319545471260415e-07 5.162953682818435e-06 0.0 -0.017332924475062503 0.268633084990926 0.7551822545248653 -8.232634234737557e-05 0.00141007481903014 0.0011053628948894374 0.001910506611797651 0.0
0.06231263348209844 0.27746739431780093 0.7586421810621523 -6.364822918694351e-06 -1.1124458553829401e-05 -1.1726615334294981e-06 1.1489295173163999e-05 0.0 -0.01721427234869243 0.2704796404917507 0.7569091142964826 8.145998173534492e-05 0.0019145973398870522 0.001756335141241012 0.002538234100645179 0.0
0.06231058979563472 0.27746168579226044 0.7586349370211897 -2.2620207601264976e-06 -7.350646422826358e-06 -5.80559752429565e-06 1.0019050487580513e-05 0.0 -0.016987568068802247 0.271603314586015 0.7580488588003149 0.0002361833748534985 0.001367667825206429 0.0013913656708877012 0.00163056936354214 0.0
0.062308892823620524 0.277448403449299 0.7586168514238487 -1.8010826486329464e-06 -1.1268838185538712e-05 -1.689541945331715e-05 2.1867662472675342e-05 0.0 -0.016796359318665525 0.2723549191784869 0.7588666362161062 0.00023605147941634954 0.000706308476564676 0.0008165949360726934 0.0010756938788512604 0.0
0.062311595545770974 0.2774468755225008 0.7586118493312446 3.2500942577668556e-06 -2.9479777827751813e-06 -1.036742431284067e-05 6.549788292449851e-06 0.0 -0.01681818431958859 0.2726732634145144 0.7592136815558458 2.094813412256321e-05 0.00016678956119567045 0.00023149362661202463 0.0004968395893833297 0.0
0.06231353038528804 0.27744557358143607 0.7586086664309166 3.0524771624370474e-06 -2.5526605919048874e-07 -2.6944773547181654e-06 3.2141581109853216e-06 0.0 -0.016926691881364937 0.2729415103630953 0.7596250993300412 -0.00014655595435599287 9.175985359246501e-05 0.00020698324320572988 0.0005327126624104234 0.0
0.06231851317412763 0.2774500385067865 0.7585986051216899 4.671626523790241e-06 5.052183185796279e-06 -6.047633528695965e-06 1.2251377081959612e-05 0.0 -0.017039589985143187 0.2731352485512604 0.7599153356344717 -0.00017515879569282924 0.0001726817179854359 0.000257860984550797 0.00035817810988526735 0.0
0.06232178701693667 0.277452714538126 0.7586004098314061 3.2790625745508184e-06 4.153766908856857e-06 1.0027467930731698e-06 5.370276036644802e-06 0.0 -0.017146521756236568 0.27326445787419584 0.7601143794746351 -0.00013362698450538973 0.0002707384964641214 0.0003256290730161471 0.00023789225614855687 0.0
0.0623209412662673 0.2774509270416653 0.7586022536921213 -7.916075490556445e-07 -1.4638835262191251e-06 2.5204730428980545e-06 2.0656455716671905e-06 0.0 -0.01727955494593793 0.2734187393970044 0.7602930970342117 -9.28604840437744e-05 0.00023714737877073922 0.00026900558632100293 0.00027472577655015596 0.0
0.062318879401579 0.27744637481817025 0.7586028688003259 -2.6967963284579174e-06 -5.764810541254255e-06 4.816564795504202e-07 4.595858987953356e-06 0.0 -0.017672478457726862 0.2736826795478778 0.760628363714973 -0.0003238937334804011 0.00024074380818094997 0.00029788114330580196 0.0005808271767695152 0.0
0.06231981739104631 0.277434843855697 0.7586144696512106 -3.8475769839052727e-07 -1.2675133926135191e-05 9.439491587084718e-06 1.7109960930184147e-05 0.0 -0.017778774124918382 0.2737392836700273 0.76068705472542 -0.0001788234286905426 9.386694910082827e-05 0.000104631166926691 0.00015657912386763968 0.0
0.06231837538801094 0.2774216943382991 0.7586031061833324 -6.315060944938836e-07 -1.3775437856385145e-05 -6.258087266518651e-06 1.757681806374018e-05 0.0 -0.017841348534523137 0.27371760853709426 0.7606306157224973 -7.405650515640875e-05 -4.412238415582928e-05 -7.492164235230962e-05 5.4401772838272256e-05 0.0
0.062325541664751974 0.2773924652024527 0.7585663090963228 6.420783466130509e-06 -2.7503915123025614e-05 -3.600046738658506e-05 4.662107666539115e-05 0.0 -0.01789840491678877 0.2736318512978508 0.7604460225005164 -2.116539491237087e-05 -0.00011209920581921421 -0.00020036202955154485 0.00022094558828954875 0.0
0.06231070080457749 0.2773115264993114 0.7585087404283896 -1.0082053281361473e-05 -7.501337104855693e-05 -6.150956518267777e-05 0.00010100190957588928 0.0 -0.01784214963265247 0.2734006896541339 0.7601303585709075 7.193982639613383e-05 -0.00024601466185659955 -0.0003492377953657646 0.00041282876832976056 0.0
0.062329779143456936 0.27723785878617707 0.7584280028917373 1.1971611240849652e-05 -8.315307434414501e-05 -8.352977231253193e-05 0.00011192524089384773 0.0 -0.017764447565095477 0.27300728988120193 0.7594964442295334 8.961674164406785e-05 -0.00039472291212278596 -0.0006183094605447157 0.0007410839439985959 0.0
0.06235188787827249 0.2771910300912153 0.7584065916139705 2.3473965173705912e-05 -5.536982146981653e-05 -3.449088143646561e-05 5.5007280050925616e-05 0.0 -0.017780486147931505 0.27252602892565475 0.7587949924486742 -1.52668399836113e-05 -0.00048277353919136027 -0.0007202024074813789 0.0008427809924157811 0.0
0.0623134630947666 0.2770431091966241 0.7583313148726499 -2.6007026430122532e-05 -0.00012746434772849496 -5.7876214852738966e-05 0.00016705969817398922 0.0 -0.018317788092071664 0.2686349254507621 0.7545709738967804 -0.0004999921896930795 -0.0034182036785152807 -0.0037380247810759257 0.005726687003168208 0.0
0.062324288326943755 0.2769802403146567 0.7582848820653941 -2.878162156031089e-06 -8.025353549982347e-05 -4.572881879130667e-05 8.659877508159607e-05 0.0 -0.018940477574748368 0.26571735700014587 0.7511082097367109 -0.0006866687040154597 -0.003542915058202289 -0.004071570431710938 0.004738395185401793 0.0
0.062320591443065974 0.2769290550079284 0.7582394623082809 -3.3541481410780505e-06 -4.897572433030169e-05 -4.5385471791625095e-05 6.293334432431064e-05 0.0 -0.0194393811232227 0.2644144089792424 0.7494348536650586 -0.0006008821770261513 -0.0017838409076138505 -0.0022117279787705695 0.0020187778100623386 0.0
0.06232683779270002 0.2768815672170842 0.7582081762671357 6.228208570428754e-06 -3.976464794528029e-05 -3.452081263282825e-05 5.633464405612158e-05 0.0 -0.019389660470523443 0.26342894971493175 0.7488401379181701 -1.4889719748348621e-05 -0.0006643482826766457 -0.0003745957142773043 0.0010652391350375757 0.0
0.062342901396692046 0.27679903222408997 0.7581534881668803 1.7650040956673642e-05 -7.261913817212068e-05 -5.098832149702335e-05 0.00010321485226795883 0.0 -0.018967315904371097 0.262738572246357 0.7489921641235187 0.0005259426088309559 -0.00018216652691720569 0.0007361794137266406 0.0009888794251309977 1.0
0.062347834635695404 0.27677674090543736 0.7581325111725082 1.2494259146609583e-05 -3.361740436318074e-05 -2.7303199349947207e-05 3.368047040749006e-05 0.0 -0.018833997286715726 0.2625404081098412 0.7491773879998255 0.0003509985642643419 2.3340765548071553e-05 0.0006460814500956224 0.00037366956949657715 1.0
0.06235576086152404 0.2767528272127427 0.7581215594207853 4.787592698554983e-06 -2.5288406960903513e-05 -8.414238653828935e-06 2.019106169023503e-05 0.0 -0.019151886718754157 0.2630123723999231 0.7491630243277987 -0.00025464165804091993 0.00027551565756093956 -9.20026733459843e-05 0.00040226431196620607 1.0
0.06235715251670807 0.2767461542707747 0.7581122118362639 -2.9715092233524372e-06 -1.1443516561946313e-05 -9.547531461534444e-06 1.5557285789075612e-05 0.0 -0.019183217793814673 0.26305639819195414 0.7491379515220526 -0.0002678178254074169 -0.00016760974743011432 -0.0005652504144409503 0.00010593617042363869 1.0
0.06236572588892348 0.27673410787262137 0.7581020753656061 8.829085846192215e-06 -2.993466605606004e-07 -5.711064242488174e-06 1.8740226916371137e-05 0.0 -0.019228835400144622 0.26312364881561895 0.7491325108650325 -0.00014880346386996108 8.151571732996441e-05 -0.00016411637795842645 8.716767988920741e-05 1.0
0.0623658103829738 0.2767263556497514 0.7580992766715602 5.005893512790922e-07 -8.531400352559261e-06 -4.761795641747315e-06 8.014639270931013e-06 0.0 -0.019258305008884893 0.26314935824338703 0.749113262707315 -3.4280679994101206e-06 2.2382766253523784e-05 2.8907450087490173e-05 4.65838903313592e-05 1.0
0.06236201617727123 0.27670720675198535 0.7580851305287317 -2.2319845884159313e-06 -2.2295074140493687e-05 -1.4339703879180063e-05 2.192480781995225e-05 0.0 -0.019292277601849445 0.2631758047078011 0.7490990436800514 6.95377792439428e-05 -6.291650127773362e-05 6.934786330285822e-05 5.044356429679533e-05 1.0
0.06237060906072441 0.2766959514123373 0.7580743598875029 6.392255343751406e-06 -1.7969204681861043e-05 -1.5015673494637512e-05 1.993880115895335e-05 0.0 -0.019308169676070033 0.26319724389766147 0.7490894507921809 2.710638544236365e-05 1.1091471549306512e-05 6.037295050989426e-05 2.8712803298532692e-05 1.0
0.062375150615507594 0.2766852698790925 0.75806750210727 5.519974917514015e-06 -7.830635580038386e-06 -6.1009867782619795e-06 1.2537071365696886e-05 0.0 -0.01931984197293142 0.263228766665453 0.749093554341784 -5.088851355296184e-05 9.430418597869536e-05 6.982635484941764e-06 2.0158626036980115e-05 1.0
0.062379759449230444 0.2766666596552733 0.7580624592880325 5.924333641624452e-06 -1.6641801453524415e-05 -4.2396966489722074e-06 1.9773663439248636e-05 0.0 -0.019349853003448124 0.26329326165456335 0.7490847828240551 -5.9596712563024485e-05 0.00011402182204500467 -1.8986778303441035e-05 8.38760143056742e-05 1.0
0.062388515126217736 0.2766597174586495 0.7580573243313912 8.277441079527648e-06 -7.724895251618375e-06 -3.905069614845212e-06 1.2813660142248263e-05 0.0 -0.01935787637073211 0.2633422732168176 0.7490855033413096 6.132770915044043e-06 3.0302725131919797e-05 -9.398154253019226e-07 4.6804323516016935e-05 1.0
0.06239184252495464 0.2766483028936104 0.7580507655151957 4.5096658201612695e-06 -1.0197989947366181e-05 -5.55567289115857e-06 1.342747132115571e-05 0.0 -0.019348439991250712 0.2634774959963375 0.7491842253242382 5.446222910954386e-06 0.0001272883229201712 8.529473318619952e-05 0.0001652301880677462 1.0
0.062386331916819845 0.2766499269366324 0.758045252166219 -5.844617951993954e-06 2.1103571756268827e-07 -5.902839905604468e-06 7.650926679209333e-06 0.0 -0.019443881103387347 0.26378378656437024 0.7493736804684965 -7.631576265598806e-05 0.00028900768663824765 0.00018894075893996411 0.000374416203428629 1.0
0.06238317978577493 0.27664912650000817 0.7580450791669971 -5.430632603701609e-06 6.272248108197751e-07 -2.3100973142938666e-06 3.5174034146218546e-06 0.0 -0.019446484797868216 0.2638206326567207 0.7494952620869734 -2.7664528524277733e-05 0.00010577912915594434 0.00015612400888245814 0.00013402565984576206 1.0
0.062376523493181936 0.2766450291457589 0.7580499252955603 -6.364830861737594e-06 -2.1811471859346997e-06 5.060804846765009e-06 9.072939384454915e-06 0.0 -0.019312627388640615 0.2637591966695502 0.7496864645805656 0.00011588005552555611 -6.695107539346208e-05 0.00018325310119648273 0.00022429500976325523 1.0
0.062362918878856324 0.276641847175868 0.7580442055650387 -1.3002328437672165e-05 -4.605016124711296e-06 -2.472325957606301e-06 1.5240570992494697e-05 0.0 -0.019153109137886818 0.26364177867697863 0.7498580269459715 0.00018333747466902722 -0.0001621096292923051 0.00016728438925006162 0.00027242284027291513 1.0
0.06235578556498246 0.2766469740398422 0.7580413399390402 -8.195980275338996e-06 2.2244768769926057e-06 -3.9913589449473045e-06 9.445487889939524e-06 0.0 -0.01908402396081428 0.26359135455888344 0.7499506615969397 0.00010847153022667845 -0.00010062885898867241 9.129371722638581e-05 0.0001340252107084535 1.0
0.062332170736029646 0.27663238020873626 0.758019962764038 -2.02741066722467e-05 -1.061383695861964e-05 -2.020914080698773e-05 3.41161773539488e-05 0.0 -0.01885312981980836 0.26357577142527255 0.7503573510007129 0.00020080682922039985 -1.08442308397509e-05 0.000346338595486749 0.0004518965732190607 1.0
0.06232800487280727 0.27662734197689925 0.7580209883727836 -8.652932986696246e-06 -8.098986645405284e-06 -5.467312327125817e-06 8.054348931135575e-06 0.0 -0.018695912674636574 0.2635630425111334 0.7506072605734483 0.00016100518132600652 3.771240841707813e-05 0.0003127792955124797 0.0003090670645331265 1.0
0.062323065253957394 0.2766207070045847 0.75802419404223 -3.7761063003993046e-06 -6.285346547266039e-06 4.345851639149589e-06 7.461670089278279e-06 0.0 -0.018560601266539092 0.26356686428421755 0.7509351543477876 0.0001245117371729264 3.494941979991439e-05 0.00033531942594943506 0.00034791560965544697 1.0
0.062318012646324326 0.2766167962062623 0.7580261157398969 -2.543076868926198e-06 -4.340273224005155e-06 6.155020608797244e-06 7.087609901753278e-06 0.0 -0.018378608370434736 0.26365737200423683 0.751341146006249 0.00017443739921679363 6.187560815830732e-05 0.00039043029987883925 0.00044918482190409436 1.0
0.06230444488903926 0.27660444808331197 0.7580254602835675 -1.1740925899468577e-05 -1.0168193272014629e-05 1.6766854216693177e-06 1.8903973275476118e-05 0.0 -0.01799729828974151 0.26381136682006473 0.7520818553309393 0.0003599708410480161 0.00014364012775274127 0.0006976181769977668 0.0008540633664243035 1.0
0.062292048433664496 0.27659146449327965 0.7579651732953574 -1.4606382604197892e-05 -1.2851783959517987e-05 -5.350398418773388e-05 6.265140195621542e-05 0.0 -0.01719387085380892 0.26367677565451 0.7531773008922485 0.0007722945745027619 -8.235753226171715e-05 0.00108719189610957 0.0013716101111712242 1.0
0.062277208399214114 0.2765802045960558 0.757956760092367 -1.6434678235294653e-05 -1.2553062183312802e-05 -2.6340027300832915e-05 2.1166553439250734e-05 0.0 -0.016777843277394316 0.2634435427770805 0.7534853994414938 0.0005553250646786764 -0.00024977734860941344 0.0005085873309356375 0.0005707192675584397 1.0
0.062236649047057425 0.2765709598262035 0.7579268679649681 -3.840705829642161e-05 -1.095641687582474e-05 -2.8363732195255482e-05 4.881318016723625e-05 0.0 -0.015502062661036075 0.26247801200033877 0.7543845942402614 0.00116051420883687 -0.0009178534251050962 0.000756862005902486 0.0017860824979605535 1.0
0.06219200335714422 0.276552919409914 0.7578765817942903 -4.583371927226835e-05 -1.5091533076313953e-05 -4.2238830836025105e-05 7.122976956008018e-05 0.0 -0.01491743540016275 0.26203162252091894 0.7549406783477997 0.0007296380682941144 -0.0006489347100358847 0.0005433563303031855 0.0009977548405788721 1.0
0.06207761255521145 0.2765130883021402 0.7578275259771985 -0.00010760916197041627 -3.7064785277095496e-05 -4.889486839920969e-05 0.00013148603762103446 0.0 -0.012921689493342091 0.26011107339917583 0.7561709604952507 0.0017441529366518807 -0.0017066733924796724 0.0011001158763374202 0.002966184661674498 1.0
0.06194372211436592 0.2763774535490981 0.757693646513991 -0.00014129749088508608 -0.00012605549943843286 -0.0001235417202987735 0.00023219836134586176 0.0 -0.009810813377198776 0.2557007966498089 0.7574836323449269 0.0030670881728796064 -0.004163044313668718 0.00139624208133788 0.0055912556462833305 1.0
0.061859328308250375 0.2763273625026156 0.7576941200985315 -0.00010065845716271876 -7.930747486974854e-05 -3.271501914078519e-05 0.00010013776737062088 0.0 -0.007894835647805347 0.2525275350148947 0.758182734279507 0.00238058124868066 -0.0037960178161689766 0.0009171661306539463 0.0038318928394000615 1.0
0.061766760009792435 0.27624737115739795 0.7576174842892103 -8.39592711481088e-05 -7.472442562051805e-05 -5.794739891771129e-05 0.00013764233853833955 0.0 -0.00587145405715943 0.2502910239455572 0.7584957614865685 0.001992817502018685 -0.0024958653985002726 0.00030133401963097 0.002890736224513698 1.0
0.06173149856496468 0.27619815442545687 0.7575788968399282 -3.1722878309516736e-05 -4.454598977812288e-05 -3.296021042809157e-05 7.752541447515377e-05 0.0 -0.004714875051839231 0.24941057425503907 0.7585987672592857 0.0010479817319905623 -0.0007025628116369713 -8.800328342136593e-05 0.0014808128295236908 1.0
0.06169899599738914 0.2761239667400007 0.7575259926438404 -1.944366218779963e-05 -5.9007029707931827e-05 -4.855894381840428e-05 9.709324311083858e-05 0.0 -0.002654802985971689 0.24754850790840247 0.7581567187932476 0.001660858856074283 -0.0011146091939793655 -0.0004649872812888065 0.002897545093036105 1.0
0.06167955515930902 0.2760919762089462 0.7575086500639682 -1.626295830712825e-05 -3.7227879910195495e-05 -2.5741267074800365e-05 4.090766234792412e-05 0.0 -0.001514656549790003 0.2465162027310786 0.7576234708232981 0.0012370651442812739 -0.0009586081234661672 -0.0006056679140164707 0.0016708273709204356 1.0
0.061620634759801285 0.27602100966452153 0.7574443773739283 -5.964697351544814e-05 -6.814582683798773e-05 -5.860272595964492e-05 0.00010814136554312412 0.0 8.378659491245327e-05 0.24524083805605468 0.7569176168068682 0.0017004325894848832 -0.001519336306580934 -0.0006226940256056599 0.002024894621739338 1.0
0.06155584541834329 0.275973753927235 0.7574024236392597 -7.430442506857627e-05 -5.872328969671223e-05 -5.1239762841472724e-05 9.670255592297193e-05 0.0 0.0016890942575455154 0.24392253794220825 0.7562832553838058 0.0017175939402158825 -0.0016429972734415357 -0.000613721137379246 0.002220852212372457 1.0
0.06141597514730381 0.2757115765387881 0.757233441964355 -0.00013674630692617898 -0.00022733278680513397 -0.00014542923626336578 0.000335265431404428 0.0 0.00499772751127137 0.24196299739514066 0.7553055571684684 0.0030353726338519403 -0.0018604303583760326 -0.000910798162600334 0.003968780229191442 1.0
0.061405773595243296 0.2756786880479454 0.7572173510929631 -4.246252321208183e-05 -9.682314245329487e-05 -6.073787027873338e-05 4.966314413042777e-05 0.0 0.006012848631851066 0.24107403297779068 0.7549175199187717 0.0015990062225075042 -0.0010699014394261928 -0.0004786460927744576 0.0014929324371653688 1.0
0.061403068296149145 0.2756658731663783 0.7572096754389779 1.1896649943701895e-05 -7.144606821179715e-06 1.2263120279267084e-06 0.0 0.0 0.006391327696535104 0.24084331765691244 0.7547248898147941 0.0003221889146261224 -0.00019767062865471688 -0.00016385569868992175 0.00031571509256195793 1.0
0.061401151572996096 0.2756608003127444 0.7572083650219105 1.8934984400204962e-05 2.365948916537069e-05 1.8377572006431692e-05 1.2692351776752835e-05 0.0 0.006484134115834315 0.24078354875164668 0.7545871821350271 -0.00020393894766493424 8.712026397870022e-05 -7.479294643926504e-05 0.00024556786886676817 1.0
0.061398142082989784 0.2756546928222481 0.757203999861505 6.846614502766292e-06 1.832695706758082e-05 1.0494482220019505e-05 1.5757332162796663e-05 0.0 0.006640873389680816 0.24066251706031586 0.7544944632495413 -0.00019501495612653046 0.00011491667748158869 -4.762026046652764e-05 0.00028846364916002747 1.0
0.061379866030255366 0.2756258730675455 0.7571802392475647 -2.3870820805925913e-05 -2.9117300164332543e-05 -2.6573166569230947e-05 3.812837452265687e-05 0.0 0.006970769356338012 0.24058964549609815 0.7542710736340978 0.00036581198524193693 -0.00012340758553780462 -0.00022721133311161745 0.0003852379556272623 1.0
0.06131700430520917 0.27557615763596066 0.7571367150519633 -7.097417029514397e-05 -6.891960457146432e-05 -5.564537425521366e-05 8.307592564080348e-05 0.0 0.007564015472822829 0.24048618305779063 0.7537751833251563 0.0008378986376174128 -0.0002534763180063063 -0.0005332271072794628 0.0007020015402960569 1.0
0.06126489502310847 0.27553177716400584 0.7571119049383659 -6.915707051035111e-05 -7.088408076545309e-05 -4.447216620163343e-05 8.12463990505601e-05 0.0 0.008020434664982996 0.24058138070501223 0.7534113416526198 0.0007614493228084479 -6.291963237770818e-05 -0.0004898792888906993 0.0006498719944590978 1.0
0.06123121112384369 0.2755041163304668 0.7570801360741627 -3.105285611439094e-05 -1.6403777693301073e-05 -2.0109443581313398e-05 4.993983992531483e-05 0.0 0.008740863554519014 0.24046814631509453 0.7529712301315137 0.0005600875191879018 -2.967093732080678e-07 -0.00041304617651006625 0.0008291720765452436 1.0
0.061203832646350605 0.2754850866041575 0.7570763143385086 -2.2351932732473482e-05 -1.37392788468821e-05 -3.917899970575009e-06 3.3959951776368735e-05 0.0 0.00966430353127248 0.24072835668109152 0.7526207261357752 0.0008517978533010987 0.0002480120540156869 -0.0003369043450450059 0.0010344197287382162 1.0
0.06118069649593701 0.27546285851398206 0.7570755040634592 -1.5103111691150358e-05 -1.40063875640927e-05 5.913331642321767e-06 3.357813047167498e-05 0.0 0.010470135089178654 0.241040770912415 0.7522886681434137 0.0008226455629307282 0.00034368647819929 -0.0002911586579037044 0.0009340532026525422 1.0
0.06116709715850691 0.2754479057554593 0.7570795053542815 -1.0431069574987792e-05 -1.3816821038588216e-05 7.209591993294735e-06 2.084957570544337e-05 0.0 0.011072506068312395 0.2412933447181909 0.7519325033799212 0.0006303884290837918 0.00029358728669196584 -0.00032201638014612666 0.000729860586983499 1.0
0.06111002305929288 0.2753981834501982 0.7570712797359825 -5.2344914639482905e-05 -4.756405903781581e-05 -7.69154151622446e-06 7.411185250424955e-05 0.0 0.011740824884352567 0.2415365361919576 0.7508491626617692 0.0006139863200473926 0.00024698634652180906 -0.0009932385251904526 0.0012835049354121557 1.0
0.06107251523909945 0.2753980529794305 0.7570306826996555 -5.077612530512866e-05 -1.5014478505350996e-05 -4.0659588245924266e-05 5.7726073594270925e-05 0.0 0.011932683342271704 0.2416623922990022 0.7501903397646316 0.00022144713162513245 0.00011469799296653775 -0.0008464247829465042 0.0007408166103801933 1.0
0.06105769165603036 0.27537681909828743 0.7570122425458884 -2.0918902026037406e-05 -1.5736615930687807e-05 -2.9054185034126974e-05 2.9822765751362337e-05 0.0 0.0120354752419398 0.24188939741092746 0.7497870193825857 3.589734069554503e-05 0.0001724277973608597 -0.0004672776409174735 0.0004346199812759132 1.0
0.06098407889990047 0.27529124530134896 0.7569538615465806 -5.9733128974817993e-05 -7.272403187378294e-05 -5.5008821974473444e-05 0.00012542717025004548 0.0 0.012332983771708193 0.24218311292451028 0.749407231979761 0.0002454296291483891 0.0002665475951036079 -0.0003013102533419739 0.0005615043524824914 1.0
0.06096509765097611 0.27527374013002026 0.7569586742783678 -2.8782678355777193e-05 -3.564553955022893e-05 -4.4665101692994595e-06 3.234586601782123e-05 0.0 0.012332640198770208 0.24230679551711676 0.7492451140117828 8.656010652104791e-05 0.00020159278270273667 -8.415361435537436e-05 0.0002383448802765585 1.0
0.06094315922062551 0.27525317103226543 0.7569670571396778 -1.8543406254054738e-05 -1.9955842497796917e-05 1.6191890382996473e-05 2.553138536111604e-05 0.0 0.012391584552693631 0.2424771452372153 0.7490360866081531 6.310044973178118e-05 0.0001636068000252933 -0.00013969758610241762 0.0002577720206197304 1.0
0.060917639498676776 0.2752205619732311 0.7569559082194567 -2.1536959966542762e-05 -2.4813210079711942e-05 1.1701728832087922e-06 4.2892443379701764e-05 0.0 0.01264850742697124 0.24283646865161287 0.7488398877781051 0.00023756607445599045 0.00031592431967772725 -0.00023444179347552357 0.0004699977394006709 1.0
0.06091032554026752 0.27521269940944554 0.7569495124854717 -1.0742747673108497e-05 -8.627879286908245e-06 -8.318049878537026e-06 1.7016090799923344e-05 0.0 0.012787962457898391 0.2430283159034797 0.7487339431023784 0.0001911211802607351 0.00023317278630455773 -0.00020365114351073303 0.0002870773967997405 1.0
0.060900651548251104 0.27519867935151854 0.7569610816868503 -5.66748323265172e-06 -7.728500557205478e-06 2.7067908239994433e-06 1.79980937307409e-05 0.0 0.013025184422763793 0.2432016124466436 0.7486559350324018 0.00020736861806809983 0.00017521708942583636 -6.213242282125512e-05 0.0002820671933357708 1.0
0.06089177332870918 0.27518748524525843 0.7569606365416836 -9.617635923254383e-06 -1.6216697652185993e-05 2.711423025519692e-07 1.2414067496229797e-05 0.0 0.013285229144526907 0.24336673783708335 0.74847999224056 0.0002698275440167426 0.0001610506130639312 -0.00014489841737572553 0.000354923699590618 1.0
0.06086772857714336 0.2751734394529998 0.7569518522512885 -2.6187757643805822e-05 -1.785302507889927e-05 -9.137809343358578e-06 3.206320018267513e-05 0.0 0.01346211997996135 0.2434923540941831 0.7480928218936882 0.00019711655968592307 0.00011281182841941118 -0.00036519935584518434 0.0004596181514001272 1.0
0.06084480121926067 0.2751778871452731 0.7569378006675969 -2.257047107270608e-05 5.460465329301586e-06 -1.0166581063249475e-05 2.6448636916194876e-05 0.0 0.013592182428641224 0.24358169191265916 0.7479143064488083 9.871363403235518e-05 7.344227384011156e-05 -0.00024327019369041204 0.0002337086830838628 1.0
0.060820703970355744 0.2751849773604687 0.7569179988649155 -2.7225601896722883e-05 7.2011717297818e-06 -2.2359875299957474e-05 3.119482161660563e-05 0.0 0.01387863697966003 0.24358467428730662 0.7477809465557886 0.0002516203254544861 2.3577389920567102e-05 -0.00015003313768938704 0.00030036691723542535 1.0
0.06070329581738172 0.27515916350988107 0.7569248206193312 -0.00010453758274855414 -1.9343833271207745e-05 -3.648247872589067e-07 0.00012026856137326372 0.0 0.014463479785626628 0.24358915736342115 0.7475761065797971 0.0005633086998123249 5.1443031634593195e-06 -0.00015669566672547487 0.000632326194855102 1.0
0.06064012736830839 0.27514691978633876 0.7569361234444776 -8.155844896742782e-05 -1.66812372257838e-05 1.5742026919156844e-05 6.85141559956241e-05 0.0 0.014338401248113081 0.24347213031469087 0.7475539967804732 3.265861333035051e-05 -0.0001174187013768715 -1.838024423375572e-05 0.00018688817569764628 1.0
0.06045706843047882 0.27511845597613394 0.7569715731317743 -0.00016864259352946778 -3.0125329345700357e-05 3.8524318065461006e-05 0.0001832207437354533 0.0 0.014294655269213204 0.24336603148540684 0.7475359921355351 -0.00010097334588493395 -0.00011898493093042857 1.7896394633587493e-06 8.728091092437729e-05 1.0
0.060373101253707984 0.2750893377315612 0.7570137183651502 -0.00010814561753047603 -3.136741959296527e-05 4.5392582908729174e-05 0.00010359833831741962 0.0 0.014300756511546301 0.24333666368681722 0.7475087578403466 -8.300402690001926e-05 -4.243188797618453e-05 -3.10641961761144e-05 4.7761668661462414e-05 1.0
0.060301868906187106 0.27503048833788063 0.7570813366404247 -6.604694127623667e-05 -5.434099402768187e-05 6.54557564670282e-05 0.00011055684581279948 0.0 0.014295396089430893 0.24331135881282695 0.7474913827961893 -3.358220928936705e-05 -8.417002220741424e-06 -3.4226658021061814e-05 4.844107188298343e-05 1.0
0.060197856502442734 0.2749145455622045 0.7571109563938396 -8.192208073777609e-05 -0.00010911413562100928 3.62650661526246e-05 0.00015939355213361953 0.0 0.014294684610718185 0.24327341646422385 0.7474684075356485 3.557362363121837e-05 -1.7062862328700342e-05 -1.7724203372946462e-05 3.62294506635349e-05 1.0
0.060028491978737705 0.27471282910733186 0.7571654298535453 -0.00015638668962489522 -0.00020050431614220725 4.5394861955420165e-05 0.00027047289511970997 0.0 0.014271183642344875 0.24323018340244212 0.7474558361312021 4.417836106837807e-05 -3.98477206157326e-05 -2.670973814134059e-05 4.1010729129899295e-05 1.0
0.05982927334677177 0.2744477773659044 0.7572197889042932 -0.0002134667160223479 -0.00027607483212628 5.231736899081415e-05 0.0003382735229102306 0.0 0.014268864460215833 0.24322667281511584 0.7474354772268665 8.369813503879807e-06 -1.804344124933885e-05 -2.4899246835794663e-05 3.0197914357985034e-05 1.0
0.05962069955437558 0.2742131379860759 0.7572523021215612 -0.00022451401063734562 -0.0002544077636391298 3.574743706565256e-05 0.0003107009805677209 0.0 0.014290595329169271 0.24324771355892175 0.7474263148055921 -3.5944702336428375e-05 6.497943375383527e-06 2.2356614234028997e-06 2.731386656763411e-05 1.0
0.05818473139214143 0.27277045857977944 0.7573807298473894 -0.0012749946117999443 -0.0012684688547617065 0.0001145392825207271 0.002023439952413624 0.0 0.014268897691530861 0.2432270112061727 0.747422805858861 -3.721108134907848e-06 -5.735391772915594e-06 -3.672719057331657e-06 3.280670155942801e-05 1.0
0.05691859284772655 0.27114774599920793 0.7572579127612441 -0.0014490607733900855 -0.0017511589839275831 -7.496072648379966e-05 0.002119791258467961 0.0 0.014269619466047982 0.2432196809823372 0.7474193452688219 -3.854287159407358e-07 -5.134155174775666e-06 -2.499682094938126e-06 8.259665162813965e-06 1.0
0.05573743894404403 0.26955440263834507 0.7570249013733624 -0.0013080440334185942 -0.0017573550558465422 -0.00024139600304776858 0.001948148997337315 0.0 0.014265906228718135 0.2432159411308693 0.7474182426934978 -5.8909283082556544e-06 -1.0131573404257644e-05 -2.2808795088114477e-07 3.6251284707955727e-06 1.0
0.054259092269271184 0.2674353176666745 0.756579425629401 -0.0014018091563489563 -0.0020625841649457395 -0.0004624086546709865 0.002591352565324595 0.0 0.014265507091050598 0.243213064741799 0.7474159161756485 -2.330542291019436e-06 -7.553091826449273e-06 -2.625088936750406e-06 4.261341218833511e-06 1.0
0.052878303857376026 0.2656476217642795 0.7563351552752359 -0.0013181981467013612 -0.0018037143909673697 -0.00032110101866844343 0.002336746662700934 0.0 0.014264580147208359 0.24320935644340194 0.7474155615827501 -9.848789405176489e-07 -2.2457923904758016e-06 -1.238240312262166e-06 4.866185585898934e-06 1.0
0.05122444228521979 0.2637005556319486 0.7560846020187365 -0.0015433465636549156 -0.0018199890586089382 -0.00023263122096030118 0.002552067087876655 0.0 0.014272126803868706 0.24320399853180727 0.7474089211402981 9.840129438325683e-06 2.230847671637348e-09 -6.803108418106926e-06 1.0442940942359713e-05 1.0
0.04930574959940416 0.26175451316212617 0.7561993391696802 -0.001919461469432087 -0.0019005065457229967 0.00011692457539966809 0.002709017800397832 0.0 0.014213578400807388 0.24294436590695032 0.7474998058999965 -4.7563081541769585e-05 -0.00022339314615054474 7.695923383757573e-05 0.000278823564496419 1.0
0.04708106177118585 0.25947789027211465 0.7563292612131379 -0.002321175692402042 -0.0022875206788253873 0.00021732261591465114 0.003207752609100575 0.0 0.01402047769999116 0.24275503556058572 0.7475466003056144 -0.0001855880362721877 -0.00023892157424965476 6.635508145615996e-05 0.0002834792234077688 1.0
0.04325555765674789 0.2560960121135398 0.7565215354286667 -0.0036452005194132987 -0.0032675619640143063 0.0002142535517913586 0.005097065418400758 0.0 0.013737547756569822 0.24261114295525907 0.7474602567548084 -0.0002958892286052774 -0.00017029121625994944 -6.201812152405616e-05 0.0003198480206946753 1.0
0.042163679729527045 0.2552597581887638 0.7566243205339654 -0.001716952846456 -0.0014008612124591206 0.00010273256508811449 0.0014511622637121131 0.0 0.013822821189705785 0.24262076826650142 0.7474790490625771 3.122366743287772e-06 3.333470145058203e-06 -1.9675998211012242e-05 8.912855763976426e-05 1.0
0.040489310403267205 0.2538080715364948 0.7562405139696078 -0.0013725604214343526 -0.001164764702801872 -0.0003697849636658726 0.0020740291052620324 0.0 0.013941375407189012 0.24263112936225606 0.7474952818837794 0.00016050659138688172 6.0809558638460205e-05 6.923585433551705e-06 0.00011671328149784212 1.0
0.039795771452382694 0.2531432642296062 0.7557354016504818 -0.0005217164588666508 -0.0004995524955820484 -0.0005879146342764696 0.0012187023290824743 0.0 0.013984309039390517 0.24263206793238482 0.747494448756738 0.00012108229550511192 3.7665938831809934e-05 9.307241220765394e-06 5.359529710139601e-05 1.0
0.03922988342382619 0.2526057792323548 0.7551399815379624 -0.00035912805478248606 -0.0003995606366736298 -0.0006699673428242358 0.00100934283644788 0.0 0.014042463718254693 0.24264053807571861 0.7475039492342235 7.100751413110254e-05 -1.908247821546036e-06 1.999765998979911e-05 5.4289952187537817e-05 1.0
0.03892364893453806 0.2522610549595836 0.7546692744669721 -0.00032463028620581254 -0.00038612993229247047 -0.0004876755593046147 0.0006063759606682929 0.0 0.01405596047948909 0.24264120651725862 0.7475069960171119 -1.5822651383305352e-05 -3.508136297835127e-05 1.3238868328697399e-05 1.369911443484988e-05 1.0
0.038623930947268736 0.2518229935507686 0.7541248228738471 -0.000449471858125603 -0.000569852251911274 -0.0004745184470130965 0.0007138774034546667 0.0 0.014059526819216385 0.24263742214475453 0.747502910058868 -4.4604636793772276e-05 -1.2856197265284674e-05 -1.383517000545861e-05 2.899994409206292e-06 1.0
0.03835257712222179 0.251334585958891 0.7535483868726728 -0.00041998428716221456 -0.000590570978975591 -0.0005066486674803166 0.0008893845950197726 0.0 0.014119384161084585 0.2426356773216966 0.7474968902650555 3.885789935292243e-05 -1.1568086101512362e-06 -1.6228901421680417e-05 6.458133301449079e-05 1.0
0.03803284613116945 0.2505775317203256 0.7527084870684442 -0.0002096893784296911 -0.0006343961746547683 -0.0007982789244714787 0.0011160657709357999 0.0 0.014197081061869574 0.24264181854189518 0.7475026478390245 0.00011312007094839926 1.5793983040836073e-05 1.1025774469532366e-05 7.778832311837463e-05 1.0
0.037866288902535475 0.2501044914855718 0.7521328824131078 -0.0002779244344347821 -0.0006378590130228122 -0.0006904220431130231 0.0007989573703245602 0.0 0.014217306102411146 0.24264982463871063 0.7474881286131645 4.349140224208031e-05 9.276552379279775e-06 -1.0582027146556309e-05 2.66188276986283e-05 1.0
0.03773910288609471 0.24928493559040618 0.7513002462888974 -7.309166245287138e-05 -0.0007176399724285307 -0.0008031466510029699 0.0011395612700304193 0.0 0.01419690416488193 0.2426427703317602 0.7474615239837717 -2.1159753032428384e-05 -3.3332177141416622e-06 -2.641138146789483e-05 2.9837495126584988e-05 1.0
0.03762522728375706 0.24872437693561386 0.7507225535134986 -8.839163000291892e-05 -0.0005916431724722628 -0.000616090885343431 0.0008459015219194196 0.0 0.014210055144044685 0.24261166295971226 0.7474684283637624 -6.99266559517843e-06 -2.8778908677683328e-05 -3.810266980573576e-07 3.835599153958521e-05 1.0
0.03761801880145183 0.24823215184873215 0.7501809132009385 4.4747093131085455e-06 -0.0004636927518847894 -0.0005054194591267229 0.0007178654598951673 0.0 0.014259660208783505 0.24258937032514408 0.7474555491259578 3.447385107571458e-05 -3.0175094306657405e-05 -8.086944601096866e-06 5.6806549864537743e-05 1.0
0.03760903551802133 0.24746000949283187 0.7499687851098721 -1.3873859594103655e-06 -0.0006989892385454381 -0.00022769198798423986 0.0007973875558020531 0.0 0.014255137939128273 0.24257283746794306 0.7474340400243171 1.4686433770366792e-05 -2.0238259890000073e-05 -1.8736827971547773e-05 2.6146850846491465e-05 1.0
0.036485924316593164 0.24574063163954563 0.7498544413428312 -0.0009678892761083627 -0.001611891022107223 -7.74647776957978e-05 0.0020523307816783416 0.0 0.014257691792905008 0.24254855095873878 0.7473875680682174 1.1035546890330597e-05 -2.004291922295499e-05 -4.38739352040601e-05 5.0388659811933964e-05 1.0
0.03560888466451426 0.24523729628208318 0.749359568242644 -0.0010793632754878234 -0.0008570906492143563 -0.00040840048232230986 0.0011809723065926156 0.0 0.014253661753361482 0.24251466035458388 0.7473288990132324 -6.174205736729708e-06 -2.8836238744615094e-05 -6.243039864581042e-05 7.045382710264501e-05 1.0
0.03453181358656806 0.2447554739052029 0.7491393854251442 -0.0011495058864858488 -0.00043389082478644285 -0.000306157843026039 0.0011135695615479585 1.0 0.014258575449258471 0.2424997955622821 0.7473048607417203 -6.441984764754796e-06 -1.818401483357676e-05 -3.624559803822322e-05 2.9095065370854676e-05 1.0
0.034029670469341716 0.24471925300678551 0.7489459832941839 -0.0005887927699429556 4.3323722049988544e-05 -0.000258451256633105 0.0005728154842404935 1.0 0.014334250433471052 0.24247267975569847 0.7475174429087951 6.453018639520859e-05 -2.6003826466495496e-05 0.00018392958265406103 0.00022297589819126652 1.0
0.03407885294186654 0.24471271539885556 0.7488283153051111 0.00012958334458492026 0.00018406878005979097 -0.00011247791749158427 0.00014765057353285905 1.0 0.014339106452006615 0.2424763561695591 0.7475377924393949 3.224314592050434e-05 -1.7128474056983395e-06 9.081613262683748e-05 3.052158978566563e-05 1.0
0.0340444740664884 0.24475816469780523 0.7488621945757872 0.00021156561568230552 7.952966632862975e-05 5.1329217028388665e-05 6.059550059733451e-05 1.0 0.014322657457538586 0.2424772972954727 0.7475212309092972 -1.179428755105634e-05 6.340479991107438e-06 -7.778425839818539e-06 1.239334067802104e-05 1.0
0.03394043727419347 0.24485982657236852 0.7490177279982405 -3.223272924451586e-05 -1.806685826321393e-05 0.00020087348199691223 0.00019694551471807515 1.0 0.014281468135326112 0.24248925018651818 0.7474830682609711 -5.3400829535957236e-05 1.3370310678580168e-05 -6.602608454781831e-05 5.9596863934911834e-05 0.0
0.033838665546628524 0.24493887483199572 0.7492014141646051 -0.00023741509834167575 -2.522761470288761e-05 0.00019862927449985552 0.0002493218477366485 1.0 0.014238659523232602 0.2424971281301027 0.747445775843723 -5.533975494797204e-05 8.612750389799717e-06 -7.124530108174053e-05 6.488302050252745e-05 0.0
0.033702580279172736 0.2450336817979168 0.7493932119473113 -0.0002223230878723217 0.00013875201622182663 0.00017037754570371953 0.00022610339726590817 1.0 0.014209553157268769 0.242505600018075 0.7473998150042066 -3.482250060537717e-05 6.58957851503044e-06 -5.247773816859635e-05 5.199799620905042e-05 0.0
0.033045648625937375 0.24528238892238688 0.7500222558155605 -0.0006503294865608427 0.00021602645677820263 0.0005702607271952254 0.0009445141435479537 1.0 0.014543478585606713 0.24158182035946496 0.7480694718569816 0.00029262154465018115 -0.0007934376706420742 0.0005882278173141409 0.0011714784553658365 0.0
0.033001934028491234 0.24545733054370647 0.750215715271181 -0.00015923487160763748 0.00023041793905325693 0.0002941653579503887 0.00029913006182580933 1.0 0.01459289566074949 0.2411640248685479 0.7484853150111775 0.00015255389402289636 -0.0006230400392229361 0.0005758755150230596 0.0006407036217488141 0.0
0.033133221965070854 0.2459389303958099 0.7510951756880465 0.0001760780660864456 0.00044497636834528063 0.0007640572599417676 0.000960959149775629 1.0 0.014128203900232983 0.24036065958664032 0.7489564812559668 -0.00039061502215273676 -0.0007887128946894028 0.0005028567281105891 0.0009816508717086418 0.0
0.03260900048592456 0.24625846146001362 0.7517099791880766 -0.0003347372698125814 0.0003806056316187402 0.000702631729987352 0.0009043488729702365 1.0 0.014133008799663394 0.2400987985511504 0.7491997305189881 -0.00017113165154279358 -0.0003316191795757896 0.0002508553644775664 0.0003826082392640739 0.0
0.03260261198199776 0.24623389550311578 0.7524484333690797 -0.00010558238490700542 2.7125617797888173e-05 0.0007345240008737465 0.0007378594578288405 1.0 0.01421248898618817 0.2399778253803623 0.7494272560212023 3.701578070468602e-05 -2.554016497729226e-05 0.00013841995175743437 0.0002681757890338031 0.0
0.032380522108968385 0.2463051094504305 0.753481226473127 -0.00020570400641612023 -1.9678661964350993e-05 0.000978333347923907 0.0010372678901359688 1.0 0.014375218329413119 0.23983980514323985 0.7497664781957339 0.00021103416645348535 -1.1591673234489158e-05 0.0002517437326270232 0.000408832773364062 0.0
0.03281184315991356 0.2461887415711096 0.755368656424827 0.00030236245395288497 -0.00013961761451823787 0.0017965756438056263 0.0019442288838337901 1.0 0.014986877281873978 0.23985955780829438 0.7503435155993176 0.0006389015356722519 1.0619883077129096e-05 0.0005674997662071835 0.0008330229585153245 0.0
0.03383624702860282 0.24646162435546842 0.7560559757957162 0.0010074503054271463 0.00020140263903733636 0.001010579387927175 0.0013130041598915221 1.0 0.017362919424594985 0.24041821510461714 0.7511845412231599 0.0022327075996985955 0.00041748998222272704 0.0009197167425908908 0.00258557714095971 0.0
0.03546086942982859 0.24636986264479763 0.7571073281855811 0.0017569217537677564 2.9814307818878645e-05 0.0009088432590360556 0.0018537718455933741 1.0 0.018850122206606625 0.2405528069991576 0.7519984172299602 0.0018524277705401862 0.00026752911932427124 0.0008875170186524459 0.001728793184889502 0.0
0.03546178771049582 0.24783399766813677 0.758389787949194 0.0003788299337491902 0.0012856194800360112 0.0011689687461669605 0.0019929653265622293 1.0 0.019395095673595406 0.2408204974039066 0.7520573790229985 0.0007109379027443314 0.00021023081726100675 0.00019136568606369835 0.0005532836846664756 0.0
0.03413982073671803 0.25138293101105846 0.7588759460201984 -0.0013831248183666734 0.003430301794126123 0.0005511590015256566 0.0038137766376746913 1.0 0.019274546653875457 0.24083558091070706 0.7520127934450258 -0.00028335483270783437 4.229765054237708e-05 -0.00018771924895161094 0.0001132616309747782 0.0
0.03554597890850495 0.25431066435496547 0.7613477613246973 0.0005619510351539112 0.0034553622194944842 0.0021435965465365064 0.004116849744216578 1.0 0.01928222647791107 0.24017135228267447 0.7527436504315909 -0.000415548537068209 -0.0006409536809909088 0.00046719210066009843 0.0010485744970272978 0.0
0.03920167138313025 0.2572532451280902 0.7610757041955261 0.0034326885966920596 0.0031117676567410314 0.0003884300294063023 0.004639885166500827 1.0 0.019481622032037977 0.2395079701279164 0.7536850652655899 3.1504986172391e-05 -0.0008034241620386808 0.0009927111131458877 0.001209765534548131 0.0
0.04232327707290969 0.2601740701858288 0.7608851684098945 0.003979185092977732 0.0027252134459741996 -0.0003309531704713041 0.004300427233357643 1.0 0.01950434398139462 0.23914800327539157 0.754165153002976 0.0002707415349031874 -0.0004529315142953779 0.0007543401904311154 0.0005242140277066542 0.0
0.04538183750473102 0.26412150564162645 0.7627698718306893 0.003568363419945945 0.003501215124694989 0.0012330208197911757 0.0053169195586314395 1.0 0.019430763112167633 0.2388931161841959 0.75445828626382 0.00021818363241540547 -0.00017348478248586235 0.0003768372902382414 0.00037251401741533383 0.0
0.04710890697099604 0.26680301709831766 0.7648092369684847 0.0017727994997646438 0.002828517718220056 0.0022361253889624723 0.003868472005231994 1.0 0.019369043158391844 0.23881287127254783 0.754537684022347 -0.00010291570081714376 8.665142355013776e-08 -2.810911668293763e-05 0.00017180367420690026 0.0
0.04868543229982529 0.2699165324092635 0.7673998984254125 0.0008479215175739359 0.0031419192177772823 0.0028794288928640673 0.004241030934944311 1.0 0.01935857075453347 0.23867069839534247 0.7547197202699253 -0.0001167009956624459 -2.2340285378555835e-05 -2.733289818667372e-05 0.000249075012325777 0.0
0.050652174764551625 0.2741785364434914 0.7708604696079248 0.0014518343939995775 0.004161550364085929 0.003599932229412277 0.005874311698455748 1.0 0.019431020215940897 0.23838686912947188 0.7551253975827632 1.9688099709762492e-05 -0.0002900453068028481 0.00037030142381037706 0.0004787678191026228 0.0
0.05319445635782827 0.2775338638007018 0.7731145430316829 0.0027222865685794153 0.003562897279320215 0.002586577350311382 0.004844181016531645 1.0 0.019407120490328555 0.23826008085300035 0.7552703498574554 3.960976244209753e-05 -0.00026171136605491086 0.000337526634076236 0.00019781684564382785 0.0
0.05507235372925054 0.2792465786638943 0.7740756705245594 0.002391767931551301 0.001979022704068558 0.0006812431941565825 0.002637325511790976 1.0 0.019348415236863654 0.2382635136867386 0.7552240574489105 -3.434048580379117e-05 -3.837914416615466e-05 2.6964254614472824e-05 6.166372616587135e-05 0.0
0.06161170122363231 0.28286921971870427 0.7738633722300619 0.005953565094444144 0.0030742644808180487 -0.00045481816561877136 0.007355347983576405 1.0 0.019199368455532585 0.23868187826392565 0.7545666459036308 -0.00017012834544391967 0.0004072831876500098 -0.0006502693249680096 0.0007891569123539897 0.0
0.06396523508006394 0.2841581324000562 0.773282245812523 0.0035113338479890194 0.001631615485094703 -0.0008356573281015295 0.0030995592041280547 1.0 0.019222917799955868 0.2389840975716618 0.7541999526047758 -3.6978926961601455e-05 0.00041727897279547594 -0.0005581288684040357 0.0005207517537814534 0.0
0.06497165160717633 0.284705586700232 0.7728560175954389 0.0009895877811851145 0.00043793464505540195 -0.0006065580148521862 0.0009284433904593456 1.0 0.019266710762802345 0.23913599931515014 0.7540235321163117 5.5928937818888204e-05 0.00021860431787549758 -0.00024906922367259193 0.00019971972368370465 0.0
0.0652541803944608 0.28474104890295215 0.772638100063415 -0.0003194853356093643 -2.916534937849038e-05 -1.2761517336056395e-05 0.0003197861489459518 1.0 0.019288578289169918 0.23918789156285514 0.7539601350624779 6.34606950108919e-05 1.6371521632913035e-06 2.8852098371202698e-05 6.910247332749476e-05 0.0
0.06543415090040348 0.28486122350191817 0.7724203104506373 -0.00041277325827806903 1.1981780538343045e-05 0.00012833713903036628 0.000504988871645809 1.0 0.019306841340225527 0.23922667814191037 0.7539177435162141 3.633937135954949e-05 -5.2884893104635254e-05 8.507321715280438e-05 9.044232521762072e-05 0.0
0.06556313930578968 0.2850101810377437 0.7722298617282978 3.811679273661131e-05 8.581816868819675e-05 -0.00010109020277008921 0.00028644291141360825 1.0 0.0193278973962238 0.239239353333403 0.753893075179874 3.5550446488691583e-06 -1.4981842194432585e-05 2.1196516560743417e-06 4.1307621229900505e-05 0.0
0.06557037739989323 0.2851075115356492 0.7720940237351268 0.00041374612040199696 0.0002630957054189317 -0.00019979828748196158 0.0 1.0 0.01933287438913827 0.23922938016153034 0.7539025575653103 -1.1870477954950628e-05 1.718875912480139e-05 -4.137046539565373e-05 0.0 0.0
0.0654221645511439 0.2851569822304041 0.7719208208949271 0.0004105248659607252 0.0003249951389771707 -0.0002691450988481088 0.0003290241603877038 0.0 0.019341784689793414 0.23917615948727616 0.7539315703909805 -1.559472986743457e-06 -2.0388325064719319e-07 -4.049076976500335e-05 6.714523691740095e-05 0.0
0.06534110672283314 0.28509325081940967 0.7718967241804138 -0.0003345229916165522 -0.0001794269174671399 -9.043921318493801e-05 0.00010245134373877002 0.0 0.01934579304094804 0.2391580476037182 0.7539445435763532 1.7628990673273153e-05 -2.834856341131666e-05 2.859221793369141e-05 2.6228237441589604e-05 0.0
0.06444613291472415 0.2833896656304808 0.7741809083765381 -0.000863200953959906 -0.001551068712120203 0.0019806683605414857 0.002961198152708544 0.0 0.01934432952167637 0.23914822702372054 0.7539510757690329 8.204462294800149e-07 -1.7323460368519914e-05 1.633332396256635e-05 1.0244983392830023e-05 0.0
0.06234746613410286 0.2814905359130395 0.7774295865445016 -0.0020698518922136217 -0.0021520773429947095 0.0034640597129243847 0.0043857355654964335 0.0 0.019344089467156753 0.2391413984430685 0.7539526519193578 -2.0870963708614275e-06 -4.329866471458973e-06 2.4855256909391173e-06 6.07633545933643e-06 0.0
0.06200398675871458 0.28130629871237695 0.7777604694718099 -0.0008420998968794926 -0.0006384268831150148 0.0011578502152638627 0.0005048863572687536 0.0 0.019350876052143688 0.23914582312693844 0.753939675947704 6.123762504947887e-06 9.589051839532232e-06 -1.597356673067837e-05 1.7098928821498383e-05 0.0
0.062027730217817434 0.2812857125680578 0.7777411252047225 7.977100687410698e-05 0.0001922776019432787 -0.00027430306496194136 0.0 0.0 0.01935278052988743 0.23914351834060657 0.7539363736425092 4.184800016894049e-06 -2.7671225232271554e-07 -6.7380526505473695e-06 4.878891032730675e-06 0.0
0.06208030167369854 0.2812569296283826 0.7776956467270321 0.0003740242234456219 0.00035958628876926903 -0.0006641419932123145 0.0002228983379006537 0.0 0.01935698122233867 0.23915054396415453 0.7539256559305075 3.80373080258422e-06 1.0085423725720892e-06 -5.8038547178917e-06 1.1123482442416517e-05 0.0
0.06213309488824989 0.28120548003521256 0.7776281516116023 0.00027309958119571336 0.00013504696169643618 -0.0004122022502784855 0.0002204135751961846 0.0 0.01936047926195606 0.23916708213806426 0.7539093452937268 4.0441973286429546e-06 1.125843004418407e-05 -1.2816744998092136e-05 2.4846235613332185e-05 0.0
0.062184862232902004 0.28112615703029986 0.7775058031798157 1.827193040660754e-05 -0.00020914280072591954 4.392708702064788e-05 2.187144670125118e-05 0.0 0.019364406025762698 0.23917666166629373 0.7538991856994041 3.003759602211602e-06 1.4143412266350734e-05 -1.2014780518573019e-05 1.4871362825933455e-05 0.0
0.062211067084248575 0.28107375036308563 0.7774544448538754 -0.00020863592857120678 -0.00034765293397424966 0.00037873931804319715 2.517116347069814e-05 0.0 0.01936482262331546 0.23917703589059233 0.7538986668853183 2.9422668499442843e-07 1.989747496026608e-06 -1.652109369369476e-06 4.1448357028026745e-08 0.0
0.0622512263078194 0.28103851340693675 0.7772972096496926 -0.00010439675875696663 -8.251797365696695e-05 -6.988702470839617e-06 0.0002461689706014826 0.0 0.019361250115205567 0.23918109175244903 0.7539040349005459 -3.2022001445085943e-06 1.2514309959581445e-06 6.2357254402940325e-06 7.162477103261177e-06 0.0
0.062237411096225555 0.28106555873662087 0.7771930479632972 0.00011044634988980674 0.0001463361135871418 -0.000316428414974874 9.79312391592227e-05 0.0 0.01935531517114204 0.23918419205818775 0.7538982258907961 -6.189174811472495e-06 1.7909395162527342e-06 -2.1714361449391638e-06 1.020054505087605e-05 0.0
0.06223959096055796 0.28106249671830075 0.7771837178518797 1.9723785111579618e-05 2.833299363344554e-05 -4.558023164865282e-05 4.707933791518455e-06 0.0 0.0193533710013257 0.23918518873552166 0.7538959948971031 -3.6696225271646993e-06 8.030492458998021e-07 -2.895848337528125e-06 2.787814514454516e-06 0.0
0.06224260730965071 0.28105335952474136 0.7771593187526785 3.0708596176748863e-06 -5.249923219113383e-06 -5.516915865596602e-06 2.2051554792093575e-05 0.0 0.019357326830859778 0.2391832185278409 0.7539020637064036 3.849069448008308e-06 6.913357601032632e-08 2.1428431997571794e-06 6.610625059033886e-06 0.0
0.06224350567625585 0.28104914334360176 0.7771569908221067 4.336293099166554e-06 -1.4749538764587174e-05 6.083529162478181e-06 9.641834581273934e-06 0.0 0.019358555066120414 0.2391821208740755 0.7539044440463583 3.559768138644419e-06 -6.505445766222074e-07 2.6401581725243338e-06 3.530384518779522e-06 0.0
0.06224463586693085 0.2810437542238919 0.7771583058853558 4.723145177975092e-06 -1.472937204313429e-05 2.2992401952902928e-06 7.090014381031767e-06 0.0 0.01935735434651235 0.23918243967419212 0.7539034055931759 1.1538292389386856e-07 -7.646056258276569e-07 7.479149686228718e-07 1.733030022760816e-06 0.0
