0.062343752604259894 0.27915644824066127 0.7630288165428696 0.0 0.0 0.0 0.0 0.0 -0.01607454405187376 0.27866863197632213 0.7638233514053709 0.0 0.0 0.0 1.0430332945379674e-06 0.0
0.06234081413551283 0.2791699179857217 0.7629816756871656 -2.938468747062939e-06 1.3469745060445959e-05 -4.714085570400872e-05 4.911546504999261e-05 0.0 -0.016082259201843623 0.2786559441902847 0.7638310513900498 -7.715149969864804e-06 -1.2687786037413051e-05 7.699984678866123e-06 1.2270497344282608e-05 0.0
0.062343753109338144 0.2791720072878315 0.7629706743433489 2.938973825312996e-06 2.089302109764546e-06 -1.100134381670781e-05 1.1577232666969971e-05 0.0 -0.016082279337041414 0.2786454003084625 0.7638303119952382 -2.0135197790344117e-08 -1.054388182220034e-05 -7.393948115996807e-07 1.2894882414761882e-05 0.0
0.062344518482182094 0.27917699606129737 0.7629597270667549 7.653728439499519e-07 4.988773465885998e-06 -1.0947276594008848e-05 1.205473023795714e-05 0.0 -0.016076593329978177 0.2786382417568284 0.7638303784902615 5.686007063236687e-06 -7.158551634134369e-06 6.649502326538936e-08 1.1068428876166226e-05 0.0
0.062360638409504676 0.2791987076028878 0.7629330776376811 1.5513553695625874e-05 2.227706615979499e-05 -2.8645072462540496e-05 3.7966237172948146e-05 0.0 -0.0160660136551849 0.2786351788097253 0.7638293756340115 1.0314311432804899e-05 -3.249505855202565e-06 -4.813541938169482e-07 5.95839614067018e-06 0.0
0.06236901877171872 0.27918105909335195 0.7629452717460917 9.32609755777288e-06 -1.6656373843256002e-05 1.1480212914804723e-05 2.303034171705169e-05 0.0 -0.016040264296737862 0.2786382016323531 0.7638270896807122 2.5607757125971554e-05 2.9969505922401954e-06 -2.4685533816800478e-06 2.7680025146845102e-05 0.0
0.062364056923898396 0.2791748977031468 0.7629550455183014 -4.8291730740331645e-06 -1.0293220765744233e-05 1.0227429511908045e-05 1.248567017727269e-05 0.0 -0.016022533027222625 0.278628290003808 0.7638257575762893 1.908502181350547e-05 -9.113808649024365e-06 -8.674692875318078e-07 2.237679536983895e-05 0.0
0.06236176767175869 0.2791717685928465 0.7629630925042223 -4.966156393294765e-06 -4.789810947327623e-06 1.1646975495089447e-05 9.278522404081766e-06 0.0 -0.016020671915135978 0.2786298675547327 0.7638201881900314 2.146503827421633e-06 -9.896797915579009e-07 -5.547588448263533e-06 4.418868695953086e-06 0.0
0.062366522987197075 0.2791634553211396 0.7629618571059577 1.0544120822813602e-06 -6.47545237983588e-06 -2.7359881470780634e-06 1.1761350366212708e-05 0.0 -0.016020549810724073 0.2786204764756385 0.7638177973345696 -4.4349917316932715e-06 -9.381896267764397e-06 -2.670297533871087e-06 9.466729134148899e-06 0.0
0.06236280370765809 0.279126976789905 0.7629139976946868 -1.4554389470522386e-06 -3.163716045118783e-05 -4.233707370548498e-05 5.969595371260563e-05 0.0 -0.016010902673716635 0.2785775170713594 0.7638074303423358 4.793100095946605e-06 -3.917904552227361e-05 -9.69417958158475e-06 4.587212263373961e-05 0.0
0.06236652150113021 0.2790681127480336 0.7628852714462511 3.929285129050219e-06 -5.773976413223499e-05 -4.2299150057130976e-05 6.630495110252277e-05 0.0 -0.01586134127038764 0.2780514578202707 0.7634565479021492 0.00013061562162533993 -0.00046299806338888485 -0.0003033736872596939 0.000645325910486658 0.0
0.062379708355739104 0.2790420706866687 0.7628642087205825 1.400609705490334e-05 -3.7003103339262174e-05 -2.621775291665976e-05 3.521492058760319e-05 0.0 -0.015614072265259486 0.275406886752995 0.7613870926324888 0.0002567566203014875 -0.0024170100715546787 -0.0018753094289048749 0.003359714087857779 0.0
0.06235067089965215 0.27893049509242523 0.7627477849562552 -2.2121669554266164e-05 -0.00010025528600053433 -9.576366890464181e-05 0.00016103818446115977 0.0 -0.015885693631813365 0.2709264240737457 0.7579170550738165 -0.00016471196064444708 -0.004578473094668233 -0.003556284626457931 0.005722190656019783 0.0
0.062341532253623 0.2788249403593364 0.7626620689309604 -1.761635083962674e-05 -0.00011071004022587297 -9.768631425294326e-05 0.00014273622665190427 0.0 -0.016648169890406694 0.2669885103853026 0.7546240598844125 -0.0007557119776113783 -0.004528029930604795 -0.0037238590933621326 0.005181152251659354 0.0
0.062288643089430835 0.27873335499922797 0.762567150450834 -4.8794213014145975e-05 -9.821479958200016e-05 -9.836269445068385e-05 0.00013817995760116074 0.0 -0.01721612353831294 0.2658909691468654 0.7530747010946942 -0.0007424614790470035 -0.0015971252923586534 -0.0019093155486587488 0.0019086393578689692 0.0
0.06220180722049042 0.27859313094430793 0.7624348919211538 -8.676350839920107e-05 -0.00013167141669985578 -0.00012717876859148503 0.00020860466154079714 0.0 -0.017119605076877056 0.26568189313435686 0.7525447266342187 -5.1257766695929835e-05 0.0003687884512164959 -0.00021860013960073074 0.0005422903213255257 0.0
0.06216025373714511 0.2785406750510765 0.7623997134393118 -5.5757276017881845e-05 -6.702590181676297e-05 -5.082024378464272e-05 8.222273425925267e-05 0.0 -0.016933954881216025 0.2656253256821518 0.7524411353114345 0.00032813951354664024 0.0007537922967119605 0.00047805243514381694 0.000347023688866803 0.0
0.06212557678092129 0.27846253075057614 0.7623478760292893 -3.090077928104458e-05 -6.268146092239684e-05 -3.312616372619392e-05 9.436109908180751e-05 0.0 -0.016767131211391215 0.26557769113910645 0.752402883185586 0.0003633335747632924 0.0001851789751989389 0.00024087970337362036 0.0002037524046151661 0.0
0.06212385875913132 0.2783809874489246 0.7622524684360825 3.3467058501148123e-06 -7.268934666343301e-05 -8.028460043575478e-05 0.0001263730039638411 0.0 -0.016530309946074608 0.26553670130793494 0.7523708782721472 0.000274153358534363 -0.00046096807948462816 -0.0002539407821481995 0.00015901478792955284 0.0
0.0621255991852202 0.2783216707123867 0.7621906179780885 1.0622559003026728e-05 -6.901118613138734e-05 -7.75983576495582e-05 9.090551673655289e-05 0.0 -0.01638075920495583 0.26555429471694386 0.7523876016569253 5.9687157034168844e-05 -0.00046294471063156907 -0.00033336721916917824 0.0001235692562595544 0.0
0.06213645072208375 0.2783105669728319 0.7621438485458562 1.4865587304065e-05 -1.846320022932695e-05 -5.26045839737402e-05 4.4427302320948996e-05 0.0 -0.016257727461385013 0.2655541051318542 0.7524183697667483 1.7743948881268287e-05 -7.35474615347325e-05 -0.00010009765223654597 0.0001650923514468789 0.0
0.06214031632590917 0.2783064599748276 0.7621175208667602 -9.311350525274465e-07 2.511118271866249e-07 -3.060274749878259e-05 2.4741688861387067e-05 0.0 -0.016227091433487127 0.26555891610446325 0.7524113611115844 3.002458399225562e-05 0.0001858735772145661 7.451467711851872e-05 3.657378953113993e-05 0.0
0.06213841845222737 0.27830540507268525 0.7621000918013225 -7.44544460066599e-06 3.6655893106504625e-06 -1.2114137463906604e-05 2.2645996923323228e-05 0.0 -0.016229468950802017 0.2655491774695944 0.7524163486170738 2.7441220536135696e-05 5.073465619361548e-05 6.0914224928630646e-05 8.900991531256893e-06 0.0
0.062138154421875265 0.2783061047100723 0.7620831918586887 -2.3352420384115813e-06 6.484931838425284e-06 -5.295795114763888e-06 1.5568218772013266e-05 0.0 -0.01626255985032887 0.2655012381358735 0.7523882300464837 -3.655297878260973e-05 -3.9225218406756566e-05 -1.8289412397987721e-06 6.354887266433584e-05 0.0
0.06213341562476557 0.27830075618819344 0.7620709186451542 -5.562943183731887e-06 -1.206077415282527e-05 -1.6933505323245245e-05 1.3164593808776765e-05 0.0 -0.016397317229659293 0.2654410578567581 0.7521924592650868 -0.00012041896273349485 -6.875955588948163e-05 -0.00017643977361097841 0.00024388329094906863 0.0
0.06212242252260452 0.2782979626460979 0.7620384102934545 -8.441110750967333e-06 -9.281387472402736e-06 -3.557742051012236e-05 3.443465110397865e-05 0.0 -0.016800442525502175 0.2653858106495512 0.7517370189526099 -0.0003666329156508686 -6.126612597388863e-05 -0.0004443336446082235 0.0006117444020026282 0.0
0.06211633478338995 0.2783050610538642 0.7620043963213766 -6.8967274345202686e-06 5.4987908957055694e-06 -3.654868804002222e-05 3.607747252522197e-05 0.0 -0.017107076441926296 0.2653414612852687 0.7514508565602438 -0.0003650553227326608 -4.1486647268176064e-05 -0.0003614958473648841 0.0004278730881608261 0.0
0.06211197153091596 0.27830583334869186 0.7619826551946712 -3.581322955558808e-06 6.276811549012554e-06 -2.61395547807088e-05 2.186817138877279e-05 0.0 -0.017391828470553643 0.2652805975827674 0.7511625062406002 -0.00030187906939282044 -5.290169604182826e-05 -0.0002922839906576002 0.00039343676061311074 0.0
0.06210966769159427 0.2783102912395836 0.7619463650047259 -1.9340853551762186e-06 5.095336800077546e-06 -3.179291451903428e-05 3.578302429939192e-05 0.0 -0.017783236219166814 0.26524206016108437 0.7508349791450645 -0.000355699815728085 -3.7622939277351007e-05 -0.00028631931787562724 0.0005164170095299554 0.0
0.062114872977484144 0.2783229339838044 0.7619173777593644 5.194996318738965e-06 1.1755327956907911e-05 -2.8547014156100574e-05 3.33451839742543e-05 0.0 -0.01817204937079568 0.2651715735643318 0.7505120039228703 -0.0003699949056839556 -6.479156006889135e-05 -0.0002893942256180722 0.0005251958119230481 1.0
0.062118003637378294 0.2783278010369459 0.7619021573442692 5.018918719797109e-06 6.624450552083257e-06 -1.593091207512215e-05 1.6256281021628665e-05 0.0 -0.018450511870024854 0.2651189886275604 0.7502280222036909 -0.00029214827475929593 -6.094492162955236e-05 -0.00028603091058505793 0.0003947973457943642 1.0
0.062118762409952025 0.2783244308000645 0.7618737703982272 8.550700651368382e-07 -3.090479323734606e-06 -2.4140283325820347e-05 2.7197075559531506e-05 0.0 -0.01874483410925815 0.264860152756385 0.749888122542968 -0.0002913987664008433 -0.00023141491169519884 -0.00035034736957292845 0.0005045487060454505 1.0
0.06211711668340778 0.2783227123812017 0.7618657240137595 -2.7283482020692195e-06 -3.738603156138441e-06 -1.2324684650258554e-05 9.850694907143317e-06 0.0 -0.01866202161780973 0.2647333973204206 0.7498561624062469 2.8369894821045127e-05 -0.0001727200125077918 -9.499816490902079e-05 0.00017409090895940878 1.0
0.06210964957290914 0.27830966049861616 0.7618516342810631 -7.811858493844858e-06 -1.2529840347797721e-05 -1.1526305971557489e-05 1.9952204229890654e-05 0.0 -0.018492849336074934 0.2647181949382423 0.7498243174023281 0.00022443127325634705 -3.548745880407536e-05 2.0046750316397193e-05 0.0001583191623393932 1.0
0.0621004549617959 0.2783014161632029 0.7618495025045244 -1.0457912679743018e-05 -1.084840797071831e-05 -3.1125898247304253e-06 1.2669963867814072e-05 0.0 -0.018444898733128094 0.2646974440890999 0.7497790239102686 0.00011537564360672518 1.17025599533618e-05 -9.767048837598777e-06 7.558252161595175e-05 1.0
0.062077667762552864 0.2782825277000887 0.7618390033679951 -2.1340936571723827e-05 -1.644348298701473e-05 -9.514437880848348e-06 3.1167907480581045e-05 0.0 -0.018400806073065226 0.26469722853476024 0.7497950198343676 2.18060169551463e-05 2.8641421330048642e-05 4.1634147616976505e-06 4.989287152190478e-05 1.0
0.06206798459556028 0.2782665282941615 0.7618355715237051 -1.2681719641839615e-05 -1.6074508047856974e-05 -4.439946826955004e-06 1.9789980660386327e-05 0.0 -0.018464770440628123 0.2649238081597521 0.749836515192127 -9.769705795358534e-05 0.0002010419342877774 2.194337054260893e-05 0.00023436766873803763 1.0
0.06205590537695838 0.2781906481403968 0.7617919425639056 -1.0909798708152129e-05 -6.788025475726217e-05 -3.8152668776311474e-05 8.655736432554282e-05 0.0 -0.018533504082715434 0.2653214821652512 0.7499272875600905 -0.00011798071521799285 0.00038924063049376896 7.015587779886606e-05 0.00041397396337589944 1.0
0.062080652114980664 0.27811974046202925 0.7617353211745239 2.1331399847861946e-05 -7.973450703688457e-05 -6.128599388343511e-05 9.68557620652637e-05 0.0 -0.01843525739243241 0.26594650698119343 0.7505540225452142 5.909947066451822e-05 0.0006190053601385884 0.0005551494274446743 0.0008924635169657636 1.0
0.06209180199572659 0.27810438466212895 0.7617142018896346 1.9271471292628393e-05 -2.9004842348996946e-05 -3.167662781269946e-05 2.7200946420940204e-05 0.0 -0.018184476904013473 0.2664750296303033 0.7510179872950775 0.0002894099844242057 0.0006019085358784058 0.0005861715906652064 0.000751618039083795 1.0
0.0620818348993876 0.27804863763795495 0.7616414350251276 -4.789642069714841e-06 -4.172149907769708e-05 -6.244741361245274e-05 8.863008345554783e-05 0.0 -0.017940595832504673 0.2670031832678274 0.7514992969794251 0.0003041720204428295 0.0005275757701314242 0.0005130581065585212 0.0007403502636929659 1.0
0.06209092418050504 0.2780357428756092 0.7616216156359247 8.017963413018206e-07 -1.2304500629152264e-05 -2.636549074300733e-05 3.100967591762382e-05 0.0 -0.017399330440792473 0.267333501909114 0.7519559267592395 0.0005184489893764561 0.00030977437038796045 0.000434475114109315 0.0007858356336321921 1.0
0.062092980545517915 0.27803108381675895 0.7616130650305807 -1.037320941245282e-06 -4.4983030235434833e-07 -4.744566773582464e-06 7.916110793376625e-06 0.0 -0.01715538895509398 0.2673301466967689 0.7521050827231449 0.0003132775874251873 -2.125156557514156e-05 0.0001421218609381793 0.0003014089007065324 1.0
0.06208600716784358 0.2780151223197827 0.7616021845211073 -5.542120251445515e-06 -1.2697395077196751e-05 -3.6801819736220623e-06 1.8200624171686496e-05 0.0 -0.016905706121988183 0.2672729040262043 0.7521677228285026 0.00020623274422836902 -0.00011837595751717608 -4.2193155426305595e-06 0.0002456234888890878 1.0
0.062072370621794486 0.27798693216495246 0.7615728065954845 -1.2209281829568549e-05 -3.2723367758158e-05 -2.6968910756778584e-05 4.556109674800802e-05 0.0 -0.016119962692353447 0.267060857142397 0.7523434265023028 0.0006594461463525069 -0.00021961356274045876 0.00012150171816867062 0.000831349124723477 1.0
0.06206093430547706 0.27798075834838276 0.7615674673327368 -1.0855715665249993e-05 -1.2819807395896614e-05 -1.3032314552146733e-05 1.536275562990319e-05 0.0 -0.015439582191017761 0.2668224716636638 0.7525600291767012 0.0007556410055306004 -0.00022801552160923798 0.0002565282999849248 0.0007855746133056249 1.0
0.062048969033659584 0.2779975278672589 0.7615331578499718 -1.422811629494304e-05 1.4847709086124374e-05 -3.186128735800494e-05 3.52520375021934e-05 0.0 -0.01442091312990108 0.26642364467358925 0.7530533615710473 0.0010317569257770932 -0.00035712776014035024 0.0004921988554884329 0.001163811341897283 1.0
0.06202557448984115 0.27796502301614845 0.761472947992951 -2.181175695108397e-05 -2.2633601462862305e-05 -6.27294967819822e-05 7.542572723226275e-05 0.0 -0.013685018786687979 0.2657503915897162 0.7534942353554335 0.0008339659951007673 -0.0006231215208721753 0.0005296760686479886 0.0010962696778497347 1.0
0.06202963742335953 0.27793733578104446 0.76142483197938 1.3447698934071444e-06 -2.746963697702564e-05 -5.1477147533632035e-05 5.689657414193269e-05 0.0 -0.013157630310509219 0.26505688953534606 0.7537830905364641 0.0005326662080698125 -0.0007405396699174778 0.00033542469256632966 0.0009269320472761111 1.0
0.062020503313100925 0.277911399662215 0.7613904428487009 -4.770698043200758e-06 -3.1668423926995466e-05 -3.744293747349583e-05 4.1520661777276013e-05 0.0 -0.012538993878304745 0.26414834508797713 0.7542217135929195 0.00048173604996956605 -0.000920842926704713 0.0003547242888126899 0.0011738933647606718 1.0
0.06200174742410149 0.27791923603653157 0.7613634447518804 -1.6656398908367064e-05 -8.708313047352088e-07 -2.4165772483242673e-05 3.3578926089485354e-05 0.0 -0.012202060586542418 0.26355771094659447 0.754528809672974 0.0003382165553797265 -0.0006537221461265475 0.0002923139752272704 0.0007629532757925021 1.0
0.06198133172786367 0.2779274722939692 0.7613459002771936 -2.254751934088907e-05 1.4474563531278049e-05 -1.2734766288963498e-05 3.0173083444836985e-05 0.0 -0.011948074211842812 0.26303638305978155 0.7547134993507518 0.0002708606259329526 -0.0004833837903247207 0.000188746571272469 0.0005968508696796366 1.0
0.06189242176547898 0.27783456397507217 0.7612429870538334 -8.192109576420775e-05 -6.908837780276868e-05 -8.536064522891685e-05 0.00016286047172838516 0.0 -0.010921220343240149 0.26197652782239766 0.7551407518020105 0.0009054786844384217 -0.0009088174488048462 0.00037838342122494353 0.0015183494688752385 1.0
0.06188043761248714 0.2778067260830642 0.7612126203045301 -3.396815362774666e-05 -4.9771753827144093e-05 -5.5686419561530966e-05 4.7863609689923804e-05 0.0 -0.010234829408459876 0.26162752130779965 0.7553178090937711 0.0008712129430515013 -0.0005044674457726284 0.0002522043365622057 0.00084662209833392 1.0
0.06186743773289943 0.2777731329774783 0.7611944422674121 -9.291219674613853e-06 -4.2599435284657965e-05 -2.3863633399557893e-05 3.2552422459277436e-05 0.0 -0.009261591482575974 0.26119005796013006 0.7554744970776299 0.0009776343953720812 -0.00041825723986986134 0.00014975698993805017 0.0010200659468131005 1.0
0.06184808524111317 0.2777199754361111 0.761164606443897 -6.173100169098073e-06 -4.6101025782532906e-05 -1.8484946887112726e-05 6.565283544464471e-05 0.0 -0.007972004168145275 0.2601093179048558 0.7556001924918547 0.001261632493442868 -0.000950578303037798 0.00010769426331024451 0.0016887288018265355 1.0
0.06181949479536087 0.2776991673389135 0.7611531185179327 -2.2763827587009493e-05 -1.9905767122366667e-05 -6.4564284270322e-06 4.296120528810338e-05 0.0 -0.006998354985059262 0.2587717613266328 0.7556847583262899 0.0010444102215989774 -0.0013786893234250942 8.452524060581311e-05 0.001708049861532874 1.0
0.06179466694355798 0.2776946963019556 0.7611400074585615 -2.886639271561826e-05 1.0852767749777202e-06 -1.0107169643255437e-05 2.5433825515089546e-05 0.0 -0.006287859261015638 0.2575193433465666 0.7559490335873531 0.0006829865436756578 -0.0013726353401604789 0.00022191922183260085 0.0014340339439903084 1.0
0.061769190188629156 0.2777028443289218 0.7611173291272664 -3.229907430490809e-05 8.252593802923344e-06 -2.5503380413519458e-05 3.1157257637136926e-05 0.0 -0.005043132096451029 0.2560696039533469 0.756099961730598 0.0010848726332626205 -0.001487165797178425 0.00020087672185050516 0.0018794021228762245 1.0
0.06175892233765581 0.27772577411995547 0.7610307916007489 -1.70045054684797e-05 1.9097076931372226e-05 -8.58738570383379e-05 9.442805835367684e-05 0.0 -0.0037251568462773233 0.2550999749470447 0.7553124836434515 0.0013545176080984264 -0.0010338443632093384 -0.0006246727117197846 0.0018767951059370925 1.0
0.06176679765297334 0.27771342644456093 0.7609926737766208 1.4248496909656627e-05 -2.4220953256290617e-07 -5.075707891416779e-05 4.17888669307636e-05 0.0 -0.002647276767400332 0.25394659409318787 0.7544479621839655 0.001159938604536121 -0.0009504369014091563 -0.0010109976502972998 0.0017789388975380793 1.0
0.061754833730529195 0.2776888138251391 0.7609405079045896 -4.259061127189225e-06 -3.0710546126389075e-05 -5.161340682090052e-05 5.441966546727699e-05 0.0 -0.002202140339493184 0.2528737973287861 0.7541819633810886 0.0005792723835172018 -0.0010361321005219017 -0.0004890049683032051 0.0011789501511683042 1.0
0.061745070222456074 0.2777217509320073 0.7608715394618288 -1.1319979620620059e-05 1.444578773997123e-05 -6.270217009519822e-05 7.912312430610288e-05 0.0 -0.0018168723693080884 0.2518625970541506 0.7541409828765742 0.00027606885156727327 -0.0010634797783761812 -5.309177641248472e-06 0.0010793649229242886 1.0
0.06173875953987361 0.2777244985845485 0.7608448188906788 -1.090737842077328e-05 1.3299882817310333e-05 -2.8785077685630077e-05 3.001387975600028e-05 0.0 -0.001483140009004431 0.25128984511190505 0.7541017472182334 0.0001809514221526705 -0.0006610031720025685 0.00015577710790860152 0.0006887246540346517 1.0
0.061722695837430286 0.2776728720022871 0.7608040856742027 -1.6688902080412884e-05 -3.83398618458747e-05 -3.342839665860981e-05 6.411029123454658e-05 0.0 -0.0010520256462709797 0.2505821934111082 0.7540182261952317 0.00039396335316121565 -0.0006380345705306015 5.6428492764247615e-05 0.0008158122402053762 1.0
0.0617294715703234 0.27765797257343394 0.7607956468986772 2.5399041105481403e-06 -2.637679763471106e-05 -1.302242549685811e-05 2.0324071686673715e-05 0.0 -0.0007255645762546832 0.250116920825629 0.7540011974080737 0.0004651680216518165 -0.0004749026329699533 -7.842560943826767e-05 0.0005815179169241043 1.0
0.06173266702519121 0.2776479315972588 0.7607892523964551 8.245033864246517e-06 -1.4840392668781099e-05 -6.014986041291959e-06 1.2145585919576698e-05 0.0 -0.0004895595805872252 0.2497719050851336 0.754040196993662 0.00031637028577643383 -0.000321219639232309 -0.00010532969853003702 0.00040378553225835787 1.0
0.0617259600409885 0.27761746549951305 0.7607232244756084 -2.075209235910722e-06 -2.7296642071592723e-05 -5.21390396841413e-05 7.158014860866033e-05 0.0 -0.00035230438568566744 0.2483426700469314 0.7541447277468287 0.00012528536376577633 -0.0012887909476998142 7.913856264818388e-05 0.001433158326435412 1.0
0.061728115277870116 0.2775539382120492 0.7606555608463167 -1.784580369317833e-06 -5.4912385909435835e-05 -7.900794711015438e-05 9.561158376954296e-05 0.0 0.00039382941261548643 0.24680316811703812 0.75402173024691 0.0005867981903970636 -0.0016851756326462341 -3.084924409511999e-05 0.0017515531886397014 1.0
0.06173629078968787 0.277505147561232 0.7606300378045661 6.30814124254884e-06 -5.204731502979876e-05 -4.2218710383333803e-05 5.528108895160067e-05 0.0 0.001194092605211651 0.24566692544133548 0.7539419217919501 0.0008636913677142111 -0.0013501273699425352 -9.627458384839146e-05 0.0013783429774971605 1.0
0.061726818184454656 0.2774466975670377 0.7605819556188816 -6.45952924001569e-06 -6.437335739174768e-05 -3.912393257711705e-05 7.177445289292221e-05 0.0 0.0020660667527369917 0.24496314100453132 0.7532668685357388 0.0009564009598880777 -0.0007218821544166417 -0.0006229164014589449 0.0012657833350500224 1.0
0.061734806900086335 0.27742089870260295 0.7605618615216635 4.058867630786038e-06 -3.279637717361903e-05 -1.821586341461332e-05 3.83004346317698e-05 0.0 0.003413623913326012 0.24491984601013758 0.7528158574036264 0.0013221483131487732 4.898438793404455e-05 -0.000576488647938513 0.0014535786837223418 1.0
0.06170321479675182 0.27738547090158966 0.7605488730014417 -2.391906454381383e-05 -2.3209445144742818e-05 -4.937162743507957e-06 4.8296685991965475e-05 0.0 0.004463411701355595 0.24476787290518204 0.7524813175523352 0.0011149816128730122 0.00013373009984459297 -0.0003726161620125272 0.0011423392507888559 1.0
0.06161808177352126 0.27732312335957227 0.7605042534873299 -8.254842432039876e-05 -5.372895527969505e-05 -3.868447902205435e-05 0.0001135191137270009 0.0 0.0049443702134218245 0.24399046502254113 0.752313982957655 0.0005112647757580678 -0.0006314528058858323 -0.00012729469424675009 0.0008910938273862836 1.0
0.06158831888102114 0.27727796808627003 0.7604747124226482 -4.969474352950753e-05 -5.4132300329648896e-05 -4.1265271721263984e-05 6.441846748453801e-05 0.0 0.006302417126968695 0.24460779676080607 0.7510560943321776 0.0010929078195397216 0.00016695492475911323 -0.0010087872757164108 0.0019402649066336717 1.0
0.06155343916167521 0.27720080346672493 0.7604035073247777 -3.2233024339427976e-05 -7.804649151229136e-05 -6.80498273398228e-05 0.00010641037578856344 0.0 0.006444998469136233 0.24391060206368206 0.7503260080570343 0.0003623003262690093 -0.0005011052948200212 -0.000921455860786597 0.0010812854140791032 1.0
0.061516668643241276 0.2771552356473118 0.7603567174227844 -2.7900390103917357e-05 -5.3432089750405065e-05 -5.4289574177147446e-05 7.699976447863776e-05 0.0 0.006453895295461342 0.24317784722645305 0.7499709649465945 -5.083046578752994e-05 -0.0007705790607573633 -0.0004875185882079946 0.000750300383662001 1.0
0.06144895025028281 0.2770253562794388 0.7602673611250127 -5.718814403422189e-05 -0.00011505839524456212 -8.458255493380964e-05 0.00017135058654328813 0.0 0.006463670127664893 0.2433598374419371 0.7496036276843377 -7.753507337724243e-05 -2.1089135021179527e-05 -0.0003187260898775136 0.0004133443316807299 1.0
0.06143617578801697 0.27698603145320916 0.7602509024918731 -2.36818127162006e-05 -5.693320566768846e-05 -2.6415507410455758e-05 4.8102321415394416e-05 0.0 0.006386829196927193 0.2435041944136168 0.7496902083456557 -7.206096197289293e-05 0.00025258863923962726 0.00016471714087859057 0.00022042870117952866 1.0
0.0613615654091949 0.27693578204019215 0.7601539643189676 -6.867362307095031e-05 -4.5180321105746354e-05 -7.716923958300585e-05 0.0001241543074189955 0.0 0.006285958921633148 0.24350631223399974 0.7496097678130322 -9.416154387699395e-05 0.00011912986757033308 6.358448411114163e-05 0.00012633630308178548 1.0
0.06130613831389402 0.2767556019332357 0.7599807773141352 -6.393244448644377e-05 -0.00015441422353118235 -0.00016576997255990215 0.00026161682124595215 0.0 0.0059621682638992075 0.2430673188145153 0.7497780979242874 -0.00023259325544256327 -0.0003368660818169769 0.00010531304605469315 0.0005402598357749199 1.0
0.061277740685275986 0.2766976434307066 0.7598408904669824 -3.0050373653045596e-05 -8.860940410873422e-05 -0.00016199660829791234 0.00015839022505367226 0.0 0.005861238911204227 0.24273017686626333 0.7496419017729332 -8.0514734391551e-05 -0.0003991955664610703 -0.00019361553840829604 0.0004132620157541793 1.0
0.061297856677373565 0.27667563892117003 0.7596993195005725 1.6878918879902577e-05 -2.8704215896840656e-05 -0.00015181592554016677 0.0001356950036057363 0.0 0.006246861448126091 0.24274085052960126 0.7500311100640751 0.0002445149869863448 -0.0002499017309166995 0.0002953817981810908 0.0005161311666596277 1.0
0.0613282431007588 0.2766534086659388 0.7596567985849574 3.987630627277693e-05 -6.452526439017337e-06 -4.9884217084272296e-05 5.753746374520336e-05 0.0 0.006369221686559745 0.24263063671167615 0.7503800456051588 0.0002560053964603331 -2.6989106034282315e-05 0.0003925788873714824 0.00039727958805828626 1.0
0.061334181806028926 0.2766489453699146 0.7596188071708764 1.786307077696361e-05 3.2792513794764256e-06 -1.4327058841420553e-05 4.452812714487676e-05 0.0 0.006515830206325057 0.2426294596061288 0.7507446161378387 0.00018831340769440955 0.00012655876072922205 0.00040746369319569816 0.00039634423913140584 1.0
0.06134287102892205 0.2766392397974869 0.7595919058417502 6.396279001072006e-06 7.349178158508373e-07 -5.951291731601324e-06 2.820247423241038e-05 0.0 0.006627537738389185 0.24271107417843027 0.7507985558063744 8.228523797501117e-05 0.00010029058311590588 0.00013404771103278605 0.0001531354930676396 1.0
0.0613364057426869 0.276604928681817 0.7596310515473237 -1.833018248630512e-05 -4.325891914588311e-05 2.412857860122343e-05 5.037655121261699e-05 0.0 0.006748108828336506 0.24262237739423448 0.7510110916630702 5.33819177901704e-05 -8.616833505672907e-05 0.00011367341777099879 0.0002451239804682057 1.0
0.06134835606346356 0.27658411183874904 0.7596108643129744 3.275791841818567e-06 -4.0509726162357324e-05 -1.5691625266795123e-05 3.3642456727468495e-05 0.0 0.0068822258574562966 0.2426834292673279 0.7510452444454819 9.091222616282066e-05 -2.7022100462857732e-05 2.071717475822861e-05 0.00016820160188020817 1.0
0.061361629176865266 0.276498787974441 0.7595449338301148 1.656335097126891e-05 -7.05917641942112e-05 -6.689131125682944e-05 0.00010489568462563784 0.0 0.007173719496477825 0.24294308668232956 0.7509472207391671 0.00030480007037964263 0.00023687023262157557 -0.00010993366989553807 0.00038979387789815417 1.0
0.06137213032485709 0.2764473304293263 0.7594927046967734 1.861138652496791e-05 -6.232738292717474e-05 -7.036685875014127e-05 7.869202525782313e-05 0.0 0.007279259130610024 0.24280150741266532 0.7504758021293045 0.0001937636721147881 -3.0226579665634833e-05 -0.0003945546945438677 0.000511622287937539 1.0
0.061385969653461894 0.2764017573610329 0.7594741224971671 1.5236380401336639e-05 -4.6917060858356195e-05 -2.7002102475250382e-05 4.832282491556576e-05 0.0 0.008764481181848867 0.24277685748528666 0.749992126720515 0.0012664024745569248 -7.554517836658643e-05 -0.0005399509995729491 0.001548299883417196 1.0
0.06136661533840268 0.2763480152738201 0.7594854441828723 -1.6577067285690136e-05 -4.533039835114295e-05 1.3109649795553078e-05 5.734155468756547e-05 0.0 0.012696059707383231 0.24380577198424846 0.7492813837531185 0.00375822568335461 0.0008565690263245191 -0.0007195836787764875 0.004134015488577612 1.0
0.06137435737012425 0.27637524922009377 0.7594131650623315 -1.8260406331173813e-06 1.9856242580092208e-05 -4.24801494043876e-05 7.984563243520516e-05 0.0 0.014195277106366477 0.24381087272156887 0.7483580241610919 0.0023382756010405584 0.00028895035396520367 -0.0009222219236717883 0.0018340002107361257 1.0
0.061377587073110036 0.2763563162620586 0.7593875738346874 2.5503405354588303e-06 -1.033906063204548e-06 -3.220896391190636e-05 3.3622121650748846e-05 0.0 0.012283159887417336 0.24224874322109508 0.748301931632445 -0.0014740606321634354 -0.0013527117639659733 -0.00017734993686457093 0.0023036804184880387 1.0
0.06134233867865037 0.2763114016341034 0.7594297093593 -2.5923470793662104e-05 -3.996181092776402e-05 2.0989306569982916e-05 6.581015455516399e-05 0.0 0.01216989576892297 0.24230711344580852 0.7480322076497297 -0.0012540426267942028 -0.0004820902144875459 -0.00011885994191002409 0.00040306695643969225 1.0
0.061250933996698446 0.2763158814651799 0.7593556231471568 -8.661602137545346e-05 -1.647090878230979e-05 -5.156427173486894e-05 0.000120953459589159 0.0 0.01236499891641068 0.24224166692595026 0.7474131009498345 -0.00034243193817884367 -9.70556180048956e-05 -0.00047860365803270566 0.0006535934828169695 1.0
0.06116391331810522 0.27625875844112646 0.7593711248417959 -9.992136049011058e-05 -4.885939793573814e-05 1.1705644571028751e-07 0.0001069946934461684 0.0 0.01218542701819981 0.24148935955694575 0.7465063002233007 0.00010670599055633147 -0.000508516742246405 -0.0009277256658587783 0.0012031805460482844 1.0
0.060938585649799884 0.2762340643270941 0.7592777253374414 -0.00021343773700600318 -3.467020503908384e-05 -7.398508505377074e-05 0.0002403880931288878 0.0 0.00954174583230699 0.2389393028326642 0.7465121301980454 -0.0017067400876569303 -0.0021747943493770003 -0.00026434904323129586 0.0036302751767596977 1.0
0.06079194631195042 0.27624510320224815 0.7592819293189399 -0.0001755066556155757 8.268033055720429e-06 -2.1582023647161504e-05 0.00015255393080216892 0.0 0.011167049014786014 0.23997729667783252 0.7471230281577699 0.0009718666003657112 0.00027310303934563695 0.0005461906156749688 0.0021223494955537117 1.0
0.06074496628930071 0.27620220164302967 0.7593126117306903 -5.614549176404439e-05 -2.2226216927698773e-05 2.5566227047009447e-05 6.659908705719774e-05 0.0 0.013207109341122026 0.24271210030432813 0.7476131749728001 0.0019573299538629715 0.002591720453274958 0.0007307991416587362 0.003254906507771782 1.0
0.06074518434344892 0.2761987431225836 0.7593006282711843 2.195097997238301e-05 -1.4225023972854555e-05 1.466356088926455e-05 1.0869617755512821e-05 0.0 0.0140282078972012 0.24398221613769439 0.7477936065316215 0.00131623443294305 0.002098626538714805 0.00040189120501387917 0.0016750218533339008 1.0
0.060761771428060295 0.27621979884369924 0.7592592029574161 4.3048043334992535e-05 1.6944784812491815e-05 -3.236739904536091e-05 5.2995641897686354e-05 0.0 0.015447699943221812 0.24587315335185267 0.7480545077295236 0.0015949140209815618 0.0021433957555898023 0.00012269847261482976 0.0023243739828588948 1.0
0.060768724456726396 0.276219778314993 0.759252023693791 1.7756160472110186e-05 9.125838163704354e-06 -2.9452816782282643e-05 1.3826610867257805e-05 0.0 0.015720877950633524 0.2464467544555277 0.7484672044906817 0.0002336601724418965 0.0005055746801385704 0.00020529858759338435 0.0008181714767541842 1.0
0.060771724118720526 0.27621977563028505 0.759248777890673 -1.0325944894211194e-05 -3.0423645463084197e-06 -6.3735475090372e-06 0.0 0.0 0.015859413148644586 0.24661672512701388 0.7487721529227377 -0.0003593937410988848 -0.0003948378403557916 0.0002778162069212519 0.0002922728672278039 1.0
0.06077309976062001 0.2762187696693555 0.7592479290600036 -2.4046310725219107e-05 -1.6629803483103828e-07 -3.6949061767965374e-06 3.474770691649226e-06 0.0 0.016240128962885875 0.2467163003054114 0.7493399325857769 4.4239004476781096e-05 -0.0002916845834547352 0.0006313248898066372 0.0007349749906520983 1.0
0.060766061730357944 0.27621435432612723 0.7592368042619306 -7.778739741715616e-06 -6.815793241094641e-06 4.333163385630777e-06 1.555451109540258e-05 0.0 0.017110802113349165 0.24680124629805003 0.7500770400071924 0.0011733868895026007 0.00034141112826463786 0.0008021125351627723 0.0011410741985646814 1.0
0.060738909524086754 0.2762094037553231 0.7592110753598615 -1.9736840900790178e-05 -1.0003555509360905e-05 -2.295986467746965e-05 3.8154005802031965e-05 0.0 0.017862091033288487 0.24690489367626184 0.7505995019735177 0.0009582636274592105 0.0002884919733019825 0.0005820949984732081 0.0009532192895225348 1.0
0.060691918124939084 0.2762007392535711 0.7592161022143531 -4.364301045189347e-05 -4.172562945137317e-06 -8.823493963217572e-06 4.671858846222393e-05 0.0 0.018411934074318896 0.24711947404807824 0.7507964434861073 0.0006450535143879888 0.0002463810810063535 0.00020642920492926382 0.0005448988741669513 1.0
0.06057461370364601 0.27612264354782406 0.7592544320153722 -0.00011084303495224263 -6.683142370143028e-05 3.319623703863674e-05 0.0001455758578964632 0.0 0.0186528201863299 0.24751035622769196 0.7505711567581091 0.00028573229526345444 0.0004842010920551867 -0.0002475704719554639 0.0005479795477356482 1.0
0.06051980360291885 0.2760765269972795 0.7592638726810237 -7.572443312226381e-05 -6.199685222340927e-05 2.5061454240852e-05 7.564277055081359e-05 0.0 0.018681280751279738 0.24754121682128014 0.750565620999327 -0.0001558584949214101 3.881234313574816e-05 -0.00016324351650358774 6.493264398573168e-05 1.0
0.060441064328286595 0.2760104956242886 0.7592807343568722 -7.271024691734458e-05 -6.673873751391756e-05 1.8279364880023493e-05 9.902225987592186e-05 0.0 0.01870049482093497 0.2475488190801615 0.7505653182873795 -9.262257788296809e-05 -4.684957097173426e-05 -2.7299663846362752e-05 2.1404401237255267e-06 1.0
0.05981977434646743 0.2755334195044329 0.7595069183470085 -0.0005367722124837523 -0.0004175387695552142 0.00019293552568961855 0.0008110266969926003 0.0 0.018774910025754907 0.2475681565368128 0.750534850578634 8.089403887166132e-05 -4.5864736939024866e-05 6.715419306651312e-05 8.057918072911066e-05 1.0
0.05927913904827963 0.2750898062725358 0.7598070554584861 -0.00062386193608923 -0.0005024729186739699 0.00031377716024528395 0.0007865997809899801 0.0 0.018795261279007366 0.24758420001629658 0.7505069821883624 0.00011693169897112428 -1.1985919161266449e-05 5.025054064603657e-05 4.9099829018367665e-05 1.0
0.05860910131536641 0.27444005614999845 0.7601230051409019 -0.0007066074354810998 -0.0006622865294559851 0.00034779944698272095 0.0009587250781481886 0.0 0.018844501629868927 0.24757685150681052 0.7504833013694532 8.519256786631473e-05 1.3819664735493894e-05 -2.1043624884637194e-05 4.462721807909037e-05 1.0
0.05733693011556369 0.2731311471833255 0.7605776299394147 -0.001199742482571041 -0.001241447181854854 0.00045000421568251704 0.0018714470715414202 0.0 0.018950330054636335 0.24758151866574835 0.7504145416079863 0.00010438732447341694 4.0167295346950235e-05 -0.00010068246917853462 0.0001221702935583636 1.0
0.05448026525866771 0.2698994401260318 0.7611525932564819 -0.0026875350902253485 -0.0030440510441245923 0.0005624156711838595 0.0043705810245819035 0.0 0.019061814944398642 0.24744866741030355 0.7503980352080387 9.831162694571292e-05 -9.739049014487997e-05 -5.957066766866828e-05 0.00018640354358544252 1.0
0.05058999078130681 0.2658199512621385 0.761332576613416 -0.0039945120984276085 -0.004274621474670114 0.000241795843968029 0.00568296310147375 0.0 0.01908151666937194 0.24736239181504854 0.7503968104446895 2.5310257471645227e-05 -0.00013684117884915897 1.6530506153806184e-05 8.522485842871685e-05 1.0
0.04623515138082323 0.26152913060959293 0.7617107971607606 -0.004619150242889776 -0.004595448635624709 0.00029916757402762955 0.00606751059073661 0.0 0.019105014966876468 0.24726935205612655 0.7503963211156496 1.1744846402042273e-05 -0.00010150272138743167 7.95917082261765e-06 8.934295691222407e-05 1.0
0.0421197813564518 0.256780127807466 0.7607093621249876 -0.004312890046131763 -0.004767594631714977 -0.0008261658114987088 0.006338209114164767 0.0 0.01915571281584999 0.247046427366926 0.7503972324946706 3.294166383704807e-05 -0.0001979708922176137 4.227882570060719e-06 0.00023285236465820635 1.0
0.04100053828532971 0.25551812247653405 0.7601520853790465 -0.0013595900996211142 -0.0016063538828061112 -0.000809638476948947 0.001858154243975463 0.0 0.019166150150426456 0.24700114990824512 0.7503960298502772 1.0664225322034615e-05 -7.817403800161904e-05 -1.1271965179879326e-06 5.439094470209334e-05 1.0
0.03905914249910393 0.2533883540182703 0.759122106175733 -0.0011374685762043399 -0.0013255272232229865 -0.0010428684021203949 0.0029216750805916634 0.0 0.019200679135454226 0.24690527385200275 0.7503984706658136 3.802636095964567e-05 -7.285032264321265e-05 -3.5917027571062107e-06 8.844117694262702e-05 1.0
0.037825256794056614 0.25198018330338906 0.7582391623224428 -0.0009774071740150131 -0.0011411643916158034 -0.0008902706977743035 0.0022351425098165187 0.0 0.019146417780659883 0.24683879111046753 0.7503958327610268 -3.1235485362735e-05 -5.764229083704883e-05 -6.832019483940081e-06 9.065543292453742e-05 1.0
0.036418921463564645 0.25035250979357393 0.7568968584245046 -0.0014626826309425843 -0.0016662990590595016 -0.0011939481286320568 0.002513738703443992 0.0 0.019175936077370764 0.24681589684615265 0.7503947259094029 6.543884898600245e-06 -2.8806164933872612e-05 1.7461918413426907e-06 4.3037282833565e-05 1.0
0.0354533913849412 0.2489279148778523 0.7554558454598547 -0.0013290302472358448 -0.0017300438579222494 -0.0014190767097266824 0.002171680977232372 0.0 0.01918574005159445 0.24678126028161063 0.7503958115097921 8.336312590624009e-06 -2.4229658041257905e-05 1.5144047556048457e-06 3.052050260934219e-05 1.0
0.035252526847875464 0.2480753812086905 0.7539191301029893 -0.0005004668758765065 -0.0011797461958232974 -0.0015622729382276986 0.0017467371982195848 0.0 0.01921935658271966 0.24675825502964577 0.750396095399374 3.9079922421998115e-05 -3.174334049647685e-05 7.917009042027785e-07 3.916736360288592e-05 1.0
0.03537580076604711 0.2477477022775692 0.7532536752193261 0.00023609194459355085 -0.0003507188282357238 -0.0008865935939854422 0.0008360541460234504 0.0 0.019230462773287615 0.24675263017460405 0.7503961920347851 2.34788599981953e-05 -1.69116124189851e-05 5.263662659542804e-07 1.836483319050623e-05 1.0
0.03549544671239878 0.24746305671134375 0.7527201509541993 0.00043019356012681574 6.250721228365404e-05 -0.00037599980051512697 0.0005449248730610388 0.0 0.019234411754542165 0.24675321874196726 0.7503961909298428 2.029665992183477e-06 1.0014895424144936e-05 2.5295638269785235e-08 0.0 1.0
0.03571631827284682 0.2471981858032019 0.7521805451783016 0.0001556587476733073 -0.000265115787690162 -0.0003986566350963459 0.0006994298309091595 0.0 0.01923728877804835 0.24674925605291895 0.7503967489124824 -3.935841915821288e-06 -7.103384240924583e-06 4.128185194650305e-07 5.6873856836212316e-06 1.0
0.03587512871725377 0.2469642062444671 0.7518004764327622 0.0001236413697902085 -0.00024756344628072734 -0.00035478775087492904 0.000461528783756885 0.0 0.01924511608893941 0.24675024738577034 0.7503966577556967 -1.3887909636375698e-06 2.0484115087783652e-06 -4.331413555355903e-07 9.481344286719793e-06 1.0
0.03601343705150044 0.24676596909894793 0.7514810384711218 2.907290682937916e-05 -0.00031381755982574206 -0.00040817659450426895 0.00037789876780415857 0.0 0.019250216467170286 0.24674513201655648 0.750396791397665 1.206067644881261e-05 -3.5396993771078908e-06 2.538391541597292e-07 6.472072833237734e-06 1.0
0.03614346096832018 0.24654979986236708 0.7510800002006699 0.00011508043985009628 -0.0002478799917481865 -0.00045879888901923513 0.00047078896886597376 0.0 0.019257902812698752 0.24674491241345456 0.7503968016022937 8.597638293453343e-06 -4.267664514085134e-06 1.6979511175524359e-07 6.993342671789889e-06 1.0
0.036255172859883285 0.24628708315729483 0.7505729925211388 0.00015256545462240766 -0.00022490028059076925 -0.0005232206328448306 0.0006046970581085453 0.0 0.01926562277475475 0.24674611333661653 0.7503966607791139 1.0409562675011923e-05 1.4479153868790777e-06 -2.0640898709874237e-07 8.383125595117583e-06 1.0
0.03614983549621452 0.2458919019577079 0.7498598273070127 -5.884216279488589e-05 -0.00035313464397523193 -0.0006625670013071614 0.0008141037214282902 0.0 0.019276412605191615 0.24674937812518577 0.7503968356616741 8.80199145008189e-06 4.896777579334721e-06 8.985134802852428e-08 1.1297165160036076e-05 1.0
0.03582497826363745 0.24528396998216873 0.749521162428186 -0.0003205007486642735 -0.0006054350730057222 -0.0004442482886778611 0.0007674967024170955 0.0 0.01929011217964297 0.24674739541595256 0.7503968482056558 1.3028932426020461e-05 -1.8649979039644119e-07 8.785794874562002e-08 1.3855423658690395e-05 1.0
0.03572794024576535 0.2446013695744199 0.749439339814502 -0.00017620588726975428 -0.0007187164520799257 -9.030806130516341e-05 0.0006893706753430407 0.0 0.01930310320283098 0.24674102423756256 0.7503969583797855 1.3761823704172218e-05 -6.504253231946926e-06 1.4855197290793493e-07 1.4390333736158344e-05 1.0
0.03598163965157658 0.24331410441676837 0.7495902697197356 0.00020794535459332767 -0.0012304191757839887 0.00022745027251011823 0.0013148452044685682 1.0 0.019329263473961723 0.24673268736629747 0.750397231552883 2.4689871425865018e-05 -9.477786594303308e-06 2.2103355386622283e-07 2.7281059765526318e-05 1.0
0.03549985558076762 0.24303891321053964 0.7492606588068444 -0.000280532107663401 -0.000493889452233256 -0.00016412230491662423 0.000679522651385003 1.0 0.019438271856098203 0.24669795158976682 0.7504277123458774 9.856785124621022e-05 -3.261051251069208e-05 2.6246063661082745e-05 0.00011799405977038571 1.0
0.035461040505664294 0.24282547248486902 0.7492147645277941 -0.00012366398730364619 -0.00012175878770562154 -0.00014576187561040846 0.0001847548658409632 1.0 0.019329246293839274 0.24674452868446156 0.7503914035454361 -6.52414067647245e-05 3.172809815637741e-05 -2.2593410176124086e-05 0.00012660076154348513 1.0
0.03541172458312652 0.24266055021946595 0.7491696301752653 -7.419524525712544e-05 -1.6199631163945868e-05 -0.00012617281361939394 0.00017119736700944334 1.0 0.019645268848112744 0.2469642321131417 0.7503931475054096 0.0002348951117646925 0.0002044754304907041 -9.428686891790202e-06 0.0003797029170144501 1.0
0.03540395466784055 0.24256820331089382 0.7491611303631331 -2.71624676127304e-05 -3.37236038431274e-05 -4.205133861871486e-05 0.00012986195298323637 1.0 0.019875932495268027 0.24699476994313146 0.7503950397600547 0.0002754689407199332 9.240372419285551e-05 -8.429573155829476e-07 0.0002416669528391736 1.0
0.03536909422711083 0.24254179517056648 0.7491270176212667 -9.272991559084354e-06 -7.091456507198101e-05 2.1193707375023762e-05 5.057485925838998e-05 1.0 0.020124682687633018 0.24691546513021417 0.7504030125955153 0.00027712657210869645 -6.728529781967644e-05 8.972952116991148e-06 0.00025024906686487797 1.0
0.035472768076815486 0.24258938077161257 0.7492233455866489 0.0001244458908380943 -4.154873739049738e-05 0.0001124029609644392 0.00012045781325524096 1.0 0.020068329877692567 0.24670381829338356 0.7504153404603034 -8.889272834239788e-06 -0.00023667688869988176 1.5920747927586075e-05 0.00022297007781082743 0.0
0.035502664329921295 0.24278024414497512 0.7492722116398692 4.954991190483041e-05 0.00012605671798438878 6.636909283874585e-05 0.0002175774941547045 1.0 0.020255631245958354 0.24618424348379778 0.7505770217807731 9.316649039420617e-05 -0.000531061902745943 0.00014423236967062852 0.0005760234563649276 0.0
0.03543799353388989 0.2433334865914506 0.7495341812786156 -0.00010423944198749847 0.0005911558758779506 0.00020069003224508933 0.0006126599563820248 1.0 0.02722565860286376 0.24630220109367243 0.7548228547644591 0.005985507422187962 -3.3015133597246176e-05 0.0036892624673564764 0.008103469152167583 0.0
0.03561928392403756 0.2440725840012905 0.7499619745929145 0.0001543051176980446 0.0007727113349129781 0.0004477775345826035 0.0008778693736230406 1.0 0.03136603894549171 0.24756909533122007 0.7567669157317305 0.005515645369993506 0.001188433059274215 0.002859551201505371 0.005009221725166969 0.0
0.035312855448357224 0.2450021052240587 0.7511580931954844 -0.00022543180583948998 0.0009627762355150661 0.0011269009803060873 0.001537759067605185 1.0 0.03225404921139269 0.24795732464095369 0.7570677981907887 0.001826946413119937 0.0007884063071913443 0.0007045371194695717 0.0007083690104921454 0.0
0.03586993418958495 0.24540706685749986 0.7539418364253372 0.0003931340079704587 0.0005133118586766081 0.002683288067400193 0.002866874545545926 1.0 0.03167678619711986 0.24681990533046919 0.758059632590545 -0.001173603204184105 -0.0008789028999004105 0.0003687282445549745 0.001509725182710994 0.0
0.03465929185506587 0.2475455511589421 0.756749123775742 -0.0008856776521926555 0.001800187333563674 0.003103413858261548 0.0037505587635882163 1.0 0.02987661696323034 0.244605245715765 0.7593741762641291 -0.002863071177842673 -0.0024209696354570032 0.000782967089785344 0.003481702134780183 0.0
0.036649833475523926 0.24841895255322624 0.7588357306924444 0.0013893132019633478 0.0011878088192266148 0.0023595447025625106 0.00300959039414654 1.0 0.03089912748705908 0.24397805370132308 0.7610429433703069 -0.00011060633484177005 -0.0013575999106460001 0.0015848271061176802 0.002123737071943437 0.0
0.03769648410623983 0.25182592962537065 0.759857646984975 0.0014362702196744305 0.0030521801849951445 0.0009829869437238356 0.0036459582181041466 1.0 0.03192700793086945 0.24413372925834717 0.7617588239750653 0.0017796831728078828 8.610023606483736e-05 0.001267778863448572 0.0009053987197974549 0.0
0.039936690629688396 0.2550029279606458 0.7605001240297428 0.0022826300124911725 0.003468582046955239 0.0002574332842525089 0.0040069190463072404 1.0 0.03194969319851774 0.24595821348324218 0.7593333777261412 0.0014447821119461688 0.0021436665288779846 -0.0016744389874153102 0.003111812844380983 0.0
0.03758386887289784 0.25919559754492033 0.7615704718468262 -0.0015444090452417544 0.004224929195938372 0.0006846235134362134 0.004931289240001668 1.0 0.032104641008670665 0.24717467701022924 0.7578633535390874 7.190222887361927e-05 0.001960072048400816 -0.002403168625156742 0.0021149403559444814 0.0
0.04316325887851242 0.2611607732436828 0.7590524911565623 0.0037792951058670497 0.0023721063601056056 -0.0018943605069195676 0.006400256659410617 1.0 0.032212053587944954 0.24768785503514174 0.7572630742223548 -0.00034960209129547646 0.0006358281232349472 -0.0011536332300506216 0.0006765615613785773 0.0
0.049015516598598784 0.26494139566334335 0.7600415637634517 0.006252369964684188 0.003162087185000356 0.0003118733321022366 0.007048530834464628 1.0 0.032229584180524004 0.24778225778722004 0.7571422272689137 -0.0003087971725665015 -0.0003320084415289705 0.00015017690283509154 8.073741473418579e-05 0.0
0.05311525712362434 0.2709362045966939 0.7630288867503536 0.005167616426744736 0.005594355250411271 0.0029059690159603533 0.007841185117106146 1.0 0.03217482530639854 0.2476422878669918 0.7572219314350199 -8.709537957824116e-05 -0.0005663769739263633 0.0006160065654637098 0.00026334007228982943 0.0
0.05606394579368309 0.2755213419503924 0.7644403635082898 0.003441631376871744 0.005131187710470509 0.0022973963130757443 0.0056481449759822906 1.0 0.03209642081354001 0.24751152974378932 0.7573078300210351 0.00018270848062651207 -0.0002080628903131979 0.00040488622046285254 0.00020740068259155137 0.0
0.05817465437291549 0.27762142679360546 0.7651517488750939 0.0014716514560089936 0.0028121755846923936 0.0010456193195750208 0.0030251526256244526 1.0 0.03206520141231855 0.24747978937061407 0.7573292412173488 -4.7167529850108535e-05 8.48582603857061e-05 -0.00014585367516973028 0.0 0.0
0.0599418733420812 0.2785178533812061 0.7653517131794871 0.0009426403352994465 0.0005552884416450462 -4.1490321511732965e-05 0.001984712026009541 1.0 0.03205324899480556 0.24746394360722068 0.7573367998541428 -7.07884552025908e-05 0.00022316932625233933 -0.0003532682291029337 2.758322119324956e-05 0.0
0.06216773414810879 0.27914471016363684 0.7649746138386047 0.0017404853944549125 -7.847023691072213e-05 -0.0008866590349674281 0.0024086166068891333 1.0 0.0320597665780179 0.24740783985817025 0.7573102699215101 3.6924603115551344e-05 -1.267120905591463e-05 -3.453181465796736e-05 7.482659288756332e-05 0.0
0.06292348959140018 0.27928061484616246 0.7644808425139136 0.0018089405094144251 -0.00022766183532167217 -0.0009484130036554889 0.0009536738181369605 1.0 0.032041970969486674 0.2473820850647743 0.757289062820097 -3.1418748085050303e-06 -5.8841027993320784e-05 9.399782936052791e-06 4.76310704298254e-05 0.0
0.063722769882527 0.27942482838752786 0.7636625985617206 0.0008586414810545073 0.0005010010793387737 -0.0004241125729067584 0.0010123238992223857 1.0 0.03202193490686891 0.24735999920667534 0.7572705637866702 -2.8683719332842135e-05 -6.0274703592785135e-05 1.4911633277989991e-05 2.5688360862808225e-05 0.0
0.0643302395494636 0.27961412484182996 0.7628136955578572 0.0004576726068669344 0.0006307218291924368 -0.0006372488917058942 0.0011122409690498998 1.0 0.032007939352199914 0.24734641704598645 0.7572600998950001 -2.9027282908646513e-05 -3.769863486245245e-05 1.0667602287076452e-05 2.0610527282906445e-05 0.0
0.06492651540852017 0.2798167632868724 0.7616966950355034 0.000492618382395814 0.00026749181086859614 -0.0011281520661617656 0.0013232242245892843 1.0 0.031998439983082966 0.24732760427464895 0.757268969030127 -1.513171475489923e-05 -1.4559814282802435e-05 1.3047366590027701e-05 2.617032051954328e-05 0.0
0.06508881742658505 0.27988763842042946 0.7612268179123967 0.00023500902493793583 2.4454064286964783e-06 -0.0005842872188857697 0.0004910462798328888 1.0 0.03199892642068123 0.24731805884552766 0.7572756008438917 4.115213113577929e-06 -2.823369128917953e-06 8.85140013623361e-06 1.1709491168599952e-05 0.0
0.06514964275661371 0.27983655732483864 0.7604954319314953 0.00011321795316847046 -8.935830850364049e-05 -0.0006256173032559956 0.0006798206514244199 0.0 0.03199998321239591 0.2473069529835517 0.7572829100090254 6.522976166321729e-06 -1.17707027963964e-05 7.875159712109842e-06 1.1730425890024498e-05 0.0
0.06505488693531176 0.2793812544704788 0.7598827673541243 -7.894827986574876e-05 -0.0004503130039093499 -0.0005953345903826613 0.0008301002508195152 0.0 0.032000486474117185 0.24729909029176267 0.7572878452595905 3.0786836422941843e-06 -1.1678357300198193e-05 1.6548279579024127e-06 1.0198248074870612e-05 0.0
0.06434013697574144 0.27740642468357607 0.7612867854634815 -0.0007473071407588304 -0.0018720015041573668 0.0011261091559630998 0.0025022734468895954 0.0 0.03200410130652574 0.2473051862389135 0.7572812036196578 5.113042291797383e-07 6.202757419869675e-06 -7.3971135386962675e-06 9.437722166293086e-06 0.0
0.06364353862745076 0.2765990607414634 0.7622876756830573 -0.0007602147211266005 -0.0012254416088019883 0.0013003864079177078 0.001513497006266094 0.0 0.032006933705332176 0.24730953011198137 0.757276259064007 1.779995606140351e-06 6.765249735771915e-06 -8.553269150857418e-06 7.302993106561687e-06 0.0
0.06339850107378771 0.27632628835036227 0.7626248622879656 -0.0003462505236256037 -0.0003413417730415396 0.0005839664601897611 0.00041166073485636337 0.0 0.03200826968368625 0.2473121896058494 0.75727358578579 1.236145897059824e-06 4.295354950640856e-06 -3.643063011583573e-06 3.8103659911628107e-06 0.0
0.0633846663610388 0.27621720781216963 0.7626812555074194 4.648820065995514e-05 0.00013498961381587307 -5.913200101750459e-05 0.0001282250556252113 0.0 0.032014962300270663 0.24730823510947297 0.7572718391968168 5.844172647631555e-06 -4.086179074577174e-06 1.930759135376373e-07 8.061973449932993e-06 0.0
0.06343580716979279 0.27618380476545573 0.7626215409347509 0.00017022918668100056 0.00021064393250542097 -0.00030918230845097166 0.0001460907927020637 0.0 0.03202660449291058 0.247302393560219 0.7572738732538984 1.1986129525416848e-05 -7.6069444793065565e-06 3.0089922183951483e-06 1.3247534440129095e-05 0.0
0.06343231126563699 0.2760428382352766 0.7624681022469935 9.055290847776945e-05 -6.77467945364343e-05 -0.0003570161492173628 0.0002211070860782268 0.0 0.032038979673263905 0.24729567387845933 0.7572600033115731 1.3454934601761722e-05 -8.916833800282427e-06 -1.000389245176198e-05 1.9832181343186042e-05 0.0
0.06344628865334825 0.27598416130018855 0.76236768705576 -3.5783414137746184e-05 -0.00024431688602841834 -5.023245779937988e-05 5.849877307802589e-05 0.0 0.03203249653453952 0.24729519180366058 0.7572448040873972 -2.976102223468708e-06 -1.3163511133868567e-06 -1.721370963093103e-05 1.6437339491989525e-05 0.0
0.06343287140583934 0.275848533118329 0.7622496468253968 -0.00011978566038497592 -0.00030886146492393584 0.00011311906070809088 0.00019033460401142617 0.0 0.032027978784611846 0.24729354547157253 0.75723776288643 -7.496685172820645e-06 1.053025296756852e-06 -1.1437032094297129e-05 8.354524418733909e-06 0.0
0.06341446017260087 0.2757784024545303 0.7621822916935929 -4.966410564137167e-05 -2.4913111309098762e-05 -5.630605084399709e-05 0.0001115264718678159 0.0 0.03202810925604093 0.2472936450830851 0.7572347445006175 -3.511912693220507e-06 1.1100935306392022e-06 -2.9256198993915535e-06 3.041375252188489e-06 0.0
