0.06347868195266833 0.2790854009287094 0.7646743833217445 0.0 0.0 0.0 0.0 0.0 -0.016965345390160296 0.2797269831831997 0.7641502254079396 0.0 0.0 0.0 1.202960178991388e-07 0.0
0.06348083612466217 0.2790848999756901 0.7646730182993474 2.1541719938400483e-06 -5.009530193444967e-07 -1.365022397115112e-06 2.5989800020894858e-06 0.0 -0.01696320231812907 0.2797253376349294 0.7641524943423877 2.143072031227794e-06 -1.6455482703126023e-06 2.2689344481019447e-06 2.5046775329368474e-06 0.0
0.06348643180821807 0.2790871118477575 0.7646658029505194 5.595683555903452e-06 2.211872067392484e-06 -7.2153488279713685e-06 9.394962012143913e-06 0.0 -0.01696150062923826 0.2797235495275992 0.7641547792449287 1.7016888908087668e-06 -1.7881073302028483e-06 2.284902540949929e-06 4.4404528807131e-06 0.0
0.06349111663743265 0.2790839748735167 0.7646610211500073 4.684829214576802e-06 -3.1369742407583168e-06 -4.781800512110301e-06 7.392824108184359e-06 0.0 -0.01695268479155993 0.2797226574937556 0.7641584704963998 8.815837678328303e-06 -8.920338436246844e-07 3.6912514711495703e-06 9.7131740912273e-06 0.0
0.06347973157184633 0.2790790668309869 0.7646557028582245 -1.1311251742251579e-05 -5.2353982286233585e-06 -4.97510473836949e-06 1.3490471725147042e-05 0.0 -0.016931378875986298 0.27972110900192143 0.7641538025499777 2.148190971534406e-05 -1.5181088718666306e-06 -4.456528209983965e-06 2.1281462487731494e-05 0.0
0.06346743385452862 0.2790854557717704 0.7646516637185603 -1.288518814750276e-05 6.419643295395841e-06 -4.2682767685994264e-06 1.4434925174333463e-05 0.0 -0.016916948827773896 0.27972142073150025 0.7641565424625362 1.4752366377318907e-05 2.1658136590036534e-07 2.2157906819538374e-06 1.4924363771612335e-05 0.0
0.06345926270081981 0.27909080022386545 0.7646482873887933 -8.953414670645502e-06 6.950792501129798e-06 -3.244405891968297e-06 1.0218976642610767e-05 0.0 -0.01691122732639612 0.2797222678390824 0.7641570278259164 5.437283415246991e-06 8.791151103206814e-07 1.3360926770431881e-06 5.639763912544886e-06 0.0
0.06345620614143989 0.27909260547759757 0.7646471927033492 -1.5972546290639535e-06 2.7130795087020032e-06 -1.5044475165780436e-06 3.7737254090065447e-06 0.0 -0.01690907241543213 0.27971914245167506 0.764160629623993 -4.271112731553404e-08 -2.7361801388316033e-06 3.818051433851218e-06 4.961963140641889e-06 0.0
0.06344939032752336 0.2790906146805318 0.7646396060913885 -3.3994797539126174e-06 -1.4966374194896186e-06 -6.4754466398963135e-06 1.0225373144226277e-05 0.0 -0.01690492490908251 0.2797189355108468 0.7641616764361739 6.795637638255248e-07 -1.2532182445780028e-06 2.3678981593244285e-06 4.997939632599325e-06 0.0
0.0634476269195112 0.279092818744223 0.7646353506243531 -5.9314296328269e-07 2.489444444641497e-08 -5.87378066447661e-06 5.79038388134995e-06 0.0 -0.016903709480520383 0.2797216700104627 0.7641585824896269 8.660812275925305e-07 2.1211691947718016e-06 -2.418537315329801e-06 4.2091632272167515e-06 0.0
0.06344122753672438 0.27908131820586596 0.7646277843024437 -5.679231447618994e-06 -1.0721785203434522e-05 -7.413003219159959e-06 1.4560659621768662e-05 0.0 -0.016903462678472383 0.2797207235920902 0.764159344468966 2.004292130630575e-06 1.960357149181192e-07 -9.631677634907946e-07 8.16787751043184e-07 0.0
0.06343877538157289 0.2790642751630673 0.7646160249814283 -5.020670264645405e-06 -1.7511450023729082e-05 -1.1549330314787455e-05 2.1039470504999233e-05 0.0 -0.016903542023445833 0.27972034062904266 0.7641591472271259 1.5429075671231384e-06 -3.793803761232602e-07 -7.624565847787894e-07 4.960404101010568e-07 0.0
0.0634430933561021 0.2790608694414511 0.7646078986789605 3.127413824258983e-06 -6.303016252442709e-06 -9.167824800754238e-06 1.0043163175610885e-05 0.0 -0.016905569694848525 0.2797250658642519 0.7641529616815852 -2.170798431994949e-06 3.8583179433094e-06 -4.511456765233385e-06 8.147959824297819e-06 0.0
0.06344377210147738 0.27905944892917567 0.7646064173028991 2.7517831927791505e-06 -5.189163118305105e-07 -2.104382526196498e-06 1.6327536379909728e-06 0.0 -0.016904559955798638 0.2797225977244614 0.7641557784325126 -2.291698027868917e-07 -1.1149615349959768e-06 9.984111916049877e-07 4.167367001998937e-06 0.0
0.06344699922748806 0.27906089194917943 0.7646042865001151 3.534485139866597e-06 3.624440881852376e-06 -4.338533628630167e-07 4.127243709646547e-06 0.0 -0.016904910070828803 0.27972196704002056 0.7641562919728654 1.1785867426247093e-07 -1.5317335258569494e-06 1.6584997319598468e-06 5.010581979470371e-07 0.0
0.06345774359106439 0.279053299528124 0.7645999925709897 9.346351351305666e-06 -4.2301495312404385e-06 -3.084929460648148e-06 1.4556966711522462e-05 0.0 -0.016905697032975227 0.27972143998375665 0.7641561426641361 -2.611032045562208e-07 -6.937438396475644e-07 3.077418951543604e-07 8.436749135187442e-07 0.0
0.0634749774167192 0.27904445920871007 0.764594433228198 1.7117825904369006e-05 -9.89534904808425e-06 -5.445124647713676e-06 1.9985908035898588e-05 0.0 -0.01690595432518418 0.2797195889240998 0.7641577390652411 -5.495663973857021e-07 -1.6968937473807895e-06 1.2764832788413122e-06 2.819787927278582e-06 0.0
0.06349252300979594 0.2790388449461757 0.7645851879519856 1.8678092270480224e-05 -9.67540547021422e-06 -1.0291283577348493e-05 2.0166440262886938e-05 0.0 -0.016905879517389807 0.2797194505439537 0.7641576007897696 -1.1440615617797836e-07 -6.316459348584459e-07 2.8188602586027485e-07 2.8121312136251105e-07 0.0
0.06349526617176784 0.2790381199297456 0.7645833120534548 5.977004646146616e-06 -2.081914978615412e-06 -4.470876600237383e-06 3.518178197246412e-06 0.0 -0.01690588010633959 0.27972020304068457 0.7641568245398738 -3.4646690787139664e-08 1.1833700846643486e-06 -1.3360815091012632e-06 6.795610214928479e-07 0.0
0.06349773467960981 0.2790387826197078 0.764579391092598 5.226445332202152e-08 3.0541794216094615e-06 -2.5909594420318877e-06 4.347374381687036e-06 0.0 -0.016905767852992044 0.2797200473208542 0.7641569150570905 1.2078333510895753e-07 5.636788900569675e-07 -5.772442569619408e-07 4.138039996767312e-07 0.0
0.06349728251493547 0.279038162736735 0.7645798644706429 -3.4286111123096204e-06 1.3966609837349387e-06 1.2441021522395865e-06 1.6376171456980094e-06 0.0 -0.016905330007848298 0.2797209451994625 0.7641561668778258 6.186842138787612e-07 3.121958721519412e-07 -2.2983948445927522e-08 1.2791423502454429e-06 0.0
0.06349669728313806 0.2790375898755464 0.7645805500126764 -1.5267667841403336e-06 -4.787713809020347e-07 1.4551275278792226e-06 9.845568103731012e-07 0.0 -0.016903470275925158 0.27971701196958143 0.7641501018137079 1.5482967402305565e-06 -3.1175958157359837e-06 -5.483883125032406e-06 7.395283458271346e-06 0.0
0.06349384872575119 0.279032365514573 0.7645737777692313 -1.1180248377722373e-06 -6.07940631848613e-06 -5.629981927038166e-06 8.584631554778055e-06 0.0 -0.016904680151558382 0.27971634895818187 0.7641471321658917 -5.948241870503342e-07 -1.896930623663534e-06 -4.109732344978887e-06 3.463554833998711e-06 0.0
0.06349364361074238 0.27902901979973244 0.7645750149394216 9.11215064100084e-07 -4.954923924346464e-06 -1.4606643569462452e-06 3.82592335240226e-06 0.0 -0.016902591392793345 0.2797094303297356 0.7641455160798377 1.3912419323949833e-06 -6.266469361215432e-06 -1.8940774021044296e-06 7.075384787741957e-06 0.0
0.06349341738948866 0.27902915059890865 0.7645730827007511 3.382890141884216e-07 -4.898189738430638e-07 -1.8039993937961134e-06 1.832723631100376e-06 0.0 -0.016886517192104197 0.27971043753052166 0.7641430600855652 1.4175247092050302e-05 -5.029828839172549e-07 -1.8893662112999354e-06 1.6380410847943376e-05 0.0
0.06349345666891167 0.2790289050400052 0.7645729876964678 -4.4708315492796187e-07 9.710162444327912e-07 2.907748907804299e-07 1.2268514235499342e-07 0.0 -0.01688311366867391 0.2797092750411379 0.764144981057812 7.407577517701369e-06 -7.752158349426034e-08 1.8530342543620037e-06 4.58384910716986e-06 0.0
0.06349349986504715 0.2790287029138487 0.7645727502147349 3.0556511104365e-07 6.895699678712803e-07 1.2801198040759578e-07 6.47069337763467e-07 0.0 -0.016878431273151712 0.27970842076846625 0.7641467221555891 4.559419799534713e-06 -1.7693782171298684e-07 2.5554024079538083e-06 4.275352789879804e-06 0.0
0.06349349483609154 0.2790285838448822 0.7645725119508934 -2.051976244785317e-07 -9.375922244526738e-09 2.2281325731816456e-07 2.557079115395358e-07 0.0 -0.01687422667410433 0.279706109424591 0.7641503150961072 2.905015684197483e-06 -1.9300041436373055e-06 3.4261199543556525e-06 6.2185064837667255e-06 0.0
0.06349351695517164 0.2790284559368742 0.7645724167011246 -2.130060986520474e-07 -5.461711278809098e-07 -4.825223496206428e-07 0.0 0.0 -0.01687231490034552 0.27970754082145494 0.7641491453895822 8.837232194802315e-07 2.0696601310993836e-07 -7.100310585835566e-07 3.209998993320366e-06 0.0
0.06349352502968414 0.27902832957867874 0.7645722598636264 -2.0089797272564223e-07 -7.474622938184076e-07 -6.151132739335423e-07 3.1401360942389256e-07 0.0 -0.016869280353948014 0.27970907889286434 0.764148015130105 2.1237312666012585e-06 1.646778148021811e-06 -1.7012329796208627e-06 3.110019878051898e-06 0.0
0.06349090256141526 0.2790232584186305 0.7645686085521651 -2.0865369778655673e-06 -4.244764172225552e-06 -2.7042501682238168e-06 6.7020841510836025e-06 0.0 -0.01686732203473476 0.27970926267634916 0.7641481323159663 3.118959005421523e-06 4.90899404121906e-07 -9.082962445180663e-07 1.8576014982529972e-06 0.0
0.06349097963172329 0.27902213602938397 0.764567407432467 -6.785270941018474e-07 -2.1417616975242154e-06 -2.278878620467399e-06 1.9314328483491097e-06 0.0 -0.01686529136723576 0.2797097374485865 0.7641480722501159 3.048367552112798e-06 9.418066442806296e-07 -1.0940842831373914e-07 2.3925597043357894e-06 0.0
0.06349023794608626 0.2790194196282064 0.7645647438056428 -5.423534001232632e-07 -2.565740234282797e-06 -2.4154740224500904e-06 3.472387133639913e-06 0.0 -0.016863222233098513 0.2797078292361057 0.7641457276433795 1.2865240344240044e-06 -2.058544806322442e-06 -1.319482783636505e-06 3.5152138566098698e-06 0.0
0.06348905250993252 0.27901522583308663 0.7645583179343305 -9.116775901899534e-07 -3.7287529695203325e-06 -5.821131644622377e-06 7.881045246949265e-06 0.0 -0.016858695823865007 0.27970950278546614 0.764144492939734 4.39474495051458e-06 5.518853586625127e-07 -1.338253143415882e-06 5.013791396548442e-06 0.0
0.06348636068110666 0.2790097143470196 0.7645492625209833 -2.4040663884566393e-06 -5.271935333378386e-06 -9.071088634623997e-06 1.1182272252670423e-05 0.0 -0.016854812145760418 0.279708479423078 0.7641535574493782 4.311870303440991e-06 -4.517270862246512e-07 7.550152890044991e-06 9.90972360253435e-06 0.0
0.06348027929151763 0.2789962621187306 0.764519211362365 -5.8730818543634375e-06 -1.2604805593105897e-05 -2.780427844165576e-05 3.317123646919422e-05 0.0 -0.0168516686684051 0.27970447331789117 0.7641796145492304 3.3729140852980646e-06 -3.1713074093358364e-06 2.4810653804220315e-05 2.644246980004018e-05 0.0
0.06346390617725133 0.27895630429134965 0.7644112225764894 -1.5725045883945555e-05 -3.765622611307865e-05 -0.00010031397737548747 0.00011599106785612031 0.0 -0.016826070363380068 0.279651879274037 0.7642535381576628 2.2320478054590945e-05 -4.626031885809061e-05 7.101997731767943e-05 9.409098294616023e-05 0.0
0.06346896556801086 0.27895938655032526 0.7643966000039716 6.378747779579161e-08 -7.825298942106926e-06 -4.1189152889969987e-05 1.8962114165310454e-05 0.0 -0.016813576954607185 0.27963764077014736 0.764274391750502 1.7128622022667683e-05 -2.7102762604425178e-05 3.7383931527704404e-05 3.046876031321637e-05 0.0
0.06346956486122138 0.27894049235606916 0.7643640279645181 3.389824065097114e-06 -1.2363330249227738e-05 -2.5508323037389068e-05 3.143063051897717e-05 0.0 -0.016775864200708722 0.27958762985426866 0.7643315927417385 3.4854729942950494e-05 -4.545341771209167e-05 4.933145627250919e-05 7.998908010827967e-05 0.0
0.06346744525150967 0.2789235774001013 0.7643332198166973 6.23717312069834e-07 -1.4341758352212924e-05 -2.019643246019339e-05 3.851713135662956e-05 0.0 -0.01674679758066525 0.27954325655215384 0.7643556836077768 3.237082538667836e-05 -4.5268450043199404e-05 2.4826595557996124e-05 6.198725214870028e-05 0.0
0.06346730850238322 0.2788940784783223 0.7642641341992591 -1.1466985042982247e-07 -2.7062957902356353e-05 -5.68444089771291e-05 7.72779029973946e-05 0.0 -0.016588821933845102 0.27917648732481776 0.7643689938444176 0.00013978647416542378 -0.0003197479548133048 8.636439255031494e-06 0.00039620979246937686 0.0
0.06346974627501695 0.27889204467798034 0.7642461798042243 9.394665469164991e-07 -8.973495713749173e-06 -3.176069112146101e-05 1.7863160230001123e-05 0.0 -0.016514447578874405 0.27892625359439216 0.7643576201762263 0.00010249034037064317 -0.0003108518374538181 -1.2391265972646827e-05 0.00027264860565198387 0.0
0.06347189600183098 0.2788826156391466 0.7642219972569989 1.1162258563050091e-06 -8.233229190451132e-06 -2.8264180543886162e-05 2.0927459953649374e-05 0.0 -0.016387343255945607 0.27852354409288593 0.7641730308994824 0.0001220700240524231 -0.00040370074154140565 -0.0001626533022291963 0.00044386675187419914 0.0
0.06347453481679809 0.278880974355624 0.7641928980100011 2.549429229509358e-06 -9.502209115748262e-07 -2.806939943662614e-05 3.358333711809844e-05 0.0 -0.016300866521755525 0.2782007758160005 0.7639929248529267 8.975875520085857e-05 -0.00034259322540566807 -0.0002046008999243498 0.0003888512011815888 0.0
0.06347657403023184 0.2788727354445904 0.7641479347447073 3.7856489846236674e-06 -2.8717180735700504e-06 -3.4067711805449975e-05 4.5880336777142714e-05 0.0 -0.016197925368685116 0.2772700385826977 0.7635388712301512 8.914470714763015e-05 -0.000820069361823755 -0.0004358049028675133 0.0010334939107174471 0.0
0.06347078089726839 0.27884775898359077 0.764119143075033 -5.413241398794125e-06 -2.552527749901382e-05 -3.6373416415117996e-05 3.822041268921338e-05 0.0 -0.016091392084423894 0.27673346497857465 0.7631975955829948 0.0001011806872731166 -0.0006524712015553881 -0.00038929217484768734 0.0006710862006340986 0.0
0.0634546162529062 0.27878128271473485 0.7640392062930306 -1.6298385502429365e-05 -6.533172574830947e-05 -7.591089542825959e-05 0.00010261869553322147 0.0 -0.015998359903430157 0.27535900878789243 0.7624929990962461 9.833812301636915e-05 -0.001266998198435392 -0.0006547165082456999 0.0015029286537076494 0.0
0.0634341616463651 0.27872534625552453 0.7639754864038721 -2.2168078505823643e-05 -6.652727515080258e-05 -7.349543225980515e-05 9.121074890226472e-05 0.0 -0.015856662354049585 0.27412963968113735 0.7617719347757618 0.00014220076187997554 -0.0013379762571790461 -0.0007416178100826894 0.0014723305932680128 0.0
0.0634094026443568 0.2786433678441849 0.763864256175667 -2.5819120717250382e-05 -7.992702842119864e-05 -0.00010285029820349703 0.00013721056400702408 0.0 -0.015684921058274508 0.27257708333522623 0.7608105452245522 0.00016849098250744176 -0.001530114696213364 -0.0009492707545251764 0.0018134341605454281 0.0
0.06340967716292788 0.2786010298404341 0.7637951424895641 -3.6530394927078363e-06 -4.8829045647439946e-05 -8.024118290517784e-05 8.308021237230114e-05 0.0 -0.015543854350711874 0.2709770998370291 0.7598325048870277 0.00015786740977419427 -0.0016135453152284476 -0.0010093082396580477 0.001886221981518329 0.0
0.06341680259256745 0.27858673378580595 0.7637079997884767 1.0870497582141052e-05 -9.90087151640118e-06 -8.140408996701638e-05 8.63503985445166e-05 0.0 -0.01543421190856703 0.269823808061622 0.7589781964856436 0.00011125197392512328 -0.001210209785263277 -0.0008774300672404827 0.0014371232343528767 0.0
0.06342162485569956 0.27858013101271056 0.7636668434605752 1.0520725060180259e-05 3.5968266885472115e-06 -4.321372868424777e-05 4.42884105455054e-05 0.0 -0.015408967550772498 0.26895886043466793 0.7582874806459782 2.6948588313758265e-05 -0.000832291531874537 -0.0006843539320197578 0.0011084611315658383 0.0
0.0634198067899697 0.2785736592641423 0.7635880737069334 -4.2050465031965517e-08 -1.3583018208153751e-06 -6.462797280707571e-05 7.727358786107264e-05 0.0 -0.015386454555703734 0.26812377945562155 0.7574118054342027 3.901536628452126e-07 -0.0006918596147131257 -0.0007763982970647287 0.0011978528487735633 0.0
0.06341492085512215 0.2785540133143292 0.7635296167622625 -8.244775030690343e-06 -2.110889955625544e-05 -6.436421047258444e-05 6.451568531676958e-05 0.0 -0.015394205267769155 0.26760469105585905 0.7567237268184343 -1.547616363495377e-05 -0.0005516173787998006 -0.0007230954511529501 0.0008973275292837279 0.0
0.06341160333092967 0.27853205299871703 0.7634963142218278 -7.936484675091297e-06 -2.8624820588642408e-05 -3.910963738114352e-05 3.7472614690318214e-05 0.0 -0.015410293839176494 0.2673612910595592 0.7563661524412053 -1.073740682971899e-05 -0.0002568537950018797 -0.0004086743713161146 0.00040715112127762024 0.0
0.06339540488029319 0.2784593234645161 0.7633990575145051 -1.5497619322587342e-05 -7.296462131484598e-05 -8.851965111920597e-05 0.00012172532858260275 0.0 -0.015447115334193184 0.2670620988386799 0.7558349801435226 -2.577353163264268e-05 -0.00030320804531363686 -0.0004800910545666046 0.0005944217605544715 0.0
0.06340741391099378 0.2784438439959513 0.7633488414828953 8.902549995921084e-06 -2.9227147547394655e-05 -6.046438174001313e-05 5.795304771670574e-05 0.0 -0.015499897965030606 0.2668941111090819 0.7554033358973278 -4.839871335790937e-05 -0.00019780866027007803 -0.0004306917097456264 0.0004992771047192006 0.0
0.0634138468574368 0.2784332212603896 0.7633302830175411 1.1039331562220884e-05 -6.276624586099419e-06 -2.4301600681509643e-05 1.911643270832716e-05 0.0 -0.01553181318091034 0.2668194331995209 0.7551796146385655 -3.8006235466044735e-05 -7.885181290625252e-05 -0.0002532354827266763 0.0002317530649426356 0.0
0.06342181783152548 0.2784167927470447 0.7633056106006869 1.042456498638813e-05 -6.030584170787986e-06 -1.4130977699543912e-05 2.8930578610527352e-05 0.0 -0.015564459555170268 0.2666148356635867 0.7547290966147554 -3.395743216457321e-05 -0.00019082905420023783 -0.0004106431455696873 0.0004705973482054841 0.0
0.0634359785915293 0.2784036932874805 0.7632816002070748 1.3416927502011743e-05 -8.834441518052959e-06 -2.0468795396039717e-05 3.516750195120715e-05 0.0 -0.01563448010544427 0.26647704726114574 0.7543986433248273 -5.9553959961054546e-05 -0.00017536897265878096 -0.000383538685881396 0.00039122196090782507 0.0
0.0634416470619345 0.2783969251991681 0.7632754810234884 6.305065358980767e-06 -9.39368876022656e-06 -6.5769548372457415e-06 1.0554125518843712e-05 0.0 -0.015691748703900322 0.26639815125163624 0.7542049786316223 -6.316558073824614e-05 -8.082178625096756e-05 -0.00020686059730752647 0.0002136217709435102 0.0
0.06345113935375163 0.27837940471785044 0.76324203378516 6.684504990337378e-06 -1.999796803270761e-05 -3.1702139293299384e-05 3.465605854936925e-05 0.0 -0.01575705305117295 0.2661348747907981 0.7536961964370116 -6.772102310396431e-05 -0.0002211298783278886 -0.0004331505742033001 0.0005559573912051584 0.0
0.06345207482137669 0.2783656783776586 0.763214015116191 8.282969819719848e-07 -1.909773630852413e-05 -3.7801604260293826e-05 3.472982641618331e-05 0.0 -0.01579803863806729 0.2660250540582961 0.7534284970184143 -4.715059038479282e-05 -0.0001523991123650727 -0.00034133770364088475 0.00032080270061996696 0.0
0.06346216564604464 0.2783651955954255 0.7631670551276544 9.397829225762345e-06 1.10169949164267e-06 -4.332426827269e-05 4.726806763263958e-05 0.0 -0.015893741602583323 0.2658779890923536 0.7530288173431225 -8.337539289940196e-05 -0.00012837456085378702 -0.00037047933090268107 0.0004198227773799891 0.0
0.06347104468537391 0.2783733821614617 0.7631333963606209 9.107423356953355e-06 8.817148992494957e-06 -3.694679659706403e-05 3.546574044312388e-05 0.0 -0.016060251773669973 0.2657448719262032 0.7526787498415533 -0.00015756586996873523 -0.00012527317722526153 -0.0003528828855293581 0.00040757169217827457 0.0
0.06347501079864228 0.27837692824778326 0.7631183042002402 6.069879691703687e-06 6.991338693270962e-06 -1.7713769554499356e-05 1.5892768893649054e-05 0.0 -0.01617714534076942 0.2657016513499637 0.7525251801850413 -0.0001406585331492394 -5.6928332355464026e-05 -0.00019137616586642866 0.00020938692178723068 0.0
0.06348161940624623 0.2783817477576525 0.7630916917727621 6.346996557601405e-06 5.838033159025912e-06 -1.888849604722559e-05 2.776625706457172e-05 0.0 -0.016417891502871564 0.26567860319443537 0.7523136709032404 -0.00022904955584922187 -4.5571856823265605e-06 -0.00015567647636151977 0.00031125545646137236 1.0
0.06348475033291151 0.2783863832963371 0.7630701773419529 2.707398350621823e-06 3.286553529866415e-06 -1.8844482688991368e-05 2.2998586121681777e-05 0.0 -0.016716539277293403 0.2656481783397412 0.7520677561298799 -0.00029821370919944193 -2.0170607168960053e-05 -0.00022248839686485707 0.00039033437804724324 1.0
0.0634920389650062 0.2783985191926725 0.7630585778706765 6.163843727128237e-06 8.412900685517514e-06 -1.5151438500998019e-05 1.8256514128472857e-05 0.0 -0.01691721198596639 0.2656522174684024 0.7518769080613132 -0.00022713081349476068 -1.1901795496010772e-05 -0.00022775189474361735 0.000288112890287305 1.0
0.0634966311416212 0.2784022099210184 0.763053161105947 4.999200429869032e-06 5.691590140621107e-06 -6.592942976904156e-06 7.02123635693643e-06 0.0 -0.01698347320764502 0.2656464389868922 0.7518275431974946 -7.423359664583334e-05 1.3756270135703433e-06 -6.97499888520317e-05 6.734485241335875e-05 1.0
0.06351102500147972 0.2784021640889493 0.7630505828172264 1.3996402214021969e-05 1.3523785239550407e-06 -3.0177712716483358e-06 1.4876519314992814e-05 0.0 -0.01700543783083894 0.2655540243975385 0.7518227514903826 6.249707214963235e-06 -9.015450613956267e-05 -6.841775984656358e-06 9.371716058256531e-05 1.0
0.06351949347049991 0.2783973698260724 0.7630491742750688 1.0405526388958068e-05 -5.11401019047046e-06 9.136504538374894e-07 1.075959256996196e-05 0.0 -0.016994497056843173 0.265531304428244 0.7518283972947666 3.985931417741031e-05 -4.710244402144999e-05 3.754066208665587e-05 4.103688574687108e-05 1.0
0.06353341749320297 0.278393641061122 0.7630440447718064 1.3066788141918751e-05 -6.00995673830572e-06 -4.02948783501724e-06 1.4481844859332782e-05 0.0 -0.01695565734408058 0.2654884192282548 0.7518316939074263 4.60332212654972e-05 -3.6989010419619534e-05 2.3108383843032808e-05 5.124205853773039e-05 1.0
0.06353782870222573 0.27838728140224234 0.7630456576445473 5.8988488688632324e-06 -6.234713977110361e-06 -2.054487075477998e-06 8.145225022316123e-06 0.0 -0.016933307610716552 0.26545974278606244 0.7518327082637074 3.3170474367922285e-06 -2.5829312017437684e-05 -1.9347340973733043e-05 3.347826718827992e-05 1.0
0.0635447977568213 0.27838552176228526 0.7630412687739044 4.9895484619973565e-06 -1.6343814228491265e-06 -3.5974917306976842e-06 8.167269917699328e-06 0.0 -0.016916350741784606 0.26543093208270996 0.7518382316026196 -2.5606206198436864e-06 -2.132785404258515e-05 -1.5624944376970367e-05 3.4310521179031805e-05 1.0
0.06354681233609681 0.2783834957772136 0.7630377640004224 1.892685236879686e-06 -2.697127290323906e-07 -3.387048719884548e-06 4.873972305072734e-06 0.0 -0.016908595119694576 0.26539647616500434 0.7518427885653288 4.846870707533337e-06 -2.787816697852443e-05 2.5181310134270683e-06 3.758886913981168e-05 1.0
0.06355694478319461 0.27839967636998736 0.7630281713084768 8.3469219026346e-06 1.3901260309623144e-05 -8.693816199881127e-06 2.1023917205313008e-05 0.0 -0.01694143172563887 0.26541423987708923 0.7518569250383075 -2.552242260716285e-05 5.242796735710151e-06 2.2010006105337333e-05 3.8750891562899456e-05 1.0
0.06361183614882768 0.27841157036404546 0.7630251925475533 5.023100300374829e-05 1.4968634486460753e-05 -4.75360815032965e-06 5.660619047235048e-05 0.0 -0.017040819092814078 0.2655907602432887 0.7518892406593295 -9.506923929098467e-05 0.00015448198204131265 3.44496227907639e-05 0.00020505017718651977 1.0
0.06367749353982845 0.2784202030662535 0.7630061276041674 7.160664697682673e-05 1.016904563737423e-05 -1.653979125768789e-05 6.926219506223798e-05 0.0 -0.01723873280946433 0.2660273820900026 0.7519839771811628 -0.000194278000134668 0.0004324719991307295 9.020057052430766e-05 0.0004898349737911085 1.0
0.06370012619412117 0.2784174338740283 0.762999591999178 3.6364462865142176e-05 -2.429641046213327e-06 -9.646518196375945e-06 2.3408407177656375e-05 0.0 -0.017269739543497278 0.26608413765109495 0.7520035273579696 -7.314356465751039e-05 0.00016545534374122375 4.074821392502102e-05 7.637956650804095e-05 1.0
0.06373582007638695 0.2784182095609741 0.7629846238181727 2.8081465346809244e-05 -3.596724202344717e-06 -1.2943278183549002e-05 3.660180618436832e-05 0.0 -0.01746110449941113 0.266476169445481 0.7522809888996288 -0.00015361242104715804 0.0003191999593169983 0.00023693305567485705 0.0004885734975785251 1.0
0.06375752814589633 0.27841568448318527 0.7629732168945698 1.5741706346021973e-05 -3.876563173811501e-06 -1.2065428865264782e-05 2.754998420370316e-05 0.0 -0.017476780104209538 0.26662454102063543 0.7525780411995618 -3.35144344078711e-05 0.0001650648452451463 0.0003194457714642236 0.0003620972242358929 1.0
0.06376431256189126 0.27841593758619626 0.7629658370965798 3.020181814119646e-06 3.065710313415349e-07 -7.482688955447991e-06 1.001737765690029e-05 0.0 -0.01742613912957893 0.2666422378412972 0.752702135173914 6.143691036326994e-05 3.3539817855572036e-06 0.00017509275181494633 0.0001303667689032068 1.0
0.0637813919453854 0.2784272315407305 0.7629400863806799 1.48723543124831e-05 1.2389053051824174e-05 -2.2325565046643353e-05 3.091078690169863e-05 0.0 -0.017290112828321876 0.26687765764172616 0.7532456183456695 0.00014621104084626277 0.0001695932659841671 0.00046374569902099994 0.0005866056903303537 1.0
0.06379274547699972 0.27844749807148106 0.7629126911023334 1.7590153959033472e-05 2.1339886933331043e-05 -2.9014779669123317e-05 3.7150017921657304e-05 0.0 -0.017072234574800525 0.26717814822315616 0.7540220643753659 0.00022211056027336552 0.00031888996827901566 0.0007658882196212621 0.0008835482645622751 1.0
0.06379957764924157 0.2784588412514186 0.7628970268134755 9.189595395589537e-06 1.5074584162250546e-05 -2.0603677647041253e-05 2.107965314060849e-05 0.0 -0.016841075587149045 0.26743572185160813 0.7548615084135777 0.00024115948645291805 0.00031313460376083014 0.00089426011703367 0.0009144855628444808 1.0
0.06379159684507496 0.2784361518889941 0.7628681826347274 -7.765418030708286e-06 -1.8845476449830205e-05 -2.5239531681417948e-05 3.543408313330021e-05 0.0 -0.016306248584228446 0.26743580530049793 0.7560292242930794 0.0004951043283400697 4.209909611267547e-05 0.0011644614649781978 0.0012505421244702294 1.0
0.06379502797346626 0.27842401529267213 0.7628476204154295 6.600934893373184e-07 -2.049549430416853e-05 -2.1503524103380392e-05 2.6031886496621464e-05 0.0 -0.015598389352273001 0.26709329937071 0.7571247974639401 0.0007010385830469643 -0.000317419614871766 0.001155469037027486 0.001372066599318119 1.0
0.06379435060242708 0.2784213822172654 0.7628408074072631 -1.5316007908843367e-06 -8.690706308946642e-06 -7.153000113960544e-06 7.208730934173088e-06 0.0 -0.015092210020206066 0.26675568666558314 0.7577657994333211 0.0005925263962741953 -0.0004595796670312429 0.0006787008191852572 0.00089140802184912 1.0
0.06378106313127407 0.2784117661905065 0.7628223154345627 -1.0929592774904073e-05 -5.9250450374994824e-06 -1.433883202829231e-05 2.3303438401742447e-05 0.0 -0.014004574209030151 0.2658564964732952 0.758983672658342 0.00099304100303733 -0.0008740620437227649 0.00101989694039519 0.001825587851677767 1.0
0.06375425733637798 0.278412338781192 0.7628053995047234 -2.4631928390576237e-05 3.891345340555554e-06 -1.827442811471021e-05 3.3219832620342716e-05 0.0 -0.01269939422897258 0.26480356984481807 0.7604627153697603 0.0013085933147449253 -0.0010679609895624014 0.0014603185015927525 0.0022850766358008113 1.0
0.06369889262446583 0.2784262659994612 0.7627702967715997 -5.481625842402038e-05 1.5492165870072106e-05 -3.35131299017242e-05 6.677571644353755e-05 0.0 -0.011021633750754331 0.2630745706760639 0.7620155899635512 0.0016886326991514375 -0.0016636162995072958 0.0016418418799248428 0.0028540644009724214 1.0
0.06360126931246625 0.27839547929351977 0.7626923753835924 -9.815858229517163e-05 -2.345048737612019e-05 -7.528729994875503e-05 0.0001278280699879326 0.0 -0.006623883732585802 0.25859501816547376 0.7638968555148697 0.004092638195975089 -0.004174560279454561 0.0019259458159044149 0.006498996729403381 1.0
0.06352961691661138 0.27835757900074337 0.7626582657973854 -8.440548275346635e-05 -4.434084712951467e-05 -4.976859066199413e-05 8.983176886039304e-05 0.0 -0.0016913055635383977 0.2541339308976081 0.7642077254043306 0.005271950695206923 -0.00489875205759219 0.0006011561558254268 0.006773659465075265 1.0
0.0634711237468992 0.27835273861681786 0.7626119766096451 -5.857995455029066e-05 -1.5582618098810647e-05 -4.219619190046872e-05 7.184870623253498e-05 0.0 0.00079903594657634 0.251539519061604 0.763714816957969 0.003182671626154969 -0.003148419677571837 -0.0006382089060737903 0.0035704249990313568 1.0
0.06341592898478408 0.27832515197912444 0.7625201686789964 -4.699023459685258e-05 -2.1954904085850773e-05 -7.918257825353016e-05 0.00011077374197633118 0.0 0.002708885671292944 0.24973300354462177 0.7630888614580419 0.001637619136831301 -0.0015702670185940067 -0.0009795804279959367 0.002560407998691212 1.0
0.06339490080367524 0.2782912193717624 0.7623901732440737 -1.811543804964054e-05 -2.9990391992841126e-05 -0.00012780424533050547 0.0001395358407594729 0.0 0.0033095052094600456 0.24920470323753696 0.762603002274629 0.00016541770534700292 -9.801780531552026e-05 -0.0006203281073220665 0.0011035153482147784 1.0
0.06343029230868208 0.2782839319958929 0.7621475334253421 3.345773961221167e-05 -9.412815945578753e-06 -0.0002374231300482157 0.00024312478511972504 0.0 0.005073865731101144 0.24907171312633647 0.7617212241114673 0.0010600107404435362 0.00033169813529851925 -0.0006914746645124532 0.001999151933659122 1.0
0.06345626199741175 0.2782793084651153 0.7621010459429849 3.4272263537384853e-05 -2.9642662044909093e-06 -9.85135723002955e-05 5.588686971861946e-05 0.0 0.005385412641210951 0.24912935858744023 0.7613245906254802 0.0006951403708283533 5.0128357442287444e-05 -0.00028650961932601875 0.0004771042052291231 1.0
0.06347625845648681 0.2782673327183339 0.7620732047813278 2.1601067158476146e-05 -1.1356950267588414e-05 -1.4617986629611241e-05 2.859760070429323e-05 0.0 0.0056218397280255435 0.24911394802509082 0.7610274396194935 0.0006443748988765271 -0.0003661992462111025 -0.00016635500727462012 0.00029606316319958454 1.0
0.06348555924076034 0.27826094191537154 0.7620605030651773 7.124064335861584e-06 -6.089581772309149e-06 2.2400735647236604e-05 2.206919994529862e-05 0.0 0.005711429022613483 0.2491131789329262 0.7609355549472521 0.00015791070559075318 -0.00019544142081456394 -0.0001515985357772975 0.00017334136357777166 1.0
0.06349780989677081 0.278251265784421 0.7620411906324541 2.258972817645793e-06 -8.590984763031754e-06 -6.659009814019789e-07 2.8825252518217663e-05 0.0 0.00598537107986764 0.24908785534074038 0.760688404967185 6.440804061281623e-05 -5.674607346442279e-05 -0.0002163395213405922 0.00038642456562579166 1.0
0.06350278387257362 0.278241337266625 0.7620345254459637 7.392795728325164e-07 -1.388913745396543e-05 -1.797784712039249e-05 1.0368960484431999e-05 0.0 0.006079443065353211 0.2490497976025922 0.7605585060790698 0.00012623872807795327 -4.842380082544081e-05 -0.00016248970185506114 0.00018977605757183186 1.0
0.06350358466132824 0.2782348851999921 0.7620279817277191 3.964943814471745e-06 -7.669231773714496e-06 -2.6663150232817897e-05 4.554296891583174e-06 0.0 0.006056931874427758 0.2490148371553857 0.7604659556381208 2.5461185247345084e-05 3.552123175134202e-05 -0.0001393140559604963 4.011315026567668e-05 1.0
0.0635001736645535 0.27822608048041714 0.7620242229764426 1.3122353003782676e-06 -5.9932343189485946e-06 -1.5619932551456792e-05 1.4480792099458788e-05 0.0 0.005899394073620545 0.24895854343780918 0.7604200199917092 -5.95945054242496e-05 -2.3046395504624042e-05 -9.363294559246898e-05 0.00020518939147086174 1.0
0.06349400944731584 0.27821809023030386 0.762014587450414 -6.77800928021344e-06 -7.96317648223034e-06 4.509761613248685e-06 1.3220200664671822e-05 0.0 0.005661793514059905 0.2488740470383932 0.7604108064484975 -0.0003648803800061799 -6.803113123433946e-05 2.5465245390954316e-05 0.0002539552505676549 1.0
0.06349062448043899 0.27821437069617594 0.7620091781801963 -4.598822174112756e-06 -4.748123107507327e-06 -5.88368225615121e-06 7.667524332572335e-06 0.0 0.005486236941870229 0.24884473478900904 0.7604449301680851 -0.00021625514747494035 -4.561377171893804e-05 4.725507584198548e-05 0.0001848829936339653 1.0
0.06347757393932972 0.2781972165654727 0.7619780178893838 -1.1369550112248373e-05 -1.4416642165348641e-05 -2.7656967807776032e-05 3.67667974092153e-05 0.0 0.005213978023831926 0.24875498311971517 0.7604997827659709 -0.00024480884242823406 -7.466000986347849e-05 6.452852125339196e-05 0.00027507507743453936 1.0
0.06347047305008349 0.278186877368359 0.7619544653004355 -7.927875361808779e-06 -1.3017014523230655e-05 -2.8617106361003766e-05 2.8230139413654526e-05 0.0 0.005045377291528745 0.24871372651464382 0.7605577081453195 -0.00015168853136028975 -4.992222645316677e-05 4.5879471138790307e-05 0.00019592441707943118 1.0
0.06346103151987813 0.2781594417102144 0.7619127966780262 -9.279927293783206e-06 -2.5595811093854266e-05 -3.997816207741833e-05 4.942945241322601e-05 0.0 0.004690776264385014 0.24859703067356895 0.7606923121148486 -0.000317347617349553 -0.00010292418025209415 0.0001270448011895675 0.0003911696422677967 1.0
0.06346688988879749 0.27815071079773174 0.761873876165319 3.830020114248338e-06 -1.316037256917226e-05 -4.081834705766128e-05 4.101994423214915e-05 0.0 0.004463979921852087 0.2484341963122905 0.7607705459143249 -0.0002638494553213175 -0.00016311808003904187 9.231305263241395e-05 0.0002970607201322207 1.0
0.06347558777785853 0.2781409236286375 0.7618559486265891 1.0532285534317944e-05 -8.40647833956285e-06 -2.0490428374353407e-05 2.2004932351091895e-05 0.0 0.004276858103812516 0.24821829746879942 0.7608487773003588 -0.00020279231885333111 -0.00022480935001395794 7.665543328952555e-05 0.00028822879686996126 1.0
0.063477888685103 0.27813734153678665 0.7618520245848053 5.5766782003816705e-06 -1.7254674963874402e-06 -1.4113530528962414e-06 5.575458450112323e-06 0.0 0.004227989771055871 0.24815939150066813 0.7608748226985035 -5.4237374103592264e-05 -9.566929106240708e-05 2.6587120602985472e-05 8.434408788897854e-05 1.0
0.06348325696214688 0.27812624611821707 0.7618449414415687 4.340120960034865e-06 -7.911116230437885e-06 -5.972658532294734e-07 1.40441407576188e-05 0.0 0.004185980104319952 0.24794918121495488 0.760886943264444 -5.770161655259566e-06 -0.00016608288237188987 2.3143485223617124e-06 0.0002086394911475974 1.0
0.06348576904601798 0.2781213256478295 0.7618397190849139 6.527313946517688e-07 -7.269021831883564e-06 -4.735386971245394e-06 9.076508462108373e-06 0.0 0.0041589289900879805 0.24779433334635778 0.7608345499719975 -1.4032636474170735e-05 -0.00015875484818479995 -5.1976442978143145e-05 0.00017953393607363544 1.0
0.06348455710595607 0.27811321404544875 0.7618267868011371 -1.9221269423194825e-06 -8.647665042028392e-06 -1.3399142687697512e-05 1.3858366695308743e-05 0.0 0.004210054562093554 0.24757643553910377 0.7606249685872121 3.699976223817312e-05 -0.00020628313172727642 -0.0001935962795289221 0.00029606492087841445 1.0
0.06347700637575933 0.27808776684109365 0.7617906120551364 -7.523809206970416e-06 -2.4564349816146506e-05 -3.824286369595893e-05 4.478331344055565e-05 0.0 0.004424341949447839 0.2473706698882133 0.7602541441347201 0.0001734646801422634 -0.0002240029437696478 -0.00036733536897876995 0.0004768806240059929 1.0
0.06347650854197791 0.2780905261926523 0.7617593256908245 -1.4871834482144095e-06 -2.6155986719487438e-06 -3.720259366288599e-05 3.269543588960313e-05 0.0 0.004465983620751335 0.24719285462988316 0.7599432531328808 9.404949534887885e-05 -0.00019093805378317508 -0.0003591972620532832 0.0003636648995804315 1.0
0.06347730725531558 0.2781001603652119 0.7617399592634497 1.090596587148234e-06 1.0533804866607013e-05 -2.171712601548253e-05 2.0453594853261323e-05 0.0 0.004508894727011181 0.24702125743691097 0.7597932806095808 3.751962029553395e-05 -0.0001636691999364318 -0.00017614009798461454 0.00022728080263201316 1.0
0.06347741912369644 0.2781048763671327 0.7617228783793043 1.3621507796739449e-06 1.0046053189947179e-05 -1.3572117103901166e-05 1.7328073539811296e-05 0.0 0.0046334289833050825 0.24681687431155538 0.7596462730280662 9.348373082510334e-05 -0.0001821517837589211 -0.00010080059771767151 0.0002762445157978223 1.0
0.06347673843824493 0.2781205537489327 0.7616777982584767 6.519569532012473e-07 1.553754862072894e-05 -3.678089689457767e-05 4.873659853185177e-05 0.0 0.0049287529239632295 0.24656553861543828 0.7593084865128825 0.0002612623985795434 -0.00025520724033892294 -0.00026226776293923154 0.0005261447875853734 1.0
0.06347591632508134 0.2781313264459128 0.7616466699839307 -1.2267009410266167e-06 1.1900818615821825e-05 -3.4905713785680686e-05 3.405381475076287e-05 0.0 0.005088967889196357 0.24637332174989057 0.7591051707124579 0.0002144972614459267 -0.00021028339978082633 -0.00024271517557064535 0.00032744041888077926 1.0
0.06347744188696001 0.27813619579885157 0.7616379528255938 1.1917345690292623e-07 3.099484993715574e-06 -1.5145668583747086e-05 8.048464276040839e-06 0.0 0.005095808790126728 0.24631703718719994 0.7590884417802192 4.958482996899067e-05 -8.052514157338479e-05 -7.678665237404544e-05 4.104774824142634e-05 1.0
0.06348664026121197 0.2781490195648504 0.7616123361134722 7.853315645900685e-06 8.58103427909605e-06 -2.1350685893906972e-05 2.956038572933003e-05 0.0 0.0053273820785828705 0.2461893644123048 0.7589521145564826 0.0001674717442932989 -8.819804072435233e-05 -0.00010363373782585087 0.0002933118387609719 1.0
0.06349309209212277 0.278153386607436 0.7615997932276928 8.82992583403418e-06 7.347830154911467e-06 -1.1502198418899698e-05 1.7199151628526198e-05 0.0 0.0055968512770140045 0.24604166354175827 0.7587974155929409 0.00024213300607942964 -0.0001293248380878393 -0.00012671096053649706 0.00036939240446351603 1.0
0.0634939539745033 0.2781474434519838 0.7615821329828724 2.3775382372769758e-06 -4.731708345375291e-06 -1.5039411700382054e-05 1.7727016197201595e-05 0.0 0.005948277798150073 0.2459268867269826 0.7586081317887621 0.0003684574846340212 -0.00013125330583372714 -0.00018502075072574986 0.00040780947512160295 1.0
0.06349926951249565 0.2781454449589629 0.7615715301730956 3.321188851745163e-06 -4.515311628239614e-06 -1.3601090829328773e-05 1.1120295992069147e-05 0.0 0.006151250822608593 0.24588954000133706 0.7585060787642728 0.00027042173268557824 -6.564400616682094e-05 -0.00014855670411124128 0.00021761749351208257 1.0
0.06350355715732652 0.27813966128879986 0.761569078998532 3.4196798269097226e-06 -5.302153997564455e-06 -5.847918763044709e-06 8.26411354401104e-06 0.0 0.006402812760404093 0.24590541779901837 0.7583588525001091 0.00024058523061593908 1.3506918375481093e-05 -0.0001536321455493542 0.00029135014308331024 1.0
0.0635089323161765 0.27813933444521965 0.7615707637914236 5.134290935819807e-06 -1.397154282144945e-06 4.216024445964894e-06 5.87710203345519e-06 0.0 0.006650691495653883 0.24596940986541113 0.7581825455567073 0.00020539716172502206 8.521783322113522e-05 -0.00014784318656325534 0.00032494617564050106 1.0
0.06351556376389884 0.2781365345174571 0.76156814267281 7.329344428220539e-06 -9.290075936801444e-07 5.927711797554274e-07 7.157700754725588e-06 0.0 0.006966342369484875 0.24608512002468041 0.7579379462082221 0.00028742524001788714 0.0001308120929333248 -0.00022531449112642084 0.0004109373967682064 1.0
0.06352037407317551 0.27813403651315216 0.7615664468419328 6.050885204970631e-06 -1.0024563521600047e-06 -3.4376143800788037e-06 6.217728879665025e-06 0.0 0.007253561099468204 0.2461471758042913 0.7576545494189869 0.00032192941576024203 6.791142755166327e-05 -0.00030414959129251596 0.00040748158877823364 1.0
0.06352330153589367 0.2781298468869839 0.7615681458263898 2.639297699339665e-06 -4.715783836484644e-06 4.212893730727974e-07 4.932275296201105e-06 0.0 0.0075200392829155955 0.24614687970730872 0.7573482546297674 0.00028453554302108235 -6.423674415241592e-06 -0.00032159414507662056 0.00040090635417387374 1.0
0.06352464885345777 0.27812897400330094 0.7615674622597011 6.381118665949199e-07 -2.465357552162099e-06 -1.304584757281811e-06 1.8849283051345012e-06 0.0 0.00789932085893311 0.24629700560845555 0.7569531731719723 0.00036016240919765463 0.000105866329135717 -0.0003870427438825563 0.0005706950572915565 1.0
0.06352484172684285 0.2781283876536371 0.7615677086247057 1.6664133246139095e-08 -3.1698008075135067e-07 6.21546123886561e-07 6.630166953421237e-07 0.0 0.007980471582824064 0.24629491980621496 0.7568406118450809 0.00011993485573866432 2.901464370290534e-05 -0.00015236864745835248 0.00014825326304150984 1.0
0.06352419709636266 0.2781290749824464 0.7615634558897263 -9.132974118135966e-07 8.243820154565797e-07 -2.9318569724179142e-06 4.382860504547085e-06 0.0 0.008163414190409822 0.24631473858522407 0.7565988866500091 0.00013995743640035502 1.688261707220724e-05 -0.0001874341589274986 0.0002842117359473991 1.0
0.06352249068220697 0.2781253177321981 0.7615607293683926 -1.4136993931189644e-06 -2.376723282890713e-06 -3.522667338142571e-06 5.054732523771118e-06 0.0 0.008284110439756517 0.24630994059412123 0.7564068146082562 0.00011128175256494314 -3.2434802666320693e-06 -0.00017887214390561678 0.0002419241670848826 1.0
0.06352192200709769 0.2781218515168408 0.7615592926077194 -5.591930741760437e-07 -4.307165376828626e-06 -2.354497077108576e-06 3.693828918364371e-06 0.0 0.008335398518841063 0.24632294349175898 0.7563213382453319 6.13490838549424e-05 5.851965183524991e-06 -0.00010346877861213774 0.00010384068167542819 1.0
0.0635164420907987 0.2781095708673228 0.7615551347519622 -4.614355686510399e-06 -1.182087966388679e-05 -3.2424788070196768e-06 1.3814766940198402e-05 0.0 0.008477053873966895 0.24632138011535445 0.7561683293603134 0.000126562932181321 -2.9712793951985553e-06 -0.00014249022434647263 0.0001952975269315753 1.0
0.06350866459117095 0.2781012623108182 0.7615555389584718 -7.945283363638173e-06 -1.0376424885438224e-05 1.1917315726055008e-07 1.192681072399842e-05 0.0 0.008800677577985007 0.2463886643196507 0.7558795139396545 0.00031749997103330693 6.356395847240983e-05 -0.0002809035152067548 0.00044148131862018863 1.0
0.063500588312597 0.2781052269966258 0.761539264431616 -8.881643621068202e-06 2.2422561967631695e-06 -1.3508201753045092e-05 1.8188156583223332e-05 0.0 0.008997166637694006 0.24624841056686864 0.7556756718954509 0.00025854657575274384 -9.05145847976891e-05 -0.0002451525433111347 0.0003327068629228281 1.0
0.06348869296828027 0.2781111226271272 0.7615214240553141 -1.1756093695706052e-05 8.224632925430304e-06 -1.9569374025035812e-05 2.2294753659957227e-05 0.0 0.008987582955636933 0.24599301258805217 0.7555947467305189 1.3496484195808496e-05 -0.00027048267415812776 -9.567589394149004e-05 0.00024615003445345137 1.0
0.06347479691859935 0.27809601633022385 0.7615020842801379 -1.3894853890482584e-05 -9.46579145970722e-06 -2.157425004604062e-05 2.8320066710201104e-05 0.0 0.008915807533157846 0.2457471639049665 0.7555236802774177 -0.00010161170690773068 -0.0002871348192783655 -5.796416804621388e-05 0.00026939535843501904 1.0
0.06345409459413326 0.27804807779739704 0.761445714909502 -1.991688629567113e-05 -4.5908496083184746e-05 -5.1607172766652366e-05 7.64469671602541e-05 0.0 0.009017115025545832 0.24562023931372204 0.75540076264494 1.4599865751082464e-05 -0.00016320366091526845 -7.837249164756427e-05 0.00021555085709587567 1.0
0.06345572612930675 0.2780252848805964 0.7614062454567462 -2.365714031839506e-06 -3.49047288782563e-05 -4.6057397338149026e-05 4.718169405600179e-05 0.0 0.009168126263902314 0.24553411857736165 0.7551931311487569 0.00015011507341093655 -5.990194091802761e-05 -0.00018894884134341245 0.0002649057265125092 1.0
0.06345984952180865 0.2780133724603215 0.7613713923940092 6.154627169941031e-06 -1.5829450307927747e-05 -3.618431766636329e-05 3.48601995524808e-05 0.0 0.009252062444870791 0.2453867323663277 0.7550149599199953 0.00015627322423584301 -9.092774775195454e-05 -0.00022290441470958455 0.00024398322335549938 1.0
0.06346308216375393 0.27799757718345963 0.761338629056167 6.787757719756872e-06 -8.768967881330489e-06 -2.9587855716799282e-05 3.6624196355613444e-05 0.0 0.00922537388759529 0.24519069505824614 0.7548553634379636 2.4032997369482064e-05 -0.0001763113447829456 -0.00019085677011905633 0.0002556882160631353 1.0
0.06346494407003271 0.27797686841785846 0.7612758261663052 3.049911470121898e-06 -1.3501856208372444e-05 -5.536064519594742e-05 6.764732748232562e-05 0.0 0.009077854214266318 0.24496922572113236 0.7546526477894826 -0.00017119544845751777 -0.0002573696867093316 -0.00018183618426488557 0.00033268393492121235 1.0
0.06346231813051276 0.27797890097841316 0.7612523451728334 -3.9545302608947125e-06 -1.3014148820596662e-06 -3.1301983653941554e-05 2.481964099361574e-05 0.0 0.00903970234522501 0.24496560011320628 0.7545750732803455 -0.0001183102442247836 -6.66840339679896e-05 -7.81108979203549e-05 9.219796843801161e-05 1.0
0.06344708696344072 0.2779607289052454 0.7611774646103655 -1.657900140463929e-05 -1.712292867735437e-05 -6.738043192827251e-05 7.428788146722861e-05 0.0 0.008999541016939977 0.24502087725166813 0.7544019680413337 -4.362370200470938e-05 7.600506742335919e-05 -0.0001408817975933735 0.00017588539379435094 1.0
0.06344278480979126 0.27795081007368744 0.7610978381710215 -9.026610895029012e-06 -1.43982696157564e-05 -8.4856247963385e-05 8.397305622157925e-05 0.0 0.008980683616536896 0.24515328675224 0.7543030598644084 1.899311525834477e-05 0.00017422590525507172 -0.00011491883283061418 0.00017447493516333873 1.0
0.06344938486423259 0.2779511541918783 0.7610455365977599 6.835519897656377e-06 7.860713004635282e-08 -5.937787376775885e-05 5.2514115158139256e-05 0.0 0.009052697723586073 0.24530632368699945 0.7541444813017194 8.716607010913138e-05 0.00017840605133672755 -0.00015528343162312576 0.00023340413161750264 1.0
0.06344772139824341 0.2779483985940541 0.7610157057078504 3.0893556816462985e-06 -6.776986774296427e-07 -3.025824403461153e-05 2.7858667184421313e-05 0.0 0.009116976801991267 0.24533769885703077 0.7539931461506495 7.822259135823565e-05 3.951380238560449e-05 -0.00015736524247547483 0.0001641868457424789 1.0
0.06343733125954065 0.2779416076385458 0.760995453950698 -7.49838344033259e-06 -5.870171254956142e-06 -1.3567446232607628e-05 2.4143248480716203e-05 0.0 0.009142373051004462 0.24523449037344716 0.7538602224482697 2.4454432274301295e-05 -0.0001272227085918426 -0.0001426787371255196 0.00016468955202546777 1.0
0.06343184983600318 0.27793894806620223 0.7609933145442449 -8.310504872535095e-06 -3.6808267110725056e-06 1.9605268939448713e-06 9.076084097373995e-06 0.0 0.009159464488581497 0.24511328605230215 0.7538073013970908 4.273120263734834e-07 -0.00016880386165392148 -6.312638643254145e-05 0.00014121117760019331 1.0
0.06341891345916227 0.2779314903764011 0.7609866193546774 -1.4420411191012826e-05 -6.555296759846932e-06 -1.0815995943256655e-06 1.4087257250616685e-05 0.0 0.009184477266094187 0.2448773295520918 0.7537122501531927 1.5560707809053712e-05 -0.00023266609486769508 -6.705552856947739e-05 0.0002514523164416956 1.0
0.06339341872395728 0.27792242009726326 0.7609885430149472 -2.5419599269613454e-05 -1.1183163753849325e-05 -5.857225628538336e-06 2.7506597134189565e-05 0.0 0.009370279486939057 0.2448134362046399 0.7534175791735811 0.0001552627295655992 -9.406373996501382e-05 -0.0002654405148396293 0.00035854251073736223 1.0
0.06336384531946844 0.2779209915630687 0.7609840924169675 -2.9468984919145783e-05 -2.190278483416243e-06 -6.407772054000424e-06 3.0401974813294724e-05 0.0 0.009448365441810743 0.24480168456990165 0.7532340036294498 0.00012184305304894015 1.983808119621659e-05 -0.000229105025260152 0.0001991707712652529 1.0
0.06332771301813754 0.27792475900336605 0.7609787685403364 -3.6102367184973264e-05 4.666085238866315e-06 -5.869406815030252e-06 3.612493056793518e-05 0.0 0.009402133640482166 0.24478364743889952 0.7531418282136507 -1.3601311112127685e-05 2.7639717315195263e-05 -0.00012682557276344744 9.7102403108364e-05 1.0
0.06331682518125704 0.277926803817878 0.7609770158957806 -1.6144330987134347e-05 3.831676101991622e-06 -2.8941365429288154e-06 1.1506158416024244e-05 0.0 0.00929013109794174 0.2446612065730917 0.7532348667005931 -0.0001334577398043375 -9.742026639056396e-05 9.012124139031255e-05 0.00019186487554529927 1.0
0.06329830397110657 0.27792419092787035 0.7609681091360729 -1.3514065233020076e-05 -1.3122812159626526e-06 -7.370906218196294e-06 2.0220525184626046e-05 0.0 0.009187727705871078 0.24461440613472946 0.7533126396782207 -0.0001461333274410057 -8.756743561139076e-05 0.00013967338322655142 0.00014904268566713437 1.0
0.06328568753641008 0.277927366579576 0.7609550047052392 -9.53614480193654e-06 1.2820804174373506e-06 -1.1967001719941808e-05 1.9327720583001664e-05 0.0 0.009166601141904263 0.24467448060163557 0.7532329742357879 -4.472706899347338e-05 2.2506891347524643e-05 -2.2980038023075492e-05 9.358717510882719e-05 1.0
0.06326384996321122 0.27794148222479725 0.7609404767024953 -2.0057026769342386e-05 1.1332549390439682e-05 -1.5537783252746418e-05 2.964370635023817e-05 0.0 0.009199884735611324 0.244856559946631 0.7530168935743358 5.827641519630382e-05 0.00017508774050643206 -0.00024027523331061277 0.00027743189296004577 1.0
0.06324633662224853 0.27794458027313595 0.760923948600565 -2.1258571595327933e-05 6.397833767742005e-06 -1.652684986314276e-05 2.4142766191152665e-05 0.0 0.009196595582350779 0.24500758209994036 0.7528358871609206 4.9166618943842295e-05 0.00020732388337297184 -0.0002647243269974589 0.0002488819365214418 1.0
0.06322599313781156 0.2779516100890208 0.7609193691706191 -2.2272615859702377e-05 7.3096950064796235e-06 -6.840705104708218e-06 2.1391545949174733e-05 0.0 0.009110097108983937 0.2451124595797295 0.7526908311869173 -7.456229026487162e-05 0.00012816465690277087 -0.00017023291267296707 0.00019290084513836643 1.0
0.06320648616933021 0.2779449679445786 0.7609112040422105 -2.0062946331710292e-05 -5.2062056530988965e-06 -5.276624470352753e-06 2.274318810106138e-05 0.0 0.008915812247338388 0.24524316478930147 0.7525061812896457 -0.00021162962294403283 0.00010078063704730748 -0.00014942328702986817 0.0002916514767196014 1.0
0.06320443631145888 0.2779470502590614 0.7609082418718723 -2.5797382248163905e-06 -2.2038082648128076e-06 -1.920889536580009e-06 4.3322273937731416e-06 0.0 0.008861541680489816 0.24525752541472878 0.7524503107535285 -0.00011648166397268681 -8.087263897034019e-08 -3.5359173781363084e-05 9.182503681672779e-05 1.0
0.0631966408093184 0.27794243966460236 0.7608995907534408 -4.567112970498069e-06 -4.4683158412431e-06 -7.697681970153176e-06 1.1971716802969648e-05 0.0 0.008649054305447056 0.24527073773296368 0.752252796766445 -0.00018514212947346842 -3.946633388498367e-06 -0.00015434791754650426 0.00027963401402327393 1.0
0.0631877148555653 0.2779260164283509 0.7608819927352969 -7.0877679151959584e-06 -1.3698771306880615e-05 -1.7693477352439093e-05 2.6009182156890718e-05 0.0 0.008521168465031195 0.24529093464262658 0.7521522080669092 -0.00012916583050892654 1.828721931162751e-05 -0.00013492694108919247 0.0001721139901094323 1.0
0.0631683893690539 0.277888433571511 0.7608203832030412 -1.9225589029329374e-05 -3.5302027725140565e-05 -5.818119328000185e-05 7.481607671732812e-05 0.0 0.008333823486346686 0.24534311900314923 0.7519626219016616 -0.00016457070647888112 5.929672530642932e-05 -0.00019013154193874379 0.00026688956276991197 1.0
0.06316226753451895 0.27789560989905915 0.7607723944388118 -1.0925398934965321e-05 -3.946323000186047e-06 -5.763239502980121e-05 4.98430304425434e-05 0.0 0.008266345054383908 0.24538618251002464 0.7518589158791348 -8.725815157564504e-05 5.622236931185774e-05 -0.00012267857516936782 0.00013345684166724052 1.0
0.06315897670708537 0.2779046177885862 0.7607313353553771 -4.357777758755463e-06 1.2745077910588363e-05 -4.4522342379601495e-05 3.975359035260724e-05 0.0 0.008242067353742524 0.2454498024393722 0.7517771821871312 -2.3783200394005757e-05 7.045794068346597e-05 -7.937244362297153e-05 0.00010077380566501633 1.0
0.06315923409641322 0.2779110200114576 0.7607172526599167 2.2643211712010715e-06 1.3082558113170545e-05 -1.424213890739304e-05 1.647433940003995e-05 0.0 0.008238154710580191 0.24546340305457132 0.7517737720758028 1.1502674451922248e-05 2.4946294021598573e-05 -1.004345093503882e-06 2.1926778382399653e-05 1.0
0.06316060590315437 0.2779255476812233 0.7606819642662066 4.399691124661457e-06 1.6914110542363506e-05 -2.2395052743685435e-05 3.857295218510447e-05 0.0 0.008268082499434427 0.24549881029329307 0.7518360081271205 4.2471110438885203e-05 1.5984024376909957e-05 7.650777254204086e-05 7.177380307528733e-05 1.0
0.06316135343096427 0.27791723744752006 0.7606673167794729 7.737320394589227e-07 -6.7467477414201525e-06 -1.4844404305922894e-05 1.832327153941391e-05 0.0 0.008372348675740911 0.24552316537204902 0.7520138338425097 8.34744939386582e-05 2.0708301810185156e-05 0.0001695459215584996 0.00021334478498872828 1.0
0.06315616475288441 0.2778916465192535 0.7606411081359418 -5.734997007653674e-06 -3.0248919692886015e-05 -2.6281474939458026e-05 3.4400445695502277e-05 0.0 0.008528862993846057 0.2455630674413171 0.7522988736055782 0.00015549828781845758 3.791495760436265e-05 0.00029212880145835347 0.0003248769188767 1.0
0.06315773531867677 0.277889780255502 0.760628019116211 -1.7490406711971397e-06 -1.2311106732747241e-05 -2.04091816537771e-05 1.477316139462212e-05 0.0 0.008645782223559396 0.24558239321698108 0.7525553722658086 0.00012772421212028164 2.8126776601258058e-05 0.00027342919025675214 0.00028354798374432785 1.0
0.06315956789146027 0.277889607802189 0.7606167285973876 2.5129535392454054e-06 3.4928833425963417e-06 -1.0722424613306535e-05 1.0564161625679775e-05 0.0 0.008816427634177828 0.24557447007594424 0.75273183148882 0.0001668928411406286 -3.3828134900794666e-06 0.0001894996900023902 0.00023947024056737828 1.0
0.06316123371287773 0.27789035996251726 0.760605006598928 2.665529802072725e-06 5.229972843627109e-06 -9.547556921565954e-06 1.2508849859806806e-05 0.0 0.00897255569716642 0.24555625012432514 0.7529251619684708 0.00015399370970918536 -2.2130263835941335e-05 0.00016045287706956872 0.00025326704832987303 1.0
0.06316240720441463 0.27788756490062055 0.7606022309982415 2.0873263490499907e-06 1.4234602870793353e-06 -2.5875765489483818e-06 4.136486343774385e-06 0.0 0.009066038979007476 0.24555351576491843 0.7530257317141272 9.639171060052549e-05 -1.3848863820984449e-05 9.099156503591959e-05 0.00014218429716832045 1.0
0.06316235782921678 0.2778828595174008 0.7605951177335128 4.4002161227833044e-08 -4.605392783051593e-06 -7.136576728409828e-06 8.485703421012038e-06 0.0 0.009218816849938609 0.24558918581980144 0.7531369184118468 0.0001342658285181764 3.329164090706734e-05 9.493462141402525e-05 0.00018623487742352207 1.0
0.06315446886898446 0.2778820627952509 0.7605833891955375 -7.635413836055678e-06 -5.800594114569158e-06 -1.0384823981406334e-05 1.3642871570091695e-05 0.0 0.00932807160819832 0.24568911390308507 0.7531217099605279 0.00011964517430656016 0.00010155829834895582 9.884266547964651e-06 0.0001514953054660951 1.0
0.06314367637187006 0.2778726154880459 0.7605608365201237 -1.2135416919218374e-05 -9.602355218153668e-06 -2.3274683319240256e-05 2.7380375257451546e-05 0.0 0.009397447738961694 0.24579733810618 0.7530537995401492 7.657779599705963e-05 0.00012551346031175134 -6.343312778411329e-05 0.00014516286824920124 1.0
0.06312866457422091 0.2778319901636955 0.7605329875381696 -1.5240786517256919e-05 -3.506703848657675e-05 -2.9054722449819166e-05 5.1145334731307104e-05 0.0 0.00947292503803038 0.24594133074108376 0.7529501939599926 6.737197448351888e-05 0.00014624515813247525 -0.0001156417428319151 0.0001907897215395957 1.0
0.0631363357968429 0.2777963726774492 0.7605284889652884 3.6910472277917833e-06 -4.117666849671331e-05 -1.0149090915941188e-05 3.721904062391193e-05 0.0 0.009753577468529555 0.24597144240083735 0.7531192363701116 0.00025191680755749904 4.555801803963409e-05 0.00012068805649011346 0.0003298030686114813 1.0
0.06314019095151764 0.27778717983833223 0.7605355116261246 7.908111895770457e-06 -1.6081092370568108e-05 8.746524036954515e-06 1.1381142867706736e-05 0.0 0.009828371021888726 0.24596328508045556 0.7531983038459061 0.0001318316361836301 -2.4731785018176268e-05 0.00013867598418156377 0.00011611383869070672 1.0
0.06313972032379583 0.2777808015991933 0.760531812755113 3.305098544492917e-06 -2.2328674320106534e-06 4.356894356091375e-06 6.990718248102704e-06 0.0 0.009868384883194053 0.24599711501047547 0.7531971242115734 4.3244170298728605e-05 2.7879953529248976e-06 4.010842947942334e-05 3.866417226134949e-05 1.0
0.06313608546933411 0.2777716230234289 0.7605238246111358 -3.621415470989788e-06 -1.7353294262970624e-06 -6.295832855810054e-06 1.4015296891773672e-05 0.0 0.009839962529148124 0.24600155959874614 0.7531753549100683 -4.0912584656990604e-05 7.959542164964615e-06 -3.1048245345948166e-05 4.182037389806415e-05 1.0
0.06314004069121777 0.2777769493174595 0.7605249535511998 -2.934313278478161e-07 5.963113563577142e-06 -3.924767798134935e-06 7.051985972906939e-06 0.0 0.009892637643441837 0.24607213945508552 0.753121595773017 5.431702827606995e-06 7.372209307103678e-05 -9.181976849557053e-05 0.00010968949959645833 1.0
0.06313860038471962 0.27777611593985346 0.7605225233942117 -1.865359864343306e-06 -1.4047806848628207e-06 -5.03947194690202e-06 1.5399005972043084e-06 0.0 0.009976703172372361 0.24618037577336307 0.7530335392593698 7.99803402257811e-05 0.00012275887574499648 -0.00011019839807720774 0.00016081487408106342 1.0
0.06313764644673107 0.2777772336451637 0.7605185891170693 -6.529997183987352e-07 -3.184307904791821e-06 -3.8028280490322946e-06 4.326170430989809e-06 0.0 0.010054555442668058 0.24627323916749522 0.7529371945330612 0.00011323511085458469 0.00011172026471203725 -9.370353469538354e-05 0.00014909463937062066 1.0
0.06316273694873861 0.27778232640165795 0.7605130276527624 2.3145531812396322e-05 4.145789161306637e-06 -3.0761850479526206e-06 2.6709269637235687e-05 0.0 0.01011037486323765 0.24614972162286256 0.7527049543680391 8.783141263745995e-05 -9.933901206557298e-05 -0.00018899799827938994 0.00026963734080166476 1.0
0.06324951141164216 0.27776294648317795 0.7605129025220914 8.11650062351917e-05 -1.4344582190991898e-05 -8.222909222208857e-07 8.889136530767746e-05 0.0 0.01043055844890675 0.24585725765718333 0.7524690599237447 0.000263574484295382 -0.0003075061655380591 -0.0002563711785347015 0.0004958997844223083 1.0
0.06331137461510215 0.2777356510499503 0.7604881094243503 7.679248813674944e-05 -2.9686381469251952e-05 -2.1953192377063056e-05 7.325332401341037e-05 0.0 0.01161493870647142 0.24645229653344494 0.7523986902506982 0.0010848907437497996 0.0004132440235090641 -0.00011020610906959969 0.0013254828890014898 1.0
0.06335161565826074 0.2777137667367026 0.760474736060235 4.739864839178819e-05 -2.6697191162509906e-05 -1.775280700475255e-05 4.539391186265297e-05 0.0 0.01169535738083934 0.24631043016729168 0.7525135773372258 0.00038284130237469145 6.25979937252497e-05 0.00011439247320257631 0.0002279075085982917 1.0
0.0633596976529479 0.2777076966255148 0.76045878170359 4.731793750855487e-06 -7.951634145290084e-06 -1.5999255508118082e-05 1.870562543764758e-05 0.0 0.013623354417202567 0.24683062119685423 0.7527976948233468 0.0016233435784748142 0.0004552984270392658 0.0003176395839477921 0.0019372162052040105 1.0
0.06331921109494756 0.2776235266181201 0.7603697033942547 -4.914861395793966e-05 -6.882515239232834e-05 -7.83010732918382e-05 0.000129647765428924 0.0 0.01685726010443449 0.24817253398605071 0.7533593325891739 0.0031569440840010458 0.001267859762854896 0.000579124400490452 0.0036224370052160416 1.0
0.06330555399284324 0.27755313233173995 0.7603049849885266 -3.178917155207366e-05 -7.842774072011133e-05 -7.715843453142405e-05 0.00010138731943754561 0.0 0.017321930969495074 0.24872180531989518 0.753536013953928 0.001162089465796251 0.0007935898837443845 0.0002769488581716062 0.0007940312555385107 1.0
0.06330732059356517 0.27753067772014367 0.7602867277038384 2.9412048381710726e-06 -3.5996596657718986e-05 -2.921180003293503e-05 2.367606042440552e-05 0.0 0.017237212217575244 0.24886018582232644 0.7537087085310789 -0.00022277571125032958 0.00015671437954664427 0.00011099782158295006 6.016218687355377e-05 1.0
0.06328811253979262 0.2775128569782332 0.7602709819010989 -1.306434197664711e-06 -1.360691549515777e-05 -6.747949979750425e-06 2.794238844933514e-05 0.0 0.017613269670313323 0.2490653479780862 0.7537875118341524 -0.00016009747548796622 2.742872727911025e-05 1.0699230741202431e-05 0.0005003936804297502 1.0
0.06323566061239733 0.2774767701005793 0.7602427498813964 -4.305147026057109e-05 -2.1989628183934238e-05 -1.5456764741822716e-05 7.445081499202723e-05 0.0 0.017586740264923434 0.24926086525645483 0.7535921549522865 -0.00018545503522901378 9.182732070165544e-05 -0.00020112876240835923 0.00041565568486436587 1.0
0.06320610230985102 0.27746363051899103 0.7602575959625961 -3.926704027411541e-05 -1.2335545169741192e-05 1.2559544865684734e-05 3.8629599856698004e-05 0.0 0.01762037956246105 0.24932852415795284 0.7535434648815124 6.036013287567907e-05 3.1035184341425103e-05 -9.84252346492519e-05 0.0 1.0
0.06319396672073428 0.27745028512375736 0.760280689075569 -2.101596223506033e-05 -1.598872194606466e-05 2.0623094259856284e-05 2.265610009162205e-05 0.0 0.017637085556401932 0.24933486348551492 0.7535297807108988 0.0003979498891860043 0.00014368466919323426 1.339574604602562e-05 0.0 1.0
0.06314904976049784 0.2773767668780143 0.760385753733705 -3.824292061842606e-05 -7.269734499360981e-05 8.999206241911213e-05 0.00013610728725994953 0.0 0.01756804701088464 0.24928650531326185 0.7535470114921015 7.635032141548774e-05 3.259805820565265e-05 6.799619457701663e-05 0.00016024634095248994 1.0
0.06304374121401292 0.27728142937860706 0.7605206293813567 -9.262203320756487e-05 -9.9057088828886e-05 0.0001454114353252333 0.00020150637111451567 0.0 0.01762084131803845 0.2493063768210292 0.7535460925575655 -0.0001741576260780777 -6.203400480250137e-05 1.6542997372541468e-05 5.2122393428421284e-05 1.0
0.06281476147342603 0.277034495122888 0.760796218961765 -0.000221761246953005 -0.00023295825327605555 0.0002703209616856882 0.00043078893187834037 0.0 0.01761891328297494 0.24930453989626192 0.7535260864293215 2.749763326824299e-07 -1.2975557159981648e-05 -3.869479366753228e-06 4.8747262574310194e-06 1.0
0.06236151105496373 0.27654918115637284 0.7614118117188585 -0.0004511568024471416 -0.00047724164125687734 0.0005866616748280225 0.0009045836812385563 0.0 0.01775349850546633 0.24932848073733274 0.7535119775310806 0.00015502560160248716 4.751323895946813e-05 -4.022719779339071e-05 0.000136685748537841 1.0
0.06179281943321649 0.27580058328683965 0.7620203489519104 -0.0006002576802774141 -0.0007594857953262356 0.0006651527905386172 0.0011286912801780164 0.0 0.017837599797681018 0.24934721834970858 0.7534755873285767 8.417317505009816e-05 3.164398239543446e-05 -6.157830975876012e-05 0.00010289877827144526 1.0
0.0608020262381868 0.2744893761984777 0.7622779034340859 -0.0009646983836934563 -0.001288694323559297 0.0003402037363001316 0.0016506834207790047 0.0 0.017959263937435917 0.24937942013505732 0.7534258773111242 0.00012690478224373667 2.3035228588145373e-05 -4.140617338762827e-05 0.00013036533911824885 1.0
0.0593553542660938 0.27282340169348096 0.7624523472888436 -0.0014375922569233688 -0.0017109211294629551 0.00011996059576658671 0.002217808101538501 0.0 0.018072356057677652 0.2494117876828958 0.7533895775784414 0.00010706482524803709 2.5605004983082384e-05 -3.7232444934158255e-05 0.00012162251796404514 1.0
0.05820465201950326 0.2715734769385142 0.7623091479997247 -0.00127826486355118 -0.0013957061029989076 -0.00019078314708295113 0.001721363742260182 0.0 0.01817344086316452 0.24943451682146353 0.753353471844909 9.139475939545381e-05 2.082098000070679e-05 -3.2282963117424985e-05 0.00011215194235898092 1.0
0.05639559840850413 0.2694899421891326 0.7621315358416942 -0.0017014951569102345 -0.001904223012739193 -0.00025732041316645055 0.0027203333721651313 0.0 0.018364489749280476 0.2494577790116589 0.7532814503145283 0.00017693600324603464 2.5017079646763693e-05 -6.489065752112595e-05 0.00020467055014607822 1.0
0.055236511657008394 0.2681543142493877 0.7622522032119604 -0.00126583787392473 -0.0014420764017966943 7.418178985646085e-05 0.0018318737895462087 0.0 0.018488545654564353 0.24947879737594877 0.7532435036465559 0.00014072288684903003 1.769644592758868e-05 -4.599352406172788e-05 0.00013363724385127092 1.0
0.05289361753055726 0.2652092786811808 0.7618370497747602 -0.0020982477373522545 -0.002643519428337964 -0.0002377961802383136 0.003725440265916514 0.0 0.01866409930404738 0.24948802190139013 0.7532037183029485 0.00017722898380655752 1.1275787776028951e-05 -3.842627637181313e-05 0.00017646856222338123 1.0
0.04960758029240942 0.26155369953417956 0.7612946134635783 -0.003230648377109913 -0.0037105400973301388 -0.000524575692040404 0.005001248306446476 0.0 0.01884364385961187 0.2494757187020737 0.7532419230150234 0.00017606418801497395 -1.0841426194671751e-05 2.8368431673676744e-05 0.0001850535164881753 1.0
0.04564387859978285 0.25777806154659394 0.7612920866294187 -0.004137032876326322 -0.0040524575107390255 -0.00015379761312195902 0.005469838337337173 0.0 0.01888729557257527 0.24950334390114762 0.7531483960865808 6.533097024998738e-05 1.928297560778477e-05 -6.192201097744758e-05 0.00010972623209254036 1.0
0.0432537599699702 0.2556164850224976 0.761298229550572 -0.0028572584601485804 -0.0025144280413289975 3.918363260420617e-05 0.003203514072383646 0.0 0.018946450751713573 0.24951600688999165 0.7530721450928823 3.565624812924511e-05 1.8080479134835516e-05 -8.675583189317538e-05 9.358521762905403e-05 1.0
0.04177526519754736 0.2544235614072049 0.7610553211321701 -0.0013909174036936826 -0.001000050087084251 -0.00014153678782893715 0.00183627168685876 0.0 0.0189913002053927 0.24951159959771058 0.7530071369146819 3.2243962946268726e-05 1.319887915701053e-06 -8.267654089560351e-05 7.959881025942797e-05 1.0
0.04054364577980856 0.2533817500797788 0.7604880133589462 -0.0008066335211614982 -0.0005861477885396693 -0.0005007656237305141 0.0018053392241077937 0.0 0.019026035986852912 0.24949884742528625 0.7529986925477657 3.801554450511441e-05 -1.271008027027727e-05 -2.2565887975245883e-05 4.169571855421805e-05 1.0
0.03942047026366267 0.25229472707724865 0.7598475787768079 -0.0007878384442366792 -0.0007971992908376207 -0.0007171648209180621 0.0017224815627855622 0.0 0.01902123462726195 0.24952748393009389 0.7529445034322938 4.359536134234071e-06 1.7822038323423936e-05 -3.104496799976194e-05 5.727408931351457e-05 1.0
0.03832991008732592 0.25112200086641806 0.7591463997983342 -0.0012055366598400328 -0.0013911212058551738 -0.0008287226340622643 0.0017106531987394708 0.0 0.01903759134179566 0.24950604672958795 0.7529529707032195 2.1093084352493763e-05 -1.2400736331261023e-05 9.4813155004374e-06 3.0121832091561457e-05 1.0
0.03781712441129711 0.25054930091123045 0.758766668816221 -0.0008625038683227454 -0.0009589719567842619 -0.0004352428057639784 0.0008161941124018523 0.0 0.019032027596146545 0.24951995562895612 0.7529330081468624 -2.718257705471651e-06 7.832705475809e-06 -8.374038306938869e-06 2.4802420874342007e-05 1.0
0.036835863109863226 0.2493288606659828 0.757213540301601 -0.000998481920778708 -0.0011809661743120373 -0.0012588794491517322 0.0021963466276932265 0.0 0.019066708223257126 0.24950566794891052 0.7529492375758117 2.090901542392505e-05 -6.0865639178760165e-06 -9.673973020682853e-07 3.987620756134441e-05 1.0
0.03663133060862837 0.24837514758903667 0.755371549901446 -0.00024083536667877546 -0.0009155873954167244 -0.001888845430467252 0.0021650230046864226 0.0 0.019119068488195858 0.24950798243429145 0.7529413613023824 5.8648629332287467e-05 -3.6258034428823776e-06 -2.6709515772259515e-06 5.4373984249910404e-05 1.0
0.03670281587764496 0.2480620241747147 0.7543671750173476 0.00013464895981286744 -0.0003656412565122614 -0.001308067542554733 0.00102599666569428 0.0 0.019128740611385142 0.24950330027453288 0.7529054539793262 2.3848553326111675e-05 -5.095871274116086e-06 -3.227914283624039e-05 3.775853767444608e-05 1.0
0.03689844031954674 0.24770455739753885 0.7534099157571084 0.00027212162357508735 -0.0002638922454546583 -0.0009263839593374402 0.0009736562000249051 0.0 0.019174617952335105 0.24948449551981258 0.7529373189769926 3.661725540287372e-05 -1.54538972117121e-05 1.6745167182296805e-05 5.651078402296692e-05 1.0
0.037018875197338916 0.24732925328477873 0.7526730533149195 0.00017948152080389263 -0.0002993986646587036 -0.0005869447448832644 0.0008914626091304225 0.0 0.019211056442282968 0.24952165523481415 0.7528905721427713 3.304380294797242e-05 2.9182645451567688e-05 -3.401676864023147e-05 7.208403630709891e-05 1.0
0.03707724006881683 0.24711910862038827 0.7523122796258795 4.0003766131431993e-05 -0.00021888108810278872 -0.0002516890790743181 0.000460029071536561 0.0 0.01918010781318112 0.24950155599255158 0.7528846900704808 -2.1913788197203714e-05 -8.64323693853312e-06 -1.0944258947836917e-05 3.7830611313728366e-05 1.0
0.03711632240319106 0.24687458419049765 0.7519178540088786 -2.6201719613216674e-05 -0.00025198328273509955 -0.0003250732717032128 0.0003985101426993594 0.0 0.01918781302084183 0.24950130563492848 0.7528824752388253 -8.117526199339303e-06 -2.4601207952137976e-06 -4.1193437034052175e-06 6.041774667676701e-06 1.0
0.03720277566244844 0.2466125050957532 0.751547234136986 -7.844308518895234e-06 -0.00034713731621180063 -0.000493638492967717 0.0004805305162354275 0.0 0.019245884020062474 0.24947929853986486 0.7529265668752743 5.150296378255066e-05 -2.3305416664239394e-05 4.2204829562682224e-05 7.564011678905958e-05 1.0
0.037225673431767095 0.24642846323120293 0.7513691068041951 8.392925128252859e-05 -0.00018368546975475425 -0.0002592657059567974 0.00027828179987994875 0.0 0.019232442998668622 0.24948114234808463 0.7528976490815298 7.727501003239318e-06 -4.759074852724301e-06 -1.2036215994454291e-05 3.671456649692921e-05 1.0
0.03705925290946659 0.24567724035138996 0.7510219810153377 -0.00011215333366602044 -0.0006297585217896849 -0.0002885968421766109 0.0008130816779279601 0.0 0.019280567422221753 0.24947825827459605 0.7528893402135585 3.9010448818968746e-05 -1.7141885647077041e-06 -1.516993266605372e-05 4.438173428805442e-05 1.0
0.03681197925310043 0.24512828701210557 0.7508553470532644 -0.00025338316565854833 -0.0006631497470517302 -0.000222749844582546 0.0006535262870014714 0.0 0.019294855416222466 0.24949900864968924 0.7528229655233863 2.4378467854540387e-05 2.146760978518108e-05 -6.256091882698623e-05 7.082031598735716e-05 1.0
0.03663158947993402 0.24478610942926202 0.7508291130087629 -0.00023147250219281135 -0.00040977223062332825 -2.836929828887915e-05 0.00037493743172466436 0.0 0.019301700506388835 0.2495006833292895 0.7528016287996625 2.49574154458524e-06 1.1850319570697418e-05 -4.3933258022919424e-05 2.57194192772182e-05 1.0
0.03648584393892096 0.24449732406824146 0.7508592355009182 -0.00015370946945482362 -0.00023605044397998235 7.115378403741443e-05 0.00030890489478622746 0.0 0.01931885973256264 0.24951085026160333 0.7527822032375523 7.3139401027603e-06 4.693730596811064e-06 -1.508517672681103e-05 2.5333590034863426e-05 1.0
0.0360907994984656 0.24388506197425794 0.7509146633008228 -0.00032563710924174156 -0.0004916897221020765 7.208133755528168e-05 0.0007468120026936727 1.0 0.019299431305776858 0.24948756961993418 0.752776120811515 -1.056943237859292e-05 -1.9777197592608112e-05 2.315318519014872e-06 3.06349343984071e-05 1.0
0.035989844824255754 0.24356357815299481 0.7509212634489547 -0.0001450457422755548 -0.00037073210438691006 2.260870584292504e-05 0.0003632419254899461 1.0 0.01933470722796337 0.24951018942875913 0.752759847510231 2.5378882065561346e-05 8.930187841678617e-06 -5.29676721727545e-06 4.740376973183611e-05 1.0
0.03604381206513518 0.24311438868107027 0.7508624334395368 4.21179099978233e-05 -0.00045515827913982236 -6.726920836284993e-05 0.00040938411815665937 1.0 0.019353985309330805 0.24949904993547795 0.7527346034605297 2.2915891799723335e-05 -2.6089773670441724e-06 -2.7985346449692628e-05 3.247624566618487e-05 1.0
0.03627128894194233 0.24281228650706546 0.7506948340831882 0.00023869628244110115 -0.00037151440086575236 -0.00019904857127035866 0.00043016450599653495 1.0 0.019256309611150664 0.24923275374638013 0.7528914308918488 -7.233439732670646e-05 -0.00022903467109428128 0.00012635171854106134 0.00031990333014958255 1.0
0.03631314878728444 0.2428317657450224 0.750525860363962 0.0001245454262361647 1.6090209906375447e-05 -0.00018817175354015784 0.00018929139346240758 1.0 0.019110669123368364 0.24916484970114355 0.7528520866545872 -0.00015726443121187453 -0.0001320018296181265 7.109982055349636e-06 0.00017787028019788156 1.0
0.036288576836300844 0.2428526585574955 0.7504603714600342 -2.008763292098812e-05 0.0001010516156520872 -8.200523397905492e-05 6.0339220532274374e-05 1.0 0.019040259541643876 0.24912081689832807 0.7528362127159961 -0.00010428483243936444 -5.2847810284184e-05 -2.1986519532386664e-05 7.135791330267336e-05 1.0
0.036188756785009796 0.2429391921633966 0.7504360974790162 -0.00015692381623380746 0.00010864839949674225 -1.5184570618251328e-06 0.00012828840039462024 1.0 0.01906017005365456 0.24909309841626834 0.752850473578259 9.542854727085859e-06 -2.767718048261469e-06 -8.717657387044568e-06 3.605512543254137e-05 1.0
0.03613848952837369 0.2429875855688125 0.7504853867126131 -0.00012642341933183024 3.566963349866146e-05 7.537713305200207e-05 0.00010497847738151744 1.0 0.019020237996836963 0.24904408715239315 0.7528759169582492 -6.310991186840055e-07 -1.7363133996601768e-05 1.627834748665008e-05 7.69976061249945e-05 1.0
0.03607122942224805 0.2431116063402695 0.7506879061245462 -4.664056246100803e-05 9.513267812909579e-05 0.00020347063987483495 0.00023184056406277617 1.0 0.018907778349248047 0.24890363784300373 0.7529579554010869 -8.069574013439675e-05 -0.00011980538045997002 7.99210518104316e-05 0.00019928301342261704 0.0
0.03595750021995303 0.2432610007145897 0.7509361993543201 -7.143946280824404e-05 0.00011199930914664312 0.0002595953691133961 0.00031384606905941027 1.0 0.018786323767975843 0.24880125740268993 0.7530026132356031 -0.0001401211891455229 -0.00014329093608663262 7.252950338841831e-05 0.0001596141956914192 0.0
0.035917053173601624 0.2434201734848112 0.7511578914949889 -3.241803797563894e-05 0.00017160106973604307 0.00022966892983815573 0.00027919250168568485 1.0 0.018726616161464933 0.24876440045727805 0.7530363609945815 -0.0001013377931053307 -7.552139380489963e-05 4.684654115212529e-05 7.681190077481702e-05 0.0
0.03592953440727567 0.24369615954256518 0.7514880537758576 -3.905296010568444e-07 0.0002841491458777425 0.0003050327860268388 0.0004239776322728687 1.0 0.01863816362061332 0.24877976708362956 0.7530800876383515 -8.366804220723384e-05 3.610102298779019e-05 1.8377748917129054e-05 9.716277980429885e-05 0.0
0.03611649393741334 0.24429998711773537 0.751476570333943 0.00017175621357936477 0.0005711994465906459 3.522814657149005e-05 0.0006370041568680479 1.0 0.018786101955053997 0.24834947822830886 0.7539818464874383 0.00013436954704006525 -0.0003401681431077674 0.0007757032093984479 0.0010090483348455062 0.0
0.03588742848010759 0.24560043484993138 0.7524383115584024 -0.0001391962315569876 0.001258301020379823 0.0007730277044023613 0.0016310149377251352 1.0 0.02077284077655708 0.2473283873889624 0.7571926404458393 0.00177105308582829 -0.0009880145816781362 0.0030070822105126775 0.003913847051719205 0.0
0.035576895616847876 0.2460293133361793 0.7540062437978924 -0.0003354573249686319 0.0006837246790995549 0.001580335069901677 0.0016755392902359982 1.0 0.022285855431345186 0.2464465799081936 0.7597854013557889 0.0018603974517139858 -0.0010490701401577476 0.0031153027219545898 0.003198074739046982 0.0
0.034718724999434895 0.24727200184335937 0.7565395566625981 -0.0008548806148726727 0.0010823736077508474 0.00260341445485274 0.002908288170467908 1.0 0.02337574063068721 0.24548768313830932 0.7624749621876649 0.0012975777581448868 -0.0010174651085536584 0.002872820291385596 0.002934217840030626 0.0
0.03529959686303295 0.24839310514492727 0.7580674835594868 0.0002653531041911987 0.001109008814697658 0.0019048018720409393 0.0020284093568141356 1.0 0.023457712690515227 0.2448988036976355 0.7640456692843699 8.71110153559241e-05 -0.000597427385884172 0.0015862616484652184 0.0017028647088140937 0.0
0.035793544192940625 0.2502028982159321 0.760015089227289 0.0006699660388609893 0.0017002309600381398 0.0018027043840053132 0.002648128175492805 1.0 0.023151292616367808 0.24455659677413805 0.7647716496264552 -0.0006293149837071674 -0.00023577950952853916 0.0004101608076424943 0.0009081762588691682 0.0
0.03622539007473751 0.2517171812239944 0.7614478980384423 0.0006499715159212199 0.0016595776391893345 0.001310629242906903 0.002178795419314198 1.0 0.022937563126570505 0.24447927693849333 0.7649701085779866 -0.0005324507830248807 1.4196245911904837e-05 -0.0001437058815848404 0.00031259598447334837 0.0
0.037446435951472526 0.25643950379080954 0.7625136522627572 0.0011638540070045564 0.004331743637719577 0.0009188740625527464 0.0049474001695022345 1.0 0.022636931197597028 0.2444728235376438 0.7650379989363452 -0.00024263985865937673 1.9686259110903822e-05 -5.905315905538333e-06 0.00026743871917308236 0.0
0.04266230119665705 0.26020347819608897 0.7619166312489496 0.004645388087059689 0.00431247131776406 -0.0004098598363208593 0.006544683159121029 1.0 0.022515334672013568 0.24455405592963222 0.7649725030676907 0.00011692739509398418 4.115082061491109e-05 0.00013338244770883228 0.00019221389952228272 0.0
0.04947900429386913 0.26405277376153385 0.7632635553223247 0.007127758102825759 0.003969157872356277 0.0008787481305043582 0.007878245358251539 1.0 0.02249166662267556 0.24468651811776443 0.7648692516881956 7.49832179322593e-05 0.00010077173715178486 1.2288225507907542e-06 0.0001350751571441021 0.0
0.05313883232615562 0.2668342474756094 0.7647519533174492 0.004777146621527563 0.002851407675860883 0.0016288061423420496 0.004854059889493084 1.0 0.022512037213261567 0.24476547415281918 0.7648208566588888 5.683729207287534e-05 4.8702035103966794e-05 6.523613954827244e-05 0.0001079715641272086 0.0
0.055664438776979006 0.26908595889927434 0.7654541554292165 0.002470144232996927 0.0019056353468724922 0.00107385868513535 0.0033444224512701576 1.0 0.022551540310720326 0.24482601253609673 0.7647789924217777 -1.2974332556636107e-05 5.493419761075336e-05 -5.035865990124814e-05 8.517809766140976e-05 0.0
0.0572561303694222 0.2703154823562299 0.7651723204852403 0.0007402841231454378 0.0010168892461050114 -1.7304841429771883e-05 0.0021543162451545667 1.0 0.022588293991811417 0.24485737661200443 0.7647685739106164 8.412048811812617e-06 2.675164989811654e-05 -3.769634328666671e-05 5.4100369927365935e-05 0.0
0.05790768518731983 0.270787518682499 0.7649907217355749 -6.105558539237549e-06 0.00039645727398359646 -0.000488479842112761 0.0008516925787478437 1.0 0.02260406247119724 0.2448667543829988 0.7647640408039287 2.9195166596326016e-06 1.1513720727898962e-05 -2.0549182374620853e-05 1.4086933861673172e-05 0.0
0.05899230105133821 0.27131526197768097 0.7646036114574276 0.000934132709698241 0.0006146741870883812 -0.0006618916367327403 0.0012130717383990993 1.0 0.022631840550016498 0.24488503750560497 0.7647804253417889 1.919727955599466e-06 1.471031031669526e-05 8.630960799943299e-06 3.856705064418761e-05 0.0
0.059306890506171515 0.2713975025312481 0.7644421022717366 0.0010271586530590793 0.00013791317340809597 -0.00028891945297362275 0.00035711226957733586 1.0 0.022640765412723047 0.244885997723213 0.7647841213422215 1.6672701327726544e-05 1.4225317921100133e-05 -5.468857732701877e-06 9.686011761590578e-06 0.0
0.059652890951203845 0.2715671033941097 0.7642059304575078 0.0006182486970503056 0.0002589041275164704 7.833113418102204e-05 0.00045190440803447984 1.0 0.022644240167118412 0.2448837177550382 0.7647932994991576 8.025103518883222e-06 5.297289489178831e-06 2.4679390589215267e-06 9.718174680151343e-06 0.0
0.06020464132851049 0.2717191837988101 0.7634563178588257 0.0003923715765394046 0.0002045489203810866 -0.0005619274635226045 0.0009293854763409125 1.0 0.02264046464781703 0.24487544350009935 0.7648007425122683 -7.279106418139819e-07 -8.93079388286343e-06 7.344662007449784e-06 1.1050207456718577e-05 0.0
0.06068815509932803 0.27152198886935586 0.7623573670217276 0.0005014005260603541 -0.00010302558233062434 -0.0011672866280798286 0.0012573443209114837 0.0 0.02262891781164476 0.24486558881252998 0.7648000655812731 -9.937233246743792e-06 -1.0690009414016883e-05 -1.4020273568367983e-06 1.6301474825119807e-05 0.0
0.06093437465712809 0.2712994222693535 0.7617526360267362 0.00026916124176119566 -0.00029968340273354207 -0.0008586744717696663 0.0006861408752545802 0.0 0.02262063065373616 0.24486222640556654 0.7648025071264766 -1.0086202140919866e-05 -6.306096788465206e-06 2.0578391723910787e-06 9.316650848437743e-06 0.0
0.06167881644027332 0.270556666092153 0.7603744380865125 0.0006284564385794619 -0.000736682321741799 -0.0012458315273434304 0.0016685809157441361 0.0 0.02262463609942883 0.2448575256404534 0.7648030568947162 2.3903664125441616e-06 -3.5601380218614094e-06 1.1340291495987653e-06 5.070289942949733e-06 0.0
0.06230311404200305 0.26962354159978125 0.7606683909182632 0.0006998188599944739 -0.0009807514100601232 4.466736699796687e-05 0.0012470606902794394 0.0 0.022647337406995965 0.24484521652063596 0.7647933404959495 2.438508911821981e-05 -8.991362865543735e-06 -6.887589573365762e-06 2.817462300379954e-05 0.0
0.06261307165785497 0.2690308364790276 0.7610645775889815 0.0003305454156504416 -0.0007298568370282452 0.000619581773757317 0.0007395474758230848 0.0 0.02266517885556634 0.24485213648263734 0.7647928053461075 2.2750168227379497e-05 2.4590318622615623e-06 -3.571223313867586e-06 1.9979667235886957e-05 0.0
0.06269693879375893 0.2690298468810292 0.7613149970447892 8.474270271884927e-05 -1.9188590245135537e-05 0.00047491129388307755 0.00024216024657703765 0.0 0.022671789818444303 0.24485659514644686 0.7647919770153744 9.876047516509687e-06 5.988678134808675e-06 1.2693657860739115e-07 7.093937866223818e-06 0.0
0.06272804164412304 0.2692335664663348 0.7619688855096545 -3.9993235805451386e-05 0.0003515963991285809 0.0005812215518089964 0.0007003152006226892 0.0 0.022677352714641594 0.2448762728984735 0.7647889177762845 1.6858930668230986e-06 1.8631880261747484e-05 -1.8245237784267823e-06 2.00147118648359e-05 0.0
0.0626810736067146 0.2694082873065542 0.7624215198895853 -0.00010759286322552486 0.00031964975570744777 0.00040909069089306463 0.0005324179730907483 0.0 0.022688330720610883 0.24488909937044084 0.7647805854805317 5.303204107795757e-06 1.6285206151525728e-05 -7.437999627694419e-06 2.0311549821221273e-05 0.0
0.06250624711463938 0.2696036100114668 0.7628719882843309 -0.0001564938627902385 0.00020294119014571481 0.0003526697993284612 0.00046776129912318165 0.0 0.022703079791090562 0.24490242074919197 0.7647639029693949 1.3703019488159104e-05 1.3543401187113548e-05 -1.6179534420656958e-05 2.559286965253309e-05 0.0
0.06241429158427166 0.26967239590476616 0.7630042786080379 -4.5647333713649005e-05 -3.3519321320042e-05 8.496205277387322e-05 0.00018438182000013166 0.0 0.022705263378160003 0.24490579983814864 0.7647597864247638 7.2932684198421956e-06 2.4824746778603588e-06 -8.551616453848986e-06 5.276841768960806e-06 0.0
0.062315459445922025 0.2697388316546469 0.7631176251575125 -8.160801587478808e-05 -3.793001689457974e-05 0.00016454082664650702 0.00016357101430762252 0.0 0.022705598029704618 0.24490725171935954 0.7647572225168652 1.7635300012277452e-06 -1.513572751249171e-06 -2.6077824695573605e-06 2.6563908744530265e-06 0.0
0.06214595148360636 0.26984761180267913 0.7633626014495468 -0.00015848909662998217 8.9241368368293e-05 0.0001754339049941691 0.0003328593049038179 0.0 0.022706333138744754 0.2449040668408428 0.7647508478641015 -1.733266902435095e-06 -3.3830517721426757e-06 -2.758728026539196e-06 7.811760012885522e-06 0.0
0.06208775769848532 0.2698707546471421 0.7634531915078777 -8.149564677936526e-05 8.149045560020983e-05 0.00013285106332626558 0.00010791079337199789 0.0 0.022705800848700372 0.24490585722135028 0.7647462396642907 -2.139139901806949e-06 4.4759695641427e-07 -3.968412317096941e-06 5.255047027356835e-06 0.0
0.06204146158546339 0.2698906365240737 0.7635190440519296 -3.9656421008068266e-05 3.776310545463397e-05 0.00012315667024508613 7.126537759482324e-05 0.0 0.022701193365212907 0.2449137112930933 0.7647465427382711 -3.4911925326361422e-06 9.142275550960242e-06 -1.0912845250776082e-06 8.62907302561457e-06 0.0
0.06200253381623914 0.26990824480812514 0.7635340873919776 -3.593187246380698e-05 1.6546856041773316e-05 1.6455995096372454e-05 4.3680940502359086e-05 0.0 0.022701345962961177 0.2449107861063 0.7647388451996813 4.047375441443907e-07 6.493184163851609e-07 -7.2295059222291555e-06 7.981069623199604e-06 0.0
0.06196386966790294 0.26993375452205104 0.7635460599028536 -3.904465410306056e-05 2.2774558803968222e-05 -4.960266489617191e-06 6.078410894634579e-05 0.0 0.022698167571980093 0.24490658456276745 0.7647271504919797 -2.0029172897607934e-06 -4.078250459722153e-06 -1.2177610973547688e-05 1.3200617631666039e-05 0.0
0.06194207595681187 0.2699497920610324 0.7635543763948666 -2.1014389298642313e-05 1.3231235585317363e-05 -1.7996761473076538e-05 2.4435383479339164e-05 0.0 0.022695512122182803 0.24490170673111758 0.7647155798657925 -3.414449979119724e-06 -6.983562737017086e-06 -1.2064536324462684e-05 1.2867902791829386e-05 0.0
0.061912042881810736 0.2699584290419843 0.763573005472413 -3.742364478620172e-05 1.6789542159026432e-05 2.989642257716422e-05 3.018595150029973e-05 0.0 0.02268532537605925 0.2448989494980661 0.7647023388239401 -9.100606861254597e-06 -4.400434483018108e-06 -1.3930571221406138e-05 1.673371918564776e-05 0.0
0.06189886910506442 0.2699660261119656 0.7635877291005815 -2.255130312404295e-05 9.911655599195612e-06 3.402559946716474e-05 2.6415147279075258e-05 0.0 0.022674432104540763 0.24489710181701918 0.7646954170384587 -1.1816149169130885e-05 -1.7078151530257051e-06 -8.043038494890466e-06 1.3247779291954286e-05 0.0
0.06188828667120082 0.2699712448505135 0.7635978331891026 -2.5067480617794785e-06 -2.0228725659990576e-06 5.68694172423066e-06 1.3905259685160836e-05 0.0 0.02266462664183559 0.24489821518796837 0.7646874529681649 -1.1150459346957823e-05 2.4668037038669567e-06 -5.9595195806657185e-06 1.2429894578822597e-05 0.0
0.06188118702332609 0.269973659091771 0.7636151609662581 -5.972979053829196e-06 2.2836444508767152e-06 1.4555228144304296e-05 1.9200058403447923e-05 0.0 0.022659024298126253 0.24490261750703524 0.7646820784184992 -6.209481635818895e-06 5.181339059262709e-06 -4.341992920498644e-06 9.108731426762884e-06 0.0
0.06187855448715172 0.26995650748988503 0.76364524522604 -2.723943443948237e-06 -1.3776279850887833e-05 2.457520634207062e-05 3.4728935601532334e-05 0.0 0.02266075875657172 0.2449056777989036 0.7646702001802139 2.4305078918926505e-06 3.19351440407167e-06 -1.110341606107943e-05 1.2282636760546152e-05 0.0
0.06187670958722597 0.269903090454617 0.7637249817528164 -1.8378131776728316e-06 -4.997373525870405e-05 7.463187295538018e-05 9.605174335238569e-05 0.0 0.022654307950269834 0.24492243893003013 0.7646455065659261 -3.2382113747989568e-06 1.4673632970317414e-05 -2.41936744974041e-05 3.057515253983448e-05 0.0
0.06186748876238273 0.26986419128701616 0.7637726335988947 -8.017068771339319e-06 -4.873650919032329e-05 6.116917176376162e-05 6.341613587350288e-05 0.0 0.022646930865672737 0.24493410496555493 0.7646241476585307 -7.435911371086209e-06 1.3740264921068278e-05 -2.4885161756276447e-05 2.5878754306451487e-05 0.0
0.06181566861511639 0.26983700861481463 0.7637931878081132 -4.8048660452274506e-05 -3.1223930035440434e-05 2.639930818241949e-05 5.928058695496434e-05 0.0 0.022643861028583193 0.2449385229235109 0.7646159707666276 -5.808457669122426e-06 5.955699933723195e-06 -1.1445418375841944e-05 9.196480346441067e-06 0.0
0.061744332361357276 0.2698571235977647 0.7637871286231637 -7.505141998473718e-05 1.882720713207124e-05 -1.2062575994067066e-05 7.4966744671073e-05 0.0 0.022647395772260274 0.24493334898338595 0.7646246776988914 1.9875640598774325e-06 -5.602668774322825e-06 9.40082875471016e-06 1.0177157070193716e-05 0.0
0.06171590007894392 0.2698603626272012 0.7637846489599304 -4.275257611201908e-05 1.8670000467720164e-05 -1.6107053914623312e-05 3.14172931084754e-05 0.0 0.02264682903869733 0.24493515237857805 0.7646231561226954 1.5809380351780874e-06 -2.365666333957976e-06 5.5667360258620865e-06 3.5997805768298836e-06 0.0
0.06169246885353639 0.26986948878298406 0.7637842061449914 -1.9636735396548327e-05 1.361657191745101e-05 -4.665665857753759e-06 2.2795941908915594e-05 0.0 0.022651078124238094 0.24493444511972842 0.7646264952105811 4.840012193151361e-06 -1.0644099085537068e-06 4.36245990016982e-06 5.2562645125506705e-06 0.0
0.06167131959438853 0.26985999508437575 0.7637906559367621 -1.071315512448178e-05 -1.1475703134150392e-05 1.1977646439276436e-05 2.370193478901589e-05 0.0 0.022651822689523714 0.24493814434400316 0.7646262685187734 1.7181125690904973e-06 4.455604399649793e-06 -2.106821448795544e-06 3.3663641883857064e-06 0.0
0.061635944647452284 0.26985879864994633 0.7637893153142088 -2.6657289566106945e-05 -1.2365095036733126e-05 9.700330001366408e-06 3.7342859933033746e-05 0.0 0.022654115939401268 0.2449430858350963 0.764622472745186 6.010067662556423e-07 7.635753022835555e-06 -6.879214977809927e-06 6.673631489744492e-06 0.0
0.061622313571148085 0.2698516645824461 0.7637901039957634 -2.065848194506871e-05 -9.235445557514436e-06 3.2044869106399594e-07 1.4855759883503986e-05 0.0 0.022659877282220426 0.2449329590894479 0.7646153013232253 4.7285641598598986e-06 -7.335449481096501e-06 -8.133384916454516e-06 1.3831910427935054e-05 0.0
0.06161180788309164 0.2698489715181455 0.7637887526223774 -1.6767040639412392e-05 -1.8053519822994136e-06 -3.849669741060913e-06 9.217219802642555e-06 0.0 0.02265186299878837 0.24493197974369543 0.764605901562206 -5.215158595533404e-06 -5.074865828048656e-06 -8.745118878715853e-06 1.2429879695872366e-05 0.0
0.06160517365362605 0.269819232093162 0.7637604463487363 -6.579506873707848e-06 -2.13341159988237e-05 -2.7268686693965986e-05 4.261694367591177e-05 0.0 0.022640156505754308 0.24492848532595837 0.7645938751941834 -1.2322845203964093e-05 -4.5926734764375815e-06 -1.119980954903553e-05 1.6979985266070988e-05 0.0
0.06161634109428166 0.2698084890500221 0.763747211550174 1.3645237965922516e-05 -1.703013249351761e-05 -1.912318080184176e-05 2.1956206000768043e-05 0.0 0.02263117975319863 0.24491679246502804 0.7645989508195082 -1.171552482795113e-05 -9.775191764184542e-06 1.891918823247735e-06 1.5646780412813243e-05 0.0
0.061602662151319654 0.2697938366397706 0.7637476841342165 -7.531548592085932e-06 -1.430173130180307e-05 -2.0127309588533443e-06 1.8121759369824954e-05 0.0 0.022632820984284315 0.24491758541335412 0.7645981504312704 -1.9776347847721234e-09 -1.4020792518859322e-06 3.1416906747620202e-06 2.1848900087928404e-06 0.0
0.06157910058309863 0.26979561795790846 0.763743715811901 -2.5475673815750913e-05 -5.7200356734047305e-08 9.919722826445044e-07 2.366115228139381e-05 0.0 0.022628500905135223 0.24492290959414484 0.7645972223878654 -9.71044064090839e-07 6.292599007164344e-06 6.254052156511023e-07 6.384720158030035e-06 0.0
0.061555152582332885 0.2697877982846157 0.7637458718426953 -3.0164148322408434e-05 -1.9101745875818076e-06 4.396105047745717e-06 2.6829080386309087e-05 0.0 0.02262540587247557 0.2449225429478767 0.7645961964503389 -1.1618000188639235e-06 2.2294314861351003e-06 -1.5192933539501924e-06 3.877157852333762e-06 0.0
0.06153182447563503 0.26979345692730106 0.7637486449928369 -2.5132718090953395e-05 4.65399431979416e-06 4.266144148299653e-06 2.3848678528149045e-05 0.0 0.022622377531456773 0.24492337756256255 0.7645940396937673 -3.115252695382796e-06 2.253433415119579e-07 -3.5582776800231602e-06 3.780323620337517e-06 0.0
0.061517668700205606 0.2697929930065144 0.7637534434089439 -1.4589741396425137e-05 3.598233105705165e-07 2.84632500784646e-06 1.4037807914055741e-05 0.0 0.02261999407890977 0.2449258023250761 0.7645940960126717 -4.466895870176672e-06 1.962401258502434e-06 -1.5799925826968867e-06 3.034202410899707e-06 0.0
0.06151291236349331 0.26979125164533424 0.7637524061576583 -1.4622069705063925e-06 -4.035624710311279e-06 -2.7513478907492567e-06 5.7268244815938685e-06 0.0 0.02262007369585073 0.24492971615074702 0.7645936472133048 -8.813881387149556e-07 2.431703253181847e-06 -1.4156335375582358e-08 4.002101232270913e-06 0.0
0.06150119690553578 0.26978703617828403 0.7637445071237271 -5.8471002868837636e-06 -4.026861369436988e-06 -6.73427910989666e-06 1.4554523242912516e-05 0.0 0.02262313525352439 0.24493877408186263 0.7645854103453005 3.582679266092503e-06 8.133412142359732e-06 -5.649614252499428e-06 1.2798581022745661e-05 0.0
0.06149788753755454 0.2697858921596223 0.7637444344399358 -6.0211145092072485e-06 -2.877980918704754e-06 -2.4559417229291647e-06 4.225342674200709e-06 0.0 0.022623703378629723 0.2449463889388501 0.7645807201043715 2.3345252328236933e-06 9.972077181227203e-06 -6.656838711863064e-06 9.047141078948166e-06 0.0
0.06148912371588955 0.26978253964091486 0.7637431031241655 -9.23234505890332e-06 -2.3154952201642627e-06 -1.4943845330454735e-06 8.652838518315968e-06 0.0 0.022624308238315103 0.24495172194114553 0.7645753608308801 1.0993553960601656e-07 6.199254502577236e-06 -5.813552164637117e-06 7.315045458785797e-06 0.0
0.0614846135738796 0.2697819863775182 0.7637441707650515 -6.5860171491278964e-06 -1.0314090080853704e-06 2.2722563006749033e-06 4.855438579029475e-06 0.0 0.02262432963288543 0.24495532325923158 0.7645705407266186 -3.8973050988656003e-07 2.6541541918451435e-06 -4.711835118447585e-06 5.968538632403991e-06 0.0
0.061479719847918064 0.26978196695546103 0.7637401366442185 -5.16976317115467e-06 1.3891485159562857e-06 -1.948483526808589e-06 6.436929495081835e-06 0.0 0.02262405306645384 0.24495580930462701 0.7645709644621274 -8.092874578028358e-07 -1.2902385846004254e-07 3.2894859032529433e-07 1.0040380463074732e-06 0.0
0.061464365519231755 0.2697774534814793 0.7637338351212467 -1.2991635956334145e-05 -3.937464053958945e-06 -6.297100068206983e-06 1.7197453956749763e-05 0.0 0.022624532629498817 0.24495246131803436 0.7645644369614002 2.3608555261102866e-07 -3.6953087195305628e-06 -4.190422792722132e-06 7.1612327497714575e-06 0.0
0.06144725618228036 0.26978480446718994 0.7637323786732402 -1.7920355781921507e-05 4.958585927486008e-06 -4.0210255078964976e-06 1.8789547339560413e-05 0.0 0.02262400095178044 0.24494821818315604 0.7645658343069973 4.9508937315464113e-08 -4.644386879156151e-06 -2.893734784104589e-07 4.677267296918883e-06 0.0
