0.06236914768882922 0.27826447543700245 0.7633551398475356 0.0 0.0 0.0 0.0 0.0 -0.016200402358460687 0.27976853785165134 0.7627862811767832 0.0 0.0 0.0 4.997507239743175e-06 0.0
0.06234110882787889 0.27825713309091377 0.7633530949927576 -2.8038860950332922e-05 -7.342346088679008e-06 -2.0448547779494675e-06 2.9056310855663477e-05 0.0 -0.01611647809649598 0.279768879308148 0.762767776759875 8.392426196470598e-05 3.4145649663308575e-07 -1.8504416908204924e-05 7.856739566545473e-05 0.0
0.062315319177373166 0.2782145537940927 0.7633089658880992 -2.578965050572396e-05 -4.257929682105477e-05 -4.4129104658452434e-05 6.652428480592273e-05 0.0 -0.01609290164557061 0.2797603234937563 0.7627705516312359 2.3576450925370807e-05 -8.5558143916864e-06 2.7748713609110354e-06 3.135695771090914e-05 0.0
0.06230439626707453 0.27820567016807785 0.7633009750750622 -1.0922910298638566e-05 -8.883626014866142e-06 -7.990813036928834e-06 1.6188942941256626e-05 0.0 -0.016081393097266857 0.27974730813437504 0.7627576806436009 1.1508548303753446e-05 -1.301535938125209e-05 -1.2870987634916453e-05 2.0317927691071635e-05 0.0
0.0622987873083481 0.27819982099764584 0.7632963085097332 -5.544676201216098e-06 -3.043155247087584e-06 -1.3908721573300271e-06 9.35147286301382e-06 0.0 -0.016076528092731114 0.2797323483575909 0.7627439307842256 8.227969264112252e-06 -1.4736933189892947e-05 -1.5584159189052618e-05 1.95856634960811e-05 0.0
0.06229840602763889 0.278202480219482 0.7632911012850602 -8.33235473167102e-07 7.202362837403999e-07 -7.2070207055445836e-06 5.85935359475854e-06 0.0 -0.016078641352472802 0.2797315646186654 0.76274007476056 -2.643209315989002e-06 -1.0055664396332732e-06 -3.0605034609404565e-06 4.249956523915792e-06 0.0
0.06229564766960755 0.2781943817259548 0.7632847133142224 -4.343900645301203e-06 -7.323451625259003e-06 -6.96351596100654e-06 1.0010923175350298e-05 0.0 -0.016077953471548966 0.2797233032395439 0.7627315481587874 7.230965845769076e-06 -5.327455735360228e-06 -7.81297777830393e-06 1.4186753098757065e-05 0.0
0.06229429481806268 0.27818402702077166 0.763277606249532 -2.592164456644366e-06 -1.4770899454716756e-05 -1.1171467898455499e-05 1.2932402406904244e-05 0.0 -0.01608206596113506 0.2797182268541303 0.7627257548489608 -5.426790418270832e-06 -5.928988838244337e-06 -4.487881753128333e-06 6.110053810478216e-06 0.0
0.06229506762059648 0.2781783668111349 0.763277988708308 -3.457040468897864e-06 -1.1449432814368404e-05 -4.2284723752683406e-06 4.536841158871913e-06 0.0 -0.016084502574150034 0.27971746542809145 0.7627206694352673 5.2317394208898205e-06 -1.1314065821869603e-06 -5.386211934952768e-06 7.405727078080732e-06 0.0
0.06229643227554593 0.2781732088856765 0.7632754967930894 8.024566435954446e-07 -8.719779370642532e-06 -4.7072172169845125e-06 6.7192084443303264e-06 0.0 -0.01608581907033559 0.2797083054066292 0.7626981633347056 -4.726539740909785e-06 -8.672104731535088e-06 -1.8768061505827447e-05 2.3332088748912827e-05 0.0
0.06229580537405906 0.2781717993580074 0.7632751472069601 7.344459524520733e-07 1.2568107543534874e-06 2.526948028739363e-06 1.6849342634524283e-06 0.0 -0.016087626730105265 0.279706613956442 0.7626932668091366 -1.7831064104149132e-06 -4.3168925889396085e-06 -1.1336731347874901e-05 6.4099097794861175e-06 0.0
0.06229405644117443 0.27815918676717455 0.7632721512950112 -1.3889025921314346e-06 -9.125661504878216e-06 -2.253915643342031e-06 1.3024676303737072e-05 0.0 -0.01608961046360493 0.27970212128933897 0.7626786666029409 -2.110029757278549e-06 -3.948821160543028e-06 -1.2835287268332103e-05 1.4502083769282205e-05 0.0
0.062298433700290076 0.27816363023352747 0.763276421505772 3.1834871312836443e-06 1.390183472162934e-06 2.48633130518158e-06 7.846177560552644e-06 0.0 -0.01609277493868825 0.2797030011537284 0.7626706110167835 -3.3195978935860234e-06 1.0253260565988106e-06 -7.78492528912764e-06 9.068425845137099e-06 0.0
0.06235489248977039 0.27812902252989197 0.7632599959883715 4.939473170188293e-05 -2.9241586372238823e-05 -1.3287865604477351e-05 6.711613626739469e-05 0.0 -0.016086182963074826 0.27968456029306643 0.7626732487664888 5.016327511184255e-06 -1.5478080480340958e-05 2.0363516129591114e-06 1.988217931497706e-05 0.0
0.06234914393647659 0.27805249805624366 0.7631916933992227 1.13612321148768e-05 -7.464521130766486e-05 -6.307231130593109e-05 0.00010448518215902674 0.0 -0.01606890961993138 0.2795904342829036 0.7625638275742849 1.6585900880636896e-05 -8.523790375762208e-05 -9.110005600557522e-05 0.00014441892229044183 0.0
0.06232421829499469 0.27790771452540874 0.7630755968235851 -2.4270441312069248e-05 -0.00014478727675826527 -0.00011857814051373067 0.00018598855042686535 0.0 -0.016036710565044587 0.27913146475012307 0.7622628173260798 3.294928462790194e-05 -0.0004204547282872622 -0.0002889601013550902 0.0005495292893488292 0.0
0.06226867964917956 0.2777620925848731 0.7629546459450968 -6.185468833366111e-05 -0.00016077143204770356 -0.0001339561466799518 0.0001982617954196196 0.0 -0.015795225454799895 0.27792556696980447 0.761366093575077 0.00021550202861811922 -0.001161942590576714 -0.0008542801942910069 0.0015227046356955205 0.0
0.06220908753214834 0.2776405625843579 0.7628416447400828 -7.109360073665257e-05 -0.00013095157343869006 -0.00011920599721506676 0.00017497457495177453 0.0 -0.01583872246868858 0.27495051938028386 0.7588444977349219 2.739611338829836e-05 -0.002872890068816013 -0.0023995051266256402 0.0038958493464178586 0.0
0.06207606646300971 0.2775762150239545 0.7627604882711387 -0.0001261417501448884 -6.273234784790542e-05 -7.87869509117863e-05 0.00016825253965209303 0.0 -0.017215078559135292 0.2695863031747216 0.7545367180305672 -0.001204661970652033 -0.005358688971760586 -0.004348712806505379 0.007033753869011716 0.0
0.06196834452581206 0.27759842333778784 0.762692230896654 -0.00011486914062162375 3.2591154414944475e-05 -5.4830776752332405e-05 0.00013105707227247654 0.0 -0.01871176009541426 0.2669370555263799 0.7518795831087273 -0.001705204179460825 -0.003544864129569274 -0.003312146185862487 0.004096034011187424 0.0
0.061874700365441224 0.2774889490295709 0.7625721958505967 -9.212051962004937e-05 -6.773729800038932e-05 -0.00010318198407797407 0.00018689816912039297 0.0 -0.019504638917260248 0.2658390946492216 0.7501842247432896 -0.001090781804461884 -0.001122527466879885 -0.0017409888288991027 0.001991923684922881 1.0
0.06181805585088923 0.27741922843784766 0.7625064045940713 -5.787272277303973e-05 -8.786077712277636e-05 -8.268736938716462e-05 0.00011330137003450616 0.0 -0.019339571121606544 0.26462209383061286 0.7489316874840373 0.00012202929552263212 -0.000424637721131063 -0.0007831881634604162 0.001807820523971146 1.0
0.06177372674330627 0.27742500666939285 0.7624454407228652 -3.3134886747129946e-05 -2.744467119466116e-05 -6.71997872501126e-05 7.214687174106094e-05 0.0 -0.018687767358677016 0.2637312690465421 0.7486514672496464 0.0009497668579739505 -0.0004059731981437927 6.404713435979832e-05 0.0012995943335143802 1.0
0.06173422076163805 0.2774060444746061 0.762391904668212 -3.1709835133193696e-05 -1.3338068975974617e-05 -5.1819941835791337e-05 6.923361736903809e-05 0.0 -0.018395646041895482 0.2633324337096045 0.748677269565947 0.000677715886590436 -0.0005012738669164872 0.00016031449021315094 0.0004319361386389939 1.0
0.06170287694965583 0.27738151781889686 0.7623715369538893 -3.344784485580167e-05 -1.2858734155277212e-05 -1.9647800552922073e-05 4.7702690637094767e-05 0.0 -0.01833222889668518 0.2632615050752633 0.7486973200314082 4.4162847770457176e-05 -0.0004969883026850195 -0.00015234414959282522 0.0 1.0
0.06166730484218264 0.27727700149978574 0.7622855698528822 -4.3326194110049904e-05 -8.546430824967247e-05 -6.920244471173974e-05 0.00013838377176803048 0.0 -0.018407176064347396 0.26338047932372577 0.7486629336694651 -0.00037541564698568745 -0.0001284342716831085 -0.00026106768027636847 0.00021512127085001383 1.0
0.061670732143908884 0.2772257145122344 0.7622477492576349 -4.532911988550667e-06 -7.38277812552488e-05 -5.3820510915204644e-05 6.541410223045692e-05 0.0 -0.018624950990754823 0.2636514509121551 0.7486725973602674 -0.0003918172083758667 0.0004735455916863142 -2.6612519201683026e-05 0.0003671792373971146 1.0
0.06165457193115096 0.2771955438428245 0.7622234863574496 -9.324097791321449e-06 -4.965199684663228e-05 -3.2646067840183394e-05 3.859480757917514e-05 0.0 -0.018760986469214196 0.263818462749169 0.7486476267557468 -0.0001560266093158999 0.000262737007495606 -7.312315449272029e-05 0.0002027894890471475 1.0
0.06161047314505399 0.27714074904999836 0.7621762680558026 -3.687937005941857e-05 -3.7071163149356016e-05 -3.61227950823137e-05 8.43870599246331e-05 0.0 -0.019067409202516594 0.26361844977685844 0.7486970081248939 -0.00017177414089000406 -0.0002306356196027454 3.350043265059211e-05 0.0003515681783995432 1.0
0.061553345469286855 0.2771116346979068 0.7621463394224279 -6.114591708088306e-05 -2.0302723528791306e-05 -3.076191961373797e-05 7.571081621488673e-05 0.0 -0.019155694941313507 0.2639915082635536 0.7486957195791084 -6.190205736691343e-05 0.00019853416096208653 8.332347061915904e-05 0.00039640912792671405 1.0
0.061514682237202974 0.27709698525670523 0.7621431765927883 -4.9405755908885106e-05 -1.5308507868156008e-05 -5.508571156395924e-06 3.982529729716832e-05 0.0 -0.018818133599044624 0.26389853967224447 0.748822595474958 0.0002899761647247839 9.879885747909553e-06 0.00013323885917963094 0.00037889885197903324 1.0
0.061485935082851 0.27708107087123607 0.7621368658484082 -3.0262438411239708e-05 -1.6921346573657057e-05 -2.5864207484918795e-06 2.9114021529736144e-05 0.0 -0.01844284416623919 0.26363688324087 0.749187080233522 0.0004473958945278952 -0.00021734113930044116 0.0003421531543258377 0.0005754593287522809 1.0
0.06144888286740886 0.27705763559909496 0.7621222901723064 -2.8609724730211556e-05 -2.6671884298263476e-05 -1.4878049560364936e-05 4.992668808479227e-05 0.0 -0.018042390295428427 0.2635880872162507 0.7495551680302538 0.00045356663787055187 -0.0001045315448740386 0.0004088098966671057 0.0005519771811917033 1.0
0.06139751936767697 0.27699685652195327 0.762071574778128 -4.263248353451781e-05 -5.326065620934838e-05 -4.3372651996097984e-05 9.491354477878848e-05 0.0 -0.017281189017671523 0.26333334547519643 0.7500234999105935 0.000703052733364386 -0.000222897772085278 0.0004847781212723743 0.0009240940796620378 1.0
0.061379002867096605 0.27698711254493297 0.7620576709209379 -2.7788932049333474e-05 -2.506140253531119e-05 -2.803655146021427e-05 2.5183741015851496e-05 0.0 -0.016013651369236607 0.26278885930242574 0.750699848264947 0.0011989561784768918 -0.0005202092635241666 0.0006512996696169311 0.0015377217531557911 1.0
0.06134779303694503 0.2769557930802441 0.7620437936558356 -3.092838192731745e-05 -2.8778317569661778e-05 -1.7000758716095592e-05 4.240817938064251e-05 0.0 -0.014032550353700006 0.261430388549109 0.751547261982753 0.0019391289610981599 -0.0012833373934708335 0.0008373068343981016 0.002552064819900597 1.0
0.061286336071718864 0.2769236298669394 0.7619763092903538 -5.624735466338108e-05 -2.644051120946852e-05 -5.344812678759041e-05 9.927428962200394e-05 0.0 -0.011724242063164273 0.258864194371235 0.7522225761132517 0.0024297234507495453 -0.002504422613971028 0.0007222509592330612 0.003519542833905125 1.0
0.06123071155721851 0.27686454856344606 0.7619118385676786 -5.90038278295474e-05 -5.2895076467621813e-05 -6.65133581345623e-05 0.00010659004446490608 0.0 -0.009494759556598682 0.25657829372304586 0.7524903145914991 0.0023680402651832786 -0.0026268681860152784 0.00031899471464530036 0.0032052077782299643 1.0
0.06109917340243127 0.27682616517331243 0.7618883529286048 -0.00012454445958784308 -4.647737409681453e-05 -3.555333823894554e-05 0.00013565230931749886 0.0 -0.006977254764541827 0.25457979915346285 0.752575558951435 0.0024288764337201205 -0.002114905890122756 2.1294637303533476e-05 0.003183988870831505 1.0
0.06096576276785499 0.27670518496502544 0.7617980447239171 -0.00014544895788763795 -0.00011246838762900197 -7.82656507782773e-05 0.00020017439307282682 0.0 -0.005318644181011975 0.25276263514307595 0.7525466602542915 0.0016984815686580188 -0.0016507184618814214 -0.00012318740459698246 0.002486956657363042 1.0
0.06080313063484391 0.27652823408514016 0.7616819826834107 -0.0001654062666451141 -0.00017932522028953068 -0.00011495806275705545 0.000270330394545516 0.0 -0.004107527341162201 0.25064168083210797 0.7525950558550212 0.0011136281592141787 -0.001845357730738131 4.283961708057536e-06 0.0024436754500857818 1.0
0.060693642556010056 0.27639912227945096 0.7616123876823919 -0.00011669245268502453 -0.0001474534271154917 -8.070578643968104e-05 0.00018334569188710887 0.0 -0.0017203526914789061 0.24703162810373905 0.7523595833024966 0.002059486827025402 -0.0033484070419223166 -0.00013255654503461806 0.004323673193366617 1.0
0.060676969651425945 0.2763743523313032 0.7615904494155069 -2.0045926080142732e-05 -4.049611077016832e-05 -2.8684701708730613e-05 3.2944884343702165e-05 0.0 -0.0006087165062011115 0.245513353258061 0.7521709118069541 0.0014322158892798899 -0.002158448753982508 -0.00015858717536367287 0.0019690663033572814 1.0
0.06066107257876354 0.276348237178826 0.7615716821870254 8.434160945217326e-06 4.685823669085079e-07 -8.31593346407274e-06 3.489375437029505e-05 0.0 0.0009001761084970371 0.24336446562645428 0.7517885560082581 0.0014907177583418428 -0.0020752381254445377 -0.0003638407449337022 0.002505324175175389 1.0
0.06065934184232545 0.27634272913011965 0.7615665302168374 1.1631906290622414e-05 1.4519757760085701e-05 7.362774863341874e-06 1.4775913464991765e-05 0.0 0.0014995799512303957 0.24230935392338596 0.7516781369513239 0.0007398650552900028 -0.0010173674718420237 -0.00019421682016268515 0.0012988736968755792 1.0
0.06064234717725086 0.2763340723544738 0.7615560430012409 -2.02622641936722e-05 -2.423384067210788e-06 -5.733085995761626e-06 2.0046267980029176e-05 0.0 0.00244311222893404 0.24161333114722724 0.7516475619666378 0.0007772131854565558 -0.000487085654496658 -1.9858472941829808e-05 0.0011916919550786767 1.0
0.06062424284075481 0.2763206169156345 0.7615464913891251 -3.149506863999013e-05 -2.9833732660621724e-05 -2.18094592975901e-05 2.0674035451693107e-05 0.0 0.0026439005631224166 0.2415079113779575 0.7516112432329505 0.00019708033631321868 -4.447933442031375e-05 2.1446706389944813e-05 0.00022734937598306018 1.0
0.060571651884962906 0.27626570482813323 0.7615236528263686 -6.083240500564342e-05 -6.391387114779738e-05 -2.8385037809622315e-05 7.969814188830377e-05 0.0 0.0030575972135365725 0.24132904251779597 0.751531708055628 0.0003565899219549753 -0.00018070848708758545 -4.287230817341257e-05 0.0003980571440414904 1.0
0.06053538873552751 0.27622109338983325 0.7614984379999047 -4.212177897594123e-05 -5.193478740652641e-05 -2.5366205285027056e-05 6.628661865634402e-05 0.0 0.0031332887708335937 0.24123277301223037 0.7515550775643531 0.0002061753413854794 -0.00021527331609230965 -2.56483789597988e-05 0.00020247334541604505 1.0
0.06051924991192517 0.27620050252807554 0.761491808799498 -1.4201267892093323e-05 -2.1751931970634647e-05 -8.619138586771352e-06 2.4153520698281188e-05 0.0 0.002974404010351391 0.24128159578975047 0.7517433468625035 -0.0001905098686370444 5.327716313802567e-05 0.0001475494557769829 0.00019566205660140074 1.0
0.060512325778326784 0.276189076984977 0.7614906374021462 -2.0019571778336977e-06 -7.657014028838954e-06 8.836849252255699e-07 1.3009902214863071e-05 0.0 0.0028253374891366923 0.24145309747624857 0.751937741423067 -0.00015108431476265637 4.2710642643885646e-05 0.00020614274074211633 0.00032317330910301896 1.0
0.06050378257740887 0.2761702007343164 0.7614955185264806 -1.7997454227897893e-07 -7.921022926875392e-06 9.18926200864963e-06 2.2862317056902663e-05 0.0 0.0025873212302626124 0.24194186508403953 0.7522886609473848 -0.0002720990197780449 0.000505533734594033 0.0003725110041979389 0.000632872172516306 1.0
0.06048426057288553 0.2761372537012054 0.7614969798546375 -1.6498731033744163e-05 -2.824171551395001e-05 4.499638202816285e-06 3.941640716055452e-05 0.0 0.0023335955995104985 0.24267380869557525 0.7528534212608552 -0.00021968555266524013 0.0007758837414503664 0.0005576748555553141 0.0009780413533221227 1.0
0.060490083233379975 0.2761232028361524 0.761444583630479 -2.5541843431268767e-06 -2.265663094440555e-05 -4.5803186178500834e-05 5.276166087997984e-05 0.0 0.0018132168805898297 0.24308381972603857 0.7532816248490791 -0.0004982884971692613 0.0005501843298868957 0.0004724120194159423 0.0007779481294047225 1.0
0.060491383233863355 0.27610219384211704 0.7614257796884287 -1.0776598885564092e-06 -2.511060491906064e-05 -3.4686351028500626e-05 2.8474565030351282e-05 0.0 0.001604153315875861 0.24339800929691222 0.7538649625244015 -0.0002537997449411109 0.0002813195973864481 0.0005483656837967608 0.0006874811646739157 1.0
0.06047805577715392 0.27610019714419326 0.7614265074687279 -8.565710696701505e-06 -3.049015768483413e-06 -5.214191274995179e-06 1.2774868490710958e-05 0.0 0.001455914494566582 0.24409873550228534 0.753603221340216 -0.0001594736410598682 0.0005578716138229302 -0.0001460252091660063 0.0007639519792854376 1.0
0.06047297603680688 0.27610137417021147 0.7614351817600725 -6.387699142530834e-06 6.135759248866978e-06 1.540406299435708e-05 1.078562224490507e-05 0.0 0.0018056381680468104 0.2446507218994133 0.7532693541315705 0.00031847046997727385 0.0005741379368313253 -0.00044644144256556807 0.0007514994121608176 1.0
0.060469929099579385 0.2761016901852221 0.7614369044762059 -4.5791751696974945e-06 3.4757454181377308e-06 1.1728798072016247e-05 4.496308765117209e-06 0.0 0.002131720447531311 0.24474612058188183 0.7530370316039595 0.0004344791574319832 0.00019841490409777264 -0.0003674896073385972 0.00040467538856514014 1.0
0.06046776640572496 0.27609824777134917 0.7614330497632128 -2.8970401159647336e-06 -4.117949070900253e-06 -7.810264557045431e-07 4.876393667826329e-06 0.0 0.002735553001796149 0.24441337683515293 0.752790814462677 0.0006113797177853275 -0.0002968411192960314 -0.0002314163783246552 0.000710787422906832 1.0
0.060469893286515294 0.2760979553454536 0.7614309610525932 2.600353156092349e-06 -3.6553462745322292e-06 -8.497033898182706e-06 2.5169538582892845e-06 0.0 0.0034716879889564634 0.24414768588663563 0.7525732825488111 0.0007215895474124297 -0.0003970450669672247 -0.00013202319065201755 0.0008385410751688676 1.0
0.06047156001775015 0.2760972671542467 0.761429383019354 4.86329731454722e-06 -1.252872779176541e-06 -8.722011506712279e-06 2.7804254498670856e-06 0.0 0.004116468710904008 0.24383338961805348 0.7522961747458007 0.0006372779457429538 -0.0003932495366498757 -0.00019415090341763977 0.0007667803319334124 1.0
0.06047186984512335 0.27609496383119764 0.7614307977738695 -1.5003507324829744e-07 -2.6433495969246564e-06 3.3652829310204082e-06 2.6922892527526913e-06 0.0 0.004887527087109644 0.24329621640976856 0.7522292752954591 0.0007345964949031297 -0.00046005101527497785 -8.474295636540154e-05 0.0009230524137509026 1.0
0.06046949230875899 0.27608939780772707 0.7614227752449394 -3.6279271880841667e-06 -3.648810498511021e-06 -3.7630773158580694e-06 9.99526110031262e-06 0.0 0.006111635531753667 0.24304824724016483 0.7520530601541764 0.001142994967885481 -0.00021701290691384083 -0.00020524393580349944 0.0012699368747734557 1.0
0.06045234166700897 0.2760742476519874 0.7614098169124208 -1.551372876022068e-05 -1.4163574825342446e-05 -1.2253557484590696e-05 2.6456605863129494e-05 0.0 0.006752787076293944 0.24212326860687336 0.7517581592197765 0.0008011347152385278 -0.0007884363959930052 -0.00027556619413189517 0.0011814601776439582 1.0
0.06037953290059727 0.2759764383326864 0.7613147554343371 -6.756611532408554e-05 -8.814425484775134e-05 -8.593499655653035e-05 0.0001535904108339885 0.0 0.007030147682106257 0.24108779826376275 0.751197083875768 0.000293082866621456 -0.0011101652821684368 -0.0005433402361696123 0.0011853725898673113 1.0
0.060332767414060365 0.2758913445746754 0.7612550665573844 -5.9925520056274804e-05 -9.985756256585136e-05 -7.763058694547791e-05 0.00011803654725625192 0.0 0.007683520017974281 0.24082652685933392 0.7503797756644459 0.0004932200007664327 -0.0004747107186505553 -0.000848066300255151 0.001084673275204162 1.0
0.06023911574645419 0.27574548518457903 0.7611250541751158 -8.940923793204612e-05 -0.00014481723942925346 -0.00012431178081481284 0.00021048369509209532 0.0 0.008775676447311625 0.24018512965636385 0.7490900948193635 0.0009967949893240754 -0.0004923499623636824 -0.0012979212254817815 0.0018067853384302226 1.0
0.0601526386483365 0.2756917116301864 0.7608538959215246 -8.939680589778284e-05 -7.269140837938872e-05 -0.00025554285889539885 0.0002924922872116447 0.0 0.009463828290672788 0.23997777364539893 0.7484145500011293 0.0008569860478777919 -0.00019457886024936425 -0.0008458593826426361 0.0010180145906350095 1.0
0.060080579430068094 0.27560091036961704 0.7607986019329033 -7.243265676083341e-05 -7.160380156631374e-05 -0.00010608476267967053 0.00013266921585630104 0.0 0.010263728350785171 0.2407255615162853 0.7481098557540753 0.0008705717161154318 0.000680931514367378 -0.000276592825252179 0.0010825223956428152 1.0
0.05992965706389077 0.27546276764155997 0.7607252829830782 -0.0001342099986542781 -0.0001192976741524304 -5.372149093685029e-05 0.000207801112199194 0.0 0.011852747249895256 0.2412761085045616 0.7477657188514824 0.0014810701770298592 0.0007330717729350231 -0.00017071388294572884 0.001734080764006649 1.0
0.059854841188924826 0.2753444198893469 0.7606685107341947 -9.3570702155646e-05 -0.0001278045381315548 -3.183812193686718e-05 0.00015807592503545777 0.0 0.011871878204921624 0.24103095978280006 0.7475424447658795 0.0002546562458388081 -0.00012732183924694018 -0.00014045839261083435 0.000383100986226753 1.0
0.05969836650870916 0.2751923525521595 0.7605411660853716 -0.00014431194559678755 -0.0001590582997851599 -0.00010414770288825954 0.00025312110474887855 0.0 0.011852728105116306 0.24092259996266935 0.7472920895342686 -0.0001727726679886045 -0.0002846684524870081 -0.0002633345742596722 0.00020025156874994452 1.0
0.05824213107423137 0.2735790875960734 0.7602015419060767 -0.001274401472085233 -0.001412492394667492 -0.0003211602761721047 0.002180294567876993 0.0 0.011595595841166149 0.24041297437519168 0.7473578252688757 -0.0003704578645428388 -0.0005976935718227103 -7.103388748352717e-05 0.0005846920237622506 1.0
0.05654941213601127 0.27187231030896963 0.7601551787547667 -0.001850508408873738 -0.0019018313451577905 -0.00014794001007215754 0.002463358070132257 0.0 0.011561387642881563 0.24028624279338914 0.7474196129967772 -0.00015081799764625784 -0.00032120449874905004 3.403172956703039e-05 0.00021407374162268357 1.0
0.053494207011666135 0.26923452722263325 0.7596208251904178 -0.003052906917081895 -0.0026870751660422404 -0.0004616304856942667 0.0040056966280241245 0.0 0.011540467626765192 0.24023033068790936 0.7474097510993963 2.1163398291854942e-05 5.0890197538249154e-05 7.03020866432548e-05 3.0794920256348775e-06 1.0
0.04530196538635504 0.262985567759415 0.7594490962879574 -0.007684810701108414 -0.005882154320578838 -0.00023611448434110997 0.010271095851244805 0.0 0.01154040017682051 0.2401437508122143 0.7474410524729636 0.00017201161147387513 0.00010361162784904823 3.296405020629292e-05 7.312439928140345e-05 1.0
0.04226998004906308 0.25998670421294884 0.7589927731593488 -0.004534079334971359 -0.0039496394264163515 -0.00039967539708964523 0.004543812582246478 0.0 0.011556616579449924 0.24008737663216737 0.747481848429483 0.00011524174570255773 -3.826401320857636e-05 6.306222589126578e-06 0.00011981356858026954 1.0
0.039193635712507335 0.2565792305168364 0.7588435591433762 -0.0028171445529584236 -0.003184721752959673 -0.00019441386416859375 0.0042059922270347334 0.0 0.01156506858432725 0.24003518653713704 0.7475266495221438 -9.486623117129747e-05 -0.00010820043554134905 3.100963544924338e-05 5.302141702652539e-05 1.0
0.03755656475134474 0.2541001125286439 0.7578130261703715 -0.0010686760264418788 -0.002168719476157871 -0.0008821117663586848 0.003278251206709475 0.0 0.011587506267559285 0.24000442017776752 0.74756348372652 -4.410065132875303e-07 -5.706454139436487e-05 4.144292192179979e-05 4.061407865736709e-05 1.0
0.03701681813630756 0.25187019966515867 0.7556482359033124 4.585110481099568e-06 -0.0018728466518389754 -0.0020983708722205714 0.003338085987675507 0.0 0.011605317926747977 0.23998438222798182 0.747595791148319 -2.6800063586895163e-06 -5.390841591492717e-05 5.746764516293516e-05 5.292154650651164e-05 1.0
0.03699795925196579 0.2513584909861922 0.754844239649263 0.00023204532472076021 -0.0005713003427952157 -0.001245087184312206 0.0008987456018163227 0.0 0.01161595064461295 0.23998297517312933 0.7476057061742809 2.4941015753461582e-05 2.6472210476253708e-05 7.31511504739676e-06 1.3606777185514504e-05 1.0
0.03710753759663486 0.25073137324992056 0.7534012895496969 -0.0002114443141553303 -0.0006252812639451074 -0.001337857261594733 0.0013479684147643836 0.0 0.011629084155628666 0.23997776203481644 0.7476145999357873 1.1158370050515442e-05 1.4510504851720021e-06 -1.3862925343870102e-06 1.4810948192203142e-05 1.0
0.03713057416426637 0.25025342181108656 0.7522675609388114 -0.0004255834558727469 -0.0006425135128901613 -0.0010221535711250013 0.0014596238791970686 0.0 0.011634385241668373 0.2399705970712486 0.7476167745981979 6.636544050758162e-06 -9.970411536827105e-06 3.4409757226241764e-06 1.0522996644299863e-05 1.0
0.03699756770873935 0.2500134013443187 0.751613813536993 2.7105036549266576e-05 -0.000139680871406196 -0.0005953349237124285 0.0006475730792172164 0.0 0.011633216139685357 0.23996753873432147 0.7476123186694009 -6.796809988609164e-07 -5.205860672031178e-06 -2.825568207259504e-06 5.066278547048229e-06 1.0
0.03631238781331357 0.24916678475382187 0.7506652135215615 -0.0008044361636249161 -0.0009262321018917315 -0.0007915234128398322 0.0014049788719097869 0.0 0.011645041480651437 0.2399677650811351 0.7476104621787963 8.506293414227988e-06 -2.483588374834961e-06 -1.1653204403806982e-06 1.1583539347635632e-05 1.0
0.03594731525133353 0.248401652246222 0.7502836989552788 -0.00047568652622707484 -0.00091618122014695 -0.000561705427721745 0.0009619780202682606 0.0 0.011649071173587927 0.23996290601872447 0.7476210824958813 7.646340648732883e-06 -3.1189082895655756e-06 1.0030733648294565e-05 1.2669589127465558e-05 1.0
0.03599509189093033 0.24755991852680403 0.7496740064089331 3.6249934463486325e-05 -0.0008957088995340946 -0.0005969404980048431 0.0010503979286437181 1.0 0.011652677531825945 0.23998232175258943 0.7475972825874999 4.3690086238881586e-06 1.6755758900144242e-05 -1.6243141591017157e-05 3.095406321511562e-05 1.0
0.035635191690212516 0.2470840055382458 0.74939327822633 -0.00014747906258195047 -0.00044113657723827537 -0.00025985222064999706 0.0006297385629863393 1.0 0.011794819548732427 0.2400631199302944 0.7476784146132043 0.00012231369823051898 7.609410860322009e-05 6.257862332932066e-05 0.00018123973902676711 1.0
0.03570187331690247 0.24685139126088482 0.7494386840177323 7.30868753610433e-05 -0.0002007248793827063 -4.698376486857972e-05 0.0002641770032207883 1.0 0.011893331861357855 0.24003712660148419 0.7478468014780901 0.00012388458280326056 -1.9009337709045814e-07 0.00016707663506874648 0.00020134619006791684 1.0
0.035766764529924416 0.24684432319442928 0.7494814518851574 9.26077264892033e-05 9.566552194736357e-05 0.0001214027424608717 7.975387937929324e-05 1.0 0.01199306291778229 0.24003310110458362 0.7479276882981631 0.00010921998258419105 -1.4809378576739093e-05 0.00011653997431088726 0.00012485835837452465 1.0
0.03587021207393412 0.2469170539367114 0.7495501918444059 7.736058407332717e-05 0.0001453389771629107 0.00011033209381583215 0.00013350175370040835 1.0 0.012096537004469055 0.24000598094863182 0.748027518025825 9.79871030866155e-05 -3.517940833005643e-05 9.685330261036101e-05 0.00014199544969907308 0.0
0.035679397846699365 0.24719285315821138 0.7496821048911305 -0.00018671224942527884 0.0002156996914370282 9.059385253859097e-05 0.0003785183326750858 1.0 0.012111043289829935 0.23984684281260643 0.7483171243475969 1.620651163124835e-05 -0.00014857547429207596 0.0002484895716004941 0.0003352783691189535 0.0
0.035018113269683085 0.24772813619043627 0.751191779203478 -0.0006149476747932806 0.0004881384451272834 0.0013097684708545717 0.0017080214206054883 1.0 0.01307410244879255 0.23997512367048787 0.7491020734893347 0.0008076180187925746 6.969050797124297e-05 0.0007277922190001118 0.0012481061021684893 0.0
0.03326670704007637 0.24832361420842405 0.7540219799519258 -0.001704754961807862 0.000596540965337001 0.002797086505908277 0.003404223093575872 1.0 0.01384954099778083 0.24019536941946715 0.7494691388441121 0.000927751829765401 0.00024069116190838204 0.0005157403544200929 0.0009087946294186216 0.0
0.03305055966940828 0.2496876572516261 0.754219131441029 -0.0006809169092971158 0.00129097199678196 0.0009410889030959622 0.001429228005575543 1.0 0.013821098008446534 0.24027943246864042 0.7496471317233444 0.00018346621095363135 0.00015668632449857635 0.00021844781270917535 0.00016400154536448132 0.0
0.03862183446058538 0.24885563408470426 0.7601061994813947 0.004891249196187755 -0.00041627653763127846 0.004885129303123492 0.007960518440338904 1.0 0.013529255010369686 0.24161262908571418 0.7481061923689729 -0.00038636615431933603 0.0011547689031332635 -0.001387169257673616 0.002024969320328503 0.0
0.04189679956915448 0.25916778191788775 0.7635312932340586 0.004673216138793115 0.0084919004939661 0.004127286014237704 0.011611834053083912 1.0 0.013804900047041825 0.24162031407196624 0.74815732367747 -1.7390201134976182e-05 0.00034292842809406724 -0.0005086709966051005 0.0004050346014450137 0.0
0.04568079042260862 0.26651752921211597 0.7634738044488121 0.004236353015744504 0.009052955587550607 0.0005324259254388846 0.00826569104290751 1.0 0.013842171891433842 0.2411616022934838 0.7486519410250486 5.129240715981828e-05 -0.00046358152503538547 0.00044106876567694066 0.0005619106461145941 0.0
0.050403895471250244 0.27207530661991225 0.7652992712168161 0.004327422711251816 0.006679466077603807 0.0008781529399962797 0.007191059996533339 1.0 0.013723037300715434 0.24118633184237678 0.7484835755293928 1.2325143305845846e-05 -0.0002784770918691118 0.00024467603978055666 0.00021982017311410863 0.0
0.051999822883627825 0.2743826164005775 0.7661851791414555 0.0015447061456705978 0.0023019952781988514 0.0006691019437675155 0.003130274532014375 1.0 0.01373071281251118 0.24116385286544414 0.7485051197619871 0.00010472111598429682 -8.575425954475809e-05 0.00016738930711201864 7.816900239867447e-05 0.0
0.0531016985295504 0.27621735558937777 0.766864541099848 0.0004333855997076001 0.00040772564975367253 0.0006304583250527395 0.002351933846257724 1.0 0.013749814625987932 0.24112383419650565 0.7485627589967068 -1.6330095363817918e-05 2.9206298322214206e-05 -1.7075390024028016e-05 6.394724302908705e-05 0.0
0.054299807089713936 0.2782331057935216 0.7677952651480111 0.0009481573291061363 0.0008620566002022417 0.0010488486053268952 0.002447417734279612 1.0 0.013771246247081233 0.24108201361807377 0.7486260820811275 -4.601011824672478e-05 9.088580367297799e-05 -9.04134058805249e-05 3.971982391103295e-05 0.0
0.05559121175165546 0.2805077380603428 0.7687884566411259 0.0015326925360010263 0.0023707096162399474 0.001567474386458047 0.0028127062701269866 1.0 0.01378593461841416 0.2410335450262584 0.748689703810766 2.888904783814905e-05 5.025276871743593e-05 -4.8909504426564675e-05 0.00012539261730382985 0.0
0.056838905351223976 0.28250202812957254 0.7695722722881888 0.0013101407987155165 0.0033687830691251485 0.0006280615388439305 0.002464615033239267 1.0 0.013775310495220116 0.2409503864175733 0.7487828777160181 3.7508033846564935e-05 -0.0002080809796959906 0.0002408236366332069 9.516767474020832e-05 0.0
0.05780890250989263 0.2837477451257866 0.7699281284588785 0.001370103008811992 0.0014904071688683716 0.00023326718212199338 0.0015397479950943083 1.0 0.013776509248866042 0.2408886409323228 0.7488519696715743 -3.271182963557242e-05 -0.0001024596756029932 9.422128929729325e-05 0.00010615341992421492 0.0
0.05952954280791667 0.2850298242848967 0.7699208364731541 0.0017040752455033678 0.001069730825139805 9.671845844081811e-05 0.0022099551486235835 1.0 0.013777740128184177 0.24077607186964833 0.7489849016965038 -1.3760429267118342e-05 -7.014072085092599e-05 7.148675768769893e-05 0.0001719423544925407 0.0
0.06110804287774152 0.2857066690701107 0.7695898795484475 0.0014377390296572033 0.0004117915946954499 -0.0004812913743059116 0.0017914096559334507 1.0 0.013778463764239602 0.24065230341091856 0.7491313810472593 1.1485162140080797e-05 -0.00012916898136439178 0.00016319193312587152 0.00019277590050003872 0.0
0.06214845824316611 0.28605623600246605 0.7693566267401039 0.0011469818270913462 0.0002813759294872224 -0.0003406462719335187 0.0010934911770903596 1.0 0.013776797909867732 0.24057252670297471 0.7492223814143797 2.3027614979005906e-06 -9.120592660175929e-05 0.00010828090189444122 0.00012137764128456751 0.0
0.06307853727317118 0.28618943328810076 0.7688980208275153 0.0008874410696338035 0.00014787309480142796 -0.00037707149939667786 0.0010047752169321357 1.0 0.01377221658011112 0.24049814535813605 0.7493041601359459 -3.1092556908452195e-06 -6.913403814460277e-05 7.678095839663483e-05 0.00010658633574657876 0.0
0.06381700801352828 0.2862092435730338 0.768397016538053 0.0006487844211158338 5.1460017749595764e-05 -0.0004365830786647361 0.0009280157887926028 1.0 0.013769549877197028 0.24044517715742764 0.7493657345067926 -4.938224052621809e-06 -4.7346987737000274e-05 5.251099036694076e-05 8.382906851374305e-05 0.0
0.06579877788434586 0.28662904664582006 0.7666320689820945 0.0017098754556390927 0.00036043211105354347 -0.0015675633376115814 0.002686180181457162 1.0 0.01377010878417488 0.2403250540718409 0.7495095018856747 -1.8458783506642712e-06 -0.00010397500191831766 0.00012346675113438624 0.00018870161226780497 0.0
0.06628580546611831 0.28679778029880115 0.7657045669540694 0.0008856213854597575 0.0002785363122294242 -0.0012358570221576515 0.0011049321543570192 1.0 0.013774480824205387 0.2402414241919962 0.7496130034102081 5.620007841395365e-06 -9.664534742279195e-05 0.00011983428279382535 0.00013469231278543463 0.0
0.06672691907178036 0.28705824274754643 0.7649756053459146 0.0005003906233035014 0.00031857694820639024 -0.000802619981387643 0.0007912856165671368 0.0 0.01377079909422295 0.24015458114204163 0.7497166181494469 -1.1229342561911313e-06 -9.733819164694931e-05 0.00011812633471516787 0.00012988403880010325 0.0
0.06688899380571577 0.28705637621604113 0.7646292256315342 3.669539860913962e-05 8.258952221281346e-06 -0.00027042849881093377 0.00041606964099302843 0.0 0.013737978179952526 0.24009668596088446 0.749745767964329 -2.929768375576945e-05 -6.169316261262395e-05 3.9008884837326364e-05 7.453922941548228e-05 0.0
0.06692153335073799 0.28696618099167964 0.7644468171266118 -0.00012670786341624127 -0.00015069306155346266 5.146398047276869e-07 0.00025284432438149964 0.0 0.013736221990909904 0.2400741955727529 0.7497606274169535 -1.1852886634469507e-05 -1.6578594408180218e-05 -3.1012993821614326e-06 2.7886135198686743e-05 0.0
0.06683720860397815 0.2860686955779839 0.7650279764575879 -0.00010294713717985508 -0.0008553035717875287 0.0005660081819796518 0.001057603733503218 0.0 0.013767138772680534 0.2400716886508543 0.7497764909895414 2.629196065255623e-05 6.135325682191781e-06 4.151544594305993e-07 3.541814264343269e-05 0.0
0.066682236376802 0.28512855051550673 0.7657899711763398 -6.325615038499843e-05 -0.0010565532246833449 0.0007798653236545654 0.0012003902462997748 0.0 0.013643509276426605 0.24004829407670075 0.7497079367960078 -9.290031749522904e-05 -1.4156394878400985e-05 -5.6815078868796345e-05 0.0001417568526426461 0.0
0.06645055013116548 0.28425408657912665 0.766572639361248 -0.00011244410559577448 -0.000941310729563472 0.000747212949728823 0.0012102633406131202 0.0 0.013518881462990052 0.24002732318788214 0.7496545553417594 -0.0001388105717913883 -2.9301664773566093e-05 -5.436564958851641e-05 0.0001415217766531382 0.0
0.06623522208566379 0.28367271257429555 0.7671408834604055 -0.0003051350791054754 -0.0006055046587517469 0.0006309308741734992 0.0008123037780348053 0.0 0.013396509336652906 0.24001587960607745 0.7495873009767878 -0.00014138925323936785 -1.821742904375985e-05 -6.8158917587298e-05 0.00013442926720497517 0.0
0.06598429838015087 0.2831740975487929 0.7676890217257849 -0.000230903279394425 -0.0003703543453555053 0.00044901680783764573 0.0007983158899458336 0.0 0.013332212733147858 0.24000921612191717 0.7495555819072591 -7.838078508708194e-05 -1.1253274440095983e-05 -3.489895242728613e-05 7.273930582430102e-05 0.0
0.0657750696227988 0.2828715777499423 0.7680124237739456 -0.00021955099044478082 -0.00022340923228290769 0.0002658890115248997 0.0005132958917441272 0.0 0.013303110602264284 0.2400067638868866 0.7495389710510715 -1.6887750097719563e-05 5.544268495013372e-07 -1.294153368330211e-05 3.483787267331235e-05 0.0
0.06536580269202465 0.28250190562083516 0.7683762626312614 -0.00037397918086197 -0.00032259768878228207 0.0003094647014606615 0.0006368945807588985 0.0 0.013304656525677272 0.2400181663163907 0.7495194976459294 2.5235192030967657e-05 1.4598178426214699e-05 -7.3503465237901674e-06 2.3883442486919394e-05 0.0
0.06516873268985166 0.28233038772979535 0.7684696030424862 -0.00025237457032979487 -0.0002745326428790259 0.0001798470173529772 0.00029059248009492475 0.0 0.013318426883023243 0.24003185477652286 0.749511011909115 2.439869169964873e-05 1.637238789979131e-05 -7.807517956354888e-06 2.0592889367595325e-05 0.0
0.06506134110677075 0.2822063274453532 0.7684226704773808 -0.00011678431190417791 -0.00014873719341153768 -2.6548437254489497e-05 0.00015423462792257423 0.0 0.013327665001695932 0.24004009219916858 0.7495058654869032 -1.0794212295966416e-06 8.208847241422778e-06 -1.2503313119972359e-05 1.3536897844002136e-05 0.0
0.06499785812738987 0.2821619358180823 0.7683902245052021 -3.7433579017259316e-05 -4.85947965023619e-05 -6.123282586426569e-05 9.085054787945205e-05 0.0 0.013317829645892124 0.24006479847375256 0.7495068799790127 -1.4869733157536074e-05 2.1141327967357878e-05 -1.4436883901870908e-06 2.4771501441755452e-05 0.0
0.06496569048850712 0.28214449350106885 0.7683564390077046 -3.605630779341713e-06 3.930881066556381e-06 -4.675396370389031e-05 5.499973944207855e-05 0.0 0.013309571818845838 0.24007346923024855 0.7495092446428219 -1.8140345882187867e-05 1.1589610627344262e-05 9.966387783697127e-07 1.385802757863236e-05 0.0
0.06493623166364333 0.28212687455467456 0.768323667760421 -2.4134569810678333e-05 -1.2164527209026165e-05 -9.585021315288073e-06 4.862149063080865e-05 0.0 0.013296788251676857 0.2400922260887389 0.7494889422794097 -1.4379063494815897e-05 1.5887229399665705e-05 -1.4537873137966239e-05 2.969769866148473e-05 0.0
0.06490906711132095 0.28209293028142357 0.7682836669643446 -4.578462961558614e-05 -3.617876009354105e-05 -1.7953408658522734e-05 4.924484173743219e-05 0.0 0.013281037650682418 0.2401039088140545 0.7494692687836492 -1.4300177220242735e-05 1.2611272956105703e-05 -2.3009488405518935e-05 2.844801456125137e-05 0.0
0.06489715377027386 0.2820598623614741 0.7682506343741178 -4.184908571104915e-05 -5.382852599559887e-05 -1.7890812465390924e-05 5.540443268449544e-05 0.0 0.013270117097478516 0.24011303963808492 0.7494530009513857 -8.382216432238497e-06 9.668786338770995e-06 -2.0585075089901206e-05 2.1390007105906226e-05 0.0
0.06487076380450417 0.28196946497237785 0.7681533834579222 -1.4648495488882318e-05 -8.03060967224162e-05 -0.00010696488483029294 0.00013183650549674502 0.0 0.01325457731879821 0.24011181912851992 0.7494468999930514 -1.2062483654986887e-05 -7.977247015935089e-07 -6.920513331558204e-06 1.6392517776457944e-05 0.0
