0.06268242735942027 0.27933536201969017 0.7641737748311141 0.0 0.0 0.0 0.0 0.0 -0.017439349910136782 0.27974855416191186 0.763979960539645 0.0 0.0 0.0 3.851610505464353e-06 0.0
0.0626817657526665 0.27932376606477793 0.7641796313877738 -6.616067537712489e-07 -1.159595491223575e-05 5.856556659633583e-06 1.3007811104514804e-05 0.0 -0.017426851756826324 0.27974388956621477 0.7639810895863712 1.2498153310457755e-05 -4.6645956970903235e-06 1.1290467262226045e-06 2.041853774009065e-05 0.0
0.06267568040626592 0.27931254295501484 0.7641625229862231 -6.085346400577785e-06 -1.1223109763092154e-05 -1.7108401550669505e-05 2.1346827333081376e-05 0.0 -0.0174142278540635 0.279744125479372 0.7639848812299913 1.262390276282263e-05 2.3591315723159312e-07 3.79164362007689e-06 1.4114141705483035e-05 0.0
0.06268198204812944 0.2793148808800046 0.7641467682601417 6.30164186352089e-06 2.337924989770368e-06 -1.5754726081396164e-05 1.7128571958388603e-05 0.0 -0.017411487082990455 0.27974452907332514 0.7639847474681662 2.740771073046766e-06 4.0359395314659707e-07 -1.3376182506075196e-07 5.58463707767934e-07 0.0
0.06268472823516118 0.2793118492191463 0.764143580906984 3.5508446290313855e-06 -2.555400861913549e-06 -2.240994803816557e-06 5.185723760978307e-06 0.0 -0.017414442321062148 0.2797442025192781 0.763984199769481 -3.1242735141393553e-06 -5.855959309131045e-07 -8.079990200154151e-07 0.0 0.0
0.06269202313235275 0.2792587346701532 0.7641720618072363 6.469186061657379e-06 -5.320506511479187e-05 2.8181012834354368e-05 6.070858686345559e-05 0.0 -0.017379457577769906 0.2797010607126589 0.7640253910977916 3.462398808829248e-05 -4.2498631261550376e-05 4.078358510563516e-05 7.207189907438942e-05 0.0
0.06268827386324771 0.2791871687701044 0.7642288937342963 -3.1615572990638313e-06 -7.787663047110035e-05 6.015186903336938e-05 9.178338672548785e-05 0.0 -0.017362714378313944 0.2797094787714464 0.7640204135043211 2.372231212189724e-05 -8.466854641778215e-07 3.486622707274392e-06 2.2541738570552996e-05 0.0
0.0626807213682065 0.279178592063027 0.7642045765776594 -9.081483966000581e-06 -1.6709441458166167e-05 -1.6447364912849172e-05 2.6406681239327022e-05 0.0 -0.01735653706671965 0.2796989639250634 0.7639951030426255 6.547209582058089e-06 -3.7663013808756705e-06 -2.8017346504548984e-05 2.3439932652009235e-05 0.0
0.06267649131882488 0.27918374471987123 0.7641837675465453 -7.371268638390269e-06 8.313806585153709e-06 -2.9963750185746698e-05 1.780883283246384e-05 0.0 -0.017365905598529862 0.279689549295061 0.7639724900508208 -8.576668751668548e-06 -6.326102636022464e-06 -3.1018617906339925e-05 2.7270417170615104e-05 0.0
0.0626589424540872 0.27916445080957475 0.7641551958264781 -1.625546595747782e-05 -1.329723451356106e-06 -4.2472999073721806e-05 4.129335888804368e-05 0.0 -0.01744262277573062 0.27946030391715926 0.7637871182386127 -7.349479132855485e-05 -0.00019599403321276816 -0.0001679674544515716 0.0003040536545081936 0.0
0.06263388234480483 0.2791140989100699 0.7640832397638357 -2.3976403883711227e-05 -4.0509300940822644e-05 -7.198095667885254e-05 9.374815250714179e-05 0.0 -0.01776102317747431 0.2783576228534209 0.762908372854385 -0.0002980634104624089 -0.001010894456407538 -0.0008032526436910725 0.001443284561140428 0.0
0.06261559172019698 0.2790592626630354 0.763977342139243 -2.0872102963690287e-05 -6.548003066313039e-05 -0.0001028053551697972 0.00011917337033099127 0.0 -0.01811197588274474 0.27567950510361666 0.7608461850136584 -0.0003868573699068833 -0.0026080762689672543 -0.0020070187693840393 0.0034072120084551994 0.0
0.06260919396079088 0.2790162377737505 0.7638954067810402 -7.555841244608694e-06 -5.942318850038459e-05 -8.637142221326873e-05 9.121479963779726e-05 0.0 -0.01863888328853331 0.2731997751806876 0.7588473570156783 -0.0005306825385345919 -0.0028383717799544852 -0.0022541679409892874 0.003257350873606997 0.0
0.06259611433663065 0.2790238914096071 0.7637928658258669 -9.466074416753549e-06 6.471072178867727e-07 -9.714147349785759e-05 0.00010305712747476139 0.0 -0.019213735135027242 0.27044043270392076 0.7563844351920407 -0.0005905472586104636 -0.002858987003596369 -0.0025202880413139825 0.0036661737123266014 0.0
0.06257117433899761 0.2789969861352669 0.7636972221157464 -2.117495706357755e-05 -4.058846241691021e-06 -9.77520032446585e-05 0.00010434589505468559 0.0 -0.019691695237156165 0.2682932650865905 0.7543058389097992 -0.0004922660772746689 -0.0021511939053331826 -0.0021145295048824553 0.00306159920724576 0.0
0.06255725392516509 0.2789783118523616 0.7636496216291603 -1.752899974233597e-05 -1.4133708924607262e-05 -4.856066996033875e-05 5.419584848860607e-05 0.0 -0.019871409292419713 0.26688018574764744 0.7524884132427755 -0.00018948825757954385 -0.00123928898441455 -0.0016838092182872202 0.00232912685853207 0.0
0.06253760154081207 0.2789431991457649 0.7636173036019901 -2.128353923194387e-05 -3.789398117601922e-05 -2.6052604763737787e-05 4.855583185587578e-05 0.0 -0.01987500914038411 0.26591504365184737 0.7503134441340588 4.205017657621201e-05 -0.0007320080251948654 -0.001943568011277612 0.0023634069188248064 0.0
0.06252772510146562 0.2789012156459401 0.7635679703836045 -1.1806974824114407e-05 -5.01704235845364e-05 -4.1972340300771405e-05 6.6612533732169e-05 0.0 -0.01965944729585698 0.2650116682979573 0.7493161610945127 0.00024921992303651263 -0.0007982454974680164 -0.0011833712463229847 0.0013820544706957278 0.0
0.06252485674343003 0.2788777700863867 0.7635274292413768 -1.127548772396209e-06 -3.0933051252885904e-05 -4.373397316722546e-05 4.902926465588654e-05 0.0 -0.01955703835386402 0.2642935923171317 0.7488443961801062 0.00016577598907219129 -0.0008248811858576491 -0.0004999438291919975 0.0008482672799390598 1.0
0.06252689301687184 0.2788838364050178 0.7634703791503838 4.503532693971376e-06 6.398314574954832e-06 -5.8626764742908624e-05 5.470984021135417e-05 0.0 -0.019484404457949817 0.2635972045596633 0.7485131037122116 3.952957001044505e-05 -0.0007712997160504937 -0.0001836054007613797 0.0007537989568442566 1.0
0.06253450650039098 0.2788868037426731 0.7634407222953711 7.534490347477266e-06 1.4504537534060881e-05 -4.208304938591477e-05 3.13627212985888e-05 0.0 -0.01922155134132906 0.26320852304144704 0.7487673024055937 0.00017053493801280346 -0.0005400790149417858 0.0002270302955260455 0.0005734480835335085 1.0
0.06253750258792369 0.27887747939376845 0.7634418011759804 3.7146945441923145e-06 -4.854853896017482e-06 -1.234960826461927e-06 1.0417912667995031e-05 0.0 -0.01951558204446087 0.2635119257657486 0.7488547718482091 -0.00022408469223225214 0.00024120844659206468 0.0001608490350801287 0.0004200896589748159 1.0
0.06255138954750754 0.2788732331039529 0.7634403545346657 1.1681137247172857e-05 -7.390867294847358e-06 1.056754634444204e-05 1.3931501505372494e-05 0.0 -0.019799749976504643 0.2640074749010429 0.7488460618821516 -0.0003315850291361747 0.0006284651977506114 -8.047667165918997e-05 0.0005474612981988818 1.0
0.06257503882404504 0.2788632673902906 0.7634373512625227 2.1662174171675397e-05 -1.5389774433328444e-05 2.539239096526124e-06 2.6601720169680175e-05 0.0 -0.019973907961201923 0.2644574108833108 0.7488469097714205 -0.0002325890655915271 0.0005796789155888826 -0.00013203572700458887 0.0005088334104899187 1.0
0.06258498138452313 0.27886714384741756 0.7634283055154456 1.4249064382527767e-05 -1.3485447273909896e-06 -1.0998892988261453e-05 1.4531394756905557e-05 0.0 -0.020127167361977963 0.2651932361847512 0.7490656436638278 -0.0001374089005807422 0.0006847873214196784 0.00018958101276597304 0.0007709162395250625 1.0
0.06257869090556593 0.2788640170867589 0.7634207249317511 -4.391186617939004e-06 1.5396238405659024e-06 -1.332698540082014e-05 8.50040748713067e-06 0.0 -0.019817309157323253 0.2659592505601163 0.7495023730474393 0.00028628991361206665 0.000718637998085475 0.00043554209740814614 0.0009378667614812633 1.0
0.06254856677388505 0.2788598308429865 0.7634187262929182 -3.0990576943439664e-05 -5.751474131181879e-07 -7.321794797897649e-06 3.0948013685905595e-05 0.0 -0.019192181078949298 0.2669138604581501 0.75027649838557 0.0006942714737854571 0.0008849029989459603 0.0008115699790449814 0.001378363712354583 1.0
0.062476495517921206 0.2788453531413964 0.7634120269386739 -7.291397016494687e-05 -1.4057700226685755e-05 -3.0701068157242914e-06 7.487644729982387e-05 0.0 -0.01803990431645098 0.2675581097200064 0.7511676201250701 0.0011866269828850367 0.0007199130519723816 0.0009996702344331624 0.0015968586484124488 1.0
0.06235204751616906 0.27880243181125314 0.7633945813986248 -0.00012593994300077175 -4.214161291659774e-05 -1.3024453715895572e-05 0.0001326721555434738 0.0 -0.01582094221204596 0.26745971685337955 0.7523363567438845 0.002129502498192015 1.074900161176186e-05 0.0011554252318460106 0.0024955846163489045 1.0
0.06228477838644092 0.27876855057671157 0.7633370340235501 -8.445309491916301e-05 -4.063430900159492e-05 -5.371258431228737e-05 9.512063243809289e-05 0.0 -0.013585629317836079 0.2655443211930951 0.7537618164607328 0.0024033265475939245 -0.0018157728908862968 0.0013960727935072575 0.003291029820441678 1.0
0.062228473050568285 0.27868346974844893 0.7632218022880921 -5.164742365985517e-05 -7.98210476741717e-05 -0.00011473756161673327 0.0001505860471211095 0.0 -0.011531803087205422 0.2626135379291411 0.7547861705225895 0.002147903323412601 -0.0031601626676037832 0.0010990154463693998 0.003717679652393875 1.0
0.06220960156596013 0.2785657975933595 0.7630424709120284 -1.0509073692583178e-05 -0.00011712647536830303 -0.00018380715030784505 0.00021833255395198943 0.0 -0.006617636843097226 0.2573519919277414 0.756004316990492 0.004406207066939398 -0.005264797107148847 0.001137033131030273 0.007257504125323028 1.0
0.062172417042383514 0.2783907370059716 0.7628441065140145 -2.030432966908763e-05 -0.00017472304104542463 -0.00021027802100396403 0.00026866822174340777 0.0 -0.001305926967462304 0.2513365979048282 0.7559712812314492 0.005522652870729636 -0.0062655122490782025 9.881725065150136e-05 0.00812760079264915 1.0
0.06203622251280412 0.27812576432596825 0.7625702450616999 -0.00012194345712737265 -0.0002625308396487926 -0.0002685815807735997 0.00040142768881427086 0.0 0.0026767831085509103 0.24744249882842603 0.7565805287936055 0.00449208485827903 -0.004334036660316985 0.0003390730640013577 0.005560671192088589 1.0
0.06194466834951553 0.27804472097353344 0.7624618581766991 -0.0001227198077011134 -0.00012333226317474462 -0.0001361048852977632 0.00016793465232533633 0.0 0.0031795577444614256 0.244782755808601 0.7571178538327038 0.0008966453516275803 -0.0023826460556624356 0.0005052593627260586 0.0026433983416647225 1.0
0.061875914845826524 0.2779789002334723 0.762377395645246 -8.634702971908882e-05 -4.734678358840047e-05 -6.287997706513429e-05 0.00011813751783317314 0.0 0.003237838396320034 0.24254882386386564 0.7572074748131814 -0.0007003396665829428 -0.001592426590560923 0.000256497158759875 0.0022916214836530644 1.0
0.06185361217563158 0.27794268728401444 0.7623193651767125 -1.80422362493344e-05 -6.616408744052537e-06 -3.302286899039281e-05 7.726677807808651e-05 0.0 0.0032353722650240798 0.24164048090946644 0.7569417540465749 -0.0007717256939890913 -0.0007237647044580516 -0.00016916992730228492 0.001101837681444663 1.0
0.0618465540421639 0.27791928752352 0.7622863574606698 1.1181423910052175e-05 -9.079612348507943e-06 -2.474607571187621e-05 4.627563320345969e-05 0.0 0.003412329112106182 0.24122149078238692 0.7568015334359427 0.00013206850752899035 -0.00042168642637155796 -0.0002374496731123955 0.0003655950221799014 1.0
0.06183111033021618 0.2778932982095631 0.762255364246018 1.3028372447914054e-06 -3.0494102733329964e-05 -3.7055455146431574e-05 3.936446072675984e-05 0.0 0.0037529670087699065 0.24078776380492137 0.7567036263393522 0.0009709073837912852 -0.0006640100764199394 -0.00015472533994362173 0.0005101709952943356 1.0
0.06181245662269761 0.2778461701023277 0.7622500540605288 -2.3963548122524962e-05 -6.420615539669012e-05 -2.3425445549977623e-05 4.6929864500342566e-05 0.0 0.0032193470397215585 0.24022184557718465 0.7565874254690752 3.3207208652145416e-05 -0.0007156469121395283 -0.0001401343629519495 0.0008335386818434853 1.0
0.0618083161139415 0.2777957565186684 0.7622448810291859 -2.14104633882336e-05 -6.554296426722418e-05 -1.290379324905979e-05 5.578805642583268e-05 0.0 0.0028629001499876775 0.239868565954257 0.7566948821820513 -0.0004981818077922848 -0.00042552560470126514 0.00019751490685629674 0.0005338716827696932 1.0
0.061793103755373995 0.277723629004682 0.7622385326351292 -1.4665951439949988e-05 -6.308886045296912e-05 3.7311601346980724e-06 7.134493545595606e-05 0.0 0.0020167580273778587 0.23989291583031744 0.7563436367862818 -0.0011101631112113938 -9.702348312859259e-05 -0.00023663599050738522 0.0008640518242463389 1.0
0.06178388940762563 0.2776689633014041 0.7621897471459211 -9.349665972606226e-06 -6.0756090298910994e-05 -4.3967173744814794e-05 7.51883545589422e-05 0.0 0.0022484092994451248 0.24078405762302713 0.7548527406986346 -3.054480056722766e-05 0.0008213128447636235 -0.0014108126384604898 0.001784292501113039 1.0
0.061788617127752805 0.27765622344216795 0.7621281805293406 6.446835962154425e-06 -1.4710234636793894e-05 -6.680463666642781e-05 6.290507038984641e-05 0.0 0.002367187378548207 0.24168229314464942 0.753620374119953 0.00028628848634732655 0.001167724931997224 -0.0015142657520706543 0.0015568227638348884 1.0
0.06178902293734477 0.27762939927272706 0.7621111846238354 3.8506614548599625e-06 -1.3634430133003619e-05 -3.084850918014737e-05 3.1238024858819865e-05 0.0 0.00226220330141663 0.2416328177752396 0.7533408734384611 0.00011574328750028979 0.00021804935917401388 -0.0005260522415523911 0.00026746849658556757 1.0
0.061771026939670064 0.27758109239071105 0.7621051346125963 -1.5188298943414742e-05 -3.987562604140442e-05 -2.866816647771294e-06 5.141677772821385e-05 0.0 0.0023966249582305288 0.24130001787336755 0.7532080446443121 0.00010405696809414906 -0.0004792611534844887 3.705968410204922e-05 0.00034162425884632546 1.0
0.06170904089684384 0.2775292765566037 0.7621407699127438 -5.880368133998807e-05 -5.7139686321368725e-05 4.247017756157775e-05 8.996140910448854e-05 0.0 0.0033955929818556344 0.2411521328282292 0.7534420968440028 0.0007663723031155586 -0.0004535987041138181 0.0004601625479923898 0.0011034731584305267 1.0
0.06165916873596387 0.27749924834385575 0.7621539371813166 -6.071128344232115e-05 -4.162132261263466e-05 2.8607642078905065e-05 6.0154553083179686e-05 0.0 0.004385857583362498 0.24158031889739018 0.7531431985571941 0.0010725271350929147 0.00027030513915242123 -5.3321527105737855e-05 0.0011441845060595197 1.0
0.06161625407998154 0.2774380207833132 0.7621922085621764 -4.923560182777978e-05 -5.840254018367396e-05 3.40523609143711e-05 8.083158066291295e-05 0.0 0.0056209790270962 0.2416463707741842 0.7525614581880516 0.0012891494318032401 0.0003245975496169895 -0.0007036875252735787 0.0013011192575168942 1.0
0.06155831919974857 0.27741724001605994 0.7621859262396623 -5.100950387431617e-05 -2.4227075161596833e-05 -7.073584598992624e-06 6.371485136781935e-05 0.0 0.0067401623220973705 0.24144822589027445 0.7520786148771511 0.0012450754522165108 3.096115475074881e-05 -0.0007845774343243311 0.001235009698447676 1.0
0.06150666371759778 0.27739805607020296 0.7621801295378601 -4.712277100392005e-05 -1.2093060670498086e-05 -1.5261556785194076e-05 5.5959029124502896e-05 0.0 0.007181025203368854 0.2411573374199817 0.7519020917117684 0.00044399131273975084 -0.0003400086791201971 -0.00027817128129125485 0.0005906249805808696 1.0
0.06143268114700636 0.2773800251515634 0.7621715471683805 -6.897972187748924e-05 -1.550607868294016e-05 -1.2226337540991063e-05 7.563948735626252e-05 0.0 0.0078086455543441655 0.24101597253127258 0.7514699225606669 0.0003951892854936545 -0.0003409772818812137 -0.00025972162218088437 0.0007497492618425839 1.0
0.06136236012542695 0.2773580162443965 0.7621674499835183 -7.582559970730018e-05 -2.1717679094544848e-05 -4.9532784129401444e-06 7.464841959549167e-05 0.0 0.008452565103274617 0.24126752837256954 0.7509299550406793 0.0005725304967037322 0.0001645447100255411 -0.00044291771748645927 0.0008988278916552685 1.0
0.06132514446596069 0.2773453133314504 0.7621594978139461 -4.6585539956496705e-05 -1.575055665635077e-05 -2.1678676578688867e-06 4.033944936308298e-05 0.0 0.00891402780413774 0.24134424232095486 0.7506550197922749 0.0005617044587329002 0.0002393227479845573 -0.00031059947199016906 0.0005524173311528297 1.0
0.061242468927646274 0.27727156060491037 0.7621102462915309 -6.954059825538101e-05 -6.625206379034666e-05 -4.124873675944453e-05 0.00011816121311686032 0.0 0.009902129406233424 0.2413922427182288 0.7502922919867124 0.0009589177248266776 0.0001518018830427428 -0.000397564158908459 0.0010107031297979456 1.0
0.06118430879979265 0.27721249360768735 0.762055049019815 -6.194030697693064e-05 -7.15136288945212e-05 -5.82298712516364e-05 0.00010456198941260839 0.0 0.010928149670898257 0.24173697359133683 0.7497243427145601 0.001136187978857084 0.0002494169172004978 -0.000544822677018239 0.001249658031907951 1.0
0.06112015976748145 0.27713080477414637 0.7619511043887149 -6.477417625362368e-05 -8.07124341553227e-05 -0.00010620752897620004 0.00014384306209988464 0.0 0.011900766747822965 0.24184719259079 0.7493554992107485 0.001029560673720587 0.00011480685537900058 -0.0003997236403904473 0.0010593072745145812 1.0
0.061059792736284445 0.27710297764734887 0.7619167622317367 -6.145013299079943e-05 -3.724599729993053e-05 -5.179400998028697e-05 7.54458396289495e-05 0.0 0.01219895877128642 0.24211090650795022 0.7487884089639266 0.0003558662513030934 0.00021691828494636698 -0.0005258270201561808 0.0006631673337502179 1.0
0.060869209105378706 0.27698776191859636 0.7618224707442449 -0.0001728527921123159 -9.315728593057752e-05 -7.801713262405157e-05 0.00023853343554824317 0.0 0.01333058255512178 0.24360010819835828 0.7489069995989249 0.0008936695511579753 0.001334289578042983 -1.537500629977183e-05 0.0018631409533284488 1.0
0.06017810153780727 0.2767382434163542 0.7615712277800643 -0.0006364539066903751 -0.00023251583833318356 -0.00022443774264286286 0.0007795757924799515 0.0 0.01409411615268264 0.2443192022079244 0.7486796873645412 0.0008033693528240157 0.0010250880504771504 -8.912317417515215e-05 0.0011484018078179495 1.0
0.059377471322173914 0.2762599441924026 0.761376991151868 -0.000870591411364128 -0.0004735351351863312 -0.00022664318279780145 0.0009631826779036883 0.0 0.014313826755612722 0.24449054153609845 0.7485903355046792 0.000328770848690544 0.00027071068340427 -5.448170925918572e-05 0.0002264604021218903 1.0
0.05820660739342043 0.275116817711094 0.760943282586417 -0.0011979266031118783 -0.0011050474413198666 -0.0004155627841192665 0.0016733337202793398 0.0 0.014260674456693182 0.2444907791158545 0.7485467005068078 -3.30665990948834e-05 -0.0001440352077371074 -7.673078492834336e-05 4.6044243224225125e-05 1.0
0.0551788858376177 0.27256614637119025 0.7602824249628094 -0.002817479422638094 -0.0024690567767192604 -0.0006564959615243072 0.004006720822101875 0.0 0.014313706989530375 0.24452815741535672 0.7485016569020649 -7.77227271883626e-05 -0.00016047695044833185 -8.249089994924133e-05 0.0001336948198021404 1.0
0.05021906128873996 0.2676230643248014 0.7595139707040706 -0.004937182214918423 -0.004866383030225141 -0.0007988191465610656 0.007083323166192288 0.0 0.014334346460741963 0.24449035925190624 0.7483934348894439 -3.2105334267593035e-05 -0.00010218482292701342 -0.00010875368365710354 0.00013086109541126452 1.0
0.0453332133436408 0.26206817994014714 0.7583699011457435 -0.005337568106821227 -0.005939600379121582 -0.0011190882904459618 0.007506713472411363 0.0 0.014277081501238633 0.24442923663058455 0.7483146247655262 -1.1162043928809157e-05 5.432685824013621e-05 -9.411409425854976e-05 6.562676066374103e-05 1.0
0.04044017988505866 0.25578730657252835 0.757360816885262 -0.0050762875119750375 -0.006478300247221121 -0.0010803981131190853 0.007924872803327042 0.0 0.014259633442159256 0.24433763585234905 0.7482346987803218 9.886982174637658e-05 6.007865805774174e-05 -4.7988394105089006e-05 0.00013400575393683037 1.0
0.03876781048919033 0.2528289189352197 0.7548770295154996 -0.0019516875541358853 -0.003423844846340784 -0.002270937103190626 0.0042748298295971305 0.0 0.014165462387275037 0.24414916508505818 0.748060455220472 -9.251449225624458e-05 -0.00021865013770427217 -0.00018737778313062875 0.00028078959139494456 1.0
0.03773762864313977 0.2514854269384785 0.7535356088792645 -0.0003259731008328565 -0.0008540237568226772 -0.0016582683806435146 0.0021110692156441923 0.0 0.014027571425501907 0.24392439596844262 0.7478745779288735 -0.00018013605704061736 -0.0002705731587535717 -0.00018254067789739636 0.00032706490577923586 1.0
0.037269041066812746 0.2503941406983068 0.7524444106302641 9.46915530948079e-05 -0.0002555371634086187 -0.0011144978808531793 0.0016554350109234512 0.0 0.013858021787476476 0.24368955274663687 0.7478719435340226 -0.0001908938894618938 -0.00025381215067246383 -3.530872193484103e-05 0.00028545909767384157 1.0
0.037057645853607754 0.24880680621115836 0.751350696851832 -0.00020835625278775203 -0.0012395160798368266 -0.0009126031230849007 0.001994229413408732 0.0 0.013752524894112378 0.24350804583379185 0.7479098722533657 -0.00011303350062588072 -0.00018659722552954953 5.466171012887496e-05 0.00020918032967146634 1.0
0.037351524951265716 0.24775378071615511 0.7504806211269597 -0.00010262616022153719 -0.0015671878748225372 -0.0007537482739478359 0.0013814141706355466 0.0 0.013768347963296896 0.24344174657931617 0.7478828355634529 5.738853955366433e-06 -6.977264460778064e-05 1.400931280244947e-05 7.644347539544268e-05 1.0
0.03755701040718693 0.24691142047958675 0.7499506814950568 -2.5251746896870313e-05 -0.0013414978771195468 -0.0005444287623886574 0.0009069490082342551 0.0 0.013784065174398896 0.24334353131561662 0.7478240189978673 4.569127810793224e-05 -6.018002075945049e-05 -4.686989144496532e-05 0.00011566523212219612 1.0
0.037405528817423934 0.24560340190708127 0.7499784193743533 -0.00019473087913013734 -0.001402241632690781 -7.807651570515247e-05 0.00136640548815166 0.0 0.013814540195051368 0.24333486880427757 0.7477976543116117 5.3521452478380655e-05 -8.836206091131534e-06 -5.804958949259745e-05 4.500669662871943e-05 1.0
0.03706150461699315 0.24462195342214083 0.7499543775737988 -0.00023118869131465766 -0.0008271669490065572 -3.4957118012901274e-05 0.0010893483763115934 0.0 0.013814197138340738 0.24333030427063165 0.747808384132664 -1.8389714543294802e-06 -6.764298023098514e-06 -2.0676226311391952e-05 7.801351072263615e-06 1.0
0.03580880874372635 0.2438548166517139 0.7495126230680244 -0.0012242744506882122 -0.0006995465258576058 -0.00026426526820008374 0.0015031617554065093 1.0 0.013826525438882556 0.24333347433202215 0.7478275064349266 -1.1656481345773703e-05 -4.276298816906519e-06 2.6659600786732568e-05 2.0722664910140926e-05 1.0
0.03536333685842361 0.24355222882545835 0.7491402028728579 -0.0007122497547614073 -0.0003432722694544099 -0.00048110614929264663 0.0006593308600358959 1.0 0.013856870376211576 0.24337353693204886 0.747889844843659 1.194856096067536e-05 2.7612949868311115e-05 8.325202551478432e-05 8.272242816162613e-05 1.0
0.03504378752873862 0.24367546706167476 0.7487921272806647 -0.00027977682062846397 0.0001374013866658145 -0.0004764015088886903 0.00046656084772828273 1.0 0.013611597497137853 0.24322256440695947 0.7478740515866322 -0.00020024136070445332 -0.00012043496701771928 5.847528442231336e-06 0.00028943258780855 1.0
0.03495560133726732 0.24399626805199526 0.7490063750191447 8.13231057425476e-05 0.0004576854910188495 0.00011296045907910183 0.0004125947785018943 1.0 0.013791283141938135 0.2431665322671095 0.7480609971675094 9.28373506973347e-05 -9.204662100165378e-05 0.00014186993196300284 0.0002671900952446769 0.0
0.03372145012038898 0.2452402120421543 0.7519279755597794 -0.0009266481354322357 0.0011633800329434358 0.002682311947100999 0.0033909406342689354 1.0 0.013823985387354312 0.24282164842639697 0.7486979262416563 8.166784939242367e-05 -0.0003180029343232163 0.0005857846390970783 0.0007148671181517578 0.0
0.03314624346851978 0.24663659247916964 0.7552215318442744 -0.0008164750776523922 0.0014313776130124314 0.003763600391504646 0.003716304227594537 1.0 0.014185154489242123 0.242326104391702 0.7500131819691942 0.00034400879383091374 -0.0005013447355805526 0.0013047673757402103 0.0014592170100289116 0.0
0.03469052360473054 0.24824586231660276 0.7584223352234692 0.0011095668339688287 0.0016525999231589144 0.00358672559574165 0.0037911819131712567 1.0 0.01810567113545262 0.24210991658898945 0.7533649051539938 0.0034669194976773817 -0.0002977859425784493 0.003219918535997515 0.0051428591298422035 0.0
0.03524741618390585 0.2562638611594413 0.7622092965163824 0.0009712368081594181 0.007114085879209087 0.0036524702101868446 0.008823925866872301 1.0 0.02161229140529898 0.24228637545117726 0.7568259700138668 0.004095444852311143 0.00015108627528748997 0.0038046380669843455 0.005026364439837761 0.0
0.04393011714883672 0.2639703531046539 0.7617509076989603 0.007789823799302125 0.008609296391765088 -7.897479874555106e-05 0.011811362180617357 1.0 0.021012320917375895 0.24167165102930158 0.7575633630775969 0.0003324522396026978 -0.00039128625212355453 0.00132937227094883 0.001045511240498215 0.0
0.04914346540538168 0.274917941805754 0.76792244053466 0.00678422586794139 0.011152349323106422 0.004420769222085824 0.013556080197686362 1.0 0.02015418200041363 0.24113480322104716 0.7577881668394361 -0.0014928086489932877 -0.0005866625334688517 -0.00018476701226999068 0.0009007731895560761 0.0
0.05572627561857532 0.2818316486075161 0.7707297125273075 0.006658829608483387 0.007876166216459762 0.003693033998586202 0.009853244160966432 1.0 0.019855351923139336 0.2410282009304801 0.7578560568000594 -0.0012341069196587398 -0.0002544022300635044 -0.0005495593038916172 0.000529268656708725 0.0
0.061500847431886094 0.28461895029408296 0.7702793983871201 0.005471399890770941 0.0026550136561856435 0.0004810442708215114 0.00638462325803874 1.0 0.019764631811338678 0.24099881491827918 0.7578980997898882 -0.0003720094862780147 -5.0016305837776115e-05 -0.00020873207724301683 0.00014734310284101595 0.0
0.06488698752127124 0.2855076586146884 0.769829057163477 0.0031518328946870547 -0.0004609561291295644 -0.000958904697643672 0.0036352055904394914 1.0 0.019753608174259328 0.24101527338179346 0.7579046469451888 0.0004731561569102013 9.580193252407392e-05 0.00025395027331854013 0.0 0.0
0.06626690670508648 0.28593224244506904 0.7694554608668751 0.0009644230395899229 -0.0005944488723415223 -0.001008570174146115 0.0015342965162145352 0.0 0.019751594279664005 0.24107222045793153 0.7578928675884148 0.0006858557589895749 0.00014769641367978656 0.0004197534335712179 6.329155630200819e-05 0.0
0.06653840409609485 0.2861871054726964 0.7691347744387987 -0.00010596597045789104 0.0005114580196513006 -0.000529869518647226 0.0004739428390355656 0.0 0.01974797329192629 0.2411264489793279 0.7578752729676234 -7.620524881062941e-06 5.545725683361283e-05 7.244057074877073e-05 0.000124008115829413 0.0
0.06586568345075804 0.2850435665544427 0.7708547877337496 -0.0003805439186653223 -0.0003389633605504743 0.001683055027465886 0.0020807280690019556 0.0 0.019736869319477605 0.24116498818205806 0.7578414315585175 -0.00036670353537830236 -5.758061262456133e-05 -0.00020537820837610759 1.598625847387767e-05 0.0
0.06485902584394378 0.283721076590952 0.7729958739388898 -0.0011958484791668323 -0.0006978679101684003 0.003175449085580151 0.002804526182481365 0.0 0.019699629327838992 0.24124847325631155 0.7578045393482442 -8.486512739336088e-05 6.455405073202988e-05 -6.854527140844719e-05 0.00010787753057750764 0.0
0.06401877042114376 0.283021674415305 0.7742764006133689 -0.0005209525814984456 -0.0010110756553257435 0.0014971786996046954 0.0016453898791209745 0.0 0.019680496028969523 0.2412743370030682 0.7577559806074629 3.083894802605354e-06 6.025943880393861e-05 -5.525055661261471e-05 6.001413268573062e-05 0.0
0.06365738573582638 0.2828092385417737 0.7747453574115584 -0.00019592262548050882 -0.00042984341440254967 0.00027094720985195884 0.0005632888345599319 0.0 0.019633566036201443 0.24131900760175518 0.7576776072812405 -3.0369744055062985e-05 4.087357745676463e-05 -7.545104158758187e-05 9.91550074501687e-05 0.0
0.0636580874238868 0.282773286047744 0.7747682327904746 7.537607802101613e-05 9.648073866650288e-05 -0.000324225364531947 9.085913330450415e-05 0.0 0.019628799640475446 0.2413137734270577 0.7576218423614274 -6.0945520764476945e-06 2.004213206556671e-06 -6.491144618315684e-05 5.7254597031068956e-05 0.0
0.06370083467791016 0.2826948111284166 0.7747658729918888 0.00013158857309226177 0.00012381501182231612 -0.00037915106099445026 0.00014868906831060373 0.0 0.01960165845804768 0.24131658996799052 0.7575758007047807 -1.7674279687671942e-05 -2.8689616494900637e-06 -4.73161519503097e-05 5.2529543760689875e-05 0.0
0.0637631681252036 0.28261428821830836 0.7747156998503569 5.5793509738904894e-05 -0.0001031058988563955 -7.796944228101444e-05 8.371437107656025e-05 0.0 0.019574405396223855 0.24131145953300975 0.7575493208416699 -2.4598721089215388e-05 -7.798627503628244e-06 -2.403988960561799e-05 3.8848931738595184e-05 0.0
0.06385095332424992 0.2825746221478391 0.7745441042237317 -2.9998807151803992e-05 -0.00024887098072189507 0.00012780533977466504 0.00016851788533585045 0.0 0.019572124382071523 0.24129579742540608 0.7575434075704425 -7.924522061307984e-06 -1.2355506397555297e-05 -2.2237226654194752e-06 1.6849038038623542e-05 0.0
0.0638816700945865 0.2825619070594557 0.7744944283526529 -5.698280609152135e-05 -9.025737245092259e-05 6.291382667621267e-05 6.429272927496862e-05 0.0 0.019588963942826897 0.24129510416300376 0.7575544459865327 1.4316501265984253e-05 1.3244422516653999e-06 1.4477978918186096e-05 2.04213920429869e-05 0.0
