0.061927882161214524 0.27902578444379084 0.7640888733415383 0.0 0.0 0.0 0.0 0.0 -0.017365995870668213 0.27982822458457557 0.7639634819218608 0.0 0.0 0.0 1.9561364786726838e-05 0.0
0.06191905272092779 0.27901739118130026 0.7641007529366368 -8.829440286732548e-06 -8.393262490580256e-06 1.1879595098518436e-05 1.7015600216198675e-05 0.0 -0.017412150956818764 0.27983141736952055 0.7639432776524929 -4.6155086150551083e-05 3.192784944983096e-06 -2.0204269367884997e-05 5.650319419620779e-05 0.0
0.06192978232915036 0.2790188329671097 0.7640900679856603 1.072960822257052e-05 1.441785809463969e-06 -1.0684950976558305e-05 1.5210897945278537e-05 0.0 -0.017417181510894063 0.27982557341506265 0.7639483057790889 -5.0305540752991484e-06 -5.843954457906975e-06 5.0281265959739585e-06 4.119267354593019e-06 0.0
0.061933348386947897 0.27897528403826427 0.76405605821178 3.5660577975341057e-06 -4.3548928845449364e-05 -3.400977388023918e-05 5.5370485740928484e-05 0.0 -0.01741613971510406 0.27982699091388297 0.7639480974602136 1.0417957900035746e-06 1.4174988203219385e-06 -2.0831887526107096e-07 0.0 0.0
0.061946567197464886 0.2789485475003229 0.7640448699576841 1.1809524948286292e-05 -2.944629425937852e-05 -1.1377150598413022e-05 3.1855241990777696e-05 0.0 -0.01742410476369739 0.27982821193131713 0.7639537080662345 -9.997974141858863e-06 1.9679294966537837e-06 3.933038612756321e-06 1.1146508866435552e-05 0.0
0.061952860392806196 0.27894044495751547 0.7640370346403539 7.392246385859463e-06 -5.579537523948412e-06 -6.22786668413066e-06 1.29092100925843e-05 0.0 -0.017430654981872393 0.2798303610452502 0.7639506413046048 -6.62918790484615e-06 1.6871333631636204e-06 -2.1085348480887924e-06 8.555856236557718e-06 0.0
0.061941745875122634 0.27881761135277294 0.7639896808718937 -1.1305910788354666e-05 -0.00010967429343864864 -4.028223731588905e-05 0.00013259938300465128 0.0 -0.017423087219484674 0.27981604056687925 0.7639590756642636 1.923407148971969e-06 -1.2974586302353438e-05 4.9287579570773765e-06 1.9799859032062448e-05 0.0
0.06195471229422898 0.2787318573249815 0.7639774173838768 9.592132178737105e-06 -0.00010020749665326526 -2.0988587205196674e-05 8.801603266667715e-05 0.0 -0.01737530548578362 0.2797934590718652 0.7639400313493716 4.893620315014591e-05 -2.469206064014309e-05 -1.4883715591345368e-05 5.354407410467632e-05 0.0
0.061926336830751244 0.2786973172565114 0.7639774638679657 -2.2281938591156035e-05 -4.857680653454664e-05 -4.085225474021646e-07 4.023976313955608e-05 0.0 -0.017341647684074785 0.27980473488466684 0.7639098737073603 3.964110199735572e-05 2.998134386663213e-06 -3.281426832383998e-05 4.8943473095329854e-05 0.0
0.061905896851993665 0.27858851085931524 0.7639462783726884 -2.328219339075252e-05 -8.863975543365547e-05 -2.4514045001036144e-05 0.00011140656786294773 0.0 -0.017308070422956515 0.2797302367368513 0.7638347873749135 4.000238916355585e-05 -5.936074990410827e-05 -7.15382496808804e-05 0.00010867646164221305 0.0
0.06190157676310255 0.2785210954209449 0.76390333512354 -8.880512274415426e-06 -7.217814853347636e-05 -4.279703846648038e-05 8.786323159605604e-05 0.0 -0.017139502297539307 0.27900905790347413 0.7632156523187527 0.00014686338948035317 -0.0006358264903510126 -0.0005505852307615344 0.0009593121686766216 0.0
0.06183133831448657 0.27847604117647135 0.7638619812763735 -5.7529386179144724e-05 -4.330538719734288e-05 -4.504468248399778e-05 9.054397033312589e-05 0.0 -0.01712549503744758 0.2765190602758448 0.7612000970582189 4.9353799684342135e-05 -0.0023394833043103324 -0.0018985121871470754 0.003209811855681429 0.0
0.061742571445320346 0.278380137568782 0.763794283582174 -9.225922826828906e-05 -8.60837439832137e-05 -6.884558131760378e-05 0.00014328856147081555 0.0 -0.01723636909085225 0.27387765704381073 0.7591619288557414 -0.00010112302184451265 -0.0029506088202902237 -0.002295610637208692 0.0033832147648735046 0.0
0.061677006944467296 0.27823349614018755 0.7636899877527665 -7.789307366087802e-05 -0.000150337923053454 -0.00010408157198100898 0.00019588834816691264 0.0 -0.017484779696288595 0.27071713190870966 0.7564375154792256 -0.0002634722710781731 -0.003319288504838701 -0.0027936439474409696 0.0040995303866742374 0.0
0.06165586627208476 0.2781410858329827 0.7636133270618768 -2.6454121069119005e-05 -0.00010832481369250053 -8.267243236877183e-05 0.00012265077886279788 0.0 -0.018274574175817522 0.26720172469608966 0.7531339137892026 -0.0007571003829157329 -0.0034913245602890743 -0.0032697692861659296 0.004900003939068395 0.0
0.06163746119920728 0.27810276110243387 0.7635794712996324 -8.173545693728468e-06 -4.587848363084053e-05 -3.832685045823154e-05 4.893698204949326e-05 0.0 -0.019125210124988194 0.26561353319044056 0.7516630998771876 -0.0009344812952394388 -0.001750985055002742 -0.0017190083727855827 0.0024044203147323274 0.0
0.061632117607477166 0.2780788337046963 0.7635539593032453 6.656136798213072e-06 -1.4820861025785742e-05 -1.712813936676723e-05 3.755400435058129e-05 0.0 -0.01957251655518109 0.265251490468807 0.7512317221583189 -0.0005545344642213885 -0.00013088479698403587 -0.0002580695508536073 0.0006258111928648318 0.0
0.06163577797482573 0.27803249526728824 0.7635660777126971 5.946474034887534e-06 -2.2641424179906778e-05 1.8039928089097078e-05 5.117690579121325e-05 0.0 -0.020400074262109928 0.2654813712232878 0.7511062993449412 -0.000689160826025188 0.0005862700914184949 0.0002405367173847738 0.0008634823961714833 1.0
0.061635148402930155 0.2780120534961828 0.7635659692574571 -7.787991272233158e-06 -2.3750880941361405e-05 9.146732728024058e-06 2.0232863408351385e-05 0.0 -0.020733212068288997 0.26560075298749797 0.7510070668466948 -0.0003558873331056397 0.0003232545905484586 8.285347631961448e-05 0.0004927918943523977 1.0
0.06161566484871639 0.2779659917200012 0.7635602811140066 -2.2164282011382684e-05 -5.442295881553628e-05 -9.96354748242431e-06 4.621771827680858e-05 0.0 -0.021116361354183093 0.26569728289692984 0.7507012773549187 -0.00030494302875428043 7.482453105070019e-06 -0.00034442100099765197 0.00042642978087195985 1.0
0.061576425162766485 0.2778758873464409 0.7636154798694275 -3.987635418453577e-05 -9.472119947001284e-05 3.680062480521626e-05 0.00011449871946439102 0.0 -0.021043175917349204 0.26570066987015084 0.7507119265636024 2.611904835552439e-05 -0.00031985711168827993 -0.00036391846383572414 2.543092165567919e-05 1.0
0.061534849245867586 0.2777978096682885 0.7636818890070071 -4.521717105126461e-05 -8.509540062839963e-05 7.009993021761459e-05 0.00011313154741758182 0.0 -0.02095859930433629 0.26568591042578626 0.7507082872461682 0.00010167279549698184 -0.00023797372829251727 -0.00016368102057116342 0.00012096340523875138 1.0
0.06149954321650158 0.2777637740056517 0.7637120761767867 -3.928479403977532e-05 -4.053964835355018e-05 4.4907922812118816e-05 5.517383054164331e-05 0.0 -0.020955178900329902 0.26604587101910093 0.7507910472353262 5.306628928658161e-05 0.00037323024163738545 0.00019577419132852996 0.0003839765471941583 1.0
0.06146223868110432 0.2777219968634736 0.7637309300974874 -3.3481864270752866e-05 -3.177722607707757e-05 1.8521773782427043e-05 5.673035312724107e-05 0.0 -0.021059440563977225 0.26697397840576653 0.7509642667775314 -0.000107171378238467 0.0009913957101706846 0.0002577154289560041 0.0009423660298611305 1.0
0.06137936644483948 0.27763403837317974 0.7637689593482025 -7.176096295789703e-05 -7.269736075520983e-05 2.7080675853637732e-05 0.00013014184320567337 0.0 -0.02037012741898343 0.2672411760250464 0.7513190156454775 0.00048320649043597766 0.0005399385156883084 0.0003637223378686698 0.0008342748729510726 1.0
0.06124499809001121 0.2775239915794822 0.7638456407758231 -0.00013187672404905745 -0.00010939185019786125 6.519093530412583e-05 0.00019175761043902724 0.0 -0.018420241476956083 0.2670589717177391 0.7525482244086508 0.0018637370636986634 -0.00014071324815489918 0.0011186534530129523 0.002263178733916325 1.0
0.0609633669354101 0.2774101338167334 0.7638967398330286 -0.0002751029074013662 -0.0001285039717870697 6.377125091349222e-05 0.0003045814998679551 0.0 -0.013528953435371069 0.2650551182062404 0.7558714803938336 0.004747982563636222 -0.0019229993493800148 0.00314843572916765 0.006269507954127639 1.0
0.06065838196573754 0.2773035132876381 0.7638770950855569 -0.0003305110134432591 -0.00011739592484823284 -5.807005367586794e-08 0.00032471196035227165 0.0 -0.008412011619844778 0.2611949577593274 0.7580735429860161 0.005703101881141351 -0.0040018500478936955 0.0027691789259749588 0.00686996036531847 1.0
0.06033699881653605 0.2770540118091861 0.7638234147741305 -0.0003361211303828629 -0.00022342700133299882 -6.152665385673543e-05 0.000408461302495305 0.0 -0.0025736998960799646 0.25672879821533057 0.758924690129916 0.006064015350915364 -0.0048604118508795415 0.0011108477150065397 0.007271396894364142 1.0
0.060067155608592736 0.276769304328497 0.763604608177803 -0.0002729938885315604 -0.00028965838982047195 -0.00021654723926367646 0.00045148279000872875 0.0 -0.0003618310316741084 0.253967719627936 0.7582838149782257 0.002662671734983622 -0.0031912109637624213 -0.0008476265885520379 0.003612529619032047 1.0
0.059940052026837706 0.2765780432189156 0.7634349809752443 -0.00012360020114587255 -0.00022449969721459524 -0.00020624177428407738 0.000287416794969715 0.0 0.0003376409104301485 0.251829071470971 0.7569315011944712 9.032721916005832e-05 -0.0018056934529320878 -0.0018917484623231992 0.002597382368218672 1.0
0.059895229587268 0.2764876744591389 0.7632856233911712 -1.7216683840125703e-05 -9.904283294265055e-05 -0.00015556230988945515 0.00017429994939939218 0.0 0.0010831005276546921 0.24976939479644347 0.7562613663631168 -0.00015902271281838622 -0.0014839793456138547 -0.0011325020314120315 0.0023870222333024424 1.0
0.0598536686094117 0.27640419246844244 0.7632024476222284 -1.162452369368722e-05 -4.805349706021106e-05 -7.119047703732905e-05 0.00012667600574866954 0.0 0.0011956510095815934 0.24819788983353278 0.7557822746775418 -1.4375320298057255e-06 -0.0013434549430398996 -0.00023045744997863058 0.001663024232884293 1.0
0.059846785881738744 0.27632235509813735 0.7631847977747409 -1.472336374625595e-05 -5.301952357143717e-05 1.9111806412778717e-06 8.988782711373666e-05 0.0 0.0013697457896728318 0.24753691295736896 0.7555166632761163 0.0005512596438894011 -0.0009211011760846494 0.00023174204436789483 0.0006756834964727417 1.0
0.05981511314546194 0.27626917911054155 0.7631854936056311 -4.2015175361734096e-05 -5.9501393438146806e-05 2.127215549682796e-05 5.8505810160435466e-05 0.0 0.0025393501913859276 0.24699051788649218 0.7550990192657036 0.0014366482440597234 -0.0007113894492026414 -0.00020811463365074225 0.0012771919059807388 1.0
0.059769072308473815 0.2762348602073081 0.7631842010381665 -6.544772407517785e-05 -6.014732252555775e-05 2.4733351479926254e-06 5.445742346920534e-05 0.0 0.003167644861984869 0.2465916875234196 0.7547539861720549 0.0010740291954265914 -0.000416962842327838 -0.00042871283785204115 0.0009481407950913782 1.0
0.05967065180891138 0.27614110824904237 0.7631901340589826 -0.00010162415319510024 -9.243783617174053e-05 -1.3177827294867187e-05 0.00013775942454266257 0.0 0.0034072179251476093 0.24566906962790605 0.7545091372028461 0.0001508808588835224 -0.0007510748596936028 -0.00044487050997641254 0.0009324941562977099 1.0
0.05958066122883313 0.2760792551343793 0.7632252128086747 -9.451898940443856e-05 -6.767040583311904e-05 2.303707050053323e-05 0.00011744496129771073 0.0 0.0044989845979342726 0.24458529652039218 0.7540754601309932 0.000795210991885223 -0.0012011098009201545 -0.000477974628073707 0.001579861978987 1.0
0.05949016138143471 0.276009619516869 0.7631739447794003 -9.069878655258807e-05 -6.69189726461031e-05 -4.0919915285211384e-05 0.00012157198461815053 0.0 0.0053067846177917415 0.24337395646806675 0.7537900964462693 0.0008349002417723504 -0.0013721182997273864 -0.0002801777344106542 0.0015232674497101147 1.0
0.05943749917270879 0.2759915528245058 0.7631452895946512 -5.3623043922286846e-05 -2.644282679915963e-05 -3.800018190181764e-05 6.34354878656013e-05 0.0 0.007872497318081902 0.24344412661215462 0.7536803350032473 0.0022935945729023154 -0.0001471388179768167 -0.00011793683927893868 0.002542604540481948 1.0
0.059399239822641725 0.2759739262527963 0.76313276623531 -2.6236690048813626e-05 -7.824067418578354e-06 -1.8101399921776693e-05 4.397910767537828e-05 0.0 0.00942043371540061 0.2439457831237348 0.7526723338553986 0.0019848821391872866 0.0007038246983562004 -0.0008372457223522784 0.0019313038961921046 1.0
0.05929171367417176 0.2758819334307631 0.7630492912995193 -8.871996067975899e-05 -7.082416755928474e-05 -7.040838980189166e-05 0.00016451041993391174 0.0 0.010523500004781588 0.24459461626043136 0.7522334002997725 0.001268853102487018 0.0009132518374985702 -0.0006285711175867309 0.001336690939595321 1.0
0.05913712180008025 0.2756789801672142 0.7628627334791128 -0.00015719251678760664 -0.00019798371099030452 -0.00017507211037340794 0.00031822950155870543 0.0 0.011501168029924177 0.24525276669901916 0.7524228327187643 0.0007231184234449805 0.0007719191944811116 7.997454950789493e-05 0.0011799153247632659 1.0
0.05859811872537464 0.27499957611902803 0.7623119715985154 -0.0005068758810754533 -0.0006452377676781919 -0.0005164253519134081 0.0010218810501684053 0.0 0.012248841622244712 0.24584745813933895 0.7521514685333132 0.0005384528443984134 0.00048251104561398327 -6.881909931206938e-05 0.0010269366188298086 1.0
0.05769411416918881 0.273894891237246 0.7617108436924288 -0.0009166022384848736 -0.0011277647971043735 -0.000658593181334199 0.001559801615641634 0.0 0.012678164315584514 0.24615119994136225 0.7516204253970944 0.00042245709615298976 0.00017120834716221733 -0.0004324737260526482 0.0007560507024529039 1.0
0.05515218689536619 0.2710499709436602 0.7609792176280888 -0.002403944083452865 -0.002711069350139174 -0.0007657903209208564 0.003860549241846337 0.0 0.01257629953237722 0.24607216041076818 0.7514074636060983 -4.5120828102289704e-06 -0.00014831538920312437 -0.00031188161842579204 0.00021075301005109184 1.0
0.052167675332445075 0.2675334658840528 0.7605265856152078 -0.00318468633513354 -0.0036986868420535337 -0.0004993877200122026 0.004684191132834851 0.0 0.012450106326544612 0.24598264390500146 0.7513201509326894 -5.0038227318354974e-05 -0.0001054055663672472 -0.00017894442014765755 0.00018422311883013287 1.0
0.04807144969298381 0.26244181096763464 0.7596178112131798 -0.0041591940883736155 -0.00512063234611837 -0.0007762957239774048 0.006542363123975356 0.0 0.01251659171130707 0.24596064729575307 0.7513166878372174 -6.375075304530667e-05 -4.5479730262154034e-05 -4.3490369813538386e-05 8.779344308769595e-05 1.0
0.04381516274582024 0.25744988087668913 0.7591329677369335 -0.004380804502287428 -0.005232347075701867 -0.0005417681749423198 0.006608779296628941 0.0 0.012114704008270777 0.24565287213513354 0.7512461626378717 -0.0002916937846432718 -0.00021655241949443567 6.54337918081266e-05 0.000503256636755034 1.0
0.040438506562423114 0.25340050419715165 0.7575573003933143 -0.003475797486485299 -0.004165659756125378 -0.0014039172430539452 0.005489504604569887 0.0 0.011543521215975613 0.24510376855687777 0.7513286286268062 -0.0005194342764316658 -0.0004846571566834197 0.0001052860467300344 0.0008015983923519848 1.0
0.03769943866759918 0.24961216273867187 0.7548509951806593 -0.0025585977423181155 -0.003490013584619801 -0.002688032064190659 0.005378540728974858 0.0 0.011537205023946562 0.2449881992159364 0.7514158057760035 -0.00012945465410134208 -0.0002114416476608833 2.971961081490448e-05 0.00014562797174742293 1.0
0.03705530173763078 0.2485394675113844 0.7527965123788443 -0.0006115675427434731 -0.0011138066618618754 -0.002424907643307109 0.0024703533587848315 0.0 0.011501648308881424 0.24493266346237563 0.751334221927488 -4.5108733774755884e-06 -5.386084790552008e-05 -7.912746254875051e-05 7.578281229406376e-05 1.0
0.037584892334572594 0.24690282502453387 0.7506181470531367 0.0007414189940926815 -0.0011233546718130835 -0.002214833642183557 0.002708489392175443 0.0 0.011340789474415894 0.24486452879550355 0.7512175020701894 -9.105552018348319e-05 -1.2431622447980721e-05 -0.00011534998749512337 0.0002315198163371149 1.0
0.03792000856185944 0.24562240457687545 0.7499484457607934 0.0006970505412106066 -0.0012077039127647753 -0.0007365967029274622 0.001538247118456499 0.0 0.011317518998922147 0.24489022274759026 0.7511270424182653 -9.687818211899937e-06 6.44163924415089e-05 -0.00011937224268416047 0.00012269496733673173 1.0
0.03787580507697996 0.2444961238999844 0.7499482066741414 -9.071200590022623e-05 -0.00138785933216528 0.00026883630000029853 0.0011137564979759335 1.0 0.011196496213257572 0.24515138737914494 0.7506818776256875 -0.00012053668911820065 0.00022979482996914003 -0.0004032802395319567 0.0004971297063648934 1.0
0.037807264855655116 0.24394039113996724 0.7499551708067166 -0.00041092595157225147 -0.0008445172274771104 0.0003680073010850209 0.0005401313425481271 1.0 0.011742356829467839 0.2456886597059593 0.7503082991335501 0.0003743071729639993 0.0004802601383517817 -0.0004220525839471803 0.0008555916420536534 1.0
0.03750306808752384 0.2437167457833201 0.7499543552255663 -0.0005616862486266362 -0.00030284058541082005 -3.1252759488343965e-05 0.0003619080757318238 1.0 0.012286414730862135 0.24604994862512428 0.7502051679701164 0.0006231440576414824 0.00042800789256852576 -0.00014494142472028747 0.0006794134667319074 1.0
0.03723118406612586 0.2436244425452986 0.7499546260018236 -0.00037783050934790154 1.5152684084146148e-05 -0.00021252727873735558 0.00033882894554279185 1.0 0.012627240585664846 0.2459052607033236 0.7505278078402109 0.0004892636531472865 -4.1891566926556545e-05 0.0003121966891649246 0.0004662825571848942 1.0
0.0370570053380255 0.24363348417238356 0.7499375403424243 -2.3556892242868662e-05 0.00020485198039790807 -0.0001660922676168168 0.0001364079854300239 1.0 0.01203675787050326 0.24556262646323282 0.7504957788910546 -0.000492164202349806 -0.00043308967312225173 0.00012939872079980672 0.000684689784951588 0.0
0.037067697442750354 0.24383671106778299 0.7499377009773605 0.0001239336249566106 9.666424624478974e-05 -9.011444037573899e-05 0.0002176190464367885 1.0 0.012154869226877222 0.24555226855111387 0.7505052954438162 -0.00020041697251702194 -0.0001950151396335198 2.808331236807075e-05 0.00015252279266159583 0.0
0.035977414338232996 0.24573813934146616 0.7517152480810866 -0.0008828866723722706 0.0016425960460376074 0.0016264979603735877 0.0027918702028081077 1.0 0.012378088252410864 0.24400184181751974 0.7526433867476552 0.00014592863596933555 -0.0013144904978615235 0.0017743113906747241 0.0025932858468740226 0.0
0.03312175137446979 0.24818533149673674 0.756041309560726 -0.0027473871249157934 0.002596706427533807 0.004266974987313881 0.005796586183365292 1.0 0.016172979517664013 0.24225675804462543 0.7578282989649131 0.003395551751618657 -0.0018192112447754905 0.004970999209228931 0.0067087056487313 0.0
0.03694550367128016 0.24962333589377328 0.7604936551895757 0.002484927073002611 0.001879573130956374 0.0050123910202827925 0.0060513520332652355 1.0 0.017977985895233105 0.24150215741697184 0.7614707642096349 0.002754541164341906 -0.0010235778269819305 0.00454532771201655 0.00422794689416776 0.0
0.03830503967056589 0.2592018728821843 0.7628103574535626 0.0023959116537598723 0.008346078202438365 0.002944930593546403 0.009803298522017587 1.0 0.017608584902613775 0.24111151216214077 0.7622380730819729 0.00011179522112243355 -0.0003451843735933263 0.0013683720307449555 0.000724307651712155 0.0
0.04676198567762817 0.26714848516009776 0.7643424797742007 0.007999002958317358 0.009042478129158796 0.0011934737141603752 0.011836143670385123 1.0 0.017088170238711526 0.24112242780728993 0.7622999970171322 -0.0011266849857135479 0.0002016788899546242 -0.0005954718222781381 0.0005019768809985727 0.0
0.05168004699987472 0.27582079141977917 0.7682658390106557 0.006389109725909672 0.009126844349109365 0.00282072281874861 0.01074946509828807 1.0 0.0167666720402772 0.2412098449063051 0.7622637376097444 -0.0010418081337673626 0.00031785072437319495 -0.0009666178620402143 0.0005799511158449353 0.0
0.05505463759015462 0.27998867590036386 0.7688292129740312 0.003530165107254709 0.004748393920138995 0.001021680046100826 0.0052903905424159774 1.0 0.01657501388776803 0.2412751622651735 0.7623015154034667 -0.0002949523900700622 9.463771926998607e-05 -0.00022740229277211864 0.00017227512372934475 0.0
0.05938889229009017 0.28234802566947254 0.7680381947281645 0.0031081057981841576 0.0015323341236810391 -0.00050219032725489 0.004888560206163619 1.0 0.01642356283477331 0.24127072751465667 0.7623597059731974 0.00023526178135490627 -0.0002184814248386943 0.0005752024312383158 4.598628705508267e-06 0.0
0.061888544704583034 0.28320430951822245 0.7687186419994191 0.0020942207284344308 -0.00027581272118288897 0.0003179573198408949 0.003000783921202739 0.0 0.016253835225287068 0.2413427128505935 0.7623545959296709 0.0003383252357071684 -4.4725133750773494e-05 0.0005722182293580861 0.00023044755401733326 0.0
0.06308412026448802 0.2833198554662341 0.769154658445342 0.0014105453427210473 -0.00028267404343125654 0.00039894131400938 0.0012047922611002028 0.0 0.016069151709786744 0.24141950324820483 0.7622608997749278 -0.0003033695347303797 0.0001013606046166883 -9.461441367541751e-05 0.0002652641151369246 0.0
0.06352765951694034 0.2829678273734175 0.769613871730819 0.0003592006623047081 0.00036275087630487654 0.0005447144016560218 0.0006173532591479168 0.0 0.015974550409708112 0.24148017354550946 0.7621732936202925 -0.0002937780566500713 8.962488913781281e-05 -0.0003026411780110722 0.00012577789150389467 0.0
0.06362726721673513 0.28173049818310036 0.7708704496352418 0.0004744827050257093 -0.0008168568120903285 0.0014664221671113744 0.001783422784868146 0.0 0.01591772606824347 0.24149267417842188 0.7620775745448669 -7.938629853803547e-05 5.3585947347514816e-05 -0.0001619186052619334 0.00010723759164629938 0.0
0.06326799095508151 0.2808293134158037 0.7718707797182671 -0.000589270003532592 -0.000732724569713324 0.0013445110946651607 0.0015125086629233196 0.0 0.0158764456578256 0.24149111030699733 0.762050042139611 -1.645769025478941e-05 -3.314531231227643e-06 -4.137527733516394e-05 5.2677548932203726e-05 0.0
0.06286103273413847 0.2804202078064452 0.7721403691961104 -0.0003402900758446917 -0.0006347104862390977 9.789712907476303e-05 0.0005228544662106097 0.0 0.01588363808503406 0.24148172215606156 0.7620115195217545 1.8910449387917036e-05 -2.435149967377062e-05 -9.47262329766269e-06 4.125461465733014e-05 0.0
0.06266201655485301 0.28031193047543823 0.7721148783353341 -1.748157362123793e-05 -4.333414106167874e-05 -0.0002086759385385363 0.00022485629430357007 0.0 0.01587431151211066 0.24150944782067282 0.7619438939383353 -2.0538217153168994e-06 1.49907465575272e-05 -4.7216758885872955e-05 7.305341104927918e-05 0.0
0.06243465030161426 0.27998453725401756 0.7719428405661709 -0.00021664425622298575 -0.0001700263430251367 -0.0002497015971102669 0.00047977176923091457 0.0 0.01585515818267621 0.2415328062199756 0.7618890991301586 -2.6988985140745625e-05 3.947544176373396e-05 -6.545406896379454e-05 6.272172582478288e-05 0.0
0.06236376835061807 0.2796206002314848 0.7716720890765147 -8.344294912305357e-05 -0.0003510203670178604 -0.00037999282792648036 0.0004891627578150954 0.0 0.01582073385428149 0.24151253143908627 0.761826241099635 -4.247150184684539e-05 -4.063148106245968e-06 -7.521738550879116e-05 7.326433283788371e-05 0.0
0.062382947137808814 0.2794866331727354 0.7714909308125507 2.1486864932854536e-05 -0.00029762678410719806 -0.00014223857760127138 0.00018092225896027014 0.0 0.015786957373394746 0.24149731345154601 0.761748371811446 -3.7050595001976325e-05 -2.129615720085797e-05 -8.001861545378382e-05 8.5751297153631e-05 0.0
0.06238796401089376 0.2794230529660872 0.7713652450120996 4.470924706576464e-06 -0.00018351738929391125 1.9398186143071774e-05 0.0001294617959918424 0.0 0.015767340326364725 0.2415019043358171 0.7616971709680028 -2.3769612228049475e-05 -8.710693824942828e-06 -5.568986378812104e-05 5.725159616457501e-05 0.0
