0.06300955070088199 0.2794585833836276 0.7632118899956128 0.0 0.0 0.0 0.0 0.0 -0.016417410795944543 0.2795006890659468 0.7639221518179121 0.0 0.0 0.0 0.0 0.0
0.06291533264260463 0.27945794336587354 0.7632104882328119 -9.421805827736218e-05 -6.400177540721863e-07 -1.4017628009455052e-06 9.423065884961252e-05 0.0 -0.01640376521265424 0.279496845213321 0.7639312309210077 1.3645583290304575e-05 -3.843852625751154e-06 9.079103095555041e-06 0.0 0.0
0.0628591322118169 0.27946239879076035 0.7632254107130227 -5.620043078773118e-05 4.455424886806725e-06 1.4922480210843858e-05 5.8318261696415175e-05 0.0 -0.016402242388075458 0.2794946357072086 0.7639334110830048 1.522824578780585e-06 -2.209506112405002e-06 2.1801619971562047e-06 1.5126737389128779e-05 0.0
0.0628388980651201 0.27945799516337083 0.7632259996335281 -2.0234146696801458e-05 -4.4036273895153855e-06 5.889205053621893e-07 2.071616407771978e-05 0.0 -0.016406346405642702 0.2795002903876173 0.7639252029588617 -4.1040175672441e-06 5.654680408695434e-06 -8.208124143149753e-06 2.5796981466315143e-05 0.0
0.06283616066431151 0.2794562545094179 0.7632236053209719 -4.421241299464363e-06 -2.385889323523549e-06 -3.685625954665186e-06 4.031869539992564e-06 0.0 -0.016398125775893294 0.2794982022694466 0.763922424180565 8.517896687553529e-06 -1.7654257996078136e-06 -2.876182266352108e-06 3.124119135479008e-07 0.0
0.06283942582040956 0.27945426166227016 0.7632203968157502 2.9309626119799955e-06 -1.4226512481119605e-06 -2.4772278558873523e-06 4.992713676630029e-06 0.0 -0.016388369586117807 0.27949024366366604 0.7639336820438493 1.0330420484778531e-05 -8.520264654542679e-06 1.1636682045420735e-05 1.1806610625879344e-05 0.0
0.06284266514842778 0.2794549110491475 0.7632162485822361 -4.493605532878941e-06 8.537092922390584e-07 -4.069336943101174e-06 5.3778852526761086e-06 0.0 -0.016384145152140414 0.27948761092804 0.7639339285484588 6.7247893412750635e-06 -4.718969076865177e-06 4.33620881389106e-06 1.1829567676327154e-05 0.0
0.06284493466484252 0.2794393926578333 0.7632139867920037 1.3265473778524295e-06 -1.3580715575392337e-05 -8.548106932109785e-07 1.5809634223140853e-05 0.0 -0.0163646127010314 0.27946794974321565 0.7639523993099687 1.6627378598532795e-05 -1.7694210384323048e-05 1.5970707463534994e-05 3.009340697458123e-05 0.0
0.06284704888315876 0.2794361286589111 0.7632125712206772 -9.910270888520103e-06 -6.496467985129973e-06 -7.212734632344187e-08 5.243983702653378e-06 0.0 -0.016338425697998548 0.2794211148881606 0.7639733957207282 2.721860948274951e-05 -4.5053948692000104e-05 2.304416155167788e-05 5.900932807525287e-05 0.0
0.0628276628924679 0.2794215476988327 0.763206063521887 -1.6296552340744005e-05 -1.2976760684826698e-05 -3.7950294883046963e-06 2.4618980532044204e-05 0.0 -0.016236598556215887 0.27907570620479877 0.7637624188565287 9.186677466242477e-05 -0.00030781922237738867 -0.00017775890628705167 0.0004139984105883331 0.0
0.06277302445799335 0.2793540101726206 0.7632009963355181 -5.088950121194983e-05 -6.103428912575874e-05 -6.712325033330865e-06 8.746177278203351e-05 0.0 -0.01601877531115696 0.277630620369371 0.7626178733719041 0.00021276389495109797 -0.0013344085005673463 -0.0010460882348010078 0.0018534041034531494 0.0
0.06271806789102005 0.2792939668240042 0.7631484320953664 -6.12358340906066e-05 -6.854325812486888e-05 -4.654978031709041e-05 9.843461063292092e-05 0.0 -0.016073626306540356 0.2747265572376245 0.7604338839636685 9.248167204955292e-06 -0.0028888680793342967 -0.002197548724999169 0.0036536268334275038 0.0
0.06267436793899127 0.279200635031158 0.763021855355908 -4.9082841683994313e-05 -9.367228983854296e-05 -0.0001229489737377978 0.00016063335641438756 0.0 -0.01653317251650698 0.27130136722162734 0.7577878057234245 -0.0004286485894436977 -0.0036875600342022763 -0.002841666887043451 0.004357224883012605 0.0
0.06271084351547625 0.2791383482975426 0.7628351274532698 2.8667558293468586e-05 -7.02111011109225e-05 -0.00019414481895623032 0.0002011534514151079 0.0 -0.0175567793727203 0.2672163936126762 0.7541372189641253 -0.001042148849807263 -0.004212049332252787 -0.0036799779370862156 0.0055226475394527345 0.0
0.06275093079494252 0.2790921312614175 0.7627696980811949 5.737125349435791e-05 -4.355818118076892e-05 -9.960333454599e-05 9.164746480797588e-05 0.0 -0.019149061728786682 0.2653476194430034 0.7519770553196572 -0.0016570900251042281 -0.0022124615607138644 -0.0024617716005388346 0.003325567497962579 1.0
0.06276615375834181 0.27908546680583735 0.7627542343760937 3.240800297202103e-05 -1.1085005019071804e-06 -8.369051927903191e-06 1.810554689976998e-05 0.0 -0.020041890227037392 0.2649084407722456 0.7510188489992627 -0.0011265809609083974 -0.00017421604225483037 -0.000857285264253333 0.0013259340370896722 1.0
0.06277610707008967 0.2790639042242694 0.7627548323668465 5.461592279976609e-06 -9.83498056703851e-06 3.0767066869716956e-05 2.497155223427394e-05 0.0 -0.020124204285148526 0.2646195865486415 0.750584154224018 -0.00010119430243002257 0.0003306890690730553 -2.8564787576082224e-05 0.0005358991006086895 1.0
0.06277408656159483 0.2790531739451382 0.7627603424724141 -1.488769735986305e-05 -1.319083172663067e-05 2.5921577702386808e-05 1.7394118731455247e-05 0.0 -0.01980517157998108 0.26433676638311754 0.7506228888873407 0.0005607018312349915 -4.4793468951128245e-05 0.0002693253413150772 0.0004931972788365557 1.0
0.06277099400526771 0.2790510617750277 0.7627612268725995 -1.3026185210494762e-05 -7.0219067480629184e-06 -3.989573053147453e-06 7.412051332960631e-07 0.0 -0.019686648818501008 0.26442766675348595 0.7506588011626774 0.00038966183244556265 -0.00018226300468638344 5.371443814769603e-05 0.00015582797472975143 1.0
0.06276648213277072 0.2790476885265086 0.762765261795072 -3.996011813324035e-06 -8.387070922198276e-06 -1.6664430248664687e-05 4.062042393899253e-06 0.0 -0.019676293016089388 0.26549884409780095 0.7507663592922791 1.1139118544747386e-05 0.0006245143092004687 -0.00011287560154830869 0.0009859432173022643 1.0
0.0627632665461198 0.27903305968679604 0.7627599952222397 4.642390155847043e-06 -1.237938402216556e-05 -1.5547210777464606e-05 1.8262719988449485e-05 0.0 -0.018810003383494207 0.26634628123938364 0.7511709789440547 0.0005342391873502625 0.0008503353516800547 0.0001294591408889153 0.0013347164521311222 1.0
0.06275179063494309 0.27901610412463856 0.7627681265934488 -8.22239364993916e-06 -1.7264747910354975e-05 1.14684809823642e-05 2.263928399089113e-05 0.0 -0.017016824526862675 0.26729208711052427 0.7523476092873342 0.0016125898444061678 0.0011471227667388503 0.0011207616312275078 0.00232910951792889 1.0
0.06264144064045968 0.2789595652835044 0.7627644070942153 -9.789766817085496e-05 -5.145563725730466e-05 2.068235586580654e-06 0.00012219657254302426 0.0 -0.013579925943338312 0.26707947609077526 0.7536635141215732 0.0034622895947411378 3.037151493181069e-06 0.001478306564964625 0.0036891277956070116 1.0
0.06249714869150915 0.27886467801019715 0.7628048579515081 -0.00015450068797438 -9.717556607947033e-05 3.5372822494294616e-05 0.0001801539437345822 0.0 -0.010554289370666162 0.26464400508003877 0.7548256063372157 0.0035099068904435394 -0.002385542852761634 0.0013230931046607172 0.004075000493744738 1.0
0.062396676224849894 0.2788125444890337 0.7628017616960902 -0.00012427839125774302 -6.658374231196142e-05 8.824990948226317e-06 0.0001127427386663611 0.0 -0.006893531915461108 0.2608562945253982 0.75621196223968 0.003674447471992171 -0.004123367140702198 0.0013497567881780822 0.005411268067361654 1.0
0.062344401935537426 0.2787336014482597 0.7627643704973329 -5.6436045422784565e-05 -7.189725003881568e-05 -3.407690170144289e-05 9.710978286694536e-05 0.0 -0.00428228375481788 0.25635423684960146 0.7569042064922055 0.0026244690516975615 -0.004833781956346775 0.0007053599171539767 0.005276310461666354 1.0
0.06232829180920361 0.2786540837031501 0.7626834019069638 5.291480106905737e-07 -7.421092019037963e-05 -8.475828317503277e-05 0.0001177217492147881 0.0 -0.002510114295024304 0.2527601117224269 0.7568284243177026 0.001569410259555193 -0.003819505707289761 -0.00011892496302180977 0.004010142417786597 1.0
0.062334081630531925 0.27863573780359674 0.7625947458859775 2.589846585362247e-05 -2.4015020254096502e-05 -0.00010161948118754439 9.458245869856455e-05 0.0 -0.0015168000529995611 0.250217636407644 0.7565026994759819 0.0007967009879339289 -0.002358811328504494 -0.0004685960470152896 0.002710035661897414 1.0
0.06231906107499138 0.2786208707321158 0.7625489489374917 -5.0804690719906025e-06 -6.943292340834519e-06 -5.721667028984111e-05 4.6683301567039915e-05 0.0 -0.000970990900094044 0.24818832911499697 0.7557207215978594 0.0004258286355817201 -0.0014994403284160575 -0.0007991216278217372 0.0022609771214187275 1.0
0.06224536376757683 0.27858621221354357 0.7625337689927107 -8.070141795398846e-05 -2.781393892066056e-05 -8.588107906638917e-06 8.053118196617878e-05 0.0 7.881281520624744e-05 0.24622722957383744 0.7546536653429209 0.0009788899584612925 -0.0016422867807748774 -0.0010674440480440725 0.0025111738914666403 1.0
0.06214901483277068 0.27858087660496444 0.7625506997051308 -0.00011447772765130372 -1.251328357055993e-05 3.255685730907672e-05 0.00010229696628923191 0.0 0.0009562495048859177 0.24508200367784275 0.7540174853562006 0.0010550360650633992 -0.0013498658503992673 -0.0006729487825949637 0.0015649882557830543 1.0
0.062101190071318244 0.2785770219435789 0.7625625639237406 -6.766941832109987e-05 -4.531412620586503e-06 2.2760508640497348e-05 4.921263220860925e-05 0.0 0.0015991250664962574 0.24401369377445403 0.7535929579537424 0.0009153544800232418 -0.0012220843557283214 -0.0003126701260996491 0.001262508124914092 1.0
0.062071497384177575 0.27851655647511503 0.762575729410904 -2.519686088614943e-05 -5.646333226057141e-05 1.0975055088750675e-05 6.45267864965049e-05 0.0 0.002134279538949572 0.24297192421357178 0.7533030309898836 0.0005420796396118036 -0.0011376885514286401 -0.00020392442377868366 0.0012245904349821608 1.0
0.0620450990096375 0.2784652615552424 0.762575890250529 -8.856434175680181e-06 -5.959339277954954e-05 -8.113444182587103e-06 6.068418137839374e-05 0.0 0.003687432121544218 0.2427233056673247 0.7528084281949714 0.0013089313373959854 -0.0003469828031478668 -0.0004053559344751713 0.001677610044495282 1.0
0.06202191937088006 0.278406010437579 0.7625519627224628 -1.1818947938381119e-05 -6.0267423833982705e-05 -2.8881394027674323e-05 6.883749847997359e-05 0.0 0.006001289603604457 0.24293121383990807 0.75258265170177 0.0022564870034071705 0.0002475331457760738 -0.00030273963716353244 0.002331717273505414 1.0
0.06203104140251947 0.2783672041193268 0.7625133489428879 2.177808071141235e-06 -4.406549854326637e-05 -4.125707617828044e-05 5.410697737666788e-05 0.0 0.007446283119870055 0.2435081871294542 0.7522769924573356 0.0017990921489152946 0.0006399140599026676 -0.00036894849475506403 0.001580275521422586 1.0
0.062046199130525316 0.2783287158144093 0.7625165401035809 9.282542158387991e-06 -3.329026117089615e-05 -5.534513055710924e-06 4.093232106606154e-05 0.0 0.008228329991565638 0.24352668521582949 0.7519627076110251 0.0009136275304214781 0.00019217847735580147 -0.00034776349865541986 0.0008148697063272443 1.0
0.062037664665789444 0.27826016965140354 0.7624769944195395 -4.454793574557706e-06 -5.5401298945188354e-05 -2.5984861041324043e-05 8.008824290877608e-05 0.0 0.009121672390614975 0.2437825340307683 0.751487291310857 0.000585966043124071 0.00017043664997461812 -0.00042883398968026113 0.001040897393544639 1.0
0.062032844598361614 0.27821180996205985 0.7624302342035058 -5.308392686256922e-06 -5.486025706348256e-05 -4.371559667350605e-05 6.876386803085324e-05 0.0 0.011133387571467824 0.24440790295857054 0.7514717723139368 0.001611745734479844 0.0004305476973607849 -9.66129000179053e-05 0.0021552036954763107 1.0
0.06200570448770101 0.27806362572462023 0.7623636533623341 -2.8310591401639295e-05 -0.00014008710213831335 -6.62300505914488e-05 0.00016258050423220165 0.0 0.011826236819670146 0.24481655420025422 0.7512581494877932 0.0010429328259126444 0.00043913450218147076 -0.00014569529730260457 0.0008603004016196018 1.0
0.06182066019116659 0.2779124308663126 0.7622805979131334 -0.00016870534788570473 -0.0001635976115806392 -8.754465109306771e-05 0.0002545211429107249 0.0 0.012295484753853562 0.24535501410709762 0.7512295333807592 0.0006534736522198292 0.0006029355997318128 -3.618946035517992e-05 0.0006041908580703161 1.0
0.06067035398855079 0.2769918379575238 0.7616587581734687 -0.001037333419670626 -0.0008223802839780195 -0.0005518504177424196 0.0015877954138008277 0.0 0.013063816903280104 0.24578930984025849 0.7510746286172381 0.000647268207159122 0.0004988588614102103 -9.964850420308643e-05 0.0009350289085884676 1.0
0.05635087827039121 0.2726837387648037 0.7597445105658932 -0.004022912764045406 -0.0039358868102932045 -0.0018065911583066397 0.006389594161628206 0.0 0.012887734337770112 0.24570234339621386 0.7504104534766303 -0.0001938638447435189 -3.568190383951568e-05 -0.000620312732360896 0.0007558215760088047 1.0
0.04995710677785622 0.2649917155719321 0.7596066603905942 -0.006663246061915833 -0.007778224222743878 -0.0006312844969899949 0.010085576660471001 0.0 0.012928691073831943 0.24560182344700937 0.7501797531177246 -0.00011680921676564563 -0.0002407198530862301 -0.0004021072793742257 0.00021907403677000141 1.0
0.04469629987706727 0.2584969392163468 0.7579461679740451 -0.006083829335099734 -0.007546206073675265 -0.0013502664091572065 0.008495578226539917 0.0 0.012786767132462216 0.24538857752673693 0.7500622723824255 -6.304713069795224e-05 -0.00024145415691933034 -0.0001487697837933034 0.00023581643869028887 1.0
0.040303638166704195 0.25334493739419806 0.7559574427123111 -0.004504048195434179 -0.005510099477118926 -0.0018921425685013205 0.006886579250220798 0.0 0.012806237105825688 0.2453553894713881 0.7500072235628547 8.262913116965334e-05 -5.024924436835063e-05 3.385671254105808e-05 0.00012297430704261126 1.0
0.03765670992429916 0.2505116461031995 0.753531636187375 -0.002257828384896259 -0.0024553091104596797 -0.0024297395490303388 0.004674976014366926 0.0 0.012806420019401748 0.24535015459417858 0.7500280014335585 -2.8761734940949005e-05 4.2833392004290615e-05 7.45092486646654e-05 9.6356173339379e-06 1.0
0.03732388083534233 0.2472829651879118 0.7512882422313266 0.00016728952621978025 -0.002058964826009534 -0.0024105066008615703 0.004033341172488121 0.0 0.012864816100546843 0.24536209565256717 0.750059514031576 0.00011429314276847945 9.414046996180704e-05 6.953246184484325e-05 5.496954673699756e-05 1.0
0.03710478015790229 0.24621271300451789 0.7499410705056315 0.0003530034520465864 -0.0009717382057818661 -0.0015492039408821312 0.0017348209229238517 1.0 0.012873145252257707 0.24534934755788496 0.7500482264316605 4.8885245094428616e-05 5.940568211876274e-06 -4.801073758574917e-05 2.6877202291358056e-05 1.0
0.03588776087912505 0.2453443192080145 0.7495932376347936 -0.0011643690853695918 -0.0010758837256477764 -0.0002813688167585404 0.0014225113305716297 1.0 0.012874491360738455 0.24533609759168054 0.7500324405081272 -6.470619291189131e-05 -5.742955705777177e-05 -7.625704260367838e-05 2.120067017417199e-05 1.0
0.03551274562492696 0.2449289586772989 0.7492829505949768 -0.0010171578679602604 -0.0007734755200232762 0.00014491518584601177 0.0007008311299725655 1.0 0.012822285192539955 0.24510752656050636 0.7501682909696682 -4.741465093588019e-05 -0.00021991496128732696 0.00012552003828236345 0.00026293433329291837 1.0
0.03510963767783779 0.24483762094712663 0.7490765223786601 -0.0006987600260015218 -0.00015238306025382262 -0.00017586821865164662 0.0004488525665731907 1.0 0.012140220766093912 0.2448049626116687 0.7500527760595861 -0.000619512975977294 -0.0003365025165809932 -5.956443127833893e-05 0.0007645553443129071 0.0
0.03519149540875041 0.24539656424567466 0.7493356036109163 -6.55961490592374e-05 0.00047896494733022914 9.563859968020685e-05 0.0006280851405680334 1.0 0.012191919493411727 0.24470316038350673 0.7501888389635408 -0.0001367618663044492 -0.00015362391384687345 8.988328756129096e-05 0.0001899556932710765 0.0
0.03351192682508593 0.247017223659389 0.752898751896087 -0.001184860276472039 0.0015551236730027857 0.002969254024999197 0.004217173087004345 1.0 0.014116719137046787 0.24353095202891872 0.7534097543790006 0.001690569334475253 -0.000997322997212485 0.002799334693990417 0.0038579342186985523 0.0
0.03414597439923722 0.24926851063019026 0.7548947117040706 0.00029321111330243496 0.002281776174657146 0.002650832478521529 0.0032210449642902416 1.0 0.01861166845069252 0.24239624781923066 0.7590594607987368 0.004495442770969559 -0.0012459595230190712 0.00576079223393477 0.007418349245934592 0.0
0.03541013245136228 0.25300655507608727 0.7603707080729665 0.0012328527919192444 0.0038256041698289073 0.0052031602978706674 0.006540836593090115 1.0 0.018595165883231585 0.24180813976998122 0.7614727348535485 0.0012706372513570704 -0.0007652864138042744 0.0035944237025278963 0.002545383643558415 0.0
0.03747439833894305 0.2579399065810352 0.7622903091358251 0.0022000652793899237 0.004972130065440309 0.0027432101145290198 0.005824727823739676 1.0 0.018053717968925107 0.24152538955750322 0.7619783719861636 -0.0008030617377923763 -0.00025347470735331937 0.0006102565186858712 0.0004910139949123179 0.0
0.04518097752181422 0.266017859280162 0.7627499112742009 0.0072740611615794756 0.007855631563514128 0.0002438815612995325 0.011074052569087795 1.0 0.017736296720526637 0.24144368927662696 0.7621917801642963 -0.0012045910975001465 6.388567581330938e-05 -0.0006973792237846894 0.0005202161656966847 0.0
0.04739033221735626 0.2717037666902389 0.767157270564632 0.0038245415628628014 0.006476246006022528 0.0030562912741725276 0.00773014500786604 1.0 0.017540521249804507 0.24146126030615286 0.7622809920853386 -0.0007008061572408288 0.00015561749849021003 -0.0006873338151928473 0.0004410704723617722 0.0
0.05080916895784116 0.27560785800179227 0.768917795423604 0.002938801532708781 0.004041725568715101 0.002341768913608081 0.005225392947481563 1.0 0.017488664664948125 0.24151439927983484 0.7622780902788842 0.00018159248116517753 5.842464772011403e-05 1.7189724499907036e-05 0.0 0.0
0.0552057413254178 0.27740032988179547 0.768429309061158 0.003485079345569017 0.001374042664200512 0.00019016462177425919 0.004819035367063042 1.0 0.017496125121471216 0.24157232600015505 0.7622588489030577 0.0005985039610756272 -7.920211316157858e-05 0.0006162192995423837 0.0 0.0
0.06095810618537724 0.2789626289901656 0.7676276946557942 0.005417055777891353 0.0007152931964946055 -0.00108613143064719 0.00611695312625159 1.0 0.017468252065854978 0.24162119493618314 0.7622703864584635 0.00025761080377034295 6.231720890721238e-06 0.0003981207730476546 0.00016307532653726375 0.0
0.06563121265519242 0.28041401029978713 0.7668343470106579 0.005159251986170621 0.001203199383575778 -0.0010555782988411469 0.005067101149640603 1.0 0.01743935878165625 0.24163823738997614 0.7622907499137175 -0.0003716695598189341 2.9104462268997886e-05 -0.00015022538435412267 3.5223821448716365e-05 0.0
0.06798431072991726 0.28090589641624725 0.7663066786595308 0.0030822711405047807 0.0010161821868592915 -0.0009570055702290805 0.002216197826266493 0.0 0.017380278969158502 0.24170283454197705 0.7623074830260446 -0.0001227606207335634 5.9575653991483226e-05 -9.004168631907223e-05 8.00097737494892e-05 0.0
0.06864018305204016 0.28086185145095177 0.7660341437723904 0.0006926238456530292 0.0004830687950509822 3.1926769379842434e-05 0.0007434208587969275 0.0 0.017310865636456244 0.2417640811322645 0.762277237487905 -7.620896217539375e-05 7.413177054743826e-05 -3.259442348029764e-05 9.878412706381919e-05 0.0
0.06796969967744576 0.2793439603411928 0.7673738882429718 -0.0016171913347457429 -0.0014398052767912988 0.0017188201967499237 0.0021900738991569857 0.0 0.01728296595135057 0.24179286970012567 0.7622560568315284 -3.3923411308668053e-05 4.5717076911864975e-05 -3.870982703532816e-05 4.632606237625522e-05 0.0
0.06703733511636395 0.2783744818027192 0.7686924133148042 -0.0012381172924664874 -0.001394065135708264 0.0014437322021742848 0.0020017995992729016 0.0 0.01728261726098405 0.24180202660146405 0.7622370435798247 1.325508462062181e-05 1.312024010594104e-05 -3.368071765490724e-05 1.761906848249349e-05 0.0
0.06642390180328608 0.2777152838457953 0.7694077546724979 -0.000491876590644728 -0.000853841918532881 0.0008123048699460085 0.0010270325361434393 0.0 0.017284332202295076 0.24181840435322002 0.7622193805907413 1.773918846002317e-05 7.646302874394687e-06 -1.8387204833219842e-05 2.5798997932765814e-05 0.0
0.06625846256223657 0.2774258108015195 0.7694501648984324 0.0002565350962420226 -0.00011061167971399694 -1.9869034882804757e-05 0.0002775444741239851 0.0 0.017292879600994182 0.24183335320315047 0.7621801679261625 1.2408150790634857e-05 9.454923636208696e-06 -2.902361862919388e-05 4.510402601062961e-05 0.0
0.06616933690928976 0.2772353557902424 0.7694533526328033 0.0002240878264366331 6.99927557085507e-05 -0.0003314047191663922 0.00027182806367721194 0.0 0.01729227658240817 0.24185252286613002 0.7621345494176478 -6.944568966361736e-07 1.9770586011569947e-05 -4.348896235502903e-05 4.7914138353888786e-05 0.0
0.06602790375964067 0.27701881331425277 0.7693207922124126 -7.145412957411217e-05 -0.00013233497287888966 -0.0003289112520373906 0.0003456818843096997 0.0 0.017288223223858527 0.24185865709513116 0.7621167790373766 -1.2339879284532126e-05 1.6533029871740063e-05 -2.6029734255033037e-05 1.82546093873973e-05 0.0
