0.06235119205509172 0.278584174445411 0.763239753421628 0.0 0.0 0.0 0.0 0.0 -0.01721423769317589 0.2780168934828235 0.7609934075634611 0.0 0.0 0.0 1.1350062355907362e-05 0.0
0.06233581422727869 0.2785543898749212 0.7632023216221243 -1.5377827813030376e-05 -2.978457048979921e-05 -3.7431799503662155e-05 5.024676946422915e-05 0.0 -0.01724136801603263 0.27801743246383637 0.7609834773795158 -2.713032285674155e-05 5.389810128764161e-07 -9.93018394535028e-06 2.6318177646746273e-05 0.0
0.062273670392952556 0.27855051961271227 0.7631826306385614 -6.214383432613657e-05 -3.870262208938158e-06 -1.9690983562914433e-05 6.530367453669978e-05 0.0 -0.01730516210656412 0.2780106139997703 0.7609429767808343 -6.379409053149099e-05 -6.8184640660828855e-06 -4.050059868143663e-05 7.315116993322529e-05 0.0
0.06225120535872652 0.2785419310725857 0.7631781765510142 -2.246503422603796e-05 -8.588540126586164e-06 -4.454087547234309e-06 2.4459756338963506e-05 0.0 -0.017333672113243666 0.2780114754891146 0.7609242572754988 -2.8510006679544758e-05 8.614893443059657e-07 -1.8719505335496045e-05 3.811829075962599e-05 0.0
0.06223215101926221 0.27853632705586745 0.7631700211631531 -1.561796950338182e-05 -7.38497175385426e-06 -8.744562989103026e-06 2.147051948517201e-05 0.0 -0.017336818220871818 0.27801300926315103 0.760893657603112 -8.125457328383006e-07 2.176329633426672e-06 -2.832817942466047e-05 2.6594360681998303e-05 0.0
0.06222037284566737 0.27853630132939244 0.7631676994085729 -1.4104552000518051e-05 5.949081252174958e-07 -2.9632889563797166e-06 1.2004856492794198e-05 0.0 -0.01733805863108499 0.27802365012523533 0.7608764844419929 -2.2165533487631935e-06 1.0105325808848146e-05 -1.9244314079092077e-05 2.1382366499941282e-05 0.0
0.06220638451949161 0.2785303895078159 0.7631668442365507 -1.422256572452816e-05 -7.071551668440904e-06 -4.0691910821953796e-06 1.4718862675105471e-05 0.0 -0.017336676006153736 0.2780134499091288 0.7608749070358888 -4.0281764622016296e-08 -7.783931548050868e-06 -1.9487797758446078e-06 1.2494780234908382e-05 0.0
0.06219231442935333 0.2785310988139973 0.763160072031307 -1.8514161630168406e-05 9.139736488670392e-07 -5.652457945434489e-06 1.59554585056391e-05 0.0 -0.01733457729338592 0.27801638443000565 0.7608682479735365 -2.8325917698060187e-06 -1.0320068591389217e-06 -5.764116159981447e-06 6.374451694996968e-06 0.0
0.0621653855731033 0.2785071528572583 0.7631377262745835 -2.992206880373325e-05 -2.2446625252602506e-05 -2.4677004475675538e-05 4.176400974900344e-05 0.0 -0.017350150126545682 0.27798813313378434 0.7608435863881932 -1.9716035624624347e-05 -2.5156801392032122e-05 -2.223742387819054e-05 3.937601337819424e-05 0.0
0.06214089994221163 0.27847908894191614 0.7631147975001049 -3.133847573514937e-05 -2.9064073062625087e-05 -2.4859219447666575e-05 4.526095131643793e-05 0.0 -0.017354488568617217 0.277934017078818 0.7607525315657507 -1.3767198535727702e-05 -5.4763271095305286e-05 -8.734978175465769e-05 0.00010760723212803827 0.0
0.06205512052381269 0.27846425083592685 0.7630717369210203 -7.601416816540126e-05 -2.0615056812887706e-05 -4.173272021567361e-05 9.561422315811571e-05 0.0 -0.017347510601434923 0.277744987543529 0.7603750793695032 6.651293338134654e-06 -0.0001757856403660009 -0.00034950093299580365 0.0004198663725885676 0.0
0.06197364820678099 0.2784325435952202 0.7630385437123387 -9.00770422194724e-05 -2.786267713643599e-05 -3.7422232345157994e-05 9.515476027958987e-05 0.0 -0.017628749705622206 0.2768535984368052 0.75925788250991 -0.00023604848892564312 -0.000813623206256196 -0.0010630662672815921 0.0014549863701462619 0.0
0.06191187349126632 0.2783865622422108 0.7629641563649501 -6.966748690708118e-05 -4.265185056800848e-05 -6.725539198470294e-05 0.00010568662864378632 0.0 -0.018489755409015617 0.2747827127023994 0.7571172205223724 -0.0008167551350061638 -0.002017269497646714 -0.0021323643566716114 0.003109340056937409 0.0
0.06188100661216375 0.27833485845097133 0.7628620775716509 -3.113867212728964e-05 -5.2825183697877754e-05 -0.00010115997532008497 0.0001186333988431675 0.0 -0.019898200397657367 0.2708770721597331 0.7534751934676017 -0.0014471885007641269 -0.003894532132876877 -0.0036552848631337268 0.005520717169541424 0.0
0.0618483157089673 0.27828717382453755 0.7627991835013924 -2.0200410842889765e-05 -5.0903205117167985e-05 -7.572243702235182e-05 8.644089723924085e-05 0.0 -0.02148130551461945 0.26695149908667376 0.749602154409015 -0.00170791704049502 -0.004309323964925384 -0.004144846917129949 0.005759771461831682 0.0
0.06181611448165241 0.2781852775732922 0.7626498795484868 -2.4535289694601083e-05 -9.572571748452677e-05 -0.00013506177922956449 0.00018167960197853456 0.0 -0.021309866422298145 0.26284080207690047 0.7495466754837584 -0.00014392415417336103 -0.004235559196700158 -0.0007173045496639185 0.004070125554485784 0.0
0.06182430937714433 0.2779506125555081 0.7622772539272971 9.401024916902187e-07 -0.00022066231409261696 -0.00034550467906389144 0.0004412870955638921 0.0 -0.019299150239006226 0.2615615795464045 0.749469155490217 0.0020571504810704988 -0.0015376164923892705 0.0005959426894134889 0.0023546382798944336 0.0
0.06188415193152553 0.2778696047625926 0.7621334028250233 4.933287812002484e-05 -0.00012516016283934913 -0.00021351862705816567 0.00018470682284008096 0.0 -0.01884649735284081 0.26136891300508047 0.7494293322481167 0.001251941581529022 0.0003032284056816775 0.0006312154137290604 0.0005537017495075646 0.0
0.06194714071935278 0.2778270802591579 0.7620592167965728 7.220566890883487e-05 -4.322420518150406e-05 -7.868604411463726e-05 8.83082943804763e-05 0.0 -0.018865514113852955 0.26138235049707065 0.7494685517841994 0.00010141713609998607 0.0006120151365240762 0.00014622265658937716 5.97613870521724e-05 0.0
0.062000713496024346 0.2777868449435323 0.7619978836128226 6.281144171412706e-05 -1.2880366999453775e-05 -2.390869540543954e-05 9.557840673629491e-05 0.0 -0.019397415301312313 0.2616192216961691 0.7495347489747107 -0.0008940187257785865 0.0003198999168297178 -0.0003051215089244707 0.0005686663997714304 0.0
0.06205914263452535 0.2777100761481329 0.7618657359644787 5.527912102972965e-05 -5.0061077119916024e-05 -8.606802884934489e-05 0.00017530231693584845 0.0 -0.020695433529499162 0.2627397972399389 0.749691537395314 -0.001683034245731403 0.0006820801242080668 -0.0002914973548847014 0.0017215893891489413 0.0
0.06208895618444965 0.2776480969736609 0.7617527058963485 2.49040882274762e-05 -7.00266845995444e-05 -0.00012104206007624481 0.00013018260688823962 0.0 -0.02187836341943417 0.2643009344476306 0.7496814564744255 -0.0014253498664521845 0.001295162702880704 -2.6720975970663703e-05 0.001957758522587118 0.0
0.06211907227931673 0.2776635222557445 0.7616704980803259 2.126063072593249e-05 -1.7817007738304662e-05 -0.00012343148093707328 7.746730408059658e-05 0.0 -0.022687205394190432 0.26593846584623004 0.7500753268324272 -0.0006483295474124121 0.0016369406361712085 0.0005836674520494568 0.001833113858954731 0.0
0.06214195663609844 0.2776454767597828 0.7616053174893107 2.3385832535438992e-05 -1.5219861120350771e-05 -8.651540032480486e-05 7.659262156070677e-05 0.0 -0.022737891981405963 0.2669895986697339 0.7497915403591856 0.00014424376674909397 0.001348443574949048 -0.00016263583363524572 0.0011098317037121462 0.0
0.06215586331639363 0.27759766728224233 0.7615474094497151 1.822484089766154e-05 -2.5362262990787722e-05 -3.2051033604191595e-05 7.859080428319166e-05 0.0 -0.022963458331671197 0.26762941324763806 0.7494725031549812 -3.740688700992105e-05 0.0005984120637912746 -0.00036973978537640443 0.00075512413755474 0.0
0.062208389767710925 0.2775822577913374 0.7615023011163282 4.73964267098006e-05 -2.3582787100593563e-05 -3.433034182604507e-05 7.196653199303688e-05 0.0 -0.02304141163230964 0.2670355203900368 0.7493338206852649 -6.460229464859456e-07 -0.0006567457242044235 -0.00023906159795649952 0.0006312679980469848 0.0
0.062220825184159674 0.2775700317364877 0.7614631219922635 2.433711460447388e-05 -1.9552569735861162e-05 -4.0241917397534536e-05 4.008402309977053e-05 0.0 -0.023292412629516146 0.26667013254627586 0.7492719956754658 -0.0002998491480665745 -0.0006621460692803063 -7.202230286211437e-05 0.00044417708791346234 0.0
0.062230379390340505 0.27755797488199707 0.7614320852150269 1.023574726691754e-05 -1.4429864051875378e-05 -3.934840932732788e-05 3.426159434393171e-05 0.0 -0.023315094937363126 0.26623890742891254 0.7492641294988229 -0.00021981230941550505 -0.00043474318802393287 5.02065052947705e-05 0.0004186223422681769 0.0
0.06224301487057821 0.2775110747687432 0.7613751695968083 6.379983946775309e-06 -3.555050328490305e-05 -5.255450748374514e-05 7.573828103822913e-05 0.0 -0.022940277122741205 0.26523155173713187 0.7491117691436584 0.0002812515258321896 -0.0007864147299595059 -6.604961705321719e-05 0.0010739663219435525 0.0
0.062256364562160466 0.2774793206002913 0.7613501567475781 1.0734894174396042e-05 -3.3231345393125634e-05 -3.2014426569147743e-05 4.4741709482827845e-05 0.0 -0.022252661765486688 0.26405364639541545 0.7491646001257827 0.0007485398100781407 -0.0010823678789343468 3.213692685432627e-05 0.0013954774367221758 0.0
0.062258456693103634 0.27746552390454293 0.7613367545914723 3.871696407413606e-06 -2.3718541856807144e-05 -1.4241542427347967e-05 1.645912938087514e-05 0.0 -0.021643826442112584 0.2633008805111359 0.7491999992270555 0.0007700774126580939 -0.0008527645143937544 -2.1575261612879874e-05 0.0009585323066211347 0.0
0.06225949058235995 0.2774877008464679 0.7613091201309734 2.5598162321128884e-06 1.8728491850530933e-05 -2.100719442333267e-05 3.4744147626376365e-05 0.0 -0.02134213793517975 0.2638280696213022 0.7493655201989585 0.0003530167406838031 0.00035422402669971404 0.0001533198308710405 0.0006022323978202664 0.0
0.062280349372099045 0.27749168148259 0.7612762081651206 1.9658528525747806e-05 1.922863488110499e-05 -3.0313397039959344e-05 4.214849601484568e-05 0.0 -0.021013946208333786 0.264826974094126 0.7493569723155941 0.0002267524220174125 0.0011335537849861954 5.256253463694374e-05 0.001062871353000767 0.0
0.0622854855358439 0.2774836889372339 0.7612127899265672 6.884154330826497e-06 -2.498094960000366e-06 -6.178630060896156e-05 6.339706171282314e-05 0.0 -0.02021966276304767 0.2654595305488932 0.7492915766537444 0.000615775037933359 0.000990918491666316 -6.682862821363955e-05 0.0010582418298891172 1.0
0.06230009886248563 0.27749080711089136 0.7611305495099296 1.4176378753208092e-05 -1.5629715222674582e-06 -8.765105582051201e-05 8.241904547213967e-05 0.0 -0.0191162309782903 0.2656348855818317 0.7492291712762679 0.001119692583432115 0.0002234004207808282 -0.00010376081424970359 0.001087680704781693 1.0
0.062311138006192285 0.2774871027571819 0.7610856516266411 1.2309287723861994e-05 -9.007802981654927e-06 -5.84518366917221e-05 4.769225943737254e-05 0.0 -0.018882123132654353 0.2656924239379602 0.7493439920813195 0.0005172872142129585 -0.00022888363462773452 6.075680090073089e-05 0.00026150070865489715 1.0
0.062304663001363954 0.2774832287240063 0.7610622035340919 -4.896796908645583e-06 -4.2754785126788715e-06 -1.9570019447720897e-05 2.322338092125571e-05 0.0 -0.018965572098496673 0.2657478422664408 0.7492830334102977 -7.557830435026849e-05 -0.0001919573318338399 8.003518235827567e-06 0.00010511161308573015 1.0
0.06229191410547188 0.2774698221815025 0.7610450751489736 -1.5929895417346792e-05 -9.745296580100074e-06 -6.2446202167179595e-06 2.5518328215812576e-05 0.0 -0.01874701444559778 0.2658850974237511 0.7494375765354078 -2.1679146681214626e-05 0.00011865433906580445 0.0001391378831570204 0.0003263405984214622 1.0
0.06225077814485552 0.27746423710353274 0.7610273561479798 -3.98390795616764e-05 -5.617581565401882e-06 -1.0610420722831843e-05 4.6792030049108704e-05 0.0 -0.018636334826693288 0.2660879742405968 0.749695549029819 3.768984056463855e-05 0.00036551809559091713 0.0002683694606682115 0.0003572103215848876 1.0
0.06220211998917943 0.27745625028266124 0.7610209884151306 -5.1345274447313566e-05 -9.252072303817185e-06 -9.039140417623766e-06 4.9375414848187324e-05 0.0 -0.01854483075390197 0.26677200489672814 0.7502243718037324 0.00016365817190606763 0.0007245166144531506 0.0005031515254312083 0.0008469810248517789 1.0
0.06214822828809257 0.2774493728774075 0.7610220562806801 -5.694651354547693e-05 -6.425806998463714e-06 -5.761636083593493e-06 5.274011351686231e-05 0.0 -0.018405344165272126 0.267218367663479 0.7507321060361782 0.0002546448832737834 0.0005455866026226215 0.000557374139853201 0.0006917020786762521 1.0
0.06203801502803192 0.2774501544694054 0.7610169986959006 -0.00010103171936603328 1.624038481901953e-06 -5.9965076436159064e-06 0.00011032378679184609 0.0 -0.01817915597713495 0.2673545976441878 0.7515066089781226 0.000250442130817303 0.0001664149315983083 0.0007614363436419412 0.000816319745764507 1.0
0.06198147116820008 0.27745082054637243 0.7610257005777847 -6.965731946500928e-05 1.2920118196912427e-06 8.694048162876121e-06 6.0006829811608554e-05 0.0 -0.01712733307481412 0.2665598387485596 0.7521291299238941 0.0008772356150430613 -0.0007574836684942892 0.0006644949826064984 0.0014554132687935827 1.0
0.061920273143910624 0.2774181864330348 0.7610207522932427 -5.768762643794673e-05 -2.7421379204040107e-05 -1.3400783133974241e-06 6.606116503326764e-05 0.0 -0.01580954155368875 0.2649542342593551 0.752765623238649 0.0013934917479059218 -0.0017108697003449822 0.0005967295615621746 0.002192619331726595 1.0
0.06180353935097099 0.2773712033363288 0.7609724650045517 -0.00010203029038453887 -5.031260339037361e-05 -4.367613619518789e-05 0.00013526791370735262 0.0 -0.012897825159775132 0.26109337141754 0.7527474814352249 0.002843826400500351 -0.003786461077132633 4.947383725774918e-05 0.004814412653196039 1.0
0.0617032394770762 0.277312420302453 0.7609043020610817 -0.0001073768124783378 -6.339972732650251e-05 -7.341108286590329e-05 0.00013853211440728345 0.0 -0.007409328184171445 0.2555522360754859 0.752187023402009 0.005362067841978115 -0.005671150950133451 -0.0005924051263097173 0.007839972509885614 1.0
0.06164216102632332 0.2772265972819799 0.7607835676243303 -7.127043734342217e-05 -8.627393021403524e-05 -0.00012133048906609885 0.00015708813707854458 0.0 -0.0009202997442256402 0.24649140043000933 0.7513196211649955 0.006820355186960763 -0.008924828284476237 -0.0009711079915995244 0.01117901947904539 1.0
0.061578321380883615 0.27710797804403664 0.7606310982504577 -6.016779395184546e-05 -0.00011619664959705456 -0.0001572474416161126 0.00020176994381260457 0.0 0.0025657032244375366 0.24062108691889295 0.7512398576639312 0.004267779838294447 -0.006878226807502508 -0.00029192772095342585 0.006875242124804707 1.0
0.06153919755893205 0.27701613690879895 0.760514515868903 -3.730798449521826e-05 -9.866890556878765e-05 -0.00012790864433570896 0.00015772948304107888 0.0 0.004231605007167859 0.23802770591748865 0.7510636115280148 0.0014486055467226838 -0.002766018920659591 -9.784555602557329e-06 0.002899930326861586 1.0
0.061457007952528064 0.2768441601499807 0.7604164005361014 -6.554248733900303e-05 -0.0001581275726738461 -9.264100625738133e-05 0.00021055062793693422 0.0 0.005211960811050809 0.2365847731926448 0.7509202015963508 0.0001324471850505161 -0.0004553494318003372 3.170033978515331e-05 0.0018172976892955133 1.0
0.06143660241856399 0.27672920881843255 0.7603700436820189 -3.706462059911484e-05 -0.00012978073068252094 -4.0656085799658006e-05 0.0001287510937744618 0.0 0.005455911657834145 0.23611455218575506 0.751056505562685 -0.0002919798753490843 0.0003902900675301017 0.00017450301959382093 0.0007338761954063923 1.0
0.06139545475759838 0.27666284285103276 0.7603128517519456 -4.210472133874549e-05 -7.034156042063055e-05 -4.130127501936111e-05 9.46017191351403e-05 0.0 0.005216043595351073 0.23677710096352994 0.7514752599270188 -8.996520213503095e-05 0.0006667976054345631 0.00033783863770940853 0.0007479095086075746 1.0
0.06136610697160903 0.27663300451779615 0.7602730147142018 -2.769076384237966e-05 -2.123513317273387e-05 -3.8801526620518504e-05 5.788775699457043e-05 0.0 0.004615134318423567 0.238256039087528 0.7519198975119933 -9.697669804141105e-05 0.0009703782023690664 0.0004167470086551557 0.001532897262171532 1.0
0.061357418833097296 0.2766011009758341 0.7602366437478167 -7.985931781217124e-06 -1.728679277632718e-05 -4.4058131069801e-05 5.009466819055577e-05 0.0 0.003683115383861567 0.24036127380556674 0.7523002530203295 -0.0006660320507421661 0.0015858375929050277 0.00040346953511165393 0.002409031646234981 1.0
0.06135160556611048 0.27657603399229985 0.7602077630145441 -4.014513604295296e-06 -2.238671068971553e-05 -3.633670151524798e-05 3.9864859145606623e-05 0.0 0.002606685528606163 0.24253272099926276 0.7522462578204164 -0.0012112762752557174 0.0023490848936174712 2.972765217259556e-05 0.0024244137922931914 1.0
0.06134568947301054 0.27656233846010064 0.7601975147283562 -4.539299397030183e-06 -2.1485287609854744e-05 -1.2773204030239828e-05 1.5539304318829835e-05 0.0 0.0017168502659370309 0.24400435375201815 0.7521759571167032 -0.0009876185010824338 0.0016845487298131007 -0.00019546950264403586 0.0016974632172851731 1.0
0.06133412993224083 0.27655048192923676 0.7601972599242288 -1.3283754257464444e-05 -2.3659548803363876e-05 2.0650021675274437e-06 1.7431446938660414e-05 0.0 0.0007822622957289032 0.24518542816855945 0.7523300011978546 -0.0008836055927131936 0.0010255487426190277 3.883018644143321e-05 0.001520291682452273 1.0
0.06130610804299766 0.27654723223213923 0.760176109576736 -2.4877185910945532e-05 -2.420014675420161e-06 -1.2647403302811804e-05 3.519835213728999e-05 0.0 0.00014826925501474478 0.24574860268560383 0.7522662925669334 -0.0006444717250489716 0.0004508214602091385 1.7249303457471306e-05 0.0008795070983366902 1.0
0.06127864689588364 0.27652447215389164 0.7601720392456353 -3.427781454314798e-05 -1.5928393475787557e-05 -1.0166727225822717e-05 3.708147518060505e-05 0.0 -0.00019565054158967237 0.2462054102238402 0.7522885082130644 -0.0003351898454989409 0.00035814346343771865 7.150477946399184e-05 0.0005603999768751038 1.0
0.06125701569280323 0.27653505472956724 0.7601476732764653 -2.399813176418551e-05 5.100010768257246e-06 -2.2796002551343532e-05 3.3076165149250876e-05 0.0 -0.000808080497768848 0.24661679722051252 0.7523413584504343 -0.0005230211186539377 0.00043686980072982055 7.772289985555624e-05 0.0007276724841273323 1.0
0.06124385944436406 0.2765010443552039 0.7601015268176358 -1.1508189025965225e-05 -2.677010377617532e-05 -4.629911516223319e-05 5.822749410868251e-05 0.0 -0.0006788136073215777 0.2471706728323023 0.7523260438127114 -1.327808738781468e-05 0.0006480583061107923 -9.99841049589053e-06 0.0005836278299329236 1.0
0.061232388067121064 0.2764992133750667 0.76007244733453 -7.590573316621295e-06 -9.227232974440038e-06 -3.570063902238384e-05 3.319404322026625e-05 0.0 -0.00019766563353100985 0.24714723753240125 0.7521628100156919 0.0004683726983969528 0.00016718664725540178 -0.0001793883731342056 0.000499766930349913 1.0
0.06119615790469697 0.27648034299563673 0.7600700622369618 -2.9968053666987878e-05 -1.5538654245527758e-05 -4.823241235018748e-06 3.928498948981447e-05 0.0 0.00029713303165754024 0.2474131007981676 0.7526118593511801 0.0005924803716528054 0.00017987932488523458 0.000341848951825079 0.0007051829190997229 1.0
0.06115326908116027 0.2764693891422546 0.760073394911015 -4.605792700422259e-05 -1.1796828164272279e-05 9.5777934106885e-06 4.478381037978752e-05 0.0 0.0004613223695596178 0.24777937513182333 0.7533550547268724 0.00024736389970632616 0.00032250436656430033 0.0007777208885427368 0.0008679613196779192 1.0
0.06111226762640736 0.2764730491395782 0.760062416113619 -4.7681162937148264e-05 2.475911927971436e-06 -2.735581648039487e-06 4.343725254344686e-05 0.0 0.0013443130330843406 0.24871506151711 0.7541377860873496 0.0007115509689280657 0.0008529896583773413 0.0008801002257204947 0.0014969705163058345 1.0
0.06108610404785531 0.2764694004298081 0.7600575277093009 -2.9744934298074967e-05 -1.7678247608098578e-07 -5.239267607871538e-06 2.6363339897131862e-05 0.0 0.0016609614867938672 0.24951789381403539 0.7544045410941862 0.0003821183432782886 0.0009467808942347933 0.00040637638944303464 0.0009157930235108493 1.0
0.06105979385692476 0.27645102573339786 0.7600465341112749 -2.1538159163127552e-05 -1.4122780296916571e-05 -1.6197039142857075e-05 3.279730241515184e-05 0.0 0.0014308917088966958 0.2500780394413086 0.7544263634361071 -0.0002054250680362456 0.0006662292582407552 -5.107511838071564e-05 0.0005766476696063885 1.0
0.06105229375741638 0.2764395870520844 0.7600406212007387 -4.943963254474651e-06 -1.803662772495066e-05 -1.1415510916041223e-05 1.6726154471674867e-05 0.0 0.0008641742320107148 0.25052844607945624 0.7544823546810637 -0.0005873686830313816 0.00039598065762032396 -0.00013174850974810408 0.0007307560500480224 1.0
0.061042211757757155 0.27641902404496893 0.7600018318198946 -6.271665841105551e-06 -1.9677606095304985e-05 -3.244336440318488e-05 4.3710199686988224e-05 0.0 0.0004379339747945947 0.25101894927554513 0.7542121024282168 -0.0005705289312921038 0.0003352625827763053 -0.00029595198860173327 0.0007356917106959487 1.0
0.06104823454900579 0.2763765426280783 0.7599353026419265 2.456401170123947e-06 -4.1780298272634086e-05 -6.406263799039281e-05 7.993541513530656e-05 0.0 0.0001853721823924271 0.2511760585940229 0.7539505450794988 -0.00030761793073628784 0.0001763785654533639 -0.00022114635461272482 0.00038900934256371996 1.0
0.06105867690476915 0.27633897871971774 0.7598862311968535 9.956406235281265e-06 -4.004957190261792e-05 -5.889784896688053e-05 6.332949833139868e-05 0.0 0.00027027004389188635 0.25095891982068286 0.7539556008906471 0.00014931470336794218 -0.00017101301637132503 1.8610254680441192e-05 0.00019840746303293908 1.0
0.06105277964260366 0.2763444089826787 0.7598434492159845 -2.7226314685498796e-06 -7.957854275117051e-07 -4.5545333809169425e-05 4.17218234945704e-05 0.0 0.0003080231450778202 0.2505601004921223 0.7541128910984967 0.00025004449756282985 -0.0003928203655799462 0.00020168660823255966 0.00045009881035558083 1.0
0.06104218747607878 0.2763441830851088 0.7598280581271537 -1.2127855327437675e-05 7.0809163858845504e-06 -1.3239848470396289e-05 1.8661035359308007e-05 0.0 0.0001843337378016813 0.24997347667866204 0.7543535814191803 -8.331020123906194e-05 -0.000631732421081705 0.00027528433517737044 0.0006616034445388209 1.0
0.06101008764979154 0.2763381417843852 0.7598256811400687 -3.3132545826527945e-05 9.034078743431351e-07 5.446022995609202e-06 3.4105135718396604e-05 0.0 0.0002904389917526743 0.24925738784645948 0.7546290692756892 -1.87517014229763e-05 -0.0007357485393769077 0.0003120180446317632 0.0007643380604182871 1.0
0.06098664711387073 0.2763390682965817 0.7598275186368527 -2.8785412817908533e-05 5.613161488692859e-07 8.02805451667745e-06 2.4219921485477407e-05 0.0 0.0002613673496905479 0.24858239676684418 0.754726324563335 -6.871772773094298e-05 -0.000665708497538227 0.00011817322767350061 0.0006734411273296386 1.0
0.060980673603792994 0.276340890255626 0.7598247681441304 -9.087629522765582e-06 -2.8035834035184593e-06 -4.131466668988275e-06 5.4371976823375546e-06 0.0 -2.32010343225368e-05 0.24740892204908452 0.7542297068473853 -0.00025791341625109037 -0.0010561213152154225 -0.0004948549975830513 0.0012997808940673093 1.0
0.06097798648526294 0.2763230913611698 0.7598304253269208 3.3741444696127105e-06 -1.9046839043662233e-05 -8.693325912007837e-07 1.8153510981436336e-05 0.0 -2.5097420417743015e-05 0.24622026395738486 0.7535763288548893 -6.655204358555758e-05 -0.0012382255094591722 -0.0007602954513023182 0.001385676578853321 1.0
0.060978962927156884 0.2763224763067354 0.7598278395943334 5.899912525015844e-06 -4.7549320666133595e-06 -3.2895495530714405e-06 4.370479547288097e-06 0.0 0.0006074662887810546 0.2457859883107683 0.753311024385035 0.0005699697566337672 -0.0005993095423618252 -0.00040776780669619467 0.0008005184390034118 1.0
0.06095817858629641 0.2763154377615612 0.7598232508074273 -1.673049837066786e-05 -3.086059714193304e-06 -5.850280459831398e-06 2.1845689379128698e-05 0.0 0.001373677206611076 0.2448374676316857 0.753109614380303 0.0008609918641697652 -0.0007738749195658365 -0.0001516065759630513 0.001201239665508727 1.0
0.060921461091752345 0.27631159029222024 0.7598023698663957 -3.9587369276816833e-05 -4.18024621200542e-06 -1.8020172283927068e-05 4.22686909712085e-05 0.0 0.002284723447220602 0.24414236587455654 0.7529363564668675 0.0010081478372425288 -0.0006826108422444931 -4.5427318370839495e-05 0.0012019010348320305 1.0
0.060908887686728655 0.2763238802165921 0.7597785620366521 -2.437345010579349e-05 1.0901264631325533e-05 -2.541028745394412e-05 3.037856338512196e-05 0.0 0.0035030125686666505 0.2430540971126276 0.7524042113767608 0.0012266651104528897 -0.0010220373194044122 -0.00039716733077403715 0.0017136585641080305 1.0
0.06090180775151632 0.27632128351114793 0.7597682801166223 -6.569740558802511e-06 2.882502680110025e-06 -1.425402601046803e-05 1.1679963472964213e-05 0.0 0.004942438188706079 0.24158920784455065 0.7519538425340797 0.0013788052448445865 -0.0014957705574882196 -0.0005369045703083975 0.002088656606713306 1.0
0.06089612505000111 0.27630271930492345 0.7597536602107585 6.701688905620804e-07 -1.7172016770436403e-05 -1.1926350325043957e-05 2.373904022579029e-05 0.0 0.0056617198030299515 0.23962753273428944 0.7514291262373026 0.0007988849143588439 -0.0020492622633896313 -0.0006276352557392083 0.0021583824551286946 1.0
0.06088272434937283 0.2762945631572031 0.7597470828225064 -7.823715724938334e-06 -1.4957516085430278e-05 -4.347717663354718e-06 1.9184968863546257e-05 0.0 0.005789889838308518 0.23884961691587334 0.7511272048668077 0.00012498907686616197 -0.001046201768095269 -0.00035740109597391266 0.0008539129062777494 1.0
0.0608341242575183 0.27629123423557045 0.7597426122858179 -4.4812075923805956e-05 -4.952398506934353e-06 -2.9723798513882896e-06 4.759400830272813e-05 0.0 0.00586890918956328 0.2378301987836754 0.7505097931831662 -8.249894140185727e-05 -0.0008068435133471348 -0.000493441381978939 0.0011419740268286595 1.0
0.06071337686611002 0.2762730857460907 0.7597369211585562 -0.00012052997355327468 -1.4708697246860348e-05 -5.1863395229588775e-06 0.00012188551477231815 0.0 0.00607868506664149 0.23769844007268126 0.7498407944117361 7.263689562734497e-05 -0.00011689203764407075 -0.0006498876452872433 0.0007871519110557832 1.0
0.06058067395619164 0.2762434799825776 0.7597307119007651 -0.00014747836573866352 -2.6628572481331668e-05 -8.010891396438992e-06 0.00013800938667861152 0.0 0.006363826598131549 0.23771180732536162 0.749283742398189 0.0003395186621384951 0.00019038944695806573 -0.000613478931944947 0.0006082297765890947 1.0
0.06049197980872265 0.2762105637199116 0.7597678713876928 -0.0001031271321407386 -3.4067841415500816e-05 3.0124959078659293e-05 0.00010002319880760777 0.0 0.006469572108876556 0.2376163059589335 0.7490845657082131 0.0002963172854135673 -3.8435430680553795e-05 -0.00027990455570209614 0.00022187921950858917 1.0
0.060451582892227164 0.2762001658071749 0.7597726634696371 -3.8176625721979596e-05 -1.771556571458694e-05 1.5516966396170074e-05 4.04602150834969e-05 0.0 0.006681404984270722 0.23803039388621797 0.7488311037525487 0.000261712474595323 0.00023694883921556126 -0.00016664731917869575 0.0005204208320960888 1.0
0.0604513585036598 0.27620212841823494 0.7597585492258528 1.6194498746178954e-05 2.6720462912561837e-06 -1.122954621160441e-05 1.568677248901929e-05 0.0 0.007703468379095388 0.23958869181361922 0.7486425469117798 0.0008483754609555788 0.0013495323973720299 -0.00013616989068667356 0.0019023198458100266 1.0
0.06044564765877438 0.27617893263182147 0.7597244380769811 1.4055734014965396e-05 -1.2084616137697897e-05 -3.717480025694984e-05 4.297944229036709e-05 0.0 0.008576644313662545 0.24042326530212216 0.7484415518524244 0.0009616301780016136 0.0011527442214681431 -0.00018318494575172701 0.0012471454347697825 1.0
0.06046143747658484 0.27620911233749273 0.759632609215969 1.2168838360551216e-05 2.2405684872105493e-05 -9.252049319583083e-05 9.785787549845319e-05 0.0 0.008408138046382897 0.2403254320501934 0.7482105809561329 6.0618526643839725e-05 4.103119760759909e-05 -0.0002851209548943912 0.0002484286452250191 1.0
0.0604703118543943 0.27620823916424747 0.7596105870094081 -1.1442237787498584e-06 5.338403183536807e-06 -4.356101519153038e-05 2.4291045502720835e-05 0.0 0.008513512196815997 0.24084193659055894 0.7480387458430029 -8.356340780637896e-05 0.00023491754226827657 -0.00021832186260226826 0.000527548043647938 1.0
0.06043176135542343 0.276192504686792 0.7595988536680996 -3.9548328818078405e-05 -1.5501916076537974e-05 -6.12622594398264e-06 3.8248858931912754e-05 0.0 0.009467652210302185 0.24165468741247262 0.747233511781979 0.0006704179123547196 0.0006057301854048996 -0.0007075982071825523 0.001566119567700551 1.0
0.06037997895319223 0.27618656182325646 0.7595834758257258 -5.798540675251715e-05 -1.2491210825740132e-05 1.9840230526770565e-06 5.7858670710228256e-05 0.0 0.00983724760021659 0.2408423484560796 0.7465613835732954 0.0005316051351960142 -0.0005172407880388674 -0.0007522719192031865 0.0011431198726156574 1.0
0.06032882931128655 0.27616329292304137 0.759563962563662 -5.7305435643856446e-05 -2.233328877996809e-05 -1.3229370248985108e-05 6.180514296052331e-05 0.0 0.009131080921990452 0.2399235460872949 0.7458688782451172 -0.000426270288603389 -0.0009226177028694567 -0.0007482144316534927 0.0012506287844912599 1.0
0.06030179943483264 0.27616004941043554 0.7595334873113082 -3.038516699260366e-05 -8.239896721663085e-06 -3.2185453163845e-05 3.866946939639471e-05 0.0 0.00849915370842203 0.23890060336229518 0.7452519234893312 -0.0007368144841599319 -0.0011031223730118573 -0.0006123222603466052 0.0013796852668294395 1.0
0.06023604451222078 0.27613528123557024 0.759505617565434 -5.245616018203945e-05 -1.9136542221370357e-05 -3.84019710444952e-05 7.314719171408274e-05 0.0 0.008156677879452828 0.23608982460445302 0.7457731475833261 -0.0006053693465824917 -0.0027101195908962447 0.0004201125331064941 0.002901198803312777 1.0
0.060135014797072825 0.2761657980189036 0.7594838562230166 -9.148966733024594e-05 2.6630707586099462e-05 -2.8975628864636132e-05 0.00011148606012035232 0.0 0.008210330191142695 0.23583370989868158 0.7457811604341025 -5.287544583455284e-05 -0.0008341579276689584 0.00029346476379621097 0.0003215953632000224 1.0
0.06007702138304123 0.27617160236953514 0.7594835050546157 -7.262620980778756e-05 1.3147466612583805e-05 3.339925463980491e-06 5.825534057437643e-05 0.0 0.008336228142871415 0.23616731141795672 0.7459164738160339 0.0003685133952662997 0.0005926250966996269 0.0001830282525430516 0.00023263249491953643 1.0
0.0600565564148661 0.27618621895379414 0.759468824911332 -2.9431660124549756e-05 1.5181829390459361e-05 -6.748909205642107e-06 2.591544913973749e-05 0.0 0.00872712504226302 0.23800704208718523 0.7463487308724691 0.0005686201365376756 0.002076300723195765 0.0002949136373525894 0.0019973648111507787 1.0
0.0600566264621471 0.2761934900252505 0.7594471343653234 8.075452151797502e-06 7.564203411622477e-06 -1.9586562730717986e-05 2.3713152465735154e-05 0.0 0.0100258522694046 0.24153638791834153 0.746725305344435 0.0011530508677382754 0.003633046972557106 0.000341149495054841 0.003867825980333188 1.0
0.06004593523341836 0.2761649706272876 0.7594276157590025 4.811776684122153e-06 -2.7925197070528463e-05 -2.3527814698043064e-05 3.8807948476282936e-05 0.0 0.011157647288065875 0.24335444034055795 0.7466103280390939 0.001176763434926053 0.0024053626655296226 -7.63652454839808e-05 0.0021267638302636853 1.0
0.05998957135092863 0.27615826208613864 0.7594101340962169 -4.754681884236602e-05 -1.6890511601940495e-05 -2.161541553643864e-05 5.842729821963918e-05 0.0 0.011809229093287965 0.24446987183103222 0.7466843174909511 0.0007656702783953034 0.0009024355137838602 -6.690098290314857e-08 0.0011207417199020637 1.0
0.05986171680608622 0.2761477040834627 0.7593902739622987 -0.00013521380186421058 -1.1902416601258886e-05 -1.9493685117179722e-05 0.00012801557838121156 0.0 0.01296612354241171 0.24540480603284598 0.7467607607809136 0.0009830993153629828 0.00031092029709267025 9.033040996624586e-05 0.001590612934431393 1.0
0.059501557332593304 0.27600661426569 0.7593411829907865 -0.00035116152518629783 -0.00011650608156648525 -4.289117856748802e-05 0.000389771661173324 0.0 0.012963769564099064 0.24546272175671197 0.746726979565152 9.548929747847862e-05 -4.4598631673074384e-05 -5.4448197014157936e-05 0.0001683070264655328 1.0
0.058130134167178556 0.27514067061734493 0.7593589317071071 -0.0012681575417328565 -0.0007802796154582847 5.973134005130948e-06 0.0016171406122391858 0.0 0.012996900254390775 0.24542473842548138 0.7466325890213353 -0.00013949430120898325 -0.00014186869219385678 -4.535920170083796e-05 1.169587390819718e-05 1.0
0.055398854395297875 0.2722576287295917 0.7598863249126584 -0.00270256551800909 -0.002714154134175622 0.00045990623947897734 0.004016108837870847 0.0 0.012827934527933384 0.24519919877882893 0.7463578397326284 -0.00020748466414550107 -1.0009365207358989e-05 -0.000222109377050612 0.0003699817763157407 1.0
0.05022439212804657 0.2669598219767102 0.759950357838664 -0.005131630202899486 -0.005331222852725621 0.00020924476445490658 0.007413079001301859 0.0 0.011861216813064976 0.24441818237115276 0.7459722065033735 -0.0008145879809786453 -0.0005235743763294526 -0.00041917838954948504 0.0013613611213479765 1.0
0.043552507217798436 0.26038928209573414 0.7587006528824726 -0.006943141608936045 -0.00696707054607207 -0.001064667878204528 0.009458730097990144 0.0 0.011090366692109851 0.24391455839383436 0.7455895178719382 -0.00088336245779997 -0.0006619031237402686 -0.0004475148704818521 0.0009955348151238792 1.0
0.038831892317571504 0.2562072068932097 0.7572020520434508 -0.00539390770240396 -0.004913175721746084 -0.0017086003735869387 0.006475550994883257 0.0 0.010638766442871064 0.24352252353039136 0.745303956613657 -0.0005026437548818466 -0.00039532846079316656 -0.00028345366408888016 0.0006026734386222984 1.0
0.0357352199953194 0.2538461020796609 0.7565230659959035 -0.003019041359521204 -0.0021848090890057553 -0.0010416100887649018 0.003840324631630121 0.0 0.01032727378960078 0.24279739767319486 0.7453591308515217 -0.0001998325961442293 -0.0006067534686804595 4.427459625784761e-05 0.0008159085613406664 1.0
0.03364770894328805 0.25109700261219 0.7548318925844271 -0.0014245346930747132 -0.0017462208229486024 -0.0014692495110367235 0.0039058365021086955 0.0 0.009967966552669951 0.24212236957784036 0.7454076564340545 -0.0002854656110602737 -0.0007091847197419708 0.00012871880026478732 0.0007973849189205353 1.0
0.033008060187832935 0.24746748456409118 0.7521771447124392 -0.00020437649712135613 -0.0030348091288463046 -0.0024011426837945863 0.004681066537346162 0.0 0.009936462056686085 0.24135208205109354 0.7457162949583973 -8.372200483095464e-06 -0.0007697124693126992 0.00031956489936122866 0.0008246547660571639 1.0
0.03373827795081626 0.24529245979958114 0.7502807356608219 0.0007508383294830223 -0.0027719056605710174 -0.002079827826466741 0.002942068506181634 0.0 0.009901208458063495 0.24097951884891206 0.745864587378608 -4.72235916854773e-05 -0.00047921826062927365 0.00018621532694558903 0.00038021025034900956 1.0
0.03438381637400744 0.24315927447903365 0.7481305299086655 0.0005440861146819246 -0.0025806944695112876 -0.0021952486863566463 0.0029191173008365694 0.0 0.009703221621606023 0.24070733207587358 0.7457950430202149 -0.00023591550249629973 -0.00026362571727500233 -7.756126001961757e-05 0.0003412198696734386 1.0
0.03447804688943315 0.24017291396910184 0.7480035144368018 -3.869842368409669e-05 -0.002927878226302256 -0.0004299636337591986 0.0030851095408146326 0.0 0.009525832157726177 0.24050724572063614 0.7457182133432531 -0.00020153523764282423 -0.0001036656174656813 -0.00015718493399031688 0.0002946311893104339 1.0
0.03464360310422102 0.2393145946625462 0.7481635237413059 -3.4557797194877116e-05 -0.0010090360206966714 0.0005285014974046945 0.000966983108343351 0.0 0.009451236494400552 0.24037785527760044 0.7457378826316711 -0.00011024011539858441 -0.0001016646850059948 -4.102812351023413e-05 0.00015269725602919614 1.0
0.034849446460911905 0.2390646152817611 0.7484623727413214 -8.119043796863713e-06 -5.800129327025727e-05 0.0006518741127531153 0.00033267296328891565 0.0 0.009443567863568512 0.24033537708814845 0.7457326345975765 -1.9169759777026266e-05 -8.758669977935183e-05 2.6128731530933476e-05 3.503321019399845e-05 1.0
0.03505899605568304 0.23936568699473554 0.7487648108940838 0.00016326295874099497 0.00041254645584190824 0.00024865218053651144 0.0004982049005781111 0.0 0.009433399867446235 0.24032064437480719 0.745712217033344 2.055252320414452e-05 -3.8573897058902175e-05 2.1183556038205182e-05 2.1555858682453192e-05 1.0
0.03545328970416021 0.2414379396414267 0.7492110546958373 0.0005199297198881575 0.0019702613306372112 0.00020659878293514326 0.002216018779406969 0.0 0.00939790737517246 0.24030695039494235 0.7456829002281262 1.1984955186461e-05 -2.581509629840642e-05 7.253332691972177e-06 5.9385380609745125e-05 1.0
0.03761595806959864 0.24394272626688862 0.7500856708536793 0.0020805191777200503 0.002747407735659798 0.0006809734191226841 0.003406619557785844 0.0 0.00937325754636519 0.24028007963637663 0.745623944667201 -3.990602736239651e-05 -7.370862034406455e-06 -7.510899453291338e-05 6.62058069236972e-05 1.0
0.03830390441379038 0.2459791023812364 0.7499904675561875 0.0011583940203252511 0.0021412853587699254 4.2855346112522386e-05 0.0021264365459123967 0.0 0.009357964196264454 0.240280538711548 0.7455939064982283 -4.529642991922402e-05 -1.3102204407245278e-05 -6.123396570529193e-05 3.1569585262040283e-05 1.0
0.0384324264475886 0.2475555807727751 0.7499782173906501 0.00016973321741459776 0.0014404828562269863 1.8003365799807054e-05 0.001527590455941846 0.0 0.009336357846050287 0.24026255663148832 0.74556427236823 -2.3515204075413978e-05 -1.9146121006153878e-05 -2.704011634484054e-05 3.956725531674166e-05 1.0
0.03844954154492472 0.24844225547764556 0.7499805767325224 -0.0002374906335976566 0.0007956203373071808 -0.00010003704395555665 0.0009326902972479844 0.0 0.009327201888638037 0.24024221683688826 0.745547364631374 -1.5535880382602058e-06 -1.7797460451376442e-05 -5.882234175539144e-06 3.086346963760122e-05 1.0
0.0381023891129002 0.2487897616086067 0.7499628085358792 -0.0005539484785387389 0.00010756905946530493 -4.503645021371454e-05 0.0005459475139691717 0.0 0.009270964505105695 0.24017942763261954 0.745501740097052 -4.250996383075409e-05 -5.238645098570524e-05 -3.782005574637914e-05 9.527813785842741e-05 1.0
0.0371264789306972 0.24829627959700257 0.7501261874032343 -0.0009803111397249313 -0.0005100790294338807 0.00018471030136694584 0.001061952086209164 0.0 0.00923593792076231 0.24014370105305222 0.745469200597629 -4.4932137688245465e-05 -4.5177680089471966e-05 -3.78253997420584e-05 6.135749501088737e-05 1.0
0.03614877226838526 0.2477130399556261 0.7499553575028326 -0.0009303987581660714 -0.0005495703828255372 -1.3925705657771338e-05 0.0011509407608672867 0.0 0.009211907421258332 0.2401057796987019 0.7454467314180743 -3.0469656639455628e-05 -3.9530844418615214e-05 -2.8519122672827062e-05 4.673847447039415e-05 1.0
0.035119247794248326 0.24707225360797466 0.7498613607340913 -0.0008977463741009919 -0.0006074464445397416 -9.895090641996989e-05 0.0012171816974317342 0.0 0.009186282663576444 0.24005384964344484 0.745438996047591 -2.115910087509434e-05 -4.629602489898745e-05 -1.039022907933459e-05 5.900438148553905e-05 1.0
0.034809035159062085 0.24684873502819463 0.7498999718741906 -0.00047485841819730414 -0.00021829352629629392 -7.869571982944653e-05 0.0003730097382996303 1.0 0.009160327371600814 0.24002937953752998 0.7454123730865546 -2.0927528999698492e-05 -2.4408331082625153e-05 -1.7153518846803273e-05 4.668106941010628e-05 1.0
0.03466809817351365 0.24650938667831013 0.7499309379416259 -1.7589943245001458e-05 -0.00017101769198916332 5.119259276781837e-05 0.00036047002230779395 1.0 0.009071050238592162 0.23989104267364314 0.7453169773493018 -7.878277497835587e-05 -0.00011993059940051596 -8.523426199094203e-05 0.00018844115452511646 1.0
0.03477159270405678 0.2463529055205462 0.7498914547506667 0.00023318106573271246 -0.00010685781976819964 6.228992480894122e-07 0.00022753730624892107 1.0 0.00899303334731642 0.2397688946019891 0.7452340201048272 -9.017591502089095e-05 -0.00013920992571605503 -9.764618887869881e-05 0.00017022741088082406 1.0
0.035208407673924205 0.24649228363638273 0.7498562973859443 0.0004302319046396966 9.31225680350559e-05 -2.6513437101631103e-05 0.0004480401337198267 1.0 0.008888916734480275 0.23959727924834653 0.7451503614506083 -0.00011090671211162879 -0.0001779344775591324 -9.455415378355135e-05 0.00021331544859036467 1.0
0.03475919727647652 0.24736613282944367 0.7505459851447979 -0.00035227034218728975 0.0007427299216686084 0.0005764009668106975 0.0011923915110398633 1.0 0.00887117534451387 0.23945285574153632 0.7451756806385919 -3.071839683003022e-05 -0.0001525890662539011 1.251778741632255e-05 0.00014869790270163395 1.0
0.03394642349185254 0.2483755114948746 0.7515051693583545 -0.000926639111859189 0.0010967705348161236 0.000988334024137621 0.0016173895183550593 1.0 0.008863548558380297 0.2395246210551346 0.7450984006208424 6.5741253592199e-06 4.688391502420037e-05 -3.891270981916252e-05 0.00010562449697190367 1.0
0.03376335108286079 0.24863626274262363 0.7518734639598718 -0.0004794705110159013 0.00046043223641042594 0.0005890180298971801 0.0004989814295504908 1.0 0.008915622818961839 0.2396458869575467 0.7450063804591913 6.0155246387948404e-05 0.00015574588463712087 -8.488137330980992e-05 0.00016169606417449877 1.0
0.03242002222222962 0.24993975498447824 0.7529070530867369 -0.0011376441277022645 0.0010537484222296594 0.0009040779234002999 0.002064083716182501 1.0 0.008973307400275457 0.23933862055919108 0.7453923433515219 6.852507453766624e-05 -0.00020734398310095565 0.0003021407777435031 0.0004952536376631185 0.0
0.031868432462363074 0.2505095513014491 0.7534639043825713 -0.000691556212823923 0.0006265633787222885 0.0005806106175137723 0.001086478080346448 1.0 0.008963670345608398 0.2389027080219456 0.7458831203909958 -2.157586850777029e-06 -0.00047851027847937413 0.000526930040994088 0.0006651254753507618 0.0
0.034734940840709605 0.2490004851848526 0.7550573277663227 0.0024819820654150768 -0.001261597135023434 0.001364642076674637 0.0035200844924751333 1.0 0.009563238100739333 0.23796573346587696 0.7469630875190245 0.0004968653973657951 -0.0009567341769544596 0.00106971355832149 0.0015336081840424435 0.0
0.037496952732982 0.24865301019832317 0.7563999004357562 0.003364448462935808 -0.0008254171647486287 0.0014890478142317875 0.003161789498856032 1.0 0.0113175919033796 0.2379317420865879 0.7476741938321321 0.0016599759128579296 -0.0002760626308938032 0.0008688098368518261 0.0019132296124258113 0.0
0.03903909258506519 0.2487289690742433 0.7583657630292333 0.0021034410330549444 -4.7812857168513376e-05 0.0020096572531588595 0.002446401097296184 1.0 0.013850441326986531 0.2383503301510826 0.7475184366664699 0.002659972992681716 0.00045574309026303244 -4.72866983190725e-05 0.0025565723011611438 0.0
0.03784569197961188 0.25151538034536014 0.7592024793286647 -0.0009902954430090448 0.002592843212567529 0.001062011784558065 0.0031188752556507316 1.0 0.013881337562187589 0.23738868833750457 0.747513973355677 0.0006404944060968183 -0.00052756549298904 -0.00025324272045299163 0.0009839001253360608 0.0
0.03666540910165803 0.25526591548361305 0.7608828283029888 -0.0020433136672721067 0.004241037138762245 0.0013775261804027505 0.0043184907585437134 1.0 0.01422703574007146 0.23651455647908595 0.7475829391560741 -3.365215466863853e-06 -0.000961758065468744 -9.405902299992652e-05 0.0008812899100447373 0.0
0.03847412043300209 0.2570977621175807 0.7627364612133738 0.0006650274387470154 0.0027325852860624325 0.0017919908291846984 0.0032553778770194088 1.0 0.01598036029622398 0.2367940877395989 0.7481395810342948 0.00113623057439764 -0.00010407755986861707 0.0005291082670447791 0.0019076761035262354 0.0
0.04153469791057139 0.2603894843651282 0.7595320457825618 0.003449674426220979 0.002755836942317752 -0.0024404098329567966 0.005338132964350369 1.0 0.01658762352648813 0.23550213162038017 0.7492550743097962 0.0008198820170565263 -0.0010232419585649649 0.0012281268355675294 0.0018628525763829487 0.0
0.04137313242714653 0.2603501022830276 0.7597811345884868 0.0014357471826937488 -3.8060337960065015e-05 -0.0008117472162829634 0.0004839429892291704 1.0 0.01801372227219121 0.23486363495539336 0.750248410859531 0.0015069444678108609 -0.0007735154695146114 0.0012591905366686642 0.001789824171849375 0.0
0.04069656648673728 0.2604916634471562 0.7602809261795406 -0.0006552265474135672 -0.000434334199631998 0.0003415392463694772 0.000660315011899094 1.0 0.018683319204385263 0.23454388161512943 0.7503334041534312 0.00102607526166594 -0.00028610728616050357 0.000226156518830611 0.0007219547586717488 0.0
0.041300969158013255 0.2621582522332363 0.758234504799674 -0.0003716766595146044 0.0011620860907306503 -0.0012692618072473827 0.00280628573568844 1.0 0.01967957163040781 0.23519193451547835 0.7503243628293209 0.0008660644616705457 0.0005685817987939992 -0.00025283411750538635 0.0012074504743983165 0.0
0.04168997006732621 0.2619960549075761 0.7563739754431269 -4.090277132038131e-05 0.0005576316656733847 -0.0018607900998279217 0.0020449338575631894 1.0 0.02011914087602107 0.23533324791257199 0.7503258804868257 0.00026892439656552676 0.0003279786451376971 -0.00020855859368528444 0.0005125005337393487 0.0
0.04213192297176125 0.26172888326602417 0.7556398420422785 0.0007091245403658339 -6.842840579041965e-05 -0.0009719977339395531 0.0007495141902601906 1.0 0.02039118061367134 0.23538342961768083 0.7504009644041301 0.00029439058640026976 0.00018671022456591012 1.5342082417195494e-05 0.0002451170171433268 0.0
0.04344910868866348 0.2607569173763948 0.7543175206367545 0.0017132324996727063 -0.0009728466945090829 -0.0013307249164138475 0.001969996908613043 1.0 0.02079669249578232 0.23557600896574055 0.7504034615699628 0.00040090805743982954 0.00010719570637786942 0.00014696414481330438 0.00044064396924978655 0.0
0.04478677984468524 0.2598493333938378 0.7538886979172293 0.0015163921637045513 -0.0010472977416652331 -0.0006856622463337356 0.0019300814995406447 1.0 0.020784051382792084 0.23554559218912796 0.7503811486911127 -5.168891386412439e-06 -0.00022446611759710907 0.00011172185442149315 6.148902283687635e-05 0.0
0.04512785068443932 0.2597206176877755 0.7535875408155507 0.000271493995385928 -0.0005249297191381513 0.00019207645689166058 0.0003956778424796942 1.0 0.020760817574429057 0.2354999681344793 0.7503780575323238 2.1760344547467388e-05 -5.667859928315988e-05 -9.989732738931124e-06 4.558563397504987e-05 0.0
0.04539014133786608 0.2594290268144064 0.7536900077960466 0.0001003959013182933 2.2574884695844555e-05 9.589229753681169e-05 0.0002998333133362374 1.0 0.020766291628368357 0.23547784702113636 0.7503891449553671 -4.1720872744613205e-05 1.2488393957614963e-05 -6.213087944709152e-05 8.61872903062358e-06 0.0
0.04594469767373556 0.25874028289008877 0.7540337661298397 0.0003896540410963827 -0.0003612872957313171 0.00015134814429289763 0.0010312963970689742 1.0 0.020732959984151582 0.2355123130397873 0.7503998778843036 6.747804375883699e-06 9.683292393159116e-05 8.273401878330148e-06 7.297068876776461e-05 0.0
0.04663065411846534 0.259596558371998 0.7553097218985076 0.0006019617699932374 0.0004918539283195441 0.00120118663654304 0.001726491595750744 1.0 0.020781586196530345 0.23555758820142123 0.7503912894646759 2.3239136439046786e-05 2.701524897242419e-05 4.670133112570765e-06 5.882236086065238e-05 0.0
0.044779442668515364 0.2627040134000836 0.7542183352411951 -0.0013547709925096298 0.002882491834288166 -0.0006027852911358045 0.003702516917899034 1.0 0.021044422854364055 0.23498830057807002 0.7508816432574638 0.00026521370724946525 -0.0004602193030177631 0.00042346391105718516 0.0007811929576125112 0.0
0.04339667297322994 0.2638910719878184 0.7543073558944203 -0.0016324380287499837 0.0018577698711671029 -0.000398601054973508 0.001887337465847089 1.0 0.02086778093989367 0.23475449564809545 0.7513109674833954 -6.22523989983296e-05 -0.00035527774134192126 0.0004982519915314078 0.000554562523191899 0.0
0.043322713224772054 0.2669357635078566 0.7557939745998328 -0.0005082278343303442 0.0028308915440206795 0.0011722127131906408 0.0032728391764619068 1.0 0.020556825507176222 0.2354742037179498 0.750960052298942 -0.00035668657573755333 0.0005349226762733435 -0.0001919360376249095 0.0008216958951795285 0.0
0.04514634645219473 0.2692605637504341 0.7569563413550808 0.001688965798129315 0.0024088885007366415 0.0014472094209912684 0.0032781591846245996 1.0 0.02050388289649256 0.2365430908505876 0.7508111058152812 -0.00016665511358717857 0.0011875734667469607 -0.00029223751715703523 0.0010906516492299497 0.0
0.046978604083320934 0.2703904025862301 0.7574544287812942 0.0024682117973691287 0.0010695743237384768 0.0008721474471457681 0.0022306777921802332 1.0 0.020372192886061746 0.23726313946013497 0.7511295542692555 -0.00012485034475620473 0.0009903124321266272 0.00014374316661931952 0.0008175440434129901 1.0
0.04865549216039427 0.27166384081775524 0.7573724359826889 0.002137494400785782 0.0009231282792021749 -1.7654947936692226e-05 0.0020272949497990743 1.0 0.020359153241054237 0.23765499175819715 0.7512841913100231 7.227027214442041e-06 0.00046052077681347917 0.00022873945896029164 0.000405248967906267 0.0
0.05092181275801146 0.2748527872728721 0.7588188203332178 0.0020353909728026646 0.002885740065201538 0.0009231613305473048 0.004159647358493442 1.0 0.019828935959878186 0.2377997340775187 0.7512545674764551 -0.0003940531741963101 -1.921733106726761e-05 9.999496289900661e-05 0.0005330501465159483 0.0
0.052083120866725646 0.2778358750320065 0.75957470672911 0.0009064753022679973 0.003375626223708036 0.0007224658862392918 0.0034443612980833297 1.0 0.019600150708763593 0.2379758057046138 0.7514896973019978 -0.00032182639238461394 -6.83541961453516e-05 0.0002402421590110184 0.00041212623606036545 0.0
0.05308722943458275 0.28024596011050223 0.7599499373488281 0.0007881301324374136 0.0027137151856846996 0.0006758848613898588 0.002482676617436916 1.0 0.019855308573733944 0.23837262985292226 0.7515341163886696 0.00012064562126517293 0.00035414289844508493 2.920828643201013e-05 0.00045403005673944844 0.0
0.05404137623398587 0.28111404093087955 0.7599569555416202 0.0008917559339947873 0.0012143565540741036 0.00013678073779255706 0.0012879801615170601 1.0 0.02009747575276894 0.23855074484175515 0.7515914287555052 0.00033324721386502536 0.0003695002481270995 -2.419580135126949e-05 0.000301111312439769 0.0
0.055567262206811796 0.2819156290932271 0.7598167489844658 0.0015135400339620847 0.000297452397920919 -0.00032002325849537876 0.0017771724498198754 1.0 0.02022376182815684 0.23868913764828947 0.7516377316847358 0.00025476451813208703 0.00022035302015744685 6.776904779731349e-05 0.00019452783785615577 0.0
0.057578676554997404 0.2819519271849898 0.7594743032300435 0.002066599904212333 -0.0002931570831194519 -0.0004965784280537817 0.002094628493137946 1.0 0.020240090941985284 0.23870084081031753 0.75165983155681 2.6763478180557692e-05 -4.242421348131303e-06 5.291372004758207e-05 3.458323556526969e-05 0.0
0.05858775352356488 0.28083711386500015 0.7574351088341559 0.0013865909031097977 -0.0010067019380089431 -0.0018047713648387676 0.0024741835809189414 1.0 0.02021117541245984 0.23870233321518375 0.7516523263566288 -0.00010989726507927158 -6.342043627461681e-05 -2.4528334930136854e-05 2.5334797465755444e-05 0.0
0.05928887097898697 0.2799363505280104 0.756504184768346 0.0007334461654241891 -0.0008567861820767363 -0.0011689865318941176 0.001479806361811525 1.0 0.020179850383886918 0.23889527230555702 0.7514770141300156 -0.0001331373812354533 0.0001310909151607638 -0.00015823982235569053 0.0002683315188552536 0.0
0.05953437780911323 0.27927052511996336 0.7558167941615191 2.091271384853941e-05 -0.0006708486820887955 -0.0007688912413388684 0.0009444941736111738 1.0 0.020238944934411474 0.23893535779835592 0.751482049454251 6.86236857398169e-05 0.00011101589266119508 -2.7312081616864124e-05 7.528239143166939e-05 0.0
0.06023083690504542 0.27850652432533296 0.7549907173695168 0.0004242041707831313 -0.0006402713374128008 -0.0006291160192973718 0.0013658293958524722 0.0 0.020220752537536097 0.23899294432234916 0.7514031095227494 6.011176946586232e-05 8.964792472591806e-05 -7.231489134397508e-05 8.522375828008471e-05 0.0
0.06104459493955842 0.27748120644974295 0.7545910716040564 0.0008433906462637731 -0.0009079106527534893 -0.00030195496895726637 0.0014019785515119744 0.0 0.02020166712355968 0.23899683649239803 0.7513878624381527 -4.567427397579268e-06 -7.185063263938189e-06 -8.354632711279584e-06 2.9093294059806454e-05 0.0
0.06198293291458318 0.2766935479071768 0.7548892871892295 0.0011466087935713101 -0.0007819048063198702 0.0002881520699281197 0.0012352659167836303 0.0 0.02028053051124839 0.23908695573936206 0.7513587053735271 5.276689966968477e-05 5.444877580855815e-05 -1.0949161692873656e-05 0.0001293356226336307 0.0
0.0627971644259774 0.2757931896754536 0.755300322627779 0.0009774877151726925 -0.0009657884231455281 0.00042540506924795466 0.001243275577663688 0.0 0.02056857163572769 0.23927185206955343 0.7513861228157787 0.00025688490119666143 0.00016481565462086876 2.2617950318070063e-05 0.000343051103488689 0.0
0.06330449670291363 0.275100523133054 0.7557205681240619 0.0004809442079357633 -0.0008051540176414404 0.00037878829488891756 0.0009913639675491392 0.0 0.02084260348489514 0.2394406954039456 0.7514023105655799 0.000313097577447329 0.00020461704288847937 1.4930779042446066e-05 0.00032153056838875234 0.0
0.06343448857164502 0.2748530052309534 0.755895738775839 5.607805118277502e-05 -0.0002493153710258133 0.00027454925936431455 0.0003326957173330051 0.0 0.02098820228079064 0.23952526083819548 0.7514170656145103 0.00019315838519860866 0.00012407244395093708 8.384151395297001e-06 0.00016609538411687777 0.0
0.0634203542367271 0.2747946360085622 0.7559665051885307 -0.00014307298372583403 2.276169014152937e-05 -3.159801942555413e-05 7.170947349765372e-05 0.0 0.021049847169059856 0.23957851296002153 0.7514044557302705 5.20075407664292e-05 2.987423396139482e-05 -1.2295079511128913e-06 7.599221836252602e-05 0.0
0.06335005910282161 0.27472443121401535 0.7560583873904568 -9.781528474986001e-05 -3.4874633370059584e-06 -4.338591614869039e-05 0.0001508279192627064 0.0 0.021040763613660744 0.23966002140489812 0.7514413456612765 -5.989777353521964e-05 4.819384318642184e-05 1.5386908107315685e-05 9.97324319275247e-05 0.0
0.06333129296899873 0.2747274046122842 0.756060840652479 -5.247019867569611e-06 -1.5634838643551895e-05 1.743974660889543e-05 3.128840245549664e-05 0.0 0.021053615115075423 0.23969611720073872 0.7514356676757209 -2.9223771039324403e-05 3.089379097945422e-05 4.546515714939456e-06 4.283777834897361e-05 0.0
0.06331629930814657 0.2747256660496486 0.7560598735865048 5.721830503565683e-05 -3.356495314129444e-05 5.9075980350231996e-05 0.0 0.0 0.021082315824255186 0.23972891641744026 0.7514349698455619 3.8750258621997936e-05 4.452892798135988e-05 -1.825689266615494e-06 3.495698126814322e-05 0.0
0.06330299413171492 0.27471848059826953 0.7560511577170378 3.4966311815076354e-05 -6.594139168172777e-05 2.0711322920071134e-05 1.5939318172897505e-05 0.0 0.021107612766388794 0.23975538115924228 0.7514326582994008 6.491813819474892e-05 3.8761633152522494e-05 1.927886651429554e-07 3.690455128386385e-05 0.0
