0.06159020761930226 0.27944858687449586 0.7631355664404154 0.0 0.0 0.0 0.0 0.0 -0.01651053833879099 0.2799460475522778 0.7633954599656348 0.0 0.0 0.0 6.457618051189081e-06 0.0
0.061588915533569266 0.27942983732103926 0.7631442873812339 -1.2920857329970503e-06 -1.8749553456598456e-05 8.720940818496281e-06 2.071883319887904e-05 0.0 -0.016511723400866325 0.2799518540357609 0.7633880407187086 -1.1850620753352248e-06 5.806483483083991e-06 -7.419246926265721e-06 1.0666044806301352e-06 0.0
0.06160578267634306 0.2793532305702557 0.7632258684011032 1.686714277379653e-05 -7.660675078358103e-05 8.158101986932564e-05 0.00011317489816160046 0.0 -0.0165320990148022 0.27995208429033447 0.7633913931818206 -2.037561393587392e-05 2.302545735743955e-07 3.3524631120052106e-06 2.3121214623997635e-05 0.0
0.061598713993947424 0.27932769844989336 0.7632337566231028 -7.068682395638959e-06 -2.5532120362325994e-05 7.888221999596823e-06 2.7641987759957515e-05 0.0 -0.016538474674559253 0.2799297959783927 0.7633660959958931 -6.375659757053981e-06 -2.2288311941787153e-05 -2.529718592747532e-05 3.777572793256821e-05 0.0
0.06158789766324984 0.2793276366775646 0.7632497427587036 -1.2585324961294777e-05 3.975021696312698e-06 9.714198407340029e-06 1.9301641304000068e-05 0.0 -0.016568410748688294 0.27994863403751 0.7633249603233593 -2.8193975980259066e-05 1.7607389111720037e-05 -4.2704884498877105e-05 4.9510859410021126e-05 0.0
0.06158433612984712 0.27931677199673005 0.7632629262251236 -2.5405482339400067e-06 -1.2634211348614772e-05 1.7769679029193658e-05 1.7450776391390313e-05 0.0 -0.01657920880570066 0.27994870521043147 0.7633155894436083 -1.2955338078504067e-05 2.9872510644435002e-06 -9.121731114450881e-06 1.653704691297727e-05 0.0
0.061575321847366256 0.2793131638162894 0.7632618826372343 -7.066915041924764e-06 -6.592044707320587e-06 2.041313248041136e-06 8.450521533063093e-06 0.0 -0.0165841118799279 0.2799483617401324 0.7633109238135987 -3.7493637536692104e-06 5.816962264451365e-07 -4.1713569363227577e-07 5.504642299381128e-06 0.0
0.06156753023343959 0.2792900648262329 0.7632780160426099 -6.0831353909567695e-06 -2.8106672849003525e-05 1.9546336149819154e-05 2.9662860426425016e-05 0.0 -0.016588688060786495 0.27993672026218813 0.7632962603739227 -3.3396931925560965e-06 -1.3461490261598708e-05 -9.624328998250904e-06 1.9839706782491546e-05 0.0
0.06154659714626961 0.2792179988763855 0.7633442496174984 -1.732084041410103e-05 -7.47179738452512e-05 6.569712383706681e-05 9.753524781110345e-05 0.0 -0.016581566841228405 0.27969610010520707 0.7630005492257826 7.206996869409219e-06 -0.00021111202513021438 -0.00025339954852032705 0.0003794557798653036 0.0
0.06150299288647234 0.279174753895654 0.7633808817015331 -4.090149315275696e-05 -6.254803818145856e-05 5.539979429483723e-05 7.590648908487799e-05 0.0 -0.016850979688375865 0.27850525667922477 0.7616744842660611 -0.0002297095035289714 -0.00109241819600109 -0.00122171115576835 0.001799854907103885 0.0
0.06142481621243211 0.2791444730474949 0.7633605601700826 -7.990497563755444e-05 -3.0297394300098768e-05 -1.4125048705878948e-05 8.219989413831328e-05 0.0 -0.017860364330213513 0.2763005946554703 0.7594033970820677 -0.0009434779742488304 -0.002223687600699595 -0.002322401872511478 0.003342456503181795 0.0
0.06136201819885448 0.27908400806843675 0.763246712811839 -7.256353608367206e-05 -4.784748970734365e-05 -0.00011193087660870572 0.00014374234263279695 0.0 -0.019285000517786973 0.2724728480185764 0.7555258971374841 -0.0015065003298859072 -0.0038526041083228996 -0.003909820948525274 0.005613689014997834 0.0
0.06134420950298336 0.2789824208845713 0.7631067497615083 -2.4535085769967346e-05 -9.308268194310817e-05 -0.00016256983181214878 0.00017730618147298953 0.0 -0.020547706267193516 0.2683113023291134 0.751524961095969 -0.0014338204647394422 -0.004446235430889932 -0.004296540910399659 0.005927943817692458 0.0
0.061387847023417014 0.2788618557479878 0.7628820958831853 4.603215928122674e-05 -0.00012481391306423597 -0.0002307499641836135 0.00025650147083841775 0.0 -0.021520044551344885 0.26519885999896714 0.7491230043094563 -0.001016345041174994 -0.0033974568360718442 -0.0027205953705115873 0.004024845449094506 0.0
0.061406277364199055 0.27874366401768563 0.762693306799514 4.1560762911561326e-05 -0.00013087779198290293 -0.00020042577338516776 0.00022372917433798135 0.0 -0.021114224526066604 0.2633905576012426 0.7489222565892931 0.0003639335307862119 -0.0017047653394196905 -0.00011916189348197084 0.0018296602422689643 0.0
0.061473593781488124 0.2786944979392 0.7625486044773827 6.53313026767829e-05 -6.307998326162412e-05 -0.0001386091889433682 0.00016601396679051812 0.0 -0.020577435104032874 0.2630532606684879 0.7490871278491064 0.0008569962936898616 -6.037583094960143e-07 0.00084074951219043 0.000688822804204148 0.0
0.061486759175205394 0.2786427275173185 0.7624818933814905 1.7939087127514132e-05 -3.296395237698121e-05 -5.7799662766279975e-05 8.51898827025347e-05 0.0 -0.02025332980268576 0.262958521674262 0.749137037825369 0.0005507030008745585 0.0003580100286566892 0.00047863540804516215 0.0003987758034666438 1.0
0.06149812764026389 0.2785889206612781 0.7623735182593993 -2.3853710724418083e-06 -3.883522402912762e-05 -7.911932540716841e-05 0.00012182095638088328 0.0 -0.02020514089275459 0.2628188897100295 0.7492256105152357 -1.623884357001754e-05 -4.0995661534107167e-05 -7.356811248074302e-05 0.00014710939584931804 1.0
0.061521010652397325 0.27855665348316394 0.7623100025389932 1.1775305391209393e-05 -3.612620320000039e-05 -6.820828677890798e-05 7.929967341300009e-05 0.0 -0.020150501469862487 0.26270669833961335 0.7493061182003699 -0.00019375218660280975 -0.0004183424562366109 -0.0003846286326967727 0.0001088434163348498 1.0
0.061533229448478596 0.2785205415672101 0.7622689222197349 1.5545144321838986e-05 -4.1975798711378656e-05 -5.121885793717876e-05 5.134146476958829e-05 0.0 -0.020091905881434852 0.26271948894210456 0.7492663167338833 -0.00010317289224699776 -0.0002929296020661334 -0.0002774692819488859 7.308597575663659e-05 1.0
0.0615455484958661 0.2784462359322747 0.762260651635844 1.727043364254796e-05 -7.424148321817997e-05 -2.174866812785817e-05 7.487424144183707e-05 0.0 -0.020137676887376953 0.262993366790039 0.7492939316678018 -1.5631902336633906e-05 0.00016318417380918517 6.812795074354061e-05 0.0002915757131436757 1.0
0.061545816090069747 0.2783821202160093 0.7622210445975138 3.503437701043721e-06 -7.153139900331883e-05 -2.9028316393513637e-05 7.814420784769564e-05 0.0 -0.020486293748796985 0.2638164608567071 0.7494610600889688 -0.0001795287097016915 0.0008568816161035188 0.0003012341037804795 0.0009160559731831476 1.0
0.06154557144113332 0.27836232353209345 0.7621980518884859 1.2558467043534473e-06 -2.6118678936918604e-05 -2.3757723399717064e-05 3.093245377674213e-05 0.0 -0.021115204882949493 0.265380208565596 0.7498179414187611 -0.0006088450582616314 0.001671469675742141 0.0003821799123087361 0.0017264454603871078 1.0
0.061532717128622384 0.2783440727422528 0.7621808529117039 -1.6492360669246826e-05 -1.2739127926588316e-05 -1.964947890428884e-05 2.43135996279876e-05 0.0 -0.021412400743775706 0.26691095493540595 0.7504249113335412 -0.00043364855244658085 0.0017104712162967564 0.000618499592422756 0.0016781406934059605 1.0
0.06151043334309763 0.2782923626113513 0.762165909906508 -2.207860320660746e-05 -3.792777661409504e-05 -2.0850209366101677e-05 6.079114591509166e-05 0.0 -0.020949571287381338 0.2681435959711688 0.7512016210401696 0.0003578391202259351 0.0013213580588657587 0.0008186961386320573 0.001499852417259347 1.0
0.06145039318474634 0.27825863072925733 0.7621535760209364 -5.555442605877004e-05 -3.671086030739574e-05 -8.870233079598727e-06 7.166716551649239e-05 0.0 -0.019000454345554946 0.26943878250802267 0.7528170528096538 0.0019240565620160307 0.001167199094887533 0.0015329751670130978 0.0028367256160621193 1.0
0.06139833820818255 0.2781955577761472 0.7620734151647096 -5.927933956902603e-05 -6.527842402197691e-05 -6.733344085458289e-05 0.00011199691159149629 0.0 -0.01561673416061121 0.2690462364747931 0.7541352483561418 0.0035375000243989332 -0.00029222697460134643 0.0014602896422404102 0.0037128621907364886 1.0
0.061372949745991605 0.27808348226884805 0.761939095798831 -3.1285075901598737e-05 -0.00011408894708958586 -0.00013533670901472888 0.00017661330491650985 0.0 -0.012965185418349475 0.26655964047717357 0.7552167721902224 0.00312912233939225 -0.002472974651109659 0.0011379944348795827 0.0037741543623238576 1.0
0.06136974586204944 0.2780432469084435 0.761846666491637 -4.455648781741791e-07 -5.770666592123175e-05 -0.00011734870567316396 0.0001037333835252417 0.0 -0.010351179259566969 0.2630430760118792 0.7560587732433198 0.002571835884621246 -0.003810161554667727 0.0007761572793064743 0.004403860643135902 1.0
0.06132587471598965 0.2778970828579069 0.7616966029758432 -2.7369928769274645e-05 -0.00012243930073099977 -0.00014188009783285617 0.0002083728750913888 0.0 -0.006406681347447616 0.2589508228798555 0.7569492419325046 0.003434910756221013 -0.004336201631566016 0.0007402676659036866 0.005785294925209917 1.0
0.06128295386381917 0.27779265186823693 0.7616315424307182 -4.4206996592381214e-05 -0.00011512429019300384 -7.383811070210394e-05 0.0001368608895455248 0.0 -0.0029588988454033313 0.2541063681544795 0.756885614864652 0.0034518668891668613 -0.00479591594818357 1.585901170578143e-05 0.005998655084543669 1.0
0.06124312585111503 0.2777536627933283 0.7616108297113826 -4.849587116074022e-05 -5.0606946075262846e-05 -1.0726724089565695e-05 5.6674781641601196e-05 0.0 0.00045364864254995006 0.2514356544063849 0.7572634682130677 0.003483428084190238 -0.00283217536444599 0.0002384409555417818 0.004306296999388581 1.0
0.061210964371313924 0.27770110913884943 0.7615616654009894 -3.988438693857863e-05 -3.683104711159361e-05 -2.6581135134513194e-05 7.550829493703943e-05 0.0 0.0012923361061455444 0.2501431764687881 0.7573336300459471 0.0012980511061530752 -0.0009656863196064447 0.0001660537426200053 0.001504639024611238 1.0
0.061198810381493586 0.27764837651771845 0.7614855129919182 -1.1548791967135066e-05 -4.51738701966834e-05 -7.380137795536099e-05 9.797614313127087e-05 0.0 0.001859953506495298 0.2494231181878081 0.7572948541341136 0.00022899085480558405 -0.00029483450254407656 -1.4627157700308237e-05 0.0009170959299429821 1.0
0.06121239820515553 0.27760896494263815 0.761398940150507 1.8978243886504037e-05 -4.131937806526333e-05 -9.910501218182005e-05 9.790931864890429e-05 0.0 0.002701173545963345 0.24888878725805527 0.7575232154762326 0.00032502425431611866 -0.0003295314039032238 0.00020589796550213963 0.001108210022312922 1.0
0.06122603743419144 0.27757414016347404 0.7613335849616425 2.1309195732308754e-05 -3.720491209542834e-05 -8.131562241282708e-05 6.957565613376643e-05 0.0 0.003311430339129027 0.24776483289056103 0.7578436730550357 0.0006810178600014606 -0.001141166469892152 0.00036118214717845284 0.001312958535440379 1.0
0.061235615030117624 0.2775652463214947 0.7613110781164074 9.4162708809526e-06 -2.2925107975926555e-05 -3.320768772693304e-05 2.789532690302333e-05 0.0 0.003190646366067966 0.246632138985972 0.7579805017222953 0.0003193809762099607 -0.0015483409405293454 0.0002091020836805245 0.0010873149175083868 1.0
0.06121856497400894 0.2774703545161028 0.7611963690111916 -1.6332539530459994e-05 -7.49682944155013e-05 -8.243687837122937e-05 0.0001491025417245033 0.0 0.0036426560549232194 0.2453640918221429 0.7578365977593174 0.0004634981432225858 -0.0015740869666335767 -0.00015305427076937547 0.0013302755378431933 1.0
0.06120662096124916 0.277387871167226 0.7611420877453982 -2.094170690619935e-05 -8.968677680060107e-05 -6.384771142318156e-05 0.000105003987755895 0.0 0.004148506685996188 0.24404715660909185 0.756249779212843 0.0005139038696985107 -0.00125936712644011 -0.0014247856247233033 0.002168904656822725 1.0
0.061150051164629564 0.2773030537710065 0.7610778550698786 -5.4769463012141814e-05 -9.57418828354999e-05 -6.817677301730439e-05 0.00011485021914999763 0.0 0.004705597631315511 0.24317637736052192 0.7549267948583871 0.00044375991594552576 -0.0008288051021782886 -0.0016516841393026671 0.0017052916892259353 1.0
0.06108508965112174 0.27726358841741144 0.7610528343607234 -6.794738978469557e-05 -4.762633533125531e-05 -3.227569315712573e-05 7.987353525163166e-05 0.0 0.004896768610716648 0.2415035937724832 0.7543414267254364 0.00032221419414698617 -0.0014092071770967789 -0.0008293462219202363 0.0017335472394079292 1.0
0.06096722912500076 0.27715671871567993 0.7610179219417136 -0.00011236620703881639 -8.485106875142813e-05 -2.5639094579616792e-05 0.00016362144772686277 0.0 0.0048599460723050564 0.23966123794377014 0.7534657715583969 -1.4051637841851553e-05 -0.0018455237857433957 -0.0006381422953268499 0.0020434105014899367 1.0
0.06091324003947965 0.2771413407105979 0.7609921729589865 -6.95180855083824e-05 -2.559859012447003e-05 -1.973467404353732e-05 6.725689390935665e-05 0.0 0.004543040857500873 0.23876074037181114 0.7531180328624552 -0.00041980627304656246 -0.0011797352667929474 -0.00020897432142265017 0.0010615154935647744 1.0
0.06079345955207368 0.27702197212475793 0.7608846468926201 -0.00010428184570603617 -9.810853990845864e-05 -9.649253546963654e-05 0.0001908413718565015 0.0 0.004742764073206188 0.23841963046393475 0.7525702961731657 -7.6069665579398134e-06 -0.0003429433758405174 -0.00038294465023987114 0.0006274934012340944 1.0
0.06076151017392709 0.27694013904305276 0.7607442211394378 -4.3046347537309716e-05 -0.00010087369773187974 -0.00015601677327486976 0.0001737629330775802 0.0 0.004711765157809667 0.23817501460024504 0.7521910104266607 0.00010930156240236475 -4.171828420463644e-05 -0.0004637155950156731 0.00045496460099508245 1.0
0.06076848321727341 0.27687577401941277 0.76065356715523 1.2298391416289364e-05 -7.122642496892348e-05 -0.00011054955398198592 0.00010850805777908834 0.0 0.0051659511833283996 0.2387488678898533 0.7519031542116635 0.0004728497607988373 0.0006199221517667198 -0.00044656202434608256 0.0008199528715190632 1.0
0.060760856125653746 0.27685640501507613 0.7606258922640511 6.51986271898231e-06 -2.1524983309943323e-05 -3.456394320776756e-05 3.242461089749585e-05 0.0 0.005945041528300387 0.24025979229433125 0.7517069707865304 0.0008272979312420529 0.001475288273309824 -0.0001861979313354837 0.0016975008903766025 1.0
0.06074427352691367 0.27682808741651815 0.7605983583132047 -1.2547437992227468e-05 -1.3547902703313924e-05 -3.14108553272032e-06 4.257101652920843e-05 0.0 0.007603221136977845 0.24324065492620914 0.7512006026802356 0.001593545992927816 0.0028132446403729876 -0.00041318130571572345 0.0034326997284044366 1.0
0.06071434125464041 0.27679694350011047 0.7605566738490145 -3.746969838513293e-05 -2.6204381877975336e-05 -2.2396433921016974e-05 6.627845520915973e-05 0.0 0.008152117966856406 0.24471772059574107 0.751380304017588 0.0008301799792274011 0.0019300489697236564 2.6938847215028172e-05 0.001643022032484707 1.0
0.06067895797491424 0.27674026967713106 0.7604922264666695 -4.392810499137676e-05 -5.202869662631495e-05 -6.327225760221662e-05 8.85270095265395e-05 0.0 0.008122614812171967 0.2452222981037709 0.7517952122972501 -4.61764921431766e-05 0.0005853844461391391 0.0004567905813508368 0.000544104231968386 1.0
0.060670705619961865 0.2767169402750774 0.7604111236442562 -2.2228260354068712e-05 -4.5408216850793415e-05 -9.938169625189495e-05 8.472611556731127e-05 0.0 0.00819885247997566 0.24546592779587206 0.7525626235832164 -0.00018975270434732646 -0.0001602871886594114 0.0008014954338377391 0.0008400586344062177 1.0
0.060664401875049775 0.2767192366539164 0.7603790252218108 4.555209016541813e-06 -5.060885676508786e-07 -5.2709964418189555e-05 3.219077267777506e-05 0.0 0.008360383493276132 0.24552465787586797 0.7536306563645163 -3.6355019466537025e-05 -0.0002901651494583525 0.001134731352521817 0.001174780684783253 1.0
0.06064112463853514 0.2767044973484473 0.760358916634871 -1.2385476599648077e-05 -2.813566482101138e-06 -1.273638422722131e-05 3.396950567697616e-05 0.0 0.008477780981216347 0.24546123047635118 0.7543755697703688 0.00020046817445182859 -5.2445804311832336e-05 0.0008472142072151801 0.0007305991312404508 1.0
0.060589603686312464 0.27668665836143 0.7603453262876714 -4.8923708291425916e-05 -1.0853814479806678e-05 9.307511305625807e-07 5.791261622980298e-05 0.0 0.008286458699647135 0.24521364021010295 0.7545991886297914 2.395159122648338e-05 1.5292620288321333e-05 0.00021394529451708466 0.0002983095947447701 1.0
0.0605105248125559 0.2766500012456706 0.7603668159360556 -8.370252173501091e-05 -3.781382709144884e-05 2.26403126664009e-05 9.056091562952844e-05 0.0 0.00942444040523522 0.2457857565857409 0.7537154517120419 0.001017324182211855 0.0006466035016604002 -0.000922315978600793 0.0015800523843613491 1.0
0.06040725817805662 0.2766283680387514 0.760370574317115 -0.00011069915328896378 -3.209755883305244e-05 8.305302708424488e-06 0.0001039842754962507 0.0 0.011851666718144463 0.2476926249294745 0.7520284783479337 0.002305512243259743 0.0017557364983767955 -0.0018064081776441821 0.0035666922679652648 1.0
0.060314396621744815 0.2766055464470548 0.760378524634798 -0.00010038740324426425 -2.5732804529384204e-05 2.1159943037823712e-06 9.522890955310134e-05 0.0 0.012160776546983967 0.24765614571175754 0.7514830576299617 0.0009063797685334775 0.00048823712194220946 -0.000939550921104416 0.0006733464028610698 1.0
0.06012889664285723 0.27651908820953547 0.7604196747006946 -0.0001678506999891588 -7.187676257982873e-05 3.154350298935475e-05 0.00020808063389887954 0.0 0.011890466878524323 0.247596712518674 0.7511405616938366 -0.0002929384609968718 -0.0001579517645100663 -0.00020846989986819333 0.00025824154783583083 1.0
0.059898936346441695 0.2762296192848213 0.7604885541639493 -0.00023013003414642293 -0.0002659269812288072 6.972335212151644e-05 0.0003788822936842442 0.0 0.011782750277781237 0.24747262487338326 0.7511175548068679 -0.0005556928101779277 -0.00042336439118218524 0.00027145831269296107 0.0002594204465035528 1.0
0.059011720306513867 0.2749041625847591 0.7603278452509107 -0.0008079977034848865 -0.0012162037974886818 -0.00012109156087550017 0.0015940047791339722 0.0 0.011819748593441946 0.24736263390235663 0.7511262837500349 -0.00026875817027393527 -0.00032654683420532357 0.00023012723991976906 0.00020950809636068372 1.0
0.05731152367386257 0.27236222159538775 0.7602942134770246 -0.0016840297626190095 -0.0025423104480535906 -7.937079195713685e-05 0.003077772643485374 0.0 0.011780487733101433 0.24723711399457288 0.7511541634728075 5.179225706636992e-05 -9.514194052114662e-05 1.1955555615683904e-05 6.708610242508724e-05 1.0
0.05506527754199936 0.26797244071495624 0.7595219757281493 -0.002357889786628961 -0.0044216616926971205 -0.0006783865452860323 0.004983986396049543 0.0 0.01178454900800887 0.24710093052443152 0.7511660261469352 0.00033089105040699416 8.806858244487895e-05 -0.00017172693484763773 7.758943744264225e-05 1.0
0.051440558215601506 0.26270705121710664 0.7578565625937649 -0.0035948977720606456 -0.005525014422686787 -0.001634986626313031 0.006600682761339253 0.0 0.01183077788005279 0.24690878619265477 0.7512463535692667 0.00018759574096419477 -6.565037081626918e-05 -4.511568928757177e-05 0.0002789526958560842 1.0
0.04847258790816082 0.2599676306755391 0.7566220636882978 -0.0032565035040081456 -0.0033312373153984495 -0.0014929600335809676 0.004250516109908864 0.0 0.011818407773088997 0.2467404672131372 0.7513146126111653 -0.00016471929948174606 -0.0003134748249328694 0.00012444266861223025 0.0001645791176740491 1.0
0.04708870071511179 0.25902282246423286 0.7558993529827048 -0.0015545562565326702 -0.0007451971799565215 -0.0008310245464525578 0.0017406651041341388 0.0 0.011802383783712256 0.24660193689310042 0.7513786544783296 -6.751743785272569e-05 -0.0001469964781544428 7.772535236398755e-05 0.00015475889717025666 1.0
0.0469668855488077 0.2586768395934261 0.7556953287268058 0.00013037117513806727 0.0004039815324291593 -9.289446872872865e-05 0.0004419800859128968 0.0 0.011714842280160847 0.24654974543853958 0.75135593434715 -7.20185437437014e-05 -5.9633313192189905e-05 9.474726402713843e-06 0.0001033427960008422 1.0
0.04687246111354919 0.25830592469371966 0.75579652934546 0.0004088829399369182 0.00012144426769663511 0.00032424866836877684 0.00048442454440855443 0.0 0.011668488387241539 0.24652758645925085 0.7513392575748481 -5.950401753428127e-05 -3.3753545496775816e-06 -3.302940222715584e-05 5.519867930833439e-05 1.0
0.04654961235754112 0.2578338907270886 0.7548181081312775 -0.00012005099867053214 -0.0006060569016364016 -0.0006612435610697101 0.001125323568082562 0.0 0.01166302914480582 0.24650119935553824 0.75136149925127 -1.842250161180264e-05 -9.145736329794021e-06 3.465009330778445e-06 3.535438404482131e-05 1.0
0.044408505840501725 0.25550311635241874 0.752506594965343 -0.002141359098489835 -0.0025998348571960217 -0.0023675748643091033 0.0038358839486210706 0.0 0.011670822088107258 0.2464630515880619 0.7513952416973434 2.499101336628994e-05 -3.850498895618911e-05 3.800864527873741e-05 5.029555355546501e-05 1.0
0.04186011876157503 0.2525998105150112 0.7527587995636719 -0.003138450011128099 -0.0034024626288456103 -0.0005909086520938507 0.003946759569629423 0.0 0.011674199246556022 0.24642876146938836 0.7514169307578208 2.1239806148888222e-05 -5.176580531329183e-05 4.297101738358305e-05 4.230341990175924e-05 1.0
0.03856151651757512 0.24970322305076653 0.7527599528205191 -0.003557289248945164 -0.003095499101009913 0.0001880125855717662 0.004310464860490905 0.0 0.011679351950819363 0.24638771609966498 0.7514106165044374 4.534297806235131e-06 -5.0165578083245706e-05 3.862660742113419e-06 3.9952351138955314e-05 1.0
0.035319545113038774 0.24767105154362942 0.7516291960886553 -0.0032879047249891953 -0.0020905575969788095 -0.0005940896833148269 0.004009131340561673 0.0 0.011663130221276042 0.24635175037704757 0.7514265200974602 -2.0481221627077926e-05 -3.828344176177358e-05 3.831357021836707e-06 4.261824453609164e-05 1.0
0.03425158946367923 0.24663472306723774 0.7507381181938142 -0.001183296241366304 -0.0008333377073604734 -0.0008625410799264529 0.0017898156950734519 0.0 0.011875173026993147 0.246557623558238 0.7514070554053259 0.00016656027285845992 0.0001788281920017702 -2.5494835943459592e-05 0.00029485616786651927 1.0
0.03427832641720663 0.24615010961620945 0.7506538555839913 0.00039279855504211023 -9.674652918733448e-05 -0.0003810531804729897 0.00044589238962056306 0.0 0.012312797140675302 0.24685118943518528 0.7513423191753883 0.0004371085883532261 0.0003188647179974098 -6.0558267302862474e-05 0.0005369348024043602 1.0
0.03469646835348799 0.24659872933298724 0.75085986276102 0.0008885557221643197 0.0005784387786008896 3.499227132630758e-05 0.0006363388425457364 0.0 0.012165640318765662 0.246816991426479 0.7512805614406486 -1.894010274166286e-06 5.395048824786961e-05 -6.659087834958069e-05 0.00016605288949384097 1.0
0.03626893331038761 0.24718235044608403 0.7507322403301059 0.001535870955583444 0.000558539948846408 6.39701498186655e-05 0.0017574251777790074 0.0 0.01173192154578384 0.24654958832103419 0.7512713263295071 -0.0004457846215752792 -0.0002708638383274601 -2.026792195963596e-05 0.00048467914288440967 1.0
0.03832604188146592 0.24796855551180957 0.7504149527595829 0.0019752479989904523 0.0006801027699915485 -3.7541197370818784e-05 0.00219597157083943 0.0 0.01165622313643137 0.24641381708173354 0.7513553680282259 -0.0002568723546634815 -0.00024919944408605035 7.926560678094666e-05 0.0002053466264074418 1.0
0.03928736455253125 0.24850054421724013 0.7499527946953454 0.0009739628450911235 0.00046400700125696437 -0.0006103861131048277 0.0011481702181759868 0.0 0.011674027590927245 0.24635577807435013 0.7514273163033215 -2.0441078336982263e-05 -0.00010917049306242651 9.834193282448659e-05 8.566394781168787e-05 1.0
0.03889128780792214 0.24820761366502955 0.7501078617786698 -0.00045339154824845015 -0.0002716034519593337 -0.00015788377584731358 0.0004970667420679592 0.0 0.011673575633702311 0.24631771531894617 0.7514689483324516 8.75862781109651e-05 5.801138008791902e-06 6.128831018631186e-05 4.8419584912214825e-05 1.0
0.03841417844917705 0.24669328166646667 0.7499903574374273 -0.0007882881503480602 -0.0015213498830967654 3.5045582442198246e-06 0.0016208113366279813 0.0 0.011697197194841386 0.24631302816257947 0.7514833470312376 0.00012204349814742116 7.005119107394487e-05 5.40780555736259e-06 3.4968529712565716e-05 1.0
0.0380880344214772 0.24469471794976155 0.7499585669041442 -0.0005990331256427747 -0.00220390617546701 9.404581471302812e-05 0.002099204376634788 1.0 0.011679566901925249 0.24627817046304942 0.7514570657021402 4.755592453076565e-06 -4.7048425011257905e-06 -4.454006997603187e-05 5.290961240402611e-05 1.0
0.03809945021453656 0.24380398967211794 0.7499525767680548 4.678021937794301e-05 -0.0011946013595603828 2.3749959584682194e-05 0.00085115890526883 1.0 0.01165161489086538 0.24624646867180905 0.751474833861845 -0.00010890911538069227 -7.222181262707861e-05 -5.215040609109117e-06 3.291180529292018e-05 1.0
0.03796431331527518 0.24366928771232846 0.7499531055795948 0.0002513625404052507 -3.8043439969022994e-05 -5.097046130043159e-05 0.00010512181072588975 1.0 0.011664531580832388 0.2462369238103122 0.7514985946271976 -3.0041493945451834e-05 -4.2590363685716603e-05 3.0838589708002175e-05 3.63103209890314e-05 1.0
0.03774875044720739 0.24374314345301773 0.7499547843137074 -7.894957083272487e-06 0.0004884797434835126 -3.771417369933955e-05 0.00027824976990323724 1.0 0.011704617894628193 0.2461791296525039 0.751594586503153 6.46137096020319e-05 -4.3783226129634695e-05 0.00010391341207348893 0.00011580706700446534 1.0
0.03769751530543979 0.2444573170628161 0.7500608618577012 -0.00017373696374679577 0.0008901713539342423 9.27759570759122e-05 0.0007819176505709383 1.0 0.011458327474643584 0.24614177924791927 0.7514837620131744 -0.00018863936040146214 -3.937581537244629e-05 -6.501177842370538e-05 0.00027508919135982594 1.0
0.03727154122013245 0.24521922419813302 0.751108418597331 -0.0004990616399511964 0.0007683051794644493 0.0009655788939876627 0.0013311354557414468 1.0 0.011274414184835612 0.24583052400112462 0.7517277202813449 -0.00022678424799052048 -0.00027194738155206444 0.00017112069292193663 0.0004375739373263375 0.0
0.037170492203141586 0.24558585911474273 0.7518067300298813 -0.00020469165574165532 0.000255984013881499 0.000870415885815505 0.0007774101445013231 1.0 0.011180488853127085 0.24555987425221387 0.7520134373914824 -0.00013320036968458116 -0.00031228445121888666 0.0002988505071149356 0.0004035197637558173 0.0
0.036931204982868636 0.24610553309739774 0.7529368974944943 -0.0001913132412163385 0.0003148025754695022 0.0011389301719498606 0.0012397793805350875 1.0 0.011096779656766987 0.24527753643331107 0.752311205054102 -7.38653085147442e-05 -0.00030793647110056554 0.0003345402486835709 0.00041299062319461724 0.0
0.03593160852454268 0.24664263850499554 0.7541953282165106 -0.0008545211964392734 0.0005018951245698597 0.0012511933523285967 0.0017343260761278649 1.0 0.012517866330786899 0.2450412274663187 0.7534310252621911 0.001243061244406602 -0.00023702196311311196 0.001025625251682305 0.001815824174663715 0.0
0.034833773381829636 0.247668427073718 0.7560274364348308 -0.0011986390630462787 0.0009664967349734505 0.0017268360334850995 0.002383276093975208 1.0 0.018167818915792226 0.24484535430130863 0.7569911678399134 0.005288947744313388 -0.0001714030290051982 0.003318999635201992 0.006684703844077739 0.0
0.03534532911080326 0.2515767909352295 0.7595440502903374 0.0001750960393513532 0.003611819634531203 0.003320261439017754 0.0052413583513746375 1.0 0.019083672892215436 0.24448603406155547 0.7577240844705052 0.0023567058150555627 -0.0003073181006762716 0.0015486122540204652 0.0013915770788023158 0.0
0.03871407190349099 0.25911352172915897 0.7623546662058812 0.003178811887044306 0.007557313671817252 0.003208565369931847 0.008753987452029391 1.0 0.01899947054338779 0.24432020645443817 0.7575712148717316 -0.00012964731996380078 -0.00020981924364022272 -0.00015471878546893862 0.0 0.0
0.04700612178186534 0.2657051495958613 0.7653952356778435 0.008246856337480866 0.007579654675055291 0.003131572227197007 0.011045949012441506 1.0 0.01879483468996735 0.244192488957426 0.7575936726937305 -0.0010370839230226185 -0.00014845503248797778 -0.0005214564192535059 0.0003534546787260693 0.0
0.054430405262558525 0.26851489060974026 0.7639440067477493 0.008691969526301038 0.003575199622725056 -0.0009619510293455702 0.00804001822707801 1.0 0.018658568801727022 0.24395232171209352 0.7577976871395873 -0.0007991667058238886 -0.00020029356573923848 -0.00019798309444844515 0.000561669335200327 0.0
0.05710700928950025 0.2692942477105179 0.7646373465874159 0.0036825710970690797 0.00012127871359908298 -0.0003933128569273284 0.0027835977878177534 1.0 0.01852385020968187 0.2437789412539015 0.7578876847718673 -0.00010841428228653305 -0.00018421615578996422 0.00018076925543896054 0.00014177936104945279 0.0
0.057649134411261474 0.26952525057581783 0.7649147765181146 -0.00039142166463023895 -0.0010325951239323855 9.376564113110458e-06 0.0006611935616701789 1.0 0.018415599559237723 0.24370442622001104 0.7579344432600414 0.00048148318927956094 -9.25669708575734e-05 0.0004297781563642327 0.0 0.0
0.05747956768164322 0.27007741377427347 0.7651791587879448 -0.0016767655296711223 -5.540225740012278e-05 0.0005341841895532691 0.0007840577601180164 0.0 0.01816517166927918 0.24366990609807335 0.7580805973927784 0.00022230108523368626 -3.464434797285904e-05 0.00037785638533917917 0.0004286496469731592 0.0
0.06012548933836303 0.2691527299913015 0.7653152824502695 0.001604653097687796 -0.0001399926747296386 0.0006156809891560834 0.0028141666319047277 0.0 0.01797237475370862 0.24378390406624886 0.7580033971909117 -0.0005377440042122674 0.00010388175792775539 -0.0002602014324037099 0.00023151574407719727 0.0
0.061379841418084766 0.2682485508809477 0.7657103573592724 0.0024258119210687425 -0.0002825113407710061 0.0004998791278464317 0.0015315843410913296 0.0 0.01796229135331513 0.24380187736956782 0.7580050181689565 -0.00012085611321935449 7.485050010657974e-05 -9.960527233217949e-05 8.952044886415553e-06 0.0
0.06211664892397982 0.2676651342426241 0.7660067349598236 0.0019370080293246552 -0.0005990829339746345 0.0002358879039007656 0.0008637958580970852 0.0 0.017951898217728145 0.24383364991347492 0.7580079144854511 1.0721567042797558e-05 2.301530169710993e-05 1.1648121604858867e-05 2.089163905389906e-05 0.0
0.062327786486573236 0.2674712725608586 0.7661352725683162 0.0002889534386307461 -0.00042734771861129006 -0.00013056468367908828 0.0003791535463758492 0.0 0.01794384102408562 0.24385616045108188 0.7580029430385105 2.9053400736057532e-05 -7.116902529547806e-06 1.475948499670725e-05 3.7695021979544836e-05 0.0
0.062480122719981414 0.2673168224649217 0.7662517732281505 -0.00048180661072571174 -9.90157168177905e-05 0.0002511879063356937 0.00031828215567524486 0.0 0.017951688734067193 0.2438620837778597 0.7579819150335603 1.3419399194361528e-05 -4.782038701457941e-06 -1.6071471163586732e-05 2.6504433665254425e-05 0.0
0.06261065761413881 0.26717777262763864 0.7663463643727667 -0.00021159610531376735 1.942676423279913e-06 3.448589787553272e-05 0.00021527695111050278 0.0 0.017944406074115512 0.24388001065198903 0.7579315706013526 -2.115258361054474e-05 1.4575435146672427e-05 -4.034489940790742e-05 4.4297867533353395e-05 0.0
0.06261132249810972 0.26715737712242493 0.7663397366178434 0.00010361479765074559 -2.3618262649991047e-05 -1.1066870741628654e-05 0.0 0.0 0.017931488200093333 0.24389154666708437 0.7579193412883481 -3.9549985228546015e-05 2.0929452180388675e-05 -2.1708759118338383e-05 2.315888939283302e-05 0.0
0.06251945001809622 0.26720348021419044 0.7663380806492011 0.00020817444743782425 -0.00011385960525265155 -6.782328023430782e-06 0.00011683061787065704 0.0 0.017904660015515137 0.24391470625595257 0.7578357182728022 -2.5446827443062188e-05 3.312581812051651e-05 -8.768001877763024e-05 9.22476962386943e-05 0.0
0.06248483719150981 0.2671961504248518 0.7663548544127621 -0.00011157039606899928 -1.6774597087983872e-05 3.826073794752842e-05 4.509573992638079e-05 0.0 0.017833851874310913 0.24398834244313197 0.757794323395845 -5.597491688654648e-05 6.27880902868219e-05 -4.5107326769846615e-05 0.00011105458995907746 0.0
