0.06325073564834642 0.2795020444307 0.7640581671289073 0.0 0.0 0.0 0.0 0.0 -0.017051573704182504 0.27955516764783045 0.7643263653423736 0.0 0.0 0.0 6.50259061801571e-07 0.0
0.06325329276534264 0.27949931291705277 0.7640612459751572 2.5571169962185225e-06 -2.7315136472139123e-06 3.078846249948697e-06 4.845545208548636e-06 0.0 -0.01705137884448669 0.27955217378464337 0.764337059450316 1.9485969581303775e-07 -2.993863187084056e-06 1.0694107942410547e-05 9.554745511219168e-06 0.0
0.06326957614913493 0.27950559353071475 0.7640605346357338 1.6283383792295436e-05 6.280613661979739e-06 -7.113394234758985e-07 1.7467131976189658e-05 0.0 -0.016990152741348078 0.2794887868770149 0.7644291546335196 6.122610313861326e-05 -6.338690762847099e-05 9.209518320352217e-05 0.00012743758616256946 0.0
0.06327542606274707 0.2795192597205534 0.7640555009001663 5.849913612132607e-06 1.3666189838668075e-05 -5.033735567483433e-06 1.5694735669621093e-05 0.0 -0.016952465177208227 0.27947822023477353 0.7644576578876673 3.768756413985094e-05 -1.0566642241360835e-05 2.850325414771593e-05 5.285139885182821e-05 0.0
0.0632693573200748 0.2795025463942027 0.7640715975628092 -6.897363210098856e-06 -1.6388064220087577e-05 1.5815974309017485e-05 2.3984733969081377e-05 0.0 -0.016927835359786425 0.2794768188408344 0.7644750954680644 2.1194721123076035e-05 3.276903460829613e-06 1.1534448521962797e-05 2.407242906375057e-05 0.0
0.06326375830470239 0.27950017724684406 0.764073994131318 -5.473287069785391e-06 -4.063823484072467e-06 3.628972673492612e-06 6.534934809547009e-06 0.0 -0.016920126524676112 0.2794820319451452 0.7644867343398866 9.27161514740459e-06 2.3849243972739077e-06 1.5135708247226576e-05 1.5326418083004864e-05 0.0
0.06325303185382095 0.2795098696548257 0.7640888424957372 -1.0374679508046028e-05 8.728424703258081e-06 1.3466930897408443e-05 2.0442005063124516e-05 0.0 -0.016914474541451296 0.27948235405395766 0.7644912076196989 2.257953388704352e-06 6.375443456475563e-07 5.206599144121081e-06 1.1464187998747204e-05 0.0
0.06317936326299227 0.27949933665542126 0.7641819692698816 -6.777015243815175e-05 -5.063479673859788e-06 8.7207652300398e-05 0.00011948024128759059 0.0 -0.01691213953678281 0.2794835997742779 0.7644949540572689 6.884016548660036e-06 -5.290795830454383e-06 1.050207776015992e-05 3.9398700527825606e-06 0.0
0.06313648189110216 0.2794902139880963 0.764227640743171 -5.468336744719234e-05 -8.91407087202279e-06 6.368928732850141e-05 6.676250758298841e-05 0.0 -0.01691257320218901 0.2794838742134393 0.7644923957301891 1.9637164575394493e-06 -5.2871474014299345e-06 4.082884184681986e-06 0.0 0.0
0.06310186307080155 0.27948041877857316 0.7642498702868253 -3.694611967299307e-05 -9.931848906811366e-06 2.7422190920705707e-05 3.73093397141365e-05 0.0 -0.016913804110105513 0.27948800091570114 0.7644879757304122 5.36668880861635e-06 -2.6817379096915315e-06 2.794682067179287e-06 8.18793216531772e-06 0.0
0.06305137395202232 0.27947121812469355 0.7642933428575165 -4.353851002042351e-05 -1.0780335136126814e-05 3.099574755105489e-05 6.68673972428849e-05 0.0 -0.0169103005729842 0.2794888540241651 0.764482411846206 2.5784948478737048e-06 5.228580255032443e-06 -9.635655276101838e-06 6.340009709312751e-06 0.0
0.0630379881622147 0.27947334055014494 0.7642998832334625 -1.4534823215832873e-05 -1.0270287092983618e-06 5.309981806789079e-06 2.0490589371338956e-05 0.0 -0.016906697262596113 0.27948418576972905 0.7644838049032845 3.898257094476712e-06 -2.9415410985250032e-06 1.5473929287188086e-08 6.055768296335679e-06 0.0
0.06303025278810974 0.27947679101988243 0.7643016812512372 -2.2029799664980624e-06 7.53883876491093e-06 -4.0757380058541255e-06 5.698480866489557e-06 0.0 -0.016899296192398605 0.2794812880250146 0.7644878845862467 6.8295787049930196e-06 -3.8042884737567483e-06 4.846520300376287e-06 8.816761407699648e-06 0.0
0.06302285152807757 0.27947030133441253 0.7643007795039165 -5.428832485613456e-06 -2.5336457656881716e-06 8.677132454722258e-07 7.977891488575848e-06 0.0 -0.016895745523899962 0.27947350564046514 0.7645041322427316 4.856565154603797e-06 -8.127573220962018e-06 1.5993212674450215e-05 1.8445707250571636e-05 0.0
0.0630166117372293 0.27947029188681766 0.7643035839064832 -9.741714683525726e-06 -3.607783721246924e-06 7.537768066728632e-06 9.959004867732838e-06 0.0 -0.016896788286797988 0.2794707108900093 0.7645075407568882 -1.0418484443380363e-06 -3.95371187352803e-06 7.556049667792394e-06 4.952663983048901e-06 0.0
0.06301369397978612 0.2794709105382807 0.7643034964327501 -3.0196546520664763e-06 -7.355482042696046e-07 -1.1740139502925128e-06 2.023649370311501e-06 0.0 -0.016894310591313126 0.279465372635499 0.7645031530090771 2.3637538330590906e-07 -4.1733693070654505e-06 -4.581422905291017e-06 6.446471934636751e-06 0.0
0.06300244959806174 0.27946139266182224 0.7642950856007568 -1.2598489852144643e-05 -8.413783846071701e-06 -5.277003833119495e-06 1.5478955099173466e-05 0.0 -0.016897295816153193 0.2794689902220161 0.7645052078460579 -2.730142164777529e-06 3.242413709885979e-06 -2.5117639438556096e-06 5.619320205353794e-06 0.0
0.06298966710014686 0.2794622205431951 0.7642929700327052 -1.5380789821039265e-05 -1.2818863380574142e-06 -1.9817370719527887e-06 1.4867397502533526e-05 0.0 -0.016887617553142168 0.2794122605647806 0.764523747200702 7.880191345704805e-06 -4.713011667387533e-05 1.4672710899088731e-05 6.021112696802156e-05 0.0
0.06296168149327341 0.2794517440180327 0.7642889164359992 -2.463204076065e-05 -7.541810686682608e-06 -6.553138836843745e-06 2.9196704158425372e-05 0.0 -0.016842324737170938 0.2792141298085819 0.7644987403951243 4.212135329942326e-05 -0.00018600068481557693 -1.5210916787261777e-05 0.00020497057266387735 0.0
0.06292527699181574 0.27944830378884583 0.7642906208019133 -3.756176532617526e-05 -5.231737352126081e-06 9.97033440056892e-07 3.687568295645909e-05 0.0 -0.016757634774231762 0.2788363353852877 0.7644020281626506 8.609498329870623e-05 -0.0003797460387855759 -8.878899013308955e-05 0.00040007241724691195 0.0
0.0628787595570384 0.2794382439614875 0.7642946159724663 -4.7653819807608944e-05 -9.402815488847142e-06 5.041801597097577e-06 4.775499992128523e-05 0.0 -0.016602048232925028 0.2780904684275689 0.7641451348211562 0.00015539972689169266 -0.0007373415050990484 -0.0002485468396898148 0.0008019407882216946 0.0
0.06283012380699869 0.27943138358147096 0.7642900347759556 -4.9841411379962246e-05 -6.963214244809495e-06 -1.8708558071252627e-06 4.938131807814891e-05 0.0 -0.016347546405625524 0.27717453253065233 0.7636275918697448 0.0002543000522587702 -0.0009606635208669242 -0.0005149402015793602 0.0010865520544115453 0.0
0.06271540765795662 0.27940569470349663 0.7642910358185158 -0.00010505588786043004 -2.3142240440999975e-05 -1.2400253554001055e-06 0.00011660635438804758 0.0 -0.015902045752532387 0.2749659112367357 0.7622499724402277 0.00043698745253659176 -0.0020764118523896617 -0.0013104240637508678 0.002624852987027415 0.0
0.06265650546453835 0.27940362966133286 0.7643006015432219 -7.482230422440277e-05 -8.113807445585034e-06 7.105029905422091e-06 6.278984407004404e-05 0.0 -0.015853769276130875 0.2739529360041602 0.7614947040460361 0.00013611583233310784 -0.0013550443907742544 -0.000985732057293622 0.0013197060596389907 0.0
0.06262026646795485 0.2794017367583546 0.7643098275917289 -3.783123313119795e-05 -5.0921075473561844e-08 1.0894875341368728e-05 3.360864709268828e-05 0.0 -0.015969876325345005 0.27296102407244793 0.7606653640964735 -0.00013537368428041496 -0.0009355429409136338 -0.0008124216148192709 0.0012110508212146846 0.0
0.06259487710115955 0.2794045995093319 0.7643157430059058 -1.6831429671565534e-05 4.518620054962969e-06 7.74991415874109e-06 2.668723829866352e-05 0.0 -0.016101770157119333 0.27225831718460514 0.7599679446929258 -0.0002143730901436723 -0.0005549604477320869 -0.0006152104966760938 0.0010334251880746443 0.0
0.06258314762771165 0.27940167681524714 0.7643246061433862 -3.673071712531672e-06 5.740350265210859e-07 8.59312701953862e-06 1.7493220167297903e-05 0.0 -0.01624783753927619 0.27148038243702893 0.7590132745181032 -0.00019050709037448177 -0.0005998535743303908 -0.0008101821173422323 0.0012749150591579651 0.0
0.06257517369798374 0.2793951832248321 0.7643161118847377 -5.018553721104763e-06 -7.166625869540772e-06 -7.061594318416087e-06 1.2918845998099375e-05 0.0 -0.016381595315295674 0.2709455985930319 0.7581479136829852 -0.00011665491401280679 -0.000560237651479708 -0.0008854606752163915 0.0010240193355099754 0.0
0.06257648958844153 0.279388847112933 0.7643137966382996 -4.42757752516129e-06 -9.311482951679837e-06 -6.6968514799832215e-06 4.8717512840493435e-06 0.0 -0.0165415057706501 0.27043892721140445 0.7572521088445233 -0.00010006937566813293 -0.0005949580238202829 -0.000969637652234828 0.0009877610787322865 0.0
0.0625823144069307 0.27938149269268875 0.7643006443993138 -1.3266277072636839e-06 -9.63889700881719e-06 -1.220982384256192e-05 1.726062762515387e-05 0.0 -0.016855332628316698 0.26991128509692647 0.7559355235548508 -0.0002603707351801391 -0.0006229136636386264 -0.001322919683119666 0.0014861413589480471 0.0
0.06260698752111903 0.27937715020978615 0.7642934245130283 2.526074529126585e-05 -3.1310775084236915e-06 -8.200331098490092e-06 2.619362245705252e-05 0.0 -0.01721992975161562 0.2693796943965845 0.7545918413388288 -0.0004060559190593061 -0.00046571490274679604 -0.0013468983428724293 0.001497898433266013 0.0
0.0626394907628891 0.27936032280182543 0.7642707731483701 3.451753777481531e-05 -1.394465274527396e-05 -1.9624398185306634e-05 4.293886478395046e-05 0.0 -0.01753174816210557 0.26888295487063396 0.7534736168098136 -0.0003564123996259802 -0.0005214659377709477 -0.0011962455244798132 0.0012571830986135449 0.0
0.06267055638663478 0.2793341535211343 0.7642395028654694 3.410408058299916e-05 -2.5543661513460067e-05 -3.0762245706456396e-05 5.132115971420404e-05 0.0 -0.017855080013815892 0.2683839481298686 0.7525321072999978 -0.0003201086123157562 -0.0004976878792320201 -0.0009313262694194702 0.001092788326033813 0.0
0.06268188512718298 0.2793145048074046 0.7642140448181932 1.453910639832093e-05 -2.3699956224876957e-05 -2.8562093865274347e-05 3.400636534602863e-05 0.0 -0.018131326529907312 0.2679262336807788 0.7518626894831819 -0.00026289238524327253 -0.00046807445399438795 -0.000633648380823597 0.0008765941233750513 0.0
0.06269927677384997 0.2792838715634295 0.7641653963517845 1.1617257834248906e-05 -2.9725441204055994e-05 -4.643562680061486e-05 5.925543291792456e-05 0.0 -0.01880834075143467 0.267180904151631 0.7506489656286378 -0.0005953346133059409 -0.000679918273010358 -0.0010295152258581854 0.0015719820014888604 0.0
0.06270875875256986 0.27927091010100175 0.7641405523951953 7.251548844061267e-06 -1.534089691417209e-05 -2.9375269404982558e-05 3.138669333634104e-05 0.0 -0.019371174381607632 0.2669166754322733 0.7502222032105708 -0.0006304243423473054 -0.00036854064142914514 -0.0005979767487840761 0.0007813671552667943 0.0
0.06270513035588482 0.27924843401524313 0.7641165190256866 -2.610756358377185e-06 -1.8081172731449002e-05 -2.2232438622276863e-05 3.169735737682273e-05 0.0 -0.01958084056264183 0.26671032236893677 0.7501264397912267 -0.00030616174132776165 -0.00018577054806593035 -0.0001632999740123406 0.00026431979525378345 0.0
0.06270960291215813 0.2791891280774266 0.7640560017975062 3.692797090060582e-06 -5.270558610829667e-05 -5.1527385259133335e-05 8.449334400944511e-05 0.0 -0.01971858375987403 0.2664519368066576 0.7500047585877868 -9.148792461456993e-05 -0.0001887067045035556 -2.0812762874850357e-05 0.0003166987899729057 1.0
0.06272380273340528 0.2791774940815768 0.7640290204100113 1.419195692117537e-05 -2.511962746022904e-05 -3.6209130169931236e-05 3.544955529674422e-05 0.0 -0.019742606027496112 0.26637287951139876 0.7499276207319346 4.887615568688596e-05 -7.987964192782224e-05 -8.077754503609544e-06 0.0001541927900656039 1.0
0.06274353003194141 0.279169994539585 0.7639695188389534 2.1568741733808496e-05 -7.141282688403171e-06 -5.5306555341635825e-05 5.948528821065003e-05 0.0 -0.01962186792913529 0.26620565637752003 0.7497234918566259 0.00014983030340099657 -0.00015386966793243332 -0.00019532602094382762 0.0002787090998078057 1.0
0.06275062385107473 0.27917067177122573 0.7639449060160548 1.1295232012493113e-05 5.7144528708620504e-06 -3.167297198425801e-05 2.708104973865572e-05 0.0 -0.01958397448897498 0.2661522746651749 0.7496815425457413 4.875560363727465e-05 -0.00010338463667261034 -0.00015433884655482425 5.665889266754948e-05 1.0
0.06275001564478382 0.2791574011414581 0.7639244574194823 3.2840163398987785e-07 -6.382800251462709e-06 -1.868270663829894e-05 2.4916780460755685e-05 0.0 -0.019588784702377987 0.26611976292832634 0.7496393531547698 -6.10750426858193e-05 -5.5778247988171265e-05 -0.00010878385402745899 6.211656920958406e-05 1.0
0.06274973050910758 0.27915120714557556 0.7638968336525762 -4.998917080206289e-06 -7.816050079858345e-06 -1.984831564672227e-05 2.7993545178503986e-05 0.0 -0.01961599586990592 0.2661108880612806 0.7496275215221895 -5.249472531490898e-05 2.6393098993902583e-05 5.4106610041756206e-05 3.365338927593009e-05 1.0
0.06275654708713667 0.2791564889288528 0.7638736952568133 2.52878439759342e-06 -2.0413727270631212e-06 -2.394910092082774e-05 2.4492814490835314e-05 0.0 -0.01964567955557718 0.26611566009949617 0.7496527328421522 -3.6931407354799336e-05 5.044759882509456e-06 5.5397846657718975e-05 4.0591233881418116e-05 1.0
0.06276333820776044 0.2791519912115534 0.7638510085595727 8.958703125628336e-06 -4.839014580796723e-06 -2.6119733200859715e-05 2.4754860950992072e-05 0.0 -0.019730062848656332 0.2661986456502903 0.7497014069408643 -8.140484472392949e-05 6.889538846432331e-05 4.879279358926168e-05 0.00012941178873328334 1.0
0.06276335493720867 0.27912130079695446 0.7638161212593532 4.312573470635972e-06 -2.312472738751016e-05 -3.340496716164436e-05 4.4917885024643324e-05 0.0 -0.01978895065612612 0.2662551223432042 0.7497112787283821 -5.2536096083920334e-05 7.426393719724408e-05 1.2877502500237322e-05 7.783239393247319e-05 1.0
0.06276581158004398 0.27909359955420865 0.7637780612959599 2.3397808249188443e-06 -3.2178967230399576e-05 -4.165998674713824e-05 4.9001237699360704e-05 0.0 -0.01979275079955696 0.2662409823707202 0.7497204443849167 2.375845481948417e-06 -9.852017366600982e-06 -6.733020064581471e-06 1.8544499270994492e-05 1.0
0.06276494404408758 0.27904223184780297 0.7637275002310576 -2.3640086117356157e-06 -5.174063479941997e-05 -4.805140728158419e-05 7.091657558779449e-05 0.0 -0.019771257996895313 0.266224216054002 0.7497669256809506 2.5631430693331814e-05 -2.5145152992885983e-05 4.1743499181002127e-05 5.078449268091544e-05 1.0
0.06276511269460132 0.2789962426967376 0.7636728409218243 -1.3433667418707567e-06 -5.094610434572478e-05 -5.631406510151237e-05 7.183359985795691e-05 0.0 -0.019778282125958953 0.2662234661061055 0.7498077296197218 9.666929189480213e-06 -1.9059935466638812e-05 4.097402445034056e-05 4.767056860709291e-05 1.0
0.06277730850673552 0.27897521695512834 0.7636395896809575 1.0807879005108674e-05 -2.3009328302387083e-05 -3.785803904101695e-05 4.1304357735637564e-05 0.0 -0.01980362419442297 0.2662454690224716 0.7498476175766021 -2.262254931233263e-05 1.7564959033688133e-05 4.6904578769082184e-05 5.069817927348821e-05 1.0
0.06278130471726306 0.27893339058654315 0.7636007923289266 7.878601196837818e-06 -3.1683127596860915e-05 -3.37722522701407e-05 5.599352915153912e-05 0.0 -0.019832470373395788 0.26627063554962455 0.749900151580976 -4.134570575681461e-05 3.888259289310781e-05 5.5901854577074136e-05 6.143940668308907e-05 1.0
0.06277304462627595 0.2789193026135815 0.7635777076361421 -6.081562541282526e-06 -1.6473362692920585e-05 -2.1916001780165894e-05 3.0107602152987057e-05 0.0 -0.019854156362419294 0.2662952045477075 0.7499444345183193 -3.684693556760284e-05 4.0315269413924346e-05 4.5849846499260865e-05 5.7252146591643345e-05 1.0
0.06275918614007175 0.27889904082408185 0.7635642878774016 -1.6089543054372292e-05 -1.820707668675411e-05 -1.2558371126889353e-05 2.726316228069646e-05 0.0 -0.019867999973110662 0.2663796108752483 0.7500436538553317 -1.282546278776655e-05 7.386511288425523e-05 8.620391730148922e-05 0.00013054428647778205 1.0
0.06273640167349236 0.2788681658597885 0.763538940012511 -2.4780991693299213e-05 -2.9192896146601253e-05 -2.2061415227500716e-05 4.52703611765188e-05 0.0 -0.0198849887652884 0.2664479881321887 0.7501419901378444 -6.669775418527836e-06 7.054236644204296e-05 0.0001054023537248486 0.00012260399660904295 1.0
0.06270129845114288 0.27884126142703636 0.7635152307032582 -3.589549876577339e-05 -3.1821266392814294e-05 -2.674083589476903e-05 5.1355647513613724e-05 0.0 -0.019876018602964 0.2665667540833803 0.7503018945322185 9.86527989714647e-06 0.00011392302383471601 0.0001593613308418497 0.00019706176631264073 1.0
0.0626593447176716 0.2788247083271 0.7634971082093611 -4.1997550822959237e-05 -1.924444089870398e-05 -2.1556914314022363e-05 4.832049167350657e-05 0.0 -0.01986911115410097 0.2668067746813332 0.7505707615139854 8.325184984358678e-06 0.00022872559592956165 0.0002612659751552431 0.0003605347003016217 1.0
0.06263058040467247 0.27880825507187157 0.7634722581712864 -3.053504136297366e-05 -1.4507492668800689e-05 -2.3647331496584244e-05 4.0274825818754947e-05 0.0 -0.019802232911772338 0.2670351721238895 0.7509048845009968 5.86286845227856e-05 0.00024948735969555677 0.0003433298918390416 0.00041423086027683303 1.0
0.06259535628575451 0.278773508645421 0.763427069376719 -3.241137642694088e-05 -3.1115533982479574e-05 -4.293190700941905e-05 6.766933930811003e-05 0.0 -0.019637831067075173 0.26715776268712155 0.7512764347613682 0.00015809421215877745 0.00014685416293895814 0.0003847567915638847 0.000420856247620507 1.0
0.06255923900996256 0.2787406934048968 0.7633877693387967 -3.4184479135784884e-05 -3.303560909396332e-05 -4.187565487956416e-05 6.38376898949153e-05 0.0 -0.019397891415168646 0.2672090017928523 0.7518446987927245 0.0002486710220882106 4.1187485366240726e-05 0.0005469933415689354 0.0006143035416164721 1.0
0.06251754933195428 0.2787106027263293 0.7633366309325477 -4.037399740576521e-05 -3.4051543610694155e-05 -5.094983072165748e-05 7.121310947385736e-05 0.0 -0.019190668776821056 0.26726743799625446 0.752567100048484 0.0002327663391518631 2.3292142628272684e-05 0.0007213493415308375 0.0007631143631888949 1.0
0.06243901070504731 0.2786567042105918 0.7632741841713098 -7.530690488620508e-05 -5.165301608013886e-05 -6.256417382659183e-05 0.00011352427061969109 0.0 -0.018832060832933203 0.26714184167806765 0.7535132296792161 0.0003359804012027907 -0.00011881125183435185 0.0009436101591840964 0.0010163828702331598 1.0
0.06234772379842004 0.27860363318906745 0.7632302265363572 -9.67841339539564e-05 -5.439443131509965e-05 -4.708637614063206e-05 0.00011606682831933902 0.0 -0.01812811386059518 0.26665909847790076 0.7546237188851482 0.0006600921192978534 -0.00044437650579297707 0.0011314859188397033 0.0013973608851469525 1.0
0.06223020130679017 0.2785232715166566 0.7631694579499799 -0.00012003089007453084 -7.70528104106281e-05 -5.537074720182027e-05 0.00015334444415110487 0.0 -0.016933364856250674 0.26561167446878436 0.7561898912217001 0.0011760437431606514 -0.0010155864794935713 0.0015378533813114339 0.0022308314047317125 1.0
0.06217106180765467 0.27849615678560347 0.7631447698945384 -7.106539469675375e-05 -3.863499375648821e-05 -2.9655921959090455e-05 7.080484596704443e-05 0.0 -0.015719211248318418 0.2642383128623092 0.7574421009900472 0.001322037619531257 -0.0014443346722934865 0.0013533113894662872 0.0022375466014796807 1.0
0.06210210228670798 0.278476267074718 0.763121604911693 -5.908596684846644e-05 -1.6085820193937716e-05 -1.9709089336243956e-05 7.267757948138811e-05 0.0 -0.014243242030264757 0.2623084592459133 0.758454136395662 0.001496524602640985 -0.001956380745830632 0.0010231429757054425 0.0026015904633897267 1.0
0.06205463306257139 0.2784532395366034 0.7631038963381832 -4.031824624867628e-05 -1.2909760478378185e-05 -1.4008246438577971e-05 5.829772540131493e-05 0.0 -0.012521714755982174 0.2598759529033174 0.7596538011506309 0.0016866931697942847 -0.0024355471891459495 0.001078182581567602 0.003221045189293013 1.0
0.061967077127310165 0.2783774233823053 0.7630540916173538 -7.651619015776742e-05 -6.508020007283687e-05 -4.518503530128047e-05 0.00012573627608810105 0.0 -0.010408047176126674 0.25713120705263287 0.7603255981275019 0.0020448187100179068 -0.0027529562319870723 0.0006961375352044841 0.003550732036039392 1.0
0.06187769658888169 0.27830196990905154 0.7629979633189038 -9.75856594353296e-05 -8.740156473440399e-05 -6.184964077896848e-05 0.00013120495845698001 0.0 -0.008733242073767553 0.25521127337605776 0.7609080810918853 0.0017829185773864035 -0.0020700960137219914 0.000544483504399402 0.0026113186216391443 1.0
0.061774986166548654 0.2782214472468473 0.7629215335726014 -0.000110993611346787 -9.131641733177977e-05 -8.028490974639724e-05 0.00014775654060083816 0.0 -0.007079961110030439 0.2533610617632946 0.7611258114231908 0.0016356904199633382 -0.001720606496119675 0.00025009188307622285 0.0024404536574535425 1.0
0.0617154983189538 0.27817852344722577 0.7628876634301255 -7.121203165049021e-05 -5.1752757024978554e-05 -4.571367968041591e-05 8.288951604564208e-05 0.0 -0.005528068117939006 0.2516722448318302 0.7612910943758792 0.0014983737047750637 -0.0015421522445523061 0.00015046081016959812 0.0023447601165886888 1.0
0.06168495061840937 0.27815080481827614 0.7628677447528545 -2.422584116184175e-05 -1.639011400623228e-05 -1.3376305025732139e-05 4.3878546211262136e-05 0.0 -0.00439406584537334 0.25041368862380364 0.7611696186089906 0.001116906112622571 -0.001231470358402282 -0.00012139587375228369 0.0017162519363861776 1.0
0.06166831315368199 0.2781308751432602 0.7628537205589672 -6.3742219671349294e-06 -9.014929864612123e-06 -4.180803839684175e-06 3.1598795218921994e-05 0.0 -0.003898107142795392 0.24982609135225517 0.7609770619850597 0.0005350812784229086 -0.0006829405457344348 -0.00019218361779052085 0.0007610397838527612 1.0
0.0616528517622644 0.27809645205554817 0.7628371877053782 -6.850591294881639e-06 -2.8689778847226458e-05 -1.0522976542676937e-05 4.13591231076424e-05 0.0 -0.003357073326465209 0.24921057690048062 0.7605663437755474 0.0004490327600314575 -0.0005782391325976871 -0.00036480004185273176 0.000892416954445903 1.0
0.06164093180077471 0.2780557304718315 0.7628060844050834 -1.610186810642131e-05 -4.762978011558746e-05 -3.291212896880068e-05 5.276026158940311e-05 0.0 -0.0031428575285943755 0.24900032925568394 0.7602616525966535 0.00023280200615391727 -0.00024159722075470756 -0.00035764644394693855 0.00048657258604955546 1.0
0.0616371842198693 0.2780196830877878 0.7627703371690755 -1.0814522964355043e-05 -4.4079374294933205e-05 -4.283449143306361e-05 4.923098089328111e-05 0.0 -0.002977607623856282 0.24885635404614892 0.7597974177825875 0.00014781522420420027 -9.559157768008726e-05 -0.0004249170390811472 0.00048379451394138214 1.0
0.061642982906537684 0.2779917327042612 0.7627233797698003 7.590657936779033e-07 -3.202645898680647e-05 -5.146448463680877e-05 5.529977113578495e-05 0.0 -0.0028429034189160207 0.24882130806684313 0.7594618736665543 0.0001879812623009861 -8.87662885953786e-05 -0.0003561827136170794 0.00035727112794373605 1.0
0.06164692725411664 0.2779656846596075 0.7626861993963668 7.93948045038822e-06 -2.1491048134854583e-05 -3.815062118742094e-05 4.6068258464894825e-05 0.0 -0.0026617823150509195 0.24879298752494158 0.7591816242517118 0.00021526073946525346 -5.722712208260615e-05 -0.00026372588568497856 0.00033906944971173313 1.0
0.06165178502847476 0.2779260968646406 0.7626361858494811 7.10039812702564e-06 -3.3536000281196655e-05 -4.569537959656691e-05 6.38614624736289e-05 0.0 -0.002186874175905299 0.24868597621907487 0.7586771050183684 0.00043873404186398285 -9.238810315213841e-05 -0.00045874981448735207 0.0007048576416879078 1.0
0.06164843437996873 0.2779144818643048 0.7626168120768024 -2.37867771074196e-06 -1.6410079179536493e-05 -2.214748451678242e-05 2.3764582808532593e-05 0.0 -0.0016901990523788223 0.24837385723155647 0.7584396324845808 0.0005293615740351242 -0.00028857031426709687 -0.0002982063702647178 0.0006365482425022592 1.0
0.06164062768969161 0.2778965572459932 0.7626047013758354 -9.790013147168158e-06 -1.6839966006933495e-05 -8.949362854686829e-06 2.1126660349331518e-05 0.0 -0.0005198086792628828 0.24806736949248726 0.7584164452734141 0.001127522866666907 -0.0003678224486345968 -5.660196106926609e-05 0.0012001261368159758 1.0
0.061636384317444504 0.2778825007794454 0.7625953809542659 -6.903794863608169e-06 -1.3506698537692136e-05 -5.827033402941109e-06 1.841549749142198e-05 0.0 0.00018820393136939457 0.24804021907043244 0.7585020241721451 0.0008472540748077191 -7.324611836644242e-05 0.00012525257175402185 0.0007276702237920192 1.0
0.06161282589762235 0.27783614481864727 0.7625513600996635 -2.02962660390633e-05 -4.069948879160917e-05 -3.777605888181895e-05 6.819314817533363e-05 0.0 0.0013248159349314524 0.24782356490787688 0.7584889665297984 0.0010581963657772691 -0.0001395428944519963 4.5026609134699426e-05 0.0011321392556287435 1.0
0.06160673740314746 0.2778265619418366 0.7625413536941849 -9.501591724193904e-06 -1.9640644571057433e-05 -2.1895623387031204e-05 1.6889617892906593e-05 0.0 0.0017457256849862021 0.2475929498540007 0.7583457244936916 0.0004953690119320613 -0.00018814623468018236 -0.00012094495012824344 0.0005311414394549475 1.0
0.0615944858911561 0.27781090190174007 0.7625283597469206 -1.0239724006476111e-05 -1.5213605113200261e-05 -1.4592235977295178e-05 1.9638973963974132e-05 0.0 0.001938972616770348 0.2474729495472953 0.758191210146987 0.00011327149515085484 -0.0001411826006475473 -0.00022086851973451138 0.0002529630021633578 1.0
0.061550345146516555 0.27778271336845206 0.7625104066135078 -3.815647150823884e-05 -2.383683858484963e-05 -1.5682181269265674e-05 5.722883004582422e-05 0.0 0.0020960456475812355 0.24735560807645782 0.757932021288272 4.458245499654508e-05 -0.00013316563945247 -0.0003096836084834443 0.0003296769980923563 1.0
0.06151141381975069 0.27776355041313944 0.7625013891036181 -4.4028040602997783e-05 -1.8321356251955273e-05 -6.350551368216273e-06 4.664964203659584e-05 0.0 0.002235536508688961 0.2473713504831638 0.7577661890130728 0.00010707087029997127 -1.2019823860093883e-05 -0.00017940629145828677 0.00022752101163237514 1.0
0.061475386431334204 0.27772830940508214 0.7624795225399538 -3.975005092977606e-05 -3.4101501728464165e-05 -1.8839287642571315e-05 5.277536151958389e-05 0.0 0.002391760272251772 0.2474893467880763 0.7576069194626441 0.00022539358611748837 0.0001387517478382991 -0.0001248287480014115 0.0002529421045364675 1.0
0.06144052830520912 0.2777158218464312 0.7624651525610212 -3.456222125029646e-05 -1.907564778356444e-05 -1.8436860084468115e-05 3.8775851771609544e-05 0.0 0.0027999383258244977 0.24772759404834482 0.7574200077878546 0.00042152104805232395 0.000264712189433964 -0.00014921211378338416 0.0004855217137477994 1.0
0.06142789084625667 0.277705409366226 0.7624556059585501 -1.3345311629579179e-05 -1.0400945608521565e-05 -1.2800750536341477e-05 2.0742062677023882e-05 0.0 0.0031492616853816577 0.24780814924901196 0.7574002653167682 0.00045682385534532503 0.00010869885166055891 -4.161475276274691e-05 0.00038489571684131635 1.0
0.06141181013811706 0.2777076696230013 0.7624298195894276 -8.586801023937537e-06 6.499541235231959e-06 -1.9825320944333285e-05 2.9511774504522388e-05 0.0 0.003736069288340978 0.24785995240629696 0.7574644030841241 0.0005320223305964752 3.370038789192716e-05 6.450325151804358e-05 0.0005754662923287944 1.0
0.061363950025957535 0.2776886248450018 0.7624022223361002 -4.201079824280013e-05 -1.3650329827421376e-05 -2.8858430810201973e-05 5.890050201369183e-05 0.0 0.004006064225493554 0.24789622379862242 0.7573631953802596 0.00032559168441570534 1.6877135319684814e-06 -5.452401757189729e-05 0.00029977442208346653 1.0
0.061327163027002925 0.27767296873631575 0.7623961417014207 -4.594202000078533e-05 -1.919593306726236e-05 -1.1302250284910443e-05 4.161008873086454e-05 0.0 0.004219894852489031 0.24769724802725399 0.757081853954085 0.00017895097116150122 -0.00019277400012434546 -0.00027551077157574803 0.0003981838247687052 1.0
0.06130494514445124 0.2776606976981495 0.7623883267837468 -2.8351663071087342e-05 -1.6309519845879575e-05 -5.104808782669849e-06 2.419178575400057e-05 0.0 0.004538038024926965 0.247065858506706 0.7564262431195597 0.0002380812287773178 -0.000593609175092516 -0.0006543487780032219 0.0009665940116508785 1.0
0.061298275341524475 0.27765817619520944 0.7623758575334687 -6.979566384988899e-06 -5.718155784333531e-06 -9.394627360235982e-06 1.4712610568362454e-05 0.0 0.004668556957964907 0.24685533513274555 0.7561909398537099 0.00014739421938749132 -0.00033673914412333795 -0.00039158150956341225 0.0003646503193709712 1.0
0.06127371015738655 0.2776460495225644 0.7623430762599078 -1.5009569024076391e-05 -6.60670837412477e-06 -2.8654961965572836e-05 4.377792745053968e-05 0.0 0.0047953988865444 0.24645668986037583 0.7560053568311148 0.00013909424960831943 -0.0003508182959861923 -0.00017477986424705957 0.0004180462282896332 1.0
0.06125038640456408 0.27763258975916755 0.7623236189051439 -2.0657024369369186e-05 -1.1800314723489785e-05 -2.6064459698000877e-05 3.422236971505865e-05 0.0 0.005013618037087408 0.24595591754113694 0.7559658127775505 0.00020938153073953258 -0.00044998056346573923 4.0161457470989025e-05 0.0005569041029179747 1.0
0.061218945831380316 0.27760086048123367 0.7622794504867261 -3.453989093952346e-05 -3.0003031149309898e-05 -4.41801661786059e-05 6.051740596638684e-05 0.0 0.005344908896293622 0.2454172876125886 0.7557772429313635 0.0003433920853148663 -0.0005117008298574441 -8.281545327315359e-05 0.0006875689059922612 1.0
0.0611992133139111 0.2775802631103843 0.7622539483610428 -2.748236388205566e-05 -2.765143505314276e-05 -2.9785875497132223e-05 3.9573584257240626e-05 0.0 0.005529758390398275 0.24479623328254224 0.7555818700022863 0.00021836455058340794 -0.0006248031809502446 -0.000211840386926118 0.0006623903791775967 1.0
0.06117705293444504 0.27756002765413224 0.7622346701012928 -2.029604215362211e-05 -2.07346275110564e-05 -1.6705441286552432e-05 3.4817426888013385e-05 0.0 0.005701085144845524 0.24392367202766288 0.755385739052889 0.00017860198905254393 -0.0008866637863470942 -0.0002667355690199884 0.0008905011483533295 1.0
0.061145367721150326 0.27753250201790636 0.7622062252364711 -2.687535916868453e-05 -2.3958944190192604e-05 -2.344618402470449e-05 5.107837093885946e-05 0.0 0.005763627432804694 0.24368576456205798 0.7552541387722701 5.956125658909255e-05 -0.00038165357367377973 -0.00019016295718211809 0.0003108269355801053 1.0
0.061107710443566714 0.27751499343285085 0.7621757357511807 -3.654881978078933e-05 -1.734376583290967e-05 -2.9830953921457532e-05 5.228816347182467e-05 0.0 0.005829575255678545 0.2435471192624531 0.7551405112911007 1.6627964868705456e-05 -4.903472932230675e-05 -7.764739958792874e-05 0.00016059820475383343 1.0
0.061037820988039775 0.2774815002400445 0.7621486586030631 -6.893477504971333e-05 -3.0716663158889336e-05 -2.998120681800081e-05 8.151181351935216e-05 0.0 0.006018267721757808 0.24355207308111337 0.7548621316888193 0.00016048084527971993 7.427644487091644e-05 -0.00022851112221501535 0.0003488917377556086 1.0
0.06092247359724416 0.2773877707617103 0.7620807865243274 -0.000114874856177449 -8.721208856591001e-05 -6.293941842589746e-05 0.00016245478851997346 0.0 0.006270402480339925 0.24367812363366126 0.7543484418733957 0.00028079481026619735 0.00016478317468415353 -0.0004890147105090258 0.0006022769073334132 1.0
0.060756079462131865 0.2771828698399425 0.7619244264132491 -0.0001691163002078716 -0.00020040988341207185 -0.00015087028901621062 0.0003082179893048767 0.0 0.006479438681270219 0.243066135985478 0.7530122276580757 0.00025957373428063475 -0.0005097636293933273 -0.00128940975209146 0.0014687600120740275 1.0
0.06073162018577617 0.27711441917926677 0.7618411788054856 -5.499848172128358e-05 -0.00011023368790267845 -0.00010876887497104736 0.0001142482924112003 0.0 0.006709131016926105 0.2427750416271102 0.7522158529700599 0.00022772855166454864 -0.0004961710002276434 -0.0010255283477378263 0.0008914575428078534 1.0
0.06064480311880917 0.27692603867188587 0.7616512198245691 -6.0717025155980904e-05 -0.0001649583277916374 -0.00017484683850536972 0.00026835957365274263 0.0 0.007644134507120974 0.24319195697306814 0.7515087352227595 0.0008216340024837177 0.00022644017390329688 -0.0007304607725788679 0.0012083414508084582 1.0
0.060553651513531336 0.27668422594751 0.7614152309330922 -7.57031000326926e-05 -0.00022836448149016257 -0.00023293706027029655 0.00036143717710270445 0.0 0.00843412229801123 0.24317309283708968 0.7510987654177854 0.0008880874913833057 0.00020158858902155424 -0.0003331829040106051 0.000917961533022154 1.0
0.0605426786809362 0.2766230474256137 0.7613895982858212 -2.180626690883177e-05 -9.236351691153935e-05 -6.325002765855651e-05 7.268917513675617e-05 0.0 0.009016600649147567 0.24333858049637916 0.7507697031522884 0.0006739596310181169 0.00022526531400033395 -0.0001885620416275145 0.0006950764293197202 1.0
0.060519756204855474 0.2765439562290796 0.7613580579618614 -2.0502041471308966e-05 -6.031034453360208e-05 -4.48580862767268e-06 6.995614548834227e-05 0.0 0.009838108400079072 0.24361985621088036 0.7503334834095159 0.0007508614870014918 0.0002850023798523152 -0.00035718040175090833 0.0009590391171732431 1.0
0.060492506589867566 0.27649595602719995 0.7613527483470658 -2.8541758500806323e-05 -3.767300213300117e-05 1.670706071033417e-05 6.391626277661652e-05 0.0 0.01023699275815029 0.24375063260925234 0.7500734672151904 0.0004062228916259661 0.00011325956132815768 -0.000355800832615033 0.0005034477186696395 1.0
0.060463227754277364 0.27645257430617465 0.7613584024834237 -3.0032347577773976e-05 -3.528807147256572e-05 1.3987349646692628e-05 6.25744673669481e-05 0.0 0.010617656425413761 0.24388056991289753 0.7499323419770709 0.0002982566958837624 4.263408007417034e-05 -0.00024474814427994133 0.00041923680251514236 1.0
0.06043630351983086 0.2764410413542896 0.7613366822955622 -2.4297926151242938e-05 -1.2319500321023437e-05 -2.181045595506477e-05 2.63672695598579e-05 0.0 0.010905673120860132 0.24404814957099052 0.7497910367022687 0.0002736984657481317 0.00018229036943040423 -0.00010020874049934464 0.00035163294433242925 1.0
0.060405991757212396 0.2764352377686015 0.7613214157240963 -4.0313712068471676e-05 -2.428315184018608e-05 -4.438791453592349e-05 3.1994365993993784e-05 0.0 0.011306064077043938 0.2443390674506425 0.7497126649423799 0.0004176593258327917 0.0003058752279511748 -6.718992317169528e-05 0.0005200029207574863 1.0
0.060375906606564306 0.2764259975302889 0.7613048125480913 -2.9947496583362473e-05 -1.0884229306650883e-05 -2.604662760043145e-05 4.187322284306805e-05 0.0 0.011607998864455396 0.24459696019397112 0.7496400773337857 0.00032905203825529057 0.0002550481821484358 -5.061140589990461e-05 0.00040508257120455454 1.0
0.06033545467707548 0.2764109466755996 0.7612945266599049 -3.299672321466496e-05 -4.313938534645004e-06 9.660324904830185e-07 4.1788484682579025e-05 0.0 0.011968180117257407 0.2449866709247728 0.7495617232175239 0.0003746323187162363 0.00040697310590194735 -8.911602417925146e-05 0.0005151697002921463 1.0
0.06029803917366538 0.2763819390668772 0.7612802169227317 -4.011423387063355e-05 -3.3168001362574616e-05 -1.2200167754890645e-05 5.011630269124211e-05 0.0 0.012191324698332317 0.2452353563451116 0.7494605152954292 0.0002700751674327797 0.00028962775266551193 -0.00011823895416775322 0.0003663982603295037 1.0
0.0602482474947856 0.2763644819186928 0.7612687593678913 -4.906025800003055e-05 -2.3033038455365826e-05 -8.018356873186818e-06 5.34688607251958e-05 0.0 0.012336739835612901 0.24553539515497202 0.7494457933887974 0.00011259662954452932 0.0002635441911498696 -2.5330017857165728e-05 0.00032560582296286015 1.0
0.0601980746500901 0.27636256433205375 0.7612687694726221 -5.138096511728156e-05 -4.377003687642743e-06 -1.1094446994318544e-06 5.04637554866776e-05 0.0 0.012509545813893973 0.24589983922281558 0.7494371702166501 0.00013971219303485541 0.00033685453583677294 2.135757125007931e-06 0.0004063109371859316 1.0
0.060151637095101386 0.27633702554972667 0.7612511843335312 -4.739728473558206e-05 -1.556612003900475e-05 -1.5583050201514752e-05 5.561068174881799e-05 0.0 0.01258523709981018 0.246135999388471 0.7493641054938504 7.984591630572232e-05 0.00026206836278557595 -5.325620145494464e-05 0.00026362405427434046 1.0
0.06006940050931265 0.27629190412868765 0.7612197806013136 -7.626749121307225e-05 -4.157209285143672e-05 -3.0286461763633452e-05 9.892509686860087e-05 0.0 0.012676963952638868 0.24639344067853225 0.7491686329161832 9.51488155871354e-05 0.0002539888791281853 -0.0001795428165820371 0.0003285102455103637 1.0
0.06000764581755412 0.2762691108884857 0.7612059626786851 -6.829104189984061e-05 -3.1548746590639656e-05 -2.0443509331374705e-05 6.881296148928526e-05 0.0 0.012688251859907096 0.24654939510871085 0.7490388692717824 2.5133586653466953e-05 0.00016225138270906548 -0.0001694946339123065 0.00020496810242211813 1.0
0.05994237464436324 0.27624526612598516 0.7611774223577543 -6.582065722643074e-05 -2.564479866214798e-05 -2.646094638998527e-05 7.255417225278532e-05 0.0 0.012661069117056657 0.2466645556630047 0.7489815927898494 -2.1095065866902265e-05 0.00010937868673960348 -8.166601692889828e-05 0.00013347363714348424 1.0
0.0598746532729486 0.2762214842756381 0.7611712956119122 -6.53547168041023e-05 -2.1601819476066393e-05 -9.00295573493842e-06 7.281570038708985e-05 0.0 0.01266753773526103 0.24673458130752715 0.7489539472371596 -1.6046413100375713e-05 5.3655032309373005e-05 -1.0805985482183978e-05 7.314925512260956e-05 1.0
0.059793430484357785 0.27617432936808856 0.7611717412419083 -7.804257752503185e-05 -3.9380832042252404e-05 3.8429043312037765e-06 9.491356000061218e-05 0.0 0.012687171227380854 0.24677745721898625 0.748928848858568 1.9465595150507982e-05 4.809585574374459e-05 1.0557849136482415e-05 5.440995107769078e-05 1.0
0.059655112291549094 0.27609828824634325 0.7611645008096352 -0.00013112259462272997 -7.416609759250246e-05 -1.86119038198371e-06 0.00015764588779200372 0.0 0.012696781150082784 0.24680553782603332 0.7489145230347591 2.5740584586017053e-05 3.4003752592381324e-05 -5.6607853463590844e-06 3.6107791206058365e-05 1.0
0.059470943690927994 0.27599366351094035 0.7611465541065661 -0.0001883119300193197 -0.00011090724804850483 -1.80877877738991e-05 0.0002125503557373791 0.0 0.012711173981595854 0.2468378734910223 0.7488973155639116 1.7676020800187065e-05 2.9999870165422907e-05 -3.085113697512143e-05 3.440128835641127e-05 1.0
0.05916764685621079 0.27576512629046596 0.7610547722204909 -0.0003020506758825406 -0.00022007802381852334 -8.564011363924164e-05 0.00038958387784807514 0.0 0.012734115140306545 0.24686306540556172 0.74887151701618 2.3578156943994662e-05 3.5352050561290014e-05 -4.228767972659353e-05 4.51492135320805e-05 1.0
0.058636486796510845 0.27542818983986017 0.7609622878831865 -0.0005184071379130012 -0.0003388864388830927 -0.00010536700384317251 0.0006369979183432701 0.0 0.012755517685993758 0.24687716204595808 0.7488328509540597 1.3853697053800278e-05 1.4978758267385369e-05 -3.7421993424095745e-05 4.604782235180906e-05 1.0
0.05799626850172782 0.27498426403961673 0.7610564300069623 -0.0006652647841467061 -0.0004544690151265696 5.7535314142159894e-05 0.0007871302200242862 0.0 0.012786044787984433 0.24684226841771031 0.7487961169339146 2.670970707583478e-05 -2.901597134395825e-05 -3.6253061191620733e-05 5.896172131356775e-05 1.0
0.05681799898112848 0.27363755078570695 0.7610036989453792 -0.001135901788191718 -0.001241850379285717 -2.4642001410214e-06 0.001777550214453978 0.0 0.012804318416978155 0.2467877223346866 0.7487699603583544 2.3833120436683196e-05 -6.199865980125454e-05 -2.758682453283257e-05 6.345387429003145e-05 1.0
0.05527698210049788 0.27176346266039036 0.7609586177475801 -0.001564406372356117 -0.001927642758093807 -3.6083615755513384e-05 0.0024496957074978884 0.0 0.012816917087218275 0.24673417735299974 0.748748887109049 1.2594549421754342e-05 -6.391152313909775e-05 -1.8947851936401298e-05 5.9061193268128954e-05 1.0
0.05358987298242251 0.2696905928791546 0.7606171649240409 -0.0017549947818734527 -0.0022094007803237516 -0.0003099218622053222 0.002687136431168894 0.0 0.012841341434173238 0.24667535264950596 0.7487296013323601 1.90699439769293e-05 -5.974964188560679e-05 -1.4795997517891703e-05 6.590634005666343e-05 1.0
0.05178958679718226 0.26746366543266303 0.7604390135159007 -0.0018203196416472387 -0.0022783649204186256 -0.0002591418021983864 0.0028476418440987897 0.0 0.0128493517432728 0.24658537531525926 0.7487203419492982 1.0878137825831004e-05 -8.03618495758555e-05 -8.93116265541085e-06 9.121794275746497e-05 1.0
0.049411836297793846 0.2646162449883577 0.7603207968973127 -0.0022770952939052498 -0.002721423294313959 -0.0001483504575610367 0.0037147811516267887 0.0 0.012875908769370628 0.24648033527494284 0.7487159629126825 2.3950912019798183e-05 -0.00010210814208885276 -5.049350463262671e-06 0.0001090395487914289 1.0
0.04757891644328316 0.26225634648508844 0.7606927811366339 -0.0019384658272330025 -0.0024118302756186514 0.0003416545252027829 0.0030595676126699695 0.0 0.012872162234028671 0.2463539175578519 0.7487089861754321 2.600903871730899e-06 -0.00012789485293510718 -7.056961468514327e-06 0.00012594212484428268 1.0
0.045447930100419004 0.25920220248898374 0.7614124832111969 -0.0020378026251573096 -0.0028946682501191164 0.0007880428226690523 0.0037274159926163016 0.0 0.01286975317715216 0.24628128366464297 0.748718847302175 -4.425673535338982e-06 -8.796505809308217e-05 7.109368277833084e-06 7.375778454812133e-05 1.0
0.042431469757199726 0.2552606127115499 0.7621881345841649 -0.002878162510619681 -0.00388160509139687 0.0008779649036993036 0.005049315936083444 0.0 0.012972029237091419 0.24617356346311522 0.7488690502378438 8.35961228065108e-05 -9.583158922686483e-05 0.0001320454240826823 0.00020821711551061178 1.0
0.041575519605116976 0.25437846290090643 0.7621253152582874 -0.001284212206548224 -0.0014893137789667003 8.905227828489449e-05 0.001310863112555668 0.0 0.013072498936788841 0.24613160658979308 0.7489602974298826 0.00011497662818344197 -4.5373676980621776e-05 0.00012045785117222218 0.00014905410918941193 1.0
0.040224183921015094 0.253053314711498 0.7612179188586321 -0.0010893045068452848 -0.0009378339162099883 -0.000972368549077729 0.0019103863254049387 0.0 0.013160244201614745 0.24608016706462782 0.7490360674304063 0.0001040491014060838 -4.1797443907088605e-05 8.64502437549071e-05 0.00012129250280116911 1.0
0.03953041856461851 0.2523800537055568 0.7603475270695624 -0.0006195321473786858 -0.0004430844096033318 -0.0011619259818712068 0.0014324445423031943 0.0 0.013175969467791392 0.2461121764232306 0.7490199451859444 2.517689582078093e-05 2.1842261701198972e-05 -1.3097145838233596e-05 3.867519684199254e-05 1.0
0.038963805707143584 0.25189462528648343 0.7595854334937006 -0.0004903905668365025 -0.00037850890039697665 -0.0009119592006690605 0.0011171232434423841 0.0 0.01314264760180305 0.24610953649430306 0.7489754196398581 -4.6133847062495145e-05 1.0362532388392303e-05 -6.929755048778845e-05 5.638617707422784e-05 1.0
0.03820379159937163 0.25125974365738674 0.7585240575174816 -0.0007093560097215425 -0.0006641382071873826 -0.0008969662318651531 0.0013562167513491313 0.0 0.013101113251721863 0.24611469100873626 0.7489420999318908 -6.754744376311063e-05 4.4237430438725465e-06 -5.781194283942595e-05 5.781064324483026e-05 1.0
0.03779557498752676 0.2508350457544796 0.7577688076564639 -0.0006334091957868166 -0.0007307703577082579 -0.0006507108222038213 0.0009559120569677649 0.0 0.013074639697683715 0.2461007965857029 0.7489361318376935 -3.535170675955914e-05 -1.525742435204777e-05 -5.154567159681465e-06 2.6886302958935757e-05 1.0
0.03752296116669846 0.25039829821674453 0.7571210107950801 -0.0003646600884001697 -0.0005360781553557922 -0.0005701372374437552 0.0008812995005901035 0.0 0.013072184582330726 0.24610448180974115 0.7489312210992147 1.0406958117064855e-05 -1.0419123809910034e-05 2.0445453488588103e-05 6.187222047709999e-06 1.0
0.0371204839714937 0.24939292407934105 0.7560920346476511 -0.00023586560230618543 -0.0007567288602790142 -0.0009867345095538739 0.0014362084986314864 0.0 0.013098619729201807 0.24610789096669078 0.7489198154560306 3.8578663168844216e-05 3.934635048487585e-06 -9.859351978466855e-08 2.813011220616327e-05 1.0
0.03669538158007241 0.24823925747246056 0.7549065548353757 -0.0004594774549718035 -0.0012559652297798613 -0.00124695667231438 0.001766990435427214 0.0 0.01309332123890153 0.2461052899588357 0.7489088889493651 1.1219099160602664e-05 1.268681879685808e-06 -1.0387306994596012e-05 1.613201354122817e-05 1.0
0.03657385312056117 0.2476204247962177 0.7542909118759593 -0.00015258779993492736 -0.0007456860676137581 -0.0007636609195489512 0.0008687626384687162 0.0 0.013093261737492597 0.24610741199021108 0.7488963606795701 -7.0055749859079716e-06 7.844296620859366e-06 -2.2737014660331064e-05 1.0246587575620452e-05 1.0
0.03654789002127254 0.2469662500686149 0.7535370953303815 -3.265518202316155e-05 -0.0005947400951777057 -0.0006995815958058543 0.0009387463745302125 0.0 0.013100391482731488 0.2461006862028518 0.7488700532443228 -3.930232622349844e-06 -7.930290477089014e-06 -2.9231439329609606e-05 2.7571820081420833e-05 1.0
0.0362754774591616 0.24637935637929226 0.7528316992816628 -0.00020500010041617103 -0.0004964794082438079 -0.0006620813140517919 0.0010113318600128982 0.0 0.013089456136482162 0.24611345310357258 0.7488379605883738 -1.2271688595541425e-05 8.502124927889867e-06 -3.2406890192593726e-05 3.76050271015452e-05 1.0
0.03613302666590637 0.24609211333350806 0.7524086657429669 -0.00014672954179069343 -0.0002442296291121968 -0.00040342439580123347 0.0005500098565586217 0.0 0.013077598277742424 0.24610241713706293 0.7488258354346637 -1.2329855083714505e-05 -6.938816739610904e-06 -1.4966994641810238e-05 2.0342708846262513e-05 1.0
0.036020643450165854 0.24580172256074148 0.7521088088313975 -0.00014277039336519162 -0.0002696639479980837 -0.0002976043871832844 0.0003870106947985911 0.0 0.01307833447871676 0.24609353566129466 0.7488307201084602 4.501154629291559e-07 -8.826657868136755e-06 4.844116544595853e-06 8.524257806757782e-06 1.0
0.035870810800946035 0.24546435914114187 0.7518063987109007 -0.00016977095905242414 -0.000378961036178702 -0.0003150177256758032 0.00048215419354968566 0.0 0.013081804626575334 0.24610130012602002 0.7488224531094033 5.98613556180762e-06 3.2461415680451127e-06 -6.47242292379295e-07 1.2770748536347497e-05 1.0
0.035786501320658255 0.24524950136565377 0.751582598439396 -8.617613569798961e-05 -0.0002579971784807373 -0.00022900984714529257 0.0003513359941666166 0.0 0.013080584094315818 0.24609507898588157 0.7488266569747628 4.796924628409807e-08 -3.0686400684687745e-06 4.470911848864136e-06 8.404992674633316e-06 1.0
0.03578369651179191 0.24509447768655326 0.7513170121165418 2.1485162570462045e-05 -0.00014703858480157386 -0.00023725411485533325 0.00028380830627557346 0.0 0.013079899091485695 0.2460824486926478 0.7488215267853756 9.312854561931528e-07 -1.0868862255318232e-05 -4.9041784401964686e-06 1.2903236533043216e-05 1.0
0.03631632667164119 0.2448256246523182 0.7508077798565823 0.000471078611688799 -0.00025957874732755623 -0.0005182840907255981 0.0007791112665830174 0.0 0.013078654751803732 0.2460913725872487 0.7488011997272171 -2.028320898829056e-06 4.41979296244136e-06 -2.226377670222692e-05 2.2013268521600843e-05 1.0
0.03639985590550974 0.24476537888752892 0.7505779291464003 0.00021456849930163793 -9.230337689748183e-05 -0.0003192734094582902 0.0002834198342502906 0.0 0.013078280890088587 0.24610123643748918 0.7487795206237569 -3.1726116305026564e-06 1.1911700909808209e-05 -2.5729847142729864e-05 2.4290631637652216e-05 1.0
0.036593600233169196 0.2444335488623451 0.7501597087254653 0.0001858836865805209 -0.0002633690715232506 -0.0003698000412924164 0.0005292010012047027 1.0 0.013123537728444552 0.2461050080752383 0.748791110168285 3.8844755530465376e-05 5.432072353427218e-06 6.153563041095389e-06 4.6391615763997277e-05 1.0
0.036895359293137094 0.24396247447865246 0.7499094397673989 0.000236771846451604 -0.00048082782308240044 -0.00026140575012041824 0.0006299325168508109 1.0 0.013149441620479424 0.24610087995916924 0.7488089331989013 3.643962549351044e-05 -1.920304325845462e-06 2.253269628651587e-05 3.245350361983272e-05 1.0
0.03693869215395304 0.24352498071573714 0.7499643686507699 4.911698406257021e-05 -0.0004945030323896765 3.766140615491778e-05 0.0004572972546142836 1.0 0.013163489253840475 0.24609764698904793 0.7488210336498743 1.876134395601352e-05 -5.273710231958602e-06 1.8997970502010842e-05 1.8086678174981378e-05 1.0
0.03686790510193094 0.24354709737502822 0.749912340336405 -8.21401842867916e-05 -5.556662695661087e-05 2.9345651120887687e-05 7.452841349408194e-05 1.0 0.013371312882416758 0.2459034055523006 0.749179948510928 0.00017603314907536574 -0.00017103016242413552 0.00031229722781367044 0.0004536098360948829 1.0
0.03686872091313184 0.24352739152600347 0.7499124471595993 -2.561007802874962e-05 6.63799027431861e-05 5.835292179708746e-06 5.804075357091593e-06 1.0 0.013374644452771124 0.24590038783560583 0.7491811103275833 5.403131868315918e-05 -5.716475517924967e-05 9.6695983002312e-05 2.4182578487631966e-05 1.0
0.03687092931611705 0.24351126666007558 0.7499127112323898 2.086074761330297e-05 6.035716438970354e-05 -2.3543349632741705e-05 4.515788731953386e-05 1.0 0.013468818999671076 0.2458930168260188 0.7492505959989914 7.346076746720345e-05 -7.965971123721107e-08 4.661851070167963e-05 8.815333366945232e-05 1.0
0.036868260307047734 0.2435109362741194 0.7499123529280443 -1.2297331914213705e-05 1.997213656969177e-05 -1.5285241260640074e-05 0.0 1.0 0.013479360276687039 0.24589065041660443 0.7492602571927469 1.2865602692750022e-05 2.0253666449511263e-05 -1.605891737788179e-05 2.6831649999809878e-05 1.0
0.036865871450581705 0.24351287238979047 0.7499120512438264 3.7620346850537274e-05 -5.834874652208276e-05 -3.341607005612169e-05 0.0 1.0 0.013460111585657113 0.2458771474142218 0.7492626374151883 -2.896788587073555e-05 5.183980867367137e-06 -2.548747711225792e-05 3.2660024623412585e-05 1.0
0.03687636214543632 0.24348437124569894 0.7499132884108392 2.223071753288785e-05 -7.012736566967305e-05 1.4728492054743832e-05 2.9542981169138473e-05 1.0 0.013438866720801069 0.24584633020739002 0.7492798715313794 -3.558710885804783e-05 -2.9924165828849872e-05 8.345458094104552e-06 3.683560817834921e-05 0.0
0.036882954841469716 0.2434772710739752 0.7499142455967158 -1.4756546825853145e-05 -1.2947743239821166e-05 1.9127425251054065e-05 1.6432235179564226e-05 1.0 0.013422102710356367 0.24582576869566944 0.749291096496214 -1.3754778957026043e-05 -4.080572450489335e-05 3.569669427842041e-05 1.9511638736395478e-05 0.0
0.036884963402520024 0.24350583142082247 0.7499105870784148 -4.808796005685735e-06 5.4013231010365675e-05 -1.0905821699997105e-05 2.585297989594372e-05 1.0 0.01338649357450919 0.24581178760171205 0.7493065468268681 -1.744099144056997e-05 -3.1056460851092065e-05 4.31667246500568e-05 5.133368476002621e-05 0.0
0.03671687150355914 0.24368387226678326 0.7498805742382809 -0.00013969133986617267 0.00015990392237614156 -2.323646235680957e-05 0.00024504646346422654 1.0 0.013294725241036809 0.24553770760547114 0.7496596702600343 -9.10138989135504e-05 -0.00022100235896405142 0.0002853555114003983 0.00044675944658041324 0.0
0.0366138384289614 0.24401676226452215 0.7500626567114197 -0.00013789217946449288 0.0003391079200668974 0.00014767520587084264 0.00039947798236003454 1.0 0.014641304538721941 0.2442793258318489 0.7524526014133754 0.0011431083105615258 -0.0011529435434114795 0.002500918576589155 0.0033360372497340846 0.0
0.03649896553798971 0.2443603275195334 0.7502260689020518 -0.00012578077540900952 0.00038398769902307816 0.0001926922248541702 0.0003949997424757465 1.0 0.015783638515118544 0.24372339667829052 0.7542836971484538 0.001361974238177745 -0.0008248791839969266 0.0023481057160326785 0.0023196240628204686 0.0
0.03639012737419769 0.2447315097869688 0.7503292286487446 -0.0001028191435521396 0.00038283635432344917 0.0001351820969636983 0.00039314619611567256 1.0 0.01658720156364365 0.24338908343593701 0.755694286627753 0.0009961516839036614 -0.0003877685389873256 0.0016292694565134436 0.0015337944229988469 0.0
0.03623999656742393 0.24530226254036813 0.7511054923998495 -0.00012804270981631795 0.0005285307686300807 0.0006732208067295642 0.0009739126620293873 1.0 0.017530227916903913 0.2428528760701258 0.7580457436356943 0.0008572724312814766 -0.00036945198035193095 0.0020123826866440767 0.0025726545000103332 0.0
0.035973647861825324 0.24572259070407237 0.7518041753023705 -0.0002457018048710651 0.0004466565943940889 0.0007806783118941691 0.0008823878224254673 1.0 0.017648614274630763 0.24260730110739515 0.7588135426987803 8.85147443308295e-05 -0.00017457662810517867 0.0008208663835922435 0.0009629504815628718 0.0
0.03552177123327362 0.24633838804136224 0.7528002963062103 -0.00045052441577148413 0.0005770373028965949 0.001007032133839775 0.001227291770339737 1.0 0.01762806720834875 0.24245835332626742 0.7592083353285067 -0.00021356736742882942 -0.00011726951989866037 0.00020016074006764276 0.00033887673071163237 0.0
0.03468208439123122 0.2471177932766247 0.7541906273409761 -0.000837325013356184 0.0007712016665451809 0.0013704113557193648 0.0018048379613942902 1.0 0.01753046261998644 0.2423577762332931 0.7594347440074454 -0.00017544558175114442 -0.00015097939170927646 0.0001304124059034401 0.0002163909401168836 0.0
0.034328160613568054 0.2475339564815533 0.75605220480677 -0.0004920226477286418 0.0005045481584538482 0.0018462079814056417 0.001960304068487126 1.0 0.017337700275659285 0.24229991253068772 0.7595567329762809 -8.5159823782767e-05 -0.00012383676122396158 0.00020265221564177776 0.00032316742127585076 0.0
0.036286032253669234 0.24867179764541883 0.7586975709920646 0.0016660585686383601 0.0010002574431376822 0.002594101340814111 0.003453774536957317 1.0 0.016922169997145572 0.24228090001409971 0.7596235731905833 -0.00035555557016849685 2.6759473628145498e-05 3.413689396323258e-05 0.00039934930534181673 0.0
0.03746453188372617 0.25261576701924426 0.7616270945218918 0.0017027900228964495 0.003601011186630092 0.003026252924123059 0.005073566981170351 1.0 0.01656615321552142 0.24230728903301912 0.759572872401282 -0.00034523427789282814 1.3143817215438948e-05 8.410752434104165e-05 0.0003207248708966227 0.0
0.036916881362505816 0.25636283264929915 0.7628860343546923 -8.31691917619561e-05 0.004242200046286081 0.0016158723065893919 0.004026370738136257 1.0 0.01645765937157345 0.24232579455511258 0.7595276557218057 -0.00012425693220826858 3.573664347078097e-07 6.244097163760867e-05 0.00015043839188281626 0.0
0.03827693156589151 0.2584542501241231 0.7645431230787282 0.000736454754802715 0.0026433793553266196 0.001311816195750337 0.0029031963326957813 1.0 0.016381697525072417 0.2423364473319882 0.7594821463352593 -7.959390626299584e-05 2.7445007550722707e-05 -0.0001423475970445628 7.48975779940788e-05 0.0
0.04176388301050063 0.26165001129285825 0.7642107872815372 0.002983198710927865 0.002761175533850947 -0.0002942391938202633 0.004735187022521568 1.0 0.016317062784540943 0.2423497983634321 0.7594295237778804 -1.1776169842802735e-05 9.832066157768049e-06 -6.116042697920524e-05 9.60900137375744e-05 0.0
0.04496711552055106 0.26388056620494765 0.7642118625046698 0.0036037259032618133 0.002017061611494426 -0.0003531187332081147 0.004062593302774727 1.0 0.01627599272140038 0.24235747417514134 0.7593954527543013 -2.8503366104803166e-05 3.2374544426636584e-06 -3.2887977840461596e-05 5.7634179366710325e-05 0.0
0.04793315124937032 0.26583514489614024 0.764900405182089 0.0034560332059190577 0.0017207959786619917 0.0005487738808529284 0.0035107552250896864 1.0 0.016240736989701243 0.24237305837981732 0.7593639909730246 -6.376314739339277e-05 1.3207322609636878e-05 -2.67086816929073e-05 3.897664359177777e-05 0.0
0.04956876836727869 0.266754280623548 0.7653204547338222 0.0019106520994765304 0.001100637181087494 0.0007638743730219604 0.0018789139060689493 1.0 0.01622958949941703 0.24237966816005058 0.7593545213438314 -5.269013738766086e-05 1.2028363586034958e-05 -1.3146045700899539e-05 1.6836577726593046e-05 0.0
0.051804547723155556 0.2681203314447875 0.7653819107236253 0.001529563549103315 0.001373493385966476 0.0003391547911923442 0.002642041546149525 1.0 0.016222818523586716 0.24238609507946754 0.7593365210929316 -5.55526103684402e-06 9.900692003374604e-06 -2.1060740730499038e-05 2.3873529249390075e-05 0.0
0.053414293827938025 0.26907501173706055 0.7651161791510115 0.0013130018721806513 0.0009406981525478643 -0.0002743145500249764 0.001984832528360711 1.0 0.016221930458994366 0.24239310445724793 0.7593244573120862 1.5822156195974854e-05 5.6058766905411955e-06 -1.2093046002097979e-05 1.3427171034827027e-05 0.0
0.054725312996397595 0.26991322979008225 0.764901545000848 0.0014982404181762107 0.0008352991296613544 -0.00035615487786976735 0.0014904928542845393 1.0 0.016222871556943533 0.24239941707100587 0.7593176463014882 1.5598499882076158e-06 5.685833489506326e-06 -9.620893696538403e-06 8.947331250791412e-06 0.0
0.05625456663927167 0.2706780701977173 0.7645587321675036 0.0016760284649846027 0.0009159389340436756 -0.0005392424989654164 0.0017334531763100367 1.0 0.01622799415682671 0.2423994445421364 0.7593119258759272 3.345671520041331e-06 1.2333709873749788e-06 -7.3390926872878294e-06 7.466190133871564e-06 0.0
0.05813094118152167 0.2716127697152197 0.7643522818905967 0.0018706607888203794 0.0008742290307284899 -0.00016402824063146515 0.002127481158535707 1.0 0.01623319445178951 0.24240850169773237 0.759300365237321 5.020283386388645e-06 7.158285784372128e-06 -9.88223318171001e-06 1.532425035080941e-05 0.0
0.059355951213926464 0.2721741859885005 0.7642381519396654 0.0013916816453593 0.0006170442484962303 -9.773966556440573e-06 0.0013927583646281298 1.0 0.01623673165343255 0.2424148649727277 0.7592933805666346 3.525144150590984e-06 7.8728204163658e-06 -8.127292950658454e-06 1.1073051542184617e-05 0.0
0.06049119234656787 0.27248181256394055 0.7639822901270423 0.0010818356924775369 0.00028157484556843985 -0.00019649783033598 0.0011267015060745559 1.0 0.016245421837154522 0.24240871366439717 0.7592864856308816 8.695030154386872e-06 -4.290331639758439e-06 -6.344458694001336e-06 1.1769672209310766e-05 0.0
0.061228530040621024 0.2727069420395889 0.7638428448896261 0.000758035779906236 0.00020867331245828726 -0.00017980352256161965 0.0008224050829994639 1.0 0.016261876902781622 0.24239065216470942 0.7592768142155182 1.558772211453127e-05 -1.7857594425098264e-05 -9.95123759485642e-06 2.6389808818469612e-05 0.0
0.061859537152888555 0.27281465766798 0.763708680537063 0.00048625003168319744 4.520950158898697e-05 -0.00016002241209872586 0.0006664891800200429 1.0 0.016274446405350182 0.2423790959009755 0.7592751827495672 1.4851931431591341e-05 -1.5878666625241017e-05 -2.351708525875867e-06 1.7888505686917734e-05 0.0
0.06279603749596477 0.2729612968820362 0.7633310071674951 0.000834363927178934 0.0001255308294238717 -0.00034426152888998823 0.0010071450424575135 1.0 0.016301413591970466 0.24237143260548952 0.7592566748247764 2.555409917923082e-05 -9.29930547302799e-06 -1.4845611931868365e-05 3.264778100749881e-05 0.0
0.06314397674561478 0.2730199837307959 0.7633013455655411 0.0005407828321334852 0.00011249948509668706 -0.00011861947956698008 0.00036419298751498553 1.0 0.01631771479061449 0.24236276029587756 0.759244004492162 1.9352193303774206e-05 -6.3436118628526705e-06 -1.519593199473372e-05 2.298468525220876e-05 0.0
0.06338269282339334 0.27304232670082934 0.7632264988227119 0.0002834175900874431 6.611511556863469e-05 -3.774872603890867e-05 0.00022796717507458648 1.0 0.016331136993370746 0.24235526906723667 0.7592362775115841 1.2914127022946122e-05 -4.44295660428837e-06 -9.861070489672372e-06 1.7006626619667134e-05 0.0
0.06365907764486126 0.27294372041229564 0.7629850476714366 0.00018496162525828024 -0.00010295929413021477 -0.00018520157591830688 0.000382284830029079 1.0 0.016367170188550214 0.24231704738264817 0.7592059209454222 3.061339520971585e-05 -3.340395362787459e-05 -2.5905626312516468e-05 6.006398563345173e-05 0.0
0.06383235927275173 0.2727765775076173 0.762739054669299 0.00015951583353001524 -0.00018893605588434284 -0.0002639281931917037 0.0003747356024524449 1.0 0.01638681247331925 0.2423018901890507 0.759196363456591 2.4139007927889204e-05 -2.4331254357339066e-05 -1.4262012542032027e-05 2.8642849350723055e-05 0.0
0.06393297672717797 0.27232400057645456 0.762272116656102 9.955175662738382e-05 -0.0004367550543208306 -0.0004578521371615132 0.0006388742908840365 1.0 0.016420809855336994 0.2422720862411115 0.7591734008667327 3.263922316487391e-05 -2.936597015401079e-05 -2.0142610431178893e-05 4.829369882394452e-05 0.0
0.06398398829654442 0.27201861986033493 0.7619696171413747 8.808426354603677e-05 -0.0003722637170830847 -0.0003822453306204923 0.00042757914484816437 1.0 0.016436715698157495 0.24225892202676033 0.7591579064395908 1.9318673271338553e-05 -1.4387869475422053e-05 -1.61662368149177e-05 2.672549652575651e-05 0.0
0.06409058293265978 0.2717013606009356 0.7616225672933832 0.00011696219324498509 -0.0003114219462751163 -0.00034575656951870966 0.0004838245710681819 1.0 0.016453129471020903 0.2422535955651069 0.7591430988017793 1.4855494127466567e-05 -2.8853419866295045e-06 -1.5117927579647142e-05 2.2935987180545513e-05 0.0
0.06419300005472821 0.27147997035765303 0.7613465437827125 7.029169860686864e-05 -0.00020741106203989122 -0.00023181368803034546 0.0003720650064689781 1.0 0.0164664097795069 0.24225248223859033 0.7591264034607648 1.0311797308790652e-05 2.0298144295489826e-06 -1.4896803483824328e-05 2.1389226708088556e-05 0.0
0.06421183133285296 0.2711902020864729 0.7610820948296657 4.467358899472551e-05 -0.0002371501500893505 -0.00024245490156998975 0.00039349982692995735 1.0 0.01647539417612594 0.24225278759417193 0.7591154183979224 8.96346510577177e-06 1.27923202418752e-06 -1.2070345712884052e-05 1.3896088311485688e-05 0.0
0.06421394066233384 0.2709562141085584 0.76079647245016 6.9678165855095275e-06 -0.00023521783845727333 -0.00027897937516168714 0.0003724540122753001 1.0 0.016482188833489803 0.24225391563172768 0.7591052593495682 8.22099924079005e-06 -8.640116610398202e-07 -1.0967598641916344e-05 1.2798929547213773e-05 0.0
0.06382554954787924 0.27093386228712324 0.760488381779463 -0.0003527646903134036 -6.694474822467086e-05 -0.00031549287912214445 0.00048710401712991666 1.0 0.016500562244991128 0.2422303224802217 0.7590862435425063 1.6200190919171407e-05 -2.025538186571287e-05 -1.60896834585566e-05 3.434395750682691e-05 0.0
0.06403067417349216 0.27069048441700844 0.7604286275436248 5.463388557982813e-05 -0.00020473660005979492 -0.00012030660851093615 0.0003347573159843869 1.0 0.01652090591505328 0.24220750218587964 0.7590784227371035 2.2873458910226534e-05 -2.862503644267751e-05 -1.1470382335459525e-05 3.312026961342213e-05 0.0
0.06409930941286303 0.27072323621867195 0.7603016399285729 0.00012844445554113315 -3.8715625188228265e-06 -8.051721433705792e-05 0.00013735555485369546 1.0 0.01653528267132317 0.24219728477392066 0.7590832012782581 1.629373752613755e-05 -1.4301458368121607e-05 3.6800082444799096e-06 1.7301665389069685e-05 0.0
0.06434431542045119 0.2706402318443411 0.7600916078168826 0.00028579566246650855 -5.504023213615271e-05 -0.00018068964692674854 0.00033190319595332126 1.0 0.01654381549212769 0.2421852771408157 0.7590908222524332 9.411419197756983e-06 -9.570697827485022e-06 9.831129771026097e-06 1.59109648982129e-05 0.0
0.06458245114268728 0.27054214667022364 0.7599678257833663 0.0002850735696491802 -9.569311464835718e-05 -0.00014699960256137716 0.00030100506755990355 1.0 0.016548768386941103 0.24217693670762716 0.7590945097608739 2.8777577339963027e-06 -5.128407720138545e-06 6.7118239825106565e-06 1.1490775250004183e-05 0.0
0.064813795141409 0.27033352001449873 0.7599612744826005 0.0002285140262846515 -0.0002137028377975 -4.04995945729635e-05 0.0003040664150160354 0.0 0.016551383482168853 0.24217024619691152 0.7590965078301279 2.177239817019592e-07 -4.353113642399504e-06 2.2081154230602255e-06 7.60243223624513e-06 0.0
0.06499687648683167 0.27015838284623694 0.760004912376628 0.00014932739806670505 -0.00020053625791769438 4.583899781197972e-05 0.00024918767979014545 0.0 0.016553585203247897 0.2421625117244952 0.7591015599087322 1.587194817917861e-06 -7.817107927574755e-06 1.8892488855302035e-06 8.74524048717578e-06 0.0
0.06525459023859825 0.26983685626178655 0.7602144035431578 0.00020227958204368685 -0.00030687078087651557 0.00021690892526263585 0.0004655189499464052 0.0 0.016553324708318606 0.2421556498132125 0.7591043329125613 1.6183823911834053e-06 -9.67168281538906e-06 1.1792824018498246e-06 7.732810774464718e-06 0.0
0.0655568156325912 0.2694999284209698 0.7603957732271309 0.00032857018266956435 -0.00035791510969008134 0.00023283084657662543 0.000498514672234413 0.0 0.01655028301477057 0.24215713101609385 0.7591123882259699 -1.9903931077580895e-06 5.493041666110784e-08 8.119694122966642e-06 8.719540458278912e-06 0.0
0.06603518432375802 0.26899527760101327 0.7606645176565867 0.0004586101791945726 -0.0004687407640418534 0.0002501017589638378 0.000733360442271418 0.0 0.01655033575780507 0.24215749717842 0.7591051078774832 -9.015035898162441e-07 2.235265316016547e-06 -3.2676026229160757e-06 7.202823113217298e-06 0.0
0.06642909858018832 0.2686049636863206 0.7608507851100536 0.00045370681206318596 -0.0004330957120959424 0.00018491518485457304 0.0005930003832672554 0.0 0.016552157381634788 0.2421624467014618 0.7591022486290955 1.5450211927508772e-06 4.936264024519976e-06 -4.896193716628595e-06 6.086882323816652e-06 0.0
0.06718970072189065 0.2679747099010626 0.7610958589315414 0.0007153405157893291 -0.0005901702059290953 0.00022095935419958756 0.0010037590372365818 0.0 0.016556898692269863 0.24216890965945084 0.7590960932611496 4.985558957396114e-06 7.02014542480616e-06 -7.25441945775334e-06 1.0042439460902628e-05 0.0
0.06745106036623984 0.2677714842273584 0.7611397290546261 0.00036275354628333205 -0.0002771314584740992 6.590302250916495e-05 0.0003601508424588054 0.0 0.01655824117978543 0.24217255563830256 0.7590918018704904 2.765974557825205e-06 4.103337105288699e-06 -4.908535624182939e-06 5.967455456053715e-06 0.0
0.06758815986669248 0.26762843758377136 0.7611505907184679 0.00010429279581458588 -9.975833407881278e-05 -9.308691787245255e-06 0.00016770352347796953 0.0 0.016554459838008524 0.2421784888979103 0.7590963192932428 -3.2163338639864966e-06 4.655164914221914e-06 4.288697203164232e-06 8.123703858743076e-06 0.0
0.06761661450751251 0.2675654562823896 0.7611643673087233 -3.7775748146511766e-05 -1.937444302478814e-05 -4.126008890088007e-06 8.24839019920699e-05 0.0 0.01654900439922689 0.24219567934126568 0.7590964075950309 -6.943381198825167e-06 1.524264073716284e-05 2.963999079674259e-06 1.8026121221446794e-05 0.0
0.06755075905324721 0.2675946948216495 0.7612239717892215 -0.0001072339521120594 4.6837794366815855e-05 4.881586780941787e-05 0.00010455618159362822 0.0 0.01655358675567593 0.24220460065905886 0.759100134120465 1.6509182861688228e-06 1.2006786259315095e-05 4.079555135833229e-06 1.1179157772384139e-05 0.0
0.06750238619389917 0.2676354788617479 0.7612551845957111 -5.1992929569698125e-05 3.187528187180959e-05 6.201815178542296e-05 7.024127316834327e-05 0.0 0.0165507222423882 0.24221542353991593 0.7591035215359917 -3.5036634230188355e-07 1.0742474971368824e-05 2.414201034309887e-06 1.1079536874409899e-05 0.0
0.06742631503118454 0.267649096008093 0.761277422773163 -3.410685687857683e-05 -3.5137067421650266e-06 3.9913533736697724e-05 6.063241402111744e-05 0.0 0.01655113493779279 0.24222273450707224 0.7591023521666374 9.83228689739359e-07 7.431134261894502e-06 -7.562901891882198e-07 7.52193303284923e-06 0.0
0.06732363033863249 0.2676674943061005 0.7612941456384154 -4.8575530576106516e-05 -1.8748501812411412e-05 2.1718416223836834e-05 0.0001192902354607751 0.0 0.016553457623967312 0.2422265390115871 0.7591036068835728 2.472146593755024e-06 2.9383760822560445e-06 -4.236220695812526e-07 4.941018789790073e-06 0.0
0.0671871798829564 0.26771018196633456 0.7613291546316243 -0.00015439077001447516 5.055971510476646e-05 1.223102866223941e-05 0.00014500626140486286 0.0 0.01655694145456191 0.24223278769007153 0.7591046435141757 3.0380642979140614e-06 4.487561965742713e-06 9.726518312082645e-07 7.066998386678972e-06 0.0
0.06712792690778113 0.26772015287097256 0.7613420655247572 -7.887495916443716e-05 1.2625038625464286e-05 1.4004785646470654e-05 6.414941884736548e-05 0.0 0.01655726683453452 0.24223723472983041 0.7591051559645275 5.868262588745844e-07 5.2493192544697e-06 1.2172295592436983e-06 4.502784384474911e-06 0.0
0.06707332857461713 0.26772281381369 0.7613528662041205 -5.4233201496662584e-05 8.162026821387892e-06 1.3330744507250378e-05 5.0060053582456524e-05 0.0 0.016559918119683353 0.24223908449531473 0.7591082618360774 2.175762189260265e-06 3.284427634297933e-06 2.733725352067397e-06 4.478403076541896e-06 0.0
0.06703755396069977 0.26772102453326546 0.7613641084657303 -3.0328594492755003e-05 2.279685761499198e-06 1.3047251829079354e-05 4.096137495950144e-05 0.0 0.016562580106452132 0.24223897785303894 0.7591126007723188 2.9199472083270643e-06 -3.815094558738413e-07 4.922328067948021e-06 4.961415631466031e-06 0.0
0.06701315265406498 0.2677143625466918 0.7613669865138765 -1.5778563442140963e-05 -9.040309869883972e-06 7.897061650501296e-07 2.6986366843546373e-05 0.0 0.01656396269047008 0.2422425474243344 0.7591104019577695 1.0081073487120368e-06 2.724717389012629e-06 -9.640520539375107e-07 4.604209390059625e-06 0.0
0.0669853748099563 0.2677012413541987 0.7613801181282974 -2.9048324841705696e-05 -1.4639319245908971e-05 1.0320005619253888e-05 3.1487348500233315e-05 0.0 0.01656604811257276 0.24224204035678157 0.7591141236742535 2.200404664650427e-06 8.084447032134555e-08 1.830197792656087e-06 4.245644796343559e-06 0.0
0.06697007883643896 0.267696325748875 0.7613888502715698 -2.5141792445304968e-05 -3.8485388588066725e-06 1.1416521793775106e-05 1.7636408332776858e-05 0.0 0.016566606762924877 0.24223978570410745 0.7591185452429273 9.178766618699931e-07 -2.011131308276672e-06 4.352881968392077e-06 4.897969369429639e-06 0.0
0.06695791983177338 0.2676932209467894 0.7613944084406992 -1.654842788803515e-05 1.335864068212373e-07 8.295588489986721e-06 1.478580688475701e-05 0.0 0.01656899101672092 0.24224332314262467 0.7591159897071632 1.8969588939324482e-06 2.5820734694242657e-06 -1.1102532579875442e-06 5.097089138182494e-06 0.0
0.06694908902821123 0.2676829847575695 0.7613897987510846 -4.678685599481089e-06 -9.368949344970707e-06 -4.974862091121082e-06 1.3564450375472004e-05 0.0 0.01656745276070881 0.24224356665664082 0.7591158387297972 -1.0419370709995456e-06 1.059077138709798e-06 -9.7386182554198e-07 1.5468333469575358e-06 0.0
0.06694822135629683 0.2676751901201686 0.7613938959554553 -1.7308795391005939e-06 -8.370635463262144e-06 7.178964731019529e-07 9.645815678139818e-06 0.0 0.016567095589623083 0.2422442675924976 0.7591145924856546 -6.408414730783902e-07 7.450324309528e-07 -1.3700000950816161e-06 1.3340458815673657e-06 0.0
0.0669384494833027 0.2676583268805578 0.761387326428484 -6.594844703090588e-06 -1.652415654315025e-05 -5.478770580322728e-06 2.0165011274014214e-05 0.0 0.016566677926188572 0.24224432299064247 0.7591144637433885 -6.289595836278325e-07 1.66118221207336e-07 -5.988261624525057e-07 5.84382327418091e-07 0.0
0.06691284528241113 0.267644371669717 0.7613808985719234 -2.4240852521010415e-05 -1.6542801372952672e-05 -6.907421708171072e-06 2.9815645791706235e-05 0.0 0.01656047496136182 0.24225233211452527 0.7591157366385309 -5.374962774791751e-06 6.7819415899342725e-06 1.1485454949131788e-06 1.0131373040379814e-05 0.0
0.06687777997917509 0.26763862063403326 0.7613854652266516 -3.7998149025980586e-05 -7.655116991586344e-06 3.721305058129983e-06 3.612527258616464e-05 0.0 0.016554404508731448 0.24226174068399112 0.7591200081737658 -6.6589021536478154e-06 9.759489492075703e-06 5.008391440357602e-06 1.2223573354609444e-05 0.0
0.0668537245141769 0.2676426585370446 0.7613856316591071 -2.9045030375915762e-05 5.154534127437321e-06 2.2144392607617037e-06 2.414412604486466e-05 0.0 0.016542794365159895 0.2422820536909912 0.7591231283329293 -1.1386436041683618e-05 2.0008745974252725e-05 3.8778593692229036e-06 2.3241000459819892e-05 0.0
0.06675280730940622 0.2676173665680342 0.7613852683721848 -8.93639818438326e-05 -1.7963040573640514e-05 4.784875311155534e-07 0.00010281297844309504 0.0 0.016535192044672204 0.24230677469695916 0.7591168226462655 -8.869579571294786e-06 2.626923922661768e-05 -5.29172855949033e-06 2.6851005055786543e-05 0.0
0.06670265969049816 0.26760225843205826 0.7613822002410464 -6.445830035418907e-05 -1.947824412993935e-05 -3.1439622126120817e-06 5.6264637141566986e-05 0.0 0.016531549978415865 0.24231451845623303 0.7591128934005843 -4.064660572230508e-06 1.1187780527363167e-05 -5.785746753859654e-06 9.498691621463123e-06 0.0
0.06665174304278607 0.26759319613755866 0.7613791639472699 -4.999253940043046e-05 -1.2778223316246573e-05 -3.7765040864321803e-06 4.77904955965585e-05 0.0 0.016528963860277773 0.24232037641077755 0.7591084722301557 -1.0915994291419083e-06 3.4466893810457384e-06 -5.646825949109907e-06 7.161824766350718e-06 0.0
0.06661821650543386 0.2675855740393079 0.7613884782535789 -3.055106887387065e-05 -8.042716829665176e-06 5.889273989085289e-06 3.6061500072753313e-05 0.0 0.016529414920671788 0.24231596045416864 0.7591060401955836 1.1966390671068196e-06 -6.532127398492283e-06 -2.5979139369927123e-06 5.59493134701235e-06 0.0
0.06659169562980446 0.26757026889286195 0.7614046360933303 -2.0182937688535858e-05 -1.1382965172146782e-05 1.728761387046617e-05 3.6413943037232456e-05 0.0 0.016529695222575084 0.24231434484966619 0.7591076303844893 5.908037670567138e-07 -4.536863455257671e-06 2.2734363318161873e-06 2.681147834134521e-06 0.0
0.06657689060033561 0.26755354284694594 0.7614193520198181 -1.1771387320061433e-05 -1.5215269035967443e-05 1.8500535867111463e-05 2.710987005749012e-05 0.0 0.016530048305087256 0.2423137587946059 0.7591088985536959 2.7740850251905397e-08 -4.494973376420701e-07 2.9881241063823577e-06 8.553901276209291e-07 0.0
0.06656786525664873 0.26753058895620035 0.7614372423020487 -1.0327366112293962e-05 -2.36924157053696e-05 1.8004220214141778e-05 2.81498760449752e-05 0.0 0.016530406441227805 0.24231283838768355 0.7591106854645814 -5.411810814726235e-07 2.0532230788603315e-06 1.99803805370357e-06 1.9438573299032775e-06 0.0
0.06656432308825934 0.2675183084062251 0.7614464959729946 -9.538635031449865e-06 -1.7700092083874593e-05 9.61332196377268e-06 1.7543576924010685e-05 0.0 0.01653066509554639 0.24231533898083396 0.7591076731723372 1.535354409464417e-07 3.682919904274062e-06 -3.125880838385932e-06 4.286859875728464e-06 0.0
0.06655798221259525 0.26750613920932287 0.7614494353407842 -3.0893931742702514e-06 -1.0203940871020092e-05 1.0592365420527299e-06 1.3028213010568072e-05 0.0 0.016531153572474054 0.24231300911352666 0.7591113319063727 4.5128937851889284e-07 -1.7054699903815314e-06 1.7260720762421432e-06 4.237807165124077e-06 0.0
0.0665530885653284 0.2675052720297977 0.7614513839022143 -6.7614440221529945e-06 8.460847542381584e-08 -4.646770621484764e-07 5.906213823937256e-06 0.0 0.016531708611928243 0.24231194501939946 0.7591133037108797 6.189598433244005e-07 -1.8892568135242446e-06 2.180759059143032e-06 2.2779627108923506e-06 0.0
0.06651620387423866 0.26749377806073293 0.7614524871432374 -3.29269471796464e-05 -7.504649323913272e-06 9.639505547377242e-07 3.820070225068117e-05 0.0 0.016532838064097596 0.24231145454455044 0.7591149613857618 1.2948912476176422e-06 -1.7960291850457827e-06 2.3542844417906666e-06 2.010199229209542e-06 0.0
0.06650227064825624 0.26749173288211253 0.7614533320700506 -2.2174340609411106e-05 -4.447237333664456e-06 1.6368377643293437e-06 1.555805092464205e-05 0.0 0.016533165703322045 0.2423114647899954 0.7591152559287301 5.261005704857158e-07 8.098226665095031e-08 9.151956430363188e-07 5.528049306974646e-07 0.0
0.06648318969288841 0.2674958162854151 0.7614471893268426 -1.8459064234900457e-05 2.246845209350139e-06 -4.068423835718098e-06 1.8378049108396615e-05 0.0 0.016533136223552743 0.2423128376209573 0.7591133336776265 -2.9494104499120192e-08 1.524787119851814e-06 -2.037782146142631e-06 2.3320851261015996e-06 0.0
0.06647190234069358 0.2675001089331494 0.7614422883774508 -9.859303098429749e-06 4.6892903765549395e-06 -5.1202340091912276e-06 1.3779784021437109e-05 0.0 0.016531816725223487 0.24231388302437512 0.7591109950890096 -1.3103444950323708e-06 1.6109544155349088e-06 -3.1263709468358484e-06 2.9123073626996046e-06 0.0
0.06639733737891575 0.2674659774358479 0.7614461102211308 -6.194577491776414e-05 -2.723315975198901e-05 1.536966258136441e-06 8.193119084033652e-05 0.0 0.016533449176203845 0.242310475947268 0.7591169168849965 9.216636001868927e-07 -2.535110472989805e-06 4.201275236324707e-06 6.942358493183033e-06 0.0
0.06626760308777313 0.26744251393649465 0.761448439338252 -0.00012932696443412216 -3.0379657157323616e-05 3.5881292064513007e-06 0.00013370903740504822 0.0 0.01653341023722151 0.24231363750895743 0.7591126156365311 4.947511681465957e-07 1.111330845350609e-06 -1.0966886274026798e-06 5.4572175912615595e-06 0.0
0.066206701887861 0.26743288637098195 0.7614613062422964 -8.729995932852861e-05 -1.5242679482888108e-05 1.2820134974484784e-05 6.240522623507155e-05 0.0 0.016532633291730495 0.2423121906931514 0.7591140641237264 -4.4686533164602984e-07 -4.916087103378053e-07 4.0031194742441987e-07 2.052875195438427e-06 0.0
0.06613547581476835 0.2674291386879959 0.761469229494813 -6.945356891668316e-05 -2.752491679388514e-06 1.0396801777362313e-05 6.775486639588998e-05 0.0 0.01653245973931039 0.2423115299518741 0.7591148187421346 -3.673840739661553e-07 -6.859985488420887e-07 6.576117177728336e-07 9.912879578239276e-07 0.0
0.06606465935995663 0.267444411711598 0.7614749568195361 -5.7272229992200764e-05 1.9172081438963817e-05 5.762511585353292e-06 7.569159457127586e-05 0.0 0.016532547798443133 0.24231139977870264 0.7591149947305446 -1.572346573466495e-07 -1.9645408927349248e-07 6.954327606036804e-08 3.69795184451146e-07 0.0
0.06604383317585 0.2674402769484402 0.7614737034150093 -1.8763889868706333e-05 4.966788862494728e-06 -2.339896249291208e-06 2.431936095599291e-05 0.0 0.016531994150935043 0.24231081378502636 0.7591154810777393 -4.81401820777676e-07 -4.439488620154196e-07 3.024123385715424e-07 9.834973954185842e-07 0.0
0.06602617219892963 0.2674261778207282 0.7614734585202616 -1.1041529610898927e-05 -1.495373338738255e-05 -2.4634428241373272e-06 1.8138063043756713e-05 0.0 0.016531456482845996 0.24231257649960725 0.7591176961749188 -5.009587677443268e-07 1.2740433749156557e-06 2.238167837538549e-06 2.7513722844602276e-06 0.0
0.06599986366568945 0.2674090664154829 0.7614797193445897 -2.7814452054518206e-05 -2.5063950901005e-05 4.760575624554534e-06 3.2506271987497164e-05 0.0 0.016534524134585137 0.24231490355731491 0.7591178432942336 2.720129624513496e-06 2.490451546020604e-06 9.49355982764955e-07 3.902872195333141e-06 0.0
0.06597805737146611 0.2673984315672892 0.7614905559777443 -2.697695837652607e-05 -1.483364929545565e-05 1.1668857416159838e-05 2.9383691506619706e-05 0.0 0.01653803523339696 0.2423139024964933 0.7591224775087619 3.770807971032276e-06 2.2538390192107351e-07 3.25154199262798e-06 5.87038196704332e-06 0.0
0.06595717165211042 0.26739974000453115 0.7614818160837984 -2.1037940232761e-05 1.1243346977680475e-06 -2.906566619950224e-06 2.038160194671763e-05 0.0 0.01654373918616749 0.24231012303630606 0.7591159359875586 5.86984730279249e-06 -4.129373279920421e-06 -4.139295363071912e-06 9.459495574022522e-06 0.0
0.06594322822127133 0.2674013558993154 0.7614806753806196 -1.981575563151555e-05 6.940219108004546e-06 -4.213531480731265e-06 1.3685189566827895e-05 0.0 0.01654492742633015 0.2423141950287727 0.7591157224927668 2.2875834125977955e-06 2.043513812085573e-06 -2.373474164281862e-06 4.398917419940203e-06 0.0
0.0659330857703297 0.2674017578144504 0.7614716190357207 -9.5642345927028e-06 4.78537026201619e-06 -1.0003107478531877e-05 1.4824741743479564e-05 0.0 0.01655062386150401 0.24231514424914236 0.7591229072633853 4.381898154903704e-06 1.9416515708233447e-06 5.66557978396978e-06 8.889858314473822e-06 0.0
0.06592055192804797 0.26739174493495105 0.7614584304224906 -6.937123059501613e-06 -1.0261038672400327e-05 -1.4313707208755445e-05 2.0564736780295196e-05 0.0 0.016556860071428054 0.242314698617029 0.7591321399346785 5.836437240681039e-06 4.5700509960816563e-07 1.0540884713508878e-05 1.1432170107990751e-05 0.0
0.0659176134737237 0.2673913198023814 0.7614537164789249 -4.354661089249321e-06 -5.749578977925511e-06 -6.086918502429097e-06 5.731926021476269e-06 0.0 0.016564163999042453 0.24231953587900462 0.7591330185054149 7.500765652727931e-06 4.229924183253029e-06 3.997501994846656e-06 8.894984022266216e-06 0.0
0.06591781708777256 0.2673769776332421 0.7614601070615673 -5.453872199736036e-07 -1.3672772707064936e-05 7.020431532480933e-06 1.484394282748814e-05 0.0 0.016574349157428937 0.24232094170368407 0.7591405608402882 1.0455740542292707e-05 2.081415087710016e-06 5.915982812708343e-06 1.2397103765467629e-05 0.0
0.06591342897227008 0.26736783320778756 0.7614584923736918 -2.7989891493894947e-06 -1.0265664318337493e-05 2.66499331236013e-06 1.0981169947674889e-05 0.0 0.016578414550883824 0.24232325722487064 0.7591411629072524 5.477570081714893e-06 1.704837352931931e-06 6.955620933882013e-07 4.976133818064868e-06 0.0
0.0658882851695812 0.26736071230676356 0.7614591669348211 -2.2610311114038698e-05 -6.460404662554327e-06 1.9907982797635298e-07 2.600186606434488e-05 0.0 0.01657925531878961 0.24232883604301894 0.7591456784575917 5.223515459522236e-07 4.964987027983021e-06 2.0755400399631984e-06 7.0743325705445435e-06 0.0
0.06586820335379408 0.26736076987139856 0.7614651400421274 -2.4491806915281314e-05 6.780058253831337e-08 4.799723048392565e-06 2.1226766388140686e-05 0.0 0.016585820797593295 0.24232791867448353 0.759153783316606 4.047160574711858e-06 8.06264750872393e-07 8.255454461761319e-06 1.0542363559546295e-05 0.0
0.06584188928160178 0.26736371031003353 0.7614755426321925 -2.8097786296261658e-05 4.206106516200313e-06 8.505093997968103e-06 2.773196032444629e-05 0.0 0.01659189887690276 0.2423298846246676 0.7591576911445175 6.520009542461704e-06 6.60079725125758e-07 6.139378844473542e-06 7.704238258470464e-06 0.0
0.06582030630909798 0.2673669379015882 0.7614812292191367 -2.265399593031643e-05 4.424197712517617e-06 6.962602168927327e-06 2.3160375566072912e-05 0.0 0.01659587570493261 0.2423301410249762 0.7591614343940771 5.2207469062815685e-06 1.9574097279711498e-07 3.862394052749872e-06 5.1736514900481234e-06 0.0
0.06577776779654465 0.2673635211852147 0.7614828723864666 -3.671044914485406e-05 -1.925051808745467e-06 3.0916519669820187e-06 4.216057414985616e-05 0.0 0.016599523452834025 0.24233633836883559 0.7591575326711139 4.233941005855997e-06 5.49378498429899e-06 -3.735462984152331e-06 8.027134346034958e-06 0.0
0.06575867378690875 0.2673658549552615 0.7614865343327185 -2.3104089378834037e-05 -1.2573026433293037e-06 2.4092591850085483e-06 2.075805761340411e-05 0.0 0.016600124066745114 0.24233536631344657 0.7591602522347429 7.685467485449337e-07 7.167976473586042e-07 5.413709076696954e-07 3.4783868110361837e-06 0.0
0.06574518405106856 0.2673581424204807 0.7614853590960082 -1.3515566820312094e-05 -6.851605419522801e-06 -2.1693374380205153e-06 1.4079201292905477e-05 0.0 0.016599981673978727 0.24233723903599505 0.7591578317011738 -1.3843753474607142e-06 1.5364925714413405e-06 -2.158979570106988e-06 2.685149558249139e-06 0.0
0.0657409162381998 0.26735739733950525 0.7614883246450952 -3.319877921359137e-06 -2.671654922331992e-06 2.0750305470439064e-06 5.834178705696453e-06 0.0 0.016599345025170496 0.2423381848387619 0.7591564283788089 -1.091672541159115e-06 7.998060285368383e-07 -8.345074000603039e-07 1.8249766645575581e-06 0.0
0.06573260531609329 0.26734561706522963 0.7614930732257255 -3.85993357677787e-06 -9.395807788396958e-06 5.621888803061397e-06 1.536096233137571e-05 0.0 0.01659879071021198 0.24233844864479973 0.7591558413663998 -9.527435406575802e-08 -2.991308921782861e-07 -1.7550128992273585e-07 1.0045333943132456e-06 0.0
