0.062418792602874744 0.2793391125804682 0.7645453185369316 0.0 0.0 0.0 0.0 0.0 -0.016950750467434536 0.27977269667631016 0.7638837836946755 0.0 0.0 0.0 6.307367760153526e-07 0.0
0.062417295558123836 0.27933143645735975 0.764554454097516 -1.4970447509074503e-06 -7.67612310842436e-06 9.135560584350166e-06 1.2025908537496796e-05 0.0 -0.01695425672389183 0.27977744961770046 0.7638834856916343 -3.506256457293244e-06 4.752941390295806e-06 -2.9800304113258846e-07 5.357636032852203e-06 0.0
0.062416876583052235 0.27932314410076853 0.7645632424096775 -4.189750716018792e-07 -8.29235659122185e-06 8.788312161556178e-06 1.2090208790403931e-05 0.0 -0.01696195832447492 0.27977294330492397 0.7638845091639758 -7.701600583089052e-06 -4.5063127764866096e-06 1.0234723414326297e-06 9.345995801036556e-06 0.0
0.06241928908156765 0.27932176882668575 0.7645721092359197 2.4124985154166945e-06 -1.375274082782152e-06 8.866826242126535e-06 9.2915087847843e-06 0.0 -0.016970506726689417 0.2797770018906381 0.7638871302694793 -8.548402214498402e-06 4.058585714117324e-06 2.621105503530785e-06 9.921484251975694e-06 0.0
0.062429288499264955 0.2793137832609168 0.7645757437244816 9.944792665737437e-06 -7.677935532470888e-06 3.857991215811771e-06 1.3302899008915037e-05 0.0 -0.01699409576643242 0.2797773399200002 0.7638822791065543 -2.3280753906513943e-05 1.222971586604749e-06 -4.736838086091386e-06 2.3752247584367452e-05 0.0
0.06243302473568203 0.279309256838182 0.7645791484920655 4.044916241993869e-06 -5.1643870077175056e-06 3.1754806878765006e-06 6.785308219956418e-06 0.0 -0.017000388042090468 0.27977762977672893 0.7638803305414347 -7.207613028075807e-06 -3.682496435730592e-07 -2.3598626509469336e-06 7.032753281663041e-06 0.0
0.06243590012505688 0.27930920239526025 0.7645777632654939 2.047029953081809e-06 -9.497177486727216e-07 -7.490571509622252e-07 3.0997131405107697e-06 0.0 -0.017008210938032196 0.27977752068350753 0.7638784739528656 -5.9192382279528205e-06 -1.1944736488139426e-07 -1.8867567925928073e-06 7.381693033327938e-06 0.0
0.06243818463454027 0.27931142333293263 0.7645748345405059 1.4496918124835544e-06 2.78658394365068e-06 -3.0407180468592217e-06 4.4361903925583165e-06 0.0 -0.01701265860210642 0.2797800058460433 0.7638749409472907 -3.544264201348033e-06 1.6682023949430615e-06 -2.8126193534021088e-06 6.48997446623692e-06 0.0
0.06244247848074581 0.27931682341645264 0.7645672279755 2.757925852477854e-06 5.249914818308775e-06 -6.625944425416434e-06 1.0585931852181806e-05 0.0 -0.01701630198577367 0.2797793001371627 0.7638752227247596 -2.2265717641451946e-06 5.3231984836930125e-08 1.603139456762213e-08 4.162158024790394e-06 0.0
0.06244375683209211 0.27931695430966885 0.7645665100012692 1.8445983816041433e-06 1.7744376023717045e-06 -2.0695170309804885e-06 1.7000372586055914e-06 0.0 -0.017014856531996133 0.2797749323951812 0.763872708369705 7.554864808033844e-07 -4.3852549523971045e-06 -1.2899556202924998e-06 4.9159696734566e-06 0.0
0.0624423158321978 0.27931446721729764 0.76455737794061 -4.681142293120886e-07 -2.6418131008858647e-06 -7.020315476605674e-06 8.769580499523549e-06 0.0 -0.01701154370837109 0.27976062118787925 0.7638641308329283 2.524638202241072e-06 -1.3125868482592146e-05 -7.736924487188256e-06 1.662426957090095e-05 0.0
0.062428788562869285 0.2792637650000575 0.7645226027432815 -1.1836480698655871e-05 -4.600855827252208e-05 -3.129565608563486e-05 6.307426648795097e-05 0.0 -0.0170233257105742 0.2797607068838738 0.7638568876795863 -1.0172365256060439e-05 -4.2624154392280135e-06 -9.041820162061447e-06 1.4664389786509934e-05 0.0
0.06243312114027682 0.2792428429664441 0.7644920095085007 -7.949516295015991e-07 -3.256545646734388e-05 -3.5233097739994923e-05 3.9332447200925544e-05 0.0 -0.017042442531853566 0.2797719347298936 0.7638321277458324 -1.9129339440461066e-05 1.0537707074360374e-05 -2.2819135501998452e-05 3.234845394964043e-05 0.0
0.06243348930563157 0.2792347478121656 0.7644789472888448 2.0259912503348097e-06 -1.105875387583052e-05 -1.8582296358946253e-05 1.2829071559994369e-05 0.0 -0.017052791998987547 0.27975674865645145 0.7638404184917277 -1.5134274907313337e-05 -7.561456799453948e-06 1.2323676986971883e-06 2.093642579109907e-05 0.0
0.06243237433659591 0.27922964751998564 0.7644754069612135 1.1582470501543616e-06 7.456022257074422e-07 -1.8240237327038708e-06 5.821196799391449e-06 0.0 -0.017055561879136847 0.2797501308330233 0.7638450123082656 -3.892835822333528e-06 -8.761706507452029e-06 8.315526510413192e-06 7.977401232907555e-06 0.0
0.06243031282648029 0.2792266359416356 0.7644723100473187 -1.0994274185714416e-06 3.570541176465438e-06 3.0076559487681453e-06 7.014542390475823e-06 0.0 -0.017055196408565853 0.27974619554370134 0.7638484306573352 3.264619931356272e-06 -6.898138003094754e-06 7.795788339890664e-06 5.032595292986706e-06 0.0
0.06242516753378105 0.2792195733933274 0.7644665406665454 -5.7334496701910915e-06 -4.501517572261135e-06 -1.6515037849147026e-06 1.0567264047533266e-05 0.0 -0.017051476029300173 0.2797479451233101 0.763842056863643 6.988081574572365e-06 -1.166419433448022e-07 -4.26872168539231e-06 8.14681632708254e-06 0.0
0.062422813606081234 0.27921197819210647 0.7644611169336062 -4.632904068720314e-06 -1.1411021560084989e-05 -8.106610803069978e-06 8.15662814595903e-06 0.0 -0.017045224235925194 0.2797525692189728 0.7638394095024479 6.902568445458943e-06 5.88652105603088e-06 -6.555920910991725e-06 8.546142633652826e-06 0.0
0.062423466736103314 0.2792126352430429 0.7644554923013852 -2.909195123125472e-07 -6.224585842251951e-06 -1.0186026428031974e-05 6.050130463858651e-06 0.0 -0.0170425280738195 0.2797502317742515 0.7638446492777622 1.4843046081686825e-06 2.27033725227101e-06 1.0672312992916706e-06 5.521732773578781e-06 0.0
0.062424097339058744 0.2792080892793595 0.764454973104815 2.9211179601895505e-06 -1.1938008286412687e-06 -2.0150141882454206e-06 4.621249625918293e-06 0.0 -0.017040627635930533 0.2797459072076631 0.763856623948489 2.3571812686412695e-07 -4.6477560230472755e-06 1.1459842385575793e-05 1.2928670720306993e-05 0.0
0.06242442818248026 0.27921076496557873 0.7644489483346821 8.356021103778719e-07 2.97402279473925e-06 -3.2025476103057755e-06 6.830526628403816e-06 0.0 -0.017037933411316646 0.2797272922970153 0.7638683370375992 1.99178854200586e-06 -2.0433755976041253e-05 1.7029821387888714e-05 2.2511056453565836e-05 0.0
0.06242268612652202 0.27920018146396286 0.7644492031434833 -1.5627631133208688e-06 -7.71053717557872e-06 8.737743440794916e-08 1.0835466332763892e-05 0.0 -0.017037182085621223 0.27971997932651405 0.7638758660553905 1.0110202544452777e-06 -1.1372331007928107e-05 9.201966833060017e-06 1.0782564807338394e-05 0.0
0.06241856442250872 0.2791922007543488 0.7644307783724342 -4.677567068054946e-06 -9.861642395048922e-06 -1.551734714714958e-05 2.026455172936106e-05 0.0 -0.01703373832626903 0.2797057103557217 0.7638793835682265 3.1653884979821e-06 -1.2915403861047871e-05 2.421420320210803e-06 1.42040397139152e-05 0.0
0.06242059779986696 0.279172798819614 0.7644004912678496 5.762358539740117e-08 -1.9584169976610302e-05 -3.112831917556787e-05 3.604756578398249e-05 0.0 -0.01699732982593522 0.2795630976832151 0.7638632314746014 3.249928878389069e-05 -0.000122890363128817 -1.6504266896486557e-05 0.000147362166898615 0.0
0.062421635764103596 0.27916121699241964 0.7643942051209429 1.9569967914091414e-06 -1.4291864500691774e-05 -1.3559069733587911e-05 1.3706422738507888e-05 0.0 -0.016932741792798203 0.27933631778795 0.7637822212340823 6.580616531721531e-05 -0.0002321168888284723 -7.551085088874453e-05 0.0002530394909190146 0.0
0.06242358748051423 0.2791429355096607 0.7643873293818196 2.856347962784356e-06 -1.6427658484858827e-05 -4.972285414877441e-06 1.835047290721509e-05 0.0 -0.016829999045808165 0.2789235219790637 0.7635696792802721 0.0001051889355976715 -0.00041415026114988076 -0.00020460376604662962 0.0004723094001713651 0.0
0.06242065280889672 0.2791233297932042 0.7643701728475709 -1.828893815978863e-06 -1.889005792512354e-05 -1.1332979054545951e-05 2.7092210577550193e-05 0.0 -0.016669178755931796 0.27825758142033874 0.7632041672130346 0.0001612862001620799 -0.000667040921692311 -0.00036911806849858944 0.0007762981534725509 0.0
0.062411124167110525 0.2790797782157042 0.7643369143826401 -9.519885636198943e-06 -3.971841031524078e-05 -3.0182915256168496e-05 5.601339250125995e-05 0.0 -0.01637085999789734 0.27714621910142606 0.762530596258357 0.0002885465201221242 -0.0010955436305195728 -0.0006654058508449671 0.0013333943118711599 0.0
0.062405723090846216 0.27903307038839525 0.7642953236791388 -8.101135030555375e-06 -5.0444720342057176e-05 -4.440642285444291e-05 6.282961106549801e-05 0.0 -0.016223283613739085 0.2759699827891054 0.7617741449313542 0.00018965427418821996 -0.001240546795466211 -0.0007994075672736521 0.0014154057494712977 0.0
0.06239714998162939 0.2789899674890004 0.7642327355100208 -8.563118637142173e-06 -4.676401171094814e-05 -6.607813885642258e-05 7.52935742351762e-05 0.0 -0.016132958115168856 0.27477946024055894 0.7609255987868093 8.759797186893926e-05 -0.0012263002232505977 -0.0008668148981085519 0.0014496743006482656 0.0
0.062396702802222224 0.2789350748851074 0.7641646973886539 -7.381489728020961e-07 -5.3255268781526384e-05 -7.133969567339574e-05 8.800792550574148e-05 0.0 -0.016138447908814885 0.27296502029437203 0.7595727893036646 -2.501023253799993e-05 -0.0017043939298151255 -0.0012794409763867828 0.0022569489132728974 0.0
0.06240735595522486 0.27889369194242736 0.7641128093157409 1.0812097931062849e-05 -4.160577827567983e-05 -5.338634330704323e-05 6.771893592118211e-05 0.0 -0.016291369659980105 0.271888838747631 0.7587775519365416 -0.00016873447234143783 -0.001211110355320527 -0.0009179045235105204 0.0013905599713455912 0.0
0.06240967934959907 0.2788400783339431 0.764049063008971 6.3942300036858665e-06 -4.9399125992546825e-05 -5.8162693656270176e-05 8.237376425663597e-05 0.0 -0.016422069816560005 0.27035964878768776 0.7576269346324086 -0.00016299038517091498 -0.0014005594372943468 -0.001054850939107517 0.0018602295452414127 0.0
0.06242098671493041 0.2787943161287427 0.7639969224652222 9.838690943131843e-06 -4.685710328585576e-05 -5.139904548977042e-05 7.123709440334894e-05 0.0 -0.016744089431734787 0.2688352442304766 0.7564490027438027 -0.0002880663331392605 -0.0015058607395516358 -0.0011485379971009194 0.0019824589437644527 0.0
0.062457273086336945 0.27872024499276915 0.7638904229722054 3.2056492380160915e-05 -7.135724810579938e-05 -9.725855715465186e-05 0.00013386450283826764 0.0 -0.017409010337715143 0.26709634549145445 0.7548402792855066 -0.0006156316934834378 -0.0017356202783952177 -0.0015614728510795113 0.0024717672128519155 0.0
0.06247574088248535 0.2786996384463983 0.7638297418549646 2.4184992328028086e-05 -3.1634735591737826e-05 -7.479063708515699e-05 6.902976497620859e-05 0.0 -0.017794782103712325 0.2665356647846228 0.7542199915175083 -0.00048489560456392366 -0.0007718872411459309 -0.0008340736613218869 0.0009293904864354034 0.0
0.06249128290277892 0.27861377183256897 0.7636735037767098 1.5905490563739713e-05 -7.225094442733752e-05 -0.00014465435415977196 0.00017394224060321103 0.0 -0.018208402320243622 0.2658643585863966 0.753356300181536 -0.00040346765959109346 -0.0005356845515966433 -0.0007615082977478285 0.0010895745059006274 0.0
0.06248967831355608 0.27849894747671977 0.7635448444743917 -1.350427268662783e-06 -0.000114049423636312 -0.00014104422438546306 0.00017783521377092964 0.0 -0.018302611947899332 0.2655596004020723 0.7529305079867662 -9.939378102789483e-05 -0.00024024793964310428 -0.0004088242597977906 0.0006177809922703252 0.0
0.0625026853799246 0.27842170145820344 0.7634483061373043 5.942826675983182e-06 -9.162692638239975e-05 -0.00010361497277457792 0.000122849446290545 0.0 -0.018361607355074163 0.26534525782481044 0.7525598080374384 1.5734988769622354e-05 -0.00011286233463509809 -0.0002614091022410496 0.0004165445584063004 0.0
0.06252655350912723 0.2783656510535555 0.7633879852989999 2.0989470876315253e-05 -6.047466494204509e-05 -5.773653928507603e-05 8.281079258081453e-05 0.0 -0.018374727650310146 0.26503552154018 0.7521306552478334 3.3387932685121387e-05 -0.0003587206521022128 -0.0004355641145097074 0.000513774007376566 0.0
0.06257054380238082 0.27828426101133025 0.7632939820403514 4.672051952331151e-05 -6.834093492528044e-05 -7.433359189997727e-05 0.00013227902671629602 0.0 -0.018359303023826067 0.264581244647889 0.7514614396818038 -1.0765755491337183e-05 -0.0005309162556989813 -0.0007021656021019942 0.0008010448619648585 0.0
0.06260229412500627 0.2782450434180023 0.763245418456515 4.1414218844063504e-05 -4.017202427675236e-05 -5.348910607629091e-05 7.661842878617431e-05 0.0 -0.01838053316963103 0.2642968131638 0.7509598417302378 -6.002025046457571e-05 -0.00039078611760348376 -0.0006244605413937576 0.0006098314566279029 0.0
0.06261526101050599 0.2782404652116006 0.7632102619363532 1.5331378771953594e-05 -2.9285694973778004e-06 -3.593171781087819e-05 3.1069969932229934e-05 0.0 -0.018464673465387764 0.2639688120252589 0.7503767799109204 -8.918692712918896e-05 -0.00027245767679079554 -0.0005494060783661056 0.0006319259343804218 1.0
0.06261060081435563 0.27824194799025426 0.7631773657304144 -8.65673060989407e-06 9.710485724231337e-07 -3.905977249525244e-05 3.31558295683048e-05 0.0 -0.01876514107469664 0.26383638101152673 0.7497187100408018 -0.000295782464980142 -0.0001567333931477144 -0.000659993595646317 0.0007582621655423458 1.0
0.06260379492006124 0.2782452979617072 0.763160957062297 -1.544859711020137e-05 6.091379701515245e-06 -1.5400401510376184e-05 2.1451985429750544e-05 0.0 -0.018685156004474644 0.2635652444258734 0.7498257723043217 3.429897455677316e-06 -0.00018232998740776586 3.592401400591167e-05 0.00031313339506884477 1.0
0.06260544014223192 0.27825380238839054 0.7631486970830393 -1.783056605363405e-06 9.686927614744107e-06 -9.404609320726626e-06 1.4518263552795269e-05 0.0 -0.018569744266939123 0.2635162676219566 0.7498313652006225 0.00014074557081799761 -7.12466392861672e-05 0.00013012248638581063 0.00010448729191350314 1.0
0.06260523991567905 0.27824058117614425 0.7631382879363685 4.3807783005179675e-06 -1.4421918871783806e-05 -1.0534351649404668e-05 1.4656057839750814e-05 0.0 -0.018582545274671073 0.26352226080841473 0.7498436548026226 6.846211441475267e-05 -3.941226790978855e-06 8.019636722108415e-05 2.1287614779795852e-05 1.0
0.06260572738969034 0.2782386206115954 0.7631177677821657 6.010091137750008e-06 -1.1918219193180144e-05 -2.2590588448484776e-05 2.2128046239081468e-05 0.0 -0.018791462097501953 0.2638274351402486 0.7498816328324034 -0.000167246425040297 0.00027181400169030967 1.8550491414806407e-05 0.00038456310193477126 1.0
0.0626107448230651 0.2782634829236906 0.7630807509074057 5.372197546504967e-06 2.1939436158373274e-05 -3.4516370062969925e-05 4.4599842409397296e-05 0.0 -0.01895400572270041 0.2641597307420344 0.7499682834575732 -0.00022925272288864393 0.0003847116086172163 3.41481256277169e-05 0.0003834857109351157 1.0
0.06261818975556419 0.2782572029979444 0.7630291636665867 6.102317418264392e-06 5.031784014673881e-06 -5.403610912190764e-05 5.273845731140384e-05 0.0 -0.019269662776592835 0.2651681695084332 0.7503877760219398 -0.00035128871924926854 0.0009402793888729543 0.0003170853562740021 0.0011118997959006665 1.0
0.06261064947686328 0.2782551068700364 0.7629671552328233 -6.353990076444837e-06 -1.9243059272077365e-06 -6.514691963781233e-05 6.217766075784583e-05 0.0 -0.019471617041326425 0.26595946177948204 0.751122718462862 -0.0002447685864624857 0.0009109391293870806 0.0007388851225997567 0.0011247429508754246 1.0
0.06260553816286253 0.27825714452498546 0.7629287973560472 -7.411513426492059e-06 -6.987675651437182e-07 -4.3067404466531054e-05 3.884809184687517e-05 0.0 -0.018956805973005777 0.26600450301949596 0.7522221147230698 0.0004669975569452593 0.00015757379019579434 0.0011849919791320812 0.0011973460883050431 1.0
0.0625919422485393 0.2782468036472747 0.7628871897956185 -1.3727109267197428e-05 -1.0376907026262082e-05 -3.63731301674969e-05 4.42935177320793e-05 0.0 -0.017397100352463155 0.26518533859918825 0.7541326089437599 0.001544498624332704 -0.0008433155959678557 0.0018715664333886046 0.002586495457763692 1.0
0.06255490780768158 0.2782242675539116 0.7628247303694656 -3.5395253227911624e-05 -2.33181833959224e-05 -5.4046215566694205e-05 7.688415790158416e-05 0.0 -0.014731088983087172 0.2627521244427699 0.7556832868483061 0.0027468266817181216 -0.0024806986658648896 0.0017259688480314183 0.0039677157833302385 1.0
0.0625293818477543 0.2781790484101729 0.7627592968973227 -3.0351919069822676e-05 -4.226040725919093e-05 -6.663187599391245e-05 8.438720672057422e-05 0.0 -0.01064029169783592 0.2588438471190523 0.7571307426128783 0.004161661165459014 -0.004053530891019719 0.0014518737152460605 0.005830637615770969 1.0
0.06252926264942309 0.27814895590054 0.7627473368522658 -3.488388359642463e-06 -3.5462550263948577e-05 -2.469194370317269e-05 3.1639840813447594e-05 0.0 -0.005902185356053256 0.2543100020230034 0.7578274257795333 0.004911478642075773 -0.0047669486202949985 0.0006829118897200329 0.00658019650088069 1.0
0.06251552925909955 0.2781172939916701 0.7627069518732865 -5.946788837945969e-06 -3.354502858918112e-05 -3.194347117365908e-05 5.04380227442952e-05 0.0 -0.002052621138009557 0.24981897173024376 0.7577999140620898 0.004067331003465781 -0.004567937921006417 -0.00013030238404187366 0.005912161769627413 1.0
0.06250324770385149 0.27810270379897983 0.7626148551123886 -9.514490007492304e-06 -1.2904732788695152e-05 -8.11067403547737e-05 9.715855812879461e-05 0.0 -0.0006745761516542471 0.2481702539440468 0.7575843258631109 0.001485597912327321 -0.0019029527052103982 -0.00040480808072977865 0.0021684558109151446 1.0
0.06251633121155942 0.2781277746512799 0.7625404325979281 9.393631641515155e-06 2.5274246367916935e-05 -8.380904795602723e-05 8.121994140764502e-05 0.0 0.0001447765535326122 0.24719587113231084 0.7573692178319013 0.0002511764931124535 -0.0004258178858504982 -0.00026988284757195624 0.001217199396623492 1.0
0.06251946781356776 0.27812720383076556 0.7625232199999088 4.58709416614804e-06 1.0668087332958575e-05 -3.368159915856105e-05 1.4401088750177285e-05 0.0 0.0003907746422151018 0.2469113341700564 0.7572232611031515 -0.00017717218122153964 0.00020395683975565654 -3.9844193230061326e-05 0.0005223235363781652 1.0
0.062521206809734 0.27811719182254235 0.7625034366723931 7.589887355455267e-07 -9.361228673752738e-06 -1.2908635113484481e-05 2.0196299266895202e-05 0.0 0.0007503711898703445 0.24681190492364427 0.7571370659421014 0.00028049353250496237 7.4378778341921675e-06 2.4879925464858397e-05 0.0003846233568140342 1.0
0.06251120717497845 0.2780669864255428 0.7624303488126724 -8.080187281923961e-06 -5.213063031316943e-05 -5.24441129654922e-05 9.30855709637623e-05 0.0 0.0021492538112635766 0.24675473542134532 0.756970656094742 0.0015981438592586345 -0.00031361393047514693 -5.501446256698421e-05 0.0013403313142933827 1.0
0.06250561168104408 0.2780441880191717 0.7623697064949654 -8.551661950781559e-06 -3.757455361074688e-05 -6.308952023387602e-05 6.727200667393192e-05 0.0 0.002652322093593021 0.2467629277259381 0.7568262474730202 0.0011207066300271 -0.00033699711790835096 -0.00018033519174491335 0.0005404724525030916 1.0
0.0625134911613182 0.2780373398964128 0.7622317808999558 2.7949365083281922e-06 -1.1657805865034785e-05 -0.0001399929802366149 0.00013246562878101165 0.0 0.0029996219076349 0.24677733944753022 0.756667011777165 0.00043367291645158516 -0.00012180167145000188 -0.00021938671583635082 0.00036908909700802007 1.0
0.06252267265694741 0.2780368239544875 0.7621165506999193 1.231452088425702e-05 8.162078674853119e-06 -0.00013666216276439125 0.00011827330765578516 0.0 0.003194133677884557 0.24661045774030602 0.7565978842196914 -4.1807774543916026e-05 -1.7823202096109957e-05 -0.00010632260431711931 0.00026002661356782416 1.0
0.06251714488954484 0.2779808495537151 0.7620126910003188 1.4579504275722124e-06 -3.7727405469462435e-05 -0.00010587448384478624 0.0001182162104743522 0.0 0.0032568372874079298 0.24644787709890864 0.7565881296568986 -9.766398773364575e-05 -0.00016803011704249137 -6.0105722713831185e-06 0.0002224643316794104 1.0
0.06252825067402315 0.2779332310341728 0.7619281345609538 6.808859754414824e-06 -5.643051479220405e-05 -7.514172058937939e-05 9.73100254648241e-05 0.0 0.0032124869969118635 0.24631302076542386 0.7565793568909918 -0.00012110122546549716 -0.00012302024523743783 1.998474040903228e-05 0.00012788911327804922 1.0
0.06253041524326444 0.27790160073014075 0.7618287399168603 2.3926393223956663e-06 -4.3634996753639746e-05 -8.693731522420996e-05 0.00010389872888516457 0.0 0.0034381088379387818 0.2461798475778918 0.756500955626426 0.0002494610939049319 -0.00012281508339950065 -5.683562445999162e-05 0.0002420687232035182 1.0
0.06252779959133012 0.27786933628662425 0.7617593921100316 -3.4057403952817354e-06 -3.4045447025467766e-05 -7.228758250100377e-05 7.872693807851597e-05 0.0 0.003948448143893016 0.2458726905799949 0.7564619781372719 0.0006058619725810389 -0.00026071102222366985 -6.70177303904254e-05 0.0006219615091714466 1.0
0.06250273761142085 0.2778309537882282 0.7616998621049925 -2.225339250546892e-05 -2.9426250370159242e-05 -5.9904176224666154e-05 7.241650761473401e-05 0.0 0.004101925767514609 0.24562157345694968 0.7563045163333243 0.00024103527589859185 -0.0002627927729790545 -0.0001554549682405445 0.00033674087888527064 1.0
0.062451335179248675 0.27778704535825854 0.7616380369753837 -5.066647974402753e-05 -3.8723141051390344e-05 -6.495239391112946e-05 9.271259543074661e-05 0.0 0.004016378874375545 0.2454456480830612 0.7559436967968128 -5.545541259753897e-05 -0.00020036306056010465 -0.00035148395699318975 0.0003896691624471969 1.0
0.062429366065716835 0.27775231988774174 0.7616027466206471 -3.3035743709839885e-05 -3.875228141484908e-05 -3.7093316412362625e-05 5.517154615192825e-05 0.0 0.004039957655539964 0.24536627850336615 0.7557984300314561 -9.319308845417469e-05 -9.113362297407364e-05 -0.0002068562051510466 0.00018002799447125752 1.0
0.0624219245636415 0.2777352981534005 0.7615944536070521 -8.487067650800642e-06 -2.4298035658357245e-05 -9.410234530506079e-06 1.8815010290940465e-05 0.0 0.004100271027701254 0.24528070749249642 0.7554743648322267 -1.70869170099483e-05 -4.62377656412629e-05 -0.0002860137269594337 0.0003405508252377684 1.0
0.06238650342479634 0.2776604403305562 0.7615552663133485 -2.21007719804023e-05 -6.201917879063729e-05 -2.9893563694979197e-05 9.021891112403207e-05 0.0 0.004030190420928716 0.24478046442255036 0.7546976479629002 -3.6956802775967774e-05 -0.0004181103350975954 -0.0007039024805154598 0.0009270959830210404 1.0
0.06236847473730839 0.2776396574517372 0.761542733483901 -1.883278000960068e-05 -3.226734442663541e-05 -1.943517987929964e-05 3.559336813167115e-05 0.0 0.004020573421407106 0.24429337728207987 0.7543582647693142 3.823019374049722e-05 -0.0005583934818630615 -0.00046297532376785917 0.0006070128234331334 1.0
0.06234033487831105 0.2776129273279614 0.7615190424394663 -2.803436342922223e-05 -2.5568069116328803e-05 -2.226680853118907e-05 4.067575475307518e-05 0.0 0.004193266322619975 0.24397066425321223 0.7542525162106953 0.00017520196851552336 -0.0004228420561025321 -0.00012893379169950117 0.00035515864861122365 1.0
0.06230562656989767 0.2775653166556938 0.761475042811811 -3.841862060988561e-05 -4.176537060543689e-05 -4.362397695518772e-05 7.330723377047475e-05 0.0 0.00468862623370296 0.24392572624129563 0.7537895254867478 0.0004467620738288571 -6.439097568964588e-05 -0.0003360871097404633 0.0006713829335070692 1.0
0.062260092874235805 0.27748872715512973 0.7614045243035513 -4.709415207720965e-05 -7.300025138967981e-05 -7.106883768019751e-05 0.00011667406484888839 0.0 0.0051213432527431706 0.24402573714019926 0.7533379268158567 0.0004998149446502994 0.00018132102705744685 -0.00043456098807458663 0.0006748063346024627 1.0
0.06222111008400406 0.27741116098745433 0.7613302440628313 -3.933934783531908e-05 -8.324464806124915e-05 -7.79711361445049e-05 0.00011420892316912878 0.0 0.005323141911901667 0.2440283400535557 0.7528240435102153 0.00027840854948637714 0.00011393658920988833 -0.0005283267659796419 0.0005371459965016695 1.0
0.06219609233929944 0.2773630484161772 0.7612867092109454 -2.673048419961942e-05 -5.846768924254622e-05 -5.081684017574753e-05 6.648737997110162e-05 0.0 0.005131689160236303 0.24393592546370488 0.7522649636764702 -0.0001942454531530373 -8.757204592928858e-05 -0.000629182672328429 0.000573827550889541 1.0
0.06215320680875815 0.27728528102917044 0.7612344875916788 -3.822757918939079e-05 -7.172374718913434e-05 -4.669438536425838e-05 0.00010334944705205999 0.0 0.004897897885358776 0.24385540581385842 0.7518295678899336 -0.0003671429354873572 -0.0001770941198618442 -0.0004920136780976163 0.0005221775839298513 1.0
0.06212163898429851 0.2772483949760157 0.7612020464960082 -3.1089172737826206e-05 -3.487450460053981e-05 -2.6485648887355223e-05 6.169508152405869e-05 0.0 0.004758478653349584 0.24384526726656164 0.7514187554979006 -0.00022762374277118607 -6.908616617897292e-05 -0.0003422729687371295 0.0004347839308095424 1.0
0.06210204772461022 0.27722909075557606 0.7611862476891458 -2.211021793556673e-05 -1.7090235392929233e-05 -1.4239002070966883e-05 2.9923402584392836e-05 0.0 0.004691146870981982 0.24383763386850904 0.7510634594227054 -3.2993645102756994e-05 7.901733898318247e-06 -0.0003199236964157891 0.00035253436452516173 1.0
0.062075500458670864 0.27720321425766553 0.7611592154355026 -2.471826442405806e-05 -2.127795069740638e-05 -2.4313743824070394e-05 4.415971688164678e-05 0.0 0.00449448074807704 0.243851703165943 0.7505121722408258 -7.655289589071385e-05 5.555528925043246e-05 -0.0005283442736100746 0.0005875706888147404 1.0
0.06206276799865273 0.27718078583120115 0.761152752661091 -1.4694849377119696e-05 -2.373516433548269e-05 -1.2785315051277249e-05 2.9189413618113617e-05 0.0 0.004461555952726189 0.24383203013657062 0.7503060594138422 -2.812966843847135e-05 7.260763891710954e-06 -0.0002816126181539782 0.00022296706736747555 1.0
0.062038112903497845 0.2771529560260822 0.7611374099242849 -2.094101323490643e-05 -2.8762168326221322e-05 -1.4124863074720303e-05 3.956063199322699e-05 0.0 0.004472785907018413 0.24378042191408056 0.7501036484775776 -4.62134652542658e-06 -6.264044778715509e-05 -0.00019530469053015995 0.00018698898861456675 1.0
0.06195469751496893 0.2771261104366134 0.7611115166352201 -7.606711021349694e-05 -3.0263366958689622e-05 -2.4213277080320175e-05 8.970890962104697e-05 0.0 0.004407811785762928 0.24358615527831062 0.7496953369696229 -7.061692228400846e-05 -0.00019616336878009052 -0.00034855827980853626 0.0004633304812939605 1.0
0.06192850160511637 0.27712376032822567 0.7611085378696569 -4.5876371104755086e-05 -9.840262943738655e-06 -1.0093291652955496e-05 2.9807430003173118e-05 0.0 0.004407291009363775 0.24357407029845562 0.7495181762598013 -1.3802256977247601e-05 -6.39634688573756e-05 -0.00021724978501673855 0.0001979145032063159 1.0
0.06185342615435723 0.27709082713048816 0.761089247386285 -6.713826960316551e-05 -2.2027986300076697e-05 -1.4640404224974106e-05 7.97843925901497e-05 0.0 0.0046537672835608515 0.24341341222361326 0.7497991409606315 0.00021424186187742826 -0.00012513095561251025 0.00021152497128715258 0.00038244613669299746 1.0
0.061797354137181806 0.27699099914254516 0.7610051744768073 -5.799086036893616e-05 -9.023673080860755e-05 -7.421343457793903e-05 0.00014441947102008444 0.0 0.0052218669397303425 0.24358889728683436 0.7500710904501122 0.0005528628207378069 0.00013495055450197336 0.0003402171399820219 0.0006558651197734772 1.0
0.0617629225675629 0.2767410623979703 0.7608019420627851 -3.493493506921042e-05 -0.00024197412931152606 -0.00019675555028869667 0.00032499185566130066 0.0 0.005423599220666302 0.24361073404917238 0.7502533404965233 0.0003210777095204487 9.0838849794522e-05 0.0002502274221580896 0.0002958804783860596 1.0
0.06175718359834048 0.2764979265911895 0.7605804898977891 -3.1954876859586357e-06 -0.00027545148957103477 -0.00024315878204066936 0.00033092928027133684 0.0 0.005403811104313799 0.2436013190312139 0.7500150567243197 1.0913035282810062e-05 8.364740529470748e-06 -0.00017051846637528885 0.0002101892085915731 1.0
0.06177376573626109 0.27637650272104225 0.7604343796982199 1.9098589271269373e-05 -0.0001557073494921867 -0.00017490628562858975 0.00018572782429725703 0.0 0.005255423962113891 0.2435566708272528 0.7500046055335329 -0.00023035758602819856 -6.658158696719706e-05 -0.0001733319482576772 0.00016121318962191282 1.0
0.0617802249375911 0.27623352783489397 0.7603486435409905 1.2508405881925952e-05 -0.0001132073352909063 -7.943319947738215e-05 0.00016388330209274682 0.0 0.005261935402699627 0.2436688658288258 0.7501361419979197 -0.00011816206502166184 5.226558963733225e-05 3.4980671966033754e-05 0.0001910433030648835 1.0
0.06178660587248281 0.27619506448541387 0.7603288124186467 8.510721406490953e-06 -1.9768896139826595e-05 7.026053895082829e-06 5.135670680082459e-05 0.0 0.005273058078722613 0.24369812299787283 0.7501477533461887 2.291769476497096e-05 5.668673927509117e-05 9.695611434104622e-05 2.4856383697571512e-05 1.0
0.06179463505228149 0.27616802401084417 0.7603106476397058 -1.6658105995772735e-06 -4.947417934404371e-06 1.0227583583781833e-05 3.296460185607472e-05 0.0 0.005248069443017234 0.24371679991728562 0.7501461413209856 6.720575397790618e-05 3.0364376317500696e-05 7.937807485864736e-05 1.923288197174875e-05 1.0
0.06178526684221519 0.2761483209478497 0.7602950144628982 -1.0196897851940496e-05 -2.1353928832300004e-05 -1.6336920361891524e-05 2.399000481160384e-05 0.0 0.005211370425025994 0.24373028396303448 0.7501340816844378 1.8680049385680906e-05 3.403291150768017e-05 -9.201636192097615e-06 5.22326000533322e-05 1.0
0.06175008451848267 0.2761363197325408 0.7602840368618322 -3.366090888779159e-05 -3.045614587988003e-05 -3.165518046411305e-05 3.949659948578876e-05 0.0 0.005153191496392201 0.24373657922355405 0.7501103591770868 -8.72325608109332e-05 -1.6308746908352882e-05 -6.08680756483198e-05 6.261133682793389e-05 1.0
0.061738353020844496 0.2761291859253754 0.7602993747444425 -1.8076345235500785e-05 -1.4133998737017725e-05 -9.47485094284948e-07 2.1308779725787293e-05 0.0 0.005133483355056463 0.24374806864488394 0.7500901790370893 -5.8470428990047615e-05 5.36357070619043e-07 -5.7638491851566345e-05 2.9657626070240725e-05 1.0
0.06172736549884432 0.2761153361441774 0.7603191701748166 -9.367649042924739e-06 -1.299408027962128e-05 2.20252821188157e-05 2.375771100820691e-05 0.0 0.005115338668422255 0.24376225779367885 0.7500671436757276 -2.332294267922578e-05 1.8096662693626036e-05 3.2352306934469897e-06 2.8392658291391987e-05 1.0
0.06171703335353092 0.2761076969189057 0.7603406422302921 -6.760323966174523e-06 -1.3162192430777171e-05 2.8276605708327636e-05 2.7807508771916984e-05 0.0 0.005104786328645041 0.2436072122582218 0.7502496670852667 8.51148898632478e-06 -0.00011674038318725959 0.0001668829053191111 0.00024184679144722532 1.0
0.06170789270618865 0.27610336835880517 0.7603484906312413 -5.220148034381561e-06 1.174584653020576e-06 1.4542126079268293e-05 1.2465901340431542e-05 0.0 0.005181410138435494 0.24351642125499798 0.7503897515320654 6.926715135220856e-05 -0.000128114255236153 0.00016847280553190132 0.0001909549112932352 1.0
0.061695311524656536 0.2760941351080838 0.7603550243823828 -1.1339588978015867e-05 -7.72778544319823e-06 2.273010758467661e-06 1.6214666348065387e-05 0.0 0.005346724332275778 0.24361907766704158 0.7503763912437025 0.00016204068060615684 6.335910065463774e-05 2.7162485301637433e-05 0.00018604354654943678 1.0
0.06169011313243789 0.27608338121789366 0.7603541385990257 -9.753436505235735e-06 -1.0222088248023656e-05 -4.339390553194928e-06 1.2218021763271297e-05 0.0 0.005396243097774331 0.2437597815061466 0.7502275984032065 8.475224251814113e-05 0.00016945583806246483 -0.00015716751562525007 0.00020954223783005337 1.0
0.06169115779993435 0.27607836553411486 0.7603579551072874 -1.4005243073978825e-06 -6.095338740008603e-06 1.4486762152119624e-06 6.781944141201301e-06 0.0 0.005426228246047263 0.24382169801511835 0.7501653972859315 2.438299551687016e-05 0.00011646554470510367 -0.0001314858757164897 0.0001003533928390713 1.0
0.0616970505513385 0.276085105302921 0.7603680753210382 8.46763088057889e-06 5.250957908214945e-06 1.1896172282398513e-05 1.2813667605024384e-05 0.0 0.005443395392810587 0.24391400024328624 0.7500694716870179 -3.7292994140705136e-06 9.135906857699253e-05 -0.00010987701546074157 0.0001297342936996076 1.0
0.0616957459688575 0.27608548758829426 0.7603699044545947 1.4059866546408108e-06 3.2465625053581893e-06 6.119289589274793e-06 2.898604728439682e-06 0.0 0.00547249738787459 0.2438515197880003 0.7501017606197244 7.2798711190000164e-06 -6.737212271522579e-05 3.5413805976246085e-05 7.681275121770883e-05 1.0
0.06169258065801527 0.2760822929438066 0.760363788938854 -3.6564181929233872e-06 -1.1731406681641833e-06 -4.3502417780551715e-06 7.193249110014867e-06 0.0 0.0055591269200551095 0.24362997696466024 0.7501714724299021 8.074874445851237e-05 -0.0002509146080693392 0.00011968792455265397 0.0002475967439516542 1.0
0.06169544437799544 0.27609694847706107 0.7603520687642459 -2.4412099419090307e-07 1.0755047766572755e-05 -1.3759049096095006e-05 1.895917254999918e-05 0.0 0.005578823372361778 0.24347260955932776 0.7502345520203504 5.631434008952935e-05 -0.00020140505955771029 8.784004697792695e-05 0.00017504835415756145 1.0
0.061695746381915495 0.27608231136503936 0.7603355751690783 -3.481532466453649e-08 -1.032578638452093e-05 -1.859268724840822e-05 2.261335826700037e-05 0.0 0.005585603522135042 0.24337519867622892 0.7502701397733367 1.6496192681744935e-05 -9.840062953893495e-05 2.8785969245575946e-05 9.712333126360808e-05 1.0
0.06170753616017429 0.27602205731405743 0.7603153511920424 1.1206295628099145e-05 -5.643811320999092e-05 -2.1442271064671864e-05 6.382505893441124e-05 0.0 0.00573667705135989 0.24313996720684453 0.750227970245595 0.00011281879681512944 -0.00018468928217992757 -5.490589611560804e-05 0.00028083624550662156 1.0
0.06171844157041238 0.27599464096675275 0.7603246641834528 1.3560413214114595e-05 -4.087144860064444e-05 5.77470807854125e-06 3.224930420102996e-05 0.0 0.0057754009976790505 0.24303818823830103 0.7500686898124013 6.58848256603364e-05 -0.00011021974146798019 -0.00016564226593151357 0.0002043092873174561 1.0
0.061723594881070064 0.2759787669923827 0.7603302920897264 7.270691798986344e-06 -1.8793996759218865e-05 1.163502708005494e-05 1.591152636820077e-05 0.0 0.005885879762654631 0.24287760847162934 0.7497948649004292 0.0001017620776775765 -0.00013775992406172915 -0.0002900917722238686 0.0003285185107044904 1.0
0.06172558592948338 0.27596473272225247 0.7603331861101144 7.122950734321022e-07 -8.05501195356129e-06 6.777218717464443e-06 1.4574310233243791e-05 0.0 0.006055804558062599 0.24258351510036433 0.7494122628450237 0.0001655691275586926 -0.0002879741245750251 -0.00038582304734147464 0.0005090014767081035 1.0
0.061719872666445984 0.27596400099919877 0.7603271166725047 -6.772103036735428e-06 5.423087520641451e-06 -5.367222220077884e-06 9.937882616994079e-06 0.0 0.006528343459907893 0.24241000802110887 0.7490494106348179 0.0004396493756557349 -0.0002213842868099763 -0.0003826307673822649 0.0006283177110135661 1.0
0.06171462075905274 0.27597025217773846 0.7603189736840782 -7.3017277094631825e-06 1.0087627980699246e-05 -1.2142824809078953e-05 1.1180023070130561e-05 0.0 0.0073166056642524745 0.24185400644874866 0.748637258249338 0.0007861078022721021 -0.0004967131692359531 -0.0003980488042636432 0.0010419901381611605 1.0
0.061710724063433114 0.27597468055335533 0.7603128729024307 -4.6508097769056556e-06 1.6410843104636585e-06 -1.0419292901548704e-05 7.342387430486485e-06 0.0 0.00783812559890625 0.24129812403163728 0.748454872417888 0.0006418889515120324 -0.0005965279186803592 -0.00019955475257418058 0.0007931343174331559 1.0
0.06170321159855104 0.27597577079684793 0.7603045103501164 -5.121979558338689e-06 -2.622741790510222e-06 -7.983823303038501e-06 1.1951072298418233e-05 0.0 0.008244531866818068 0.24076303406726793 0.7482617494281799 0.00042264338696207366 -0.0005779861973239773 -0.00014910122800096786 0.0006855707339288772 1.0
0.06167874120834188 0.27595944802279715 0.7602876604848368 -2.1435911291186555e-05 -1.3724632113886e-05 -1.2532854847916466e-05 3.37078118427384e-05 0.0 0.008466342186692283 0.24045123565838944 0.7480874967693966 0.00015772043675326507 -0.00032921500946666584 -0.00014961924843468272 0.0004238796379119607 1.0
0.06165128378891223 0.27594962399929 0.760273899811341 -2.9587698310472848e-05 -1.4656694925681103e-05 -1.4901491124377234e-05 3.29387514114672e-05 0.0 0.00849144523901643 0.2403408044207647 0.7478243017366314 -3.887679119096334e-05 -8.380969580882184e-05 -0.00025356421728790464 0.00029265730751662717 1.0
0.06161667227851046 0.2759202621857103 0.7602497518322116 -3.6388650507040186e-05 -2.8263936279978186e-05 -2.3370892650626327e-05 5.052612779628431e-05 0.0 0.008460649626516128 0.24011949100145813 0.7475695054661582 -7.638948122047452e-05 -0.00012598830694768662 -0.00029057121183453954 0.0003402204077237246 1.0
0.06159550406706379 0.27589722102795794 0.7602093763002606 -2.4786942032800083e-05 -2.4570954648416433e-05 -3.976806546748273e-05 5.142330931078583e-05 0.0 0.008376089546294888 0.23986188261641367 0.7474169928115293 -5.578318223733658e-05 -0.00023325910123553093 -0.00019458752238434138 0.0003076854436487659 1.0
0.06157514470967391 0.27584326936703846 0.7601681261429659 -1.755056278430304e-05 -4.8656244695876825e-05 -4.3870399336138544e-05 7.078229908522577e-05 0.0 0.008303210488887778 0.23974610760803336 0.7473379650236873 -3.66450061463281e-05 -0.00020364086348019275 -8.048333027269017e-05 0.0001597588838475382 1.0
0.061566794592380125 0.27580714286998353 0.760155019994049 -6.358995823915845e-06 -4.135522992212734e-05 -1.8518787272548057e-05 4.014698376395111e-05 0.0 0.008246021232366531 0.23965418182982348 0.7472555170853904 -4.7306931131954524e-05 -0.00011844747967093165 -3.644970541310009e-05 0.00012572372187951634 1.0
0.06156365953673399 0.27577756314138285 0.7601482232216509 -1.2386680786273485e-06 -3.0606304901965456e-05 -3.2257897229028637e-06 2.8943888898200276e-05 0.0 0.00822760149271555 0.23958799089334934 0.7471637904260066 -3.5782252852991627e-06 -5.827686914473319e-05 -7.561857396193856e-05 0.00012428033846612323 1.0
0.061564288526079786 0.2757598675407837 0.7601425569635495 5.492296934445616e-07 -1.6385062542875907e-05 2.657167995971001e-07 1.9504273955915036e-05 0.0 0.008194645049968904 0.23956136609499834 0.7471235766626481 -2.4612316339082127e-05 1.444097170021346e-06 -5.705448212418003e-05 6.138570956622789e-05 1.0
0.061564107260258544 0.27574551675599357 0.7601379015877431 -3.3685722205973885e-07 -9.45735790040575e-06 -1.995591787636055e-06 1.541209875873303e-05 0.0 0.008146224345270372 0.23953826641305054 0.747106376760119 -5.31083933594851e-05 -9.119893189925808e-06 -3.664707307595623e-05 4.9566867235932175e-05 1.0
0.06156361405282828 0.2757377296672571 0.760131143301909 -1.914345137789434e-06 -7.057512170978838e-06 -9.230495630457062e-06 1.0306527888967327e-05 0.0 0.00810825787014737 0.23944197070193354 0.7470663900758912 -4.929135308140573e-05 -0.00010318595426906342 -3.4074673915639154e-05 0.00011135270363016482 1.0
0.06156170377798321 0.2757262253873417 0.7601254190165498 -2.475686741922917e-06 -1.1101472702743174e-05 -1.0316051702320414e-05 1.2137658116958603e-05 0.0 0.008080906440822854 0.2392898134731175 0.7470019119177209 -3.811899222562505e-05 -0.0001626879010153153 -5.3803185348390986e-05 0.0001717889995816811 1.0
0.06155098022390246 0.27570590490228963 0.7601218828661372 -1.0595832416819227e-05 -2.284499218423963e-05 -4.976738352592948e-06 2.386456406914482e-05 0.0 0.008035688182627405 0.23907193382157246 0.7468958681185347 -4.145887400231893e-05 -0.00022150615752344888 -0.00010500032845730671 0.00024385476675951092 1.0
0.06151410162971617 0.2756864015554552 0.7601213633585525 -3.4070055259001616e-05 -2.150641973144944e-05 1.2202399724540566e-06 4.1629921291065115e-05 0.0 0.007990160876334352 0.23888152394919188 0.7468068704661758 -4.3278423530286405e-05 -0.00021285068611974722 -0.0001071781156003908 0.00021530259646061436 1.0
0.0614676202561511 0.27568161418833875 0.7601115592024507 -4.945763461028681e-05 -8.379403462219433e-06 -7.265377625918607e-06 4.799426612108251e-05 0.0 0.007957585177283686 0.2385591338117279 0.7466086776361611 -3.327304762275096e-05 -0.00030005430397262453 -0.00018657582804736838 0.0003765054764259441 1.0
0.061417642109585106 0.27569797915392275 0.7601068810845139 -5.358041847742302e-05 1.610155400001643e-05 -6.183441127302706e-06 5.227488090221578e-05 0.0 0.00793803398697408 0.23830313145502421 0.7464559067964982 -2.2385991685733392e-05 -0.00026623023063869565 -0.0001648618081281534 0.00030640481483388784 1.0
0.061379687524450145 0.2757112835554809 0.7601031168797296 -4.043746149151343e-05 1.9821804510023757e-05 -4.494166044125931e-06 4.061673137730932e-05 0.0 0.007922017528561106 0.23806313877601712 0.7462904072830144 -1.3644355916570074e-05 -0.0002368244207269462 -0.00016264936188096493 0.0002859628165408721 1.0
0.061346285087252976 0.2757177416180258 0.7601049806132354 -2.9598529488918256e-05 1.0786178787883607e-05 1.1861449746269503e-06 3.3939908443320875e-05 0.0 0.00792553287923593 0.2379458322630667 0.7461724203257393 5.116183787585963e-06 -0.00012547877923649916 -0.0001201349763301433 0.00016710009525596926 1.0
0.06132780774110299 0.2757225550346265 0.7601037908173421 -1.524728840926105e-05 2.1209654308583813e-06 7.694912285419003e-07 1.9497123612454406e-05 0.0 0.007991914978709299 0.23792429505394366 0.7461144585570683 6.046408678616097e-05 -9.575205328338549e-06 -5.420878219133802e-05 9.07649359894155e-05 1.0
0.061309516233296564 0.27570518798111926 0.7601044064006065 -1.4823493968270432e-05 -1.918523447499219e-05 1.1129401800562341e-06 2.4880151549370335e-05 0.0 0.008145807278416376 0.23813937440706043 0.7461386724868826 0.0001491532046677981 0.00021107105004147827 2.9527026662446817e-05 0.00026621331903540384 1.0
0.06129876930051231 0.2756839231002149 0.7600908821397817 -1.2505971351578112e-05 -2.578523120283398e-05 -1.188150972256919e-05 2.7863163638935224e-05 0.0 0.008305270930735015 0.23850409502672473 0.7462353607641518 0.00017701311436538373 0.00038441332045968896 0.00010467211094942435 0.0004131608113908919 1.0
0.06128290545952824 0.27563054402724907 0.7600513134308756 -1.6201348476388048e-05 -5.034993037306779e-05 -3.8969377946358596e-05 6.766465220988145e-05 0.0 0.008606324731769671 0.23905793169623274 0.7463294543177981 0.00029111336800877625 0.0005543239376959664 0.0001033282223481318 0.0006353804779226862 1.0
0.06128740395966876 0.27559717410273193 0.7600164393363418 -3.294868653198931e-07 -3.891492389452057e-05 -4.081577462914974e-05 4.97484586901469e-05 0.0 0.008887458900150238 0.23950258496049392 0.7465318953096899 0.0002980436934192939 0.0004896481443471115 0.0001891010404399908 0.0005620357866717 1.0
0.061298946976484435 0.275580447006788 0.7600004169063341 1.2236562890999182e-05 -1.8125008986127076e-05 -2.1060099433707502e-05 2.4226634423982588e-05 0.0 0.009238040547764613 0.24013988042342474 0.7470781138321055 0.00034148832429174844 0.0005872120581480793 0.0004983035806769572 0.0009013662943352976 1.0
0.061304322174593535 0.27556379024341837 0.7599914482998839 9.180117432990466e-06 -9.984544422512624e-06 -5.181086977114389e-06 1.9487960681068203e-05 0.0 0.009419507932462535 0.24079738918512103 0.7473962539248331 0.00020507294770260199 0.0006412513590213369 0.0004008356987205749 0.0007706662550282052 1.0
0.06130399878970739 0.27553837364968725 0.759987732126047 1.2968746868713802e-06 -1.8768994260366584e-05 2.242593760228575e-06 2.7087424282420165e-05 0.0 0.009737771523764554 0.2417726270057195 0.7475266367606129 0.0002736042651093512 0.0009301008353373808 0.00016341231007454057 0.0010191905267243249 1.0
0.06129883309654492 0.27553122412509046 0.7599856154435972 -7.483413096648925e-06 -1.1391470787637993e-05 1.4662777667081448e-06 9.790289021435043e-06 0.0 0.01022463207940392 0.24251536751129502 0.7478507121497524 0.0004569351378737508 0.0008309527246451807 0.00023795157711703287 0.00095471299936986 1.0
0.061290236029196 0.27553210948700946 0.7599688396714045 -1.1393722500881013e-05 -2.0126764708356706e-06 -1.6717202934610613e-05 1.657245259057221e-05 0.0 0.010620197393041736 0.2429831290046581 0.7483527287638634 0.0004433603042271201 0.0005133648887435163 0.00044553400755485467 0.0007874595492768947 1.0
0.06128032208152462 0.2755344277133439 0.759964331064001 -1.1447095082009917e-05 1.4738444739524844e-06 -1.2366474176239635e-05 1.2307086720342773e-05 0.0 0.010959084470356347 0.2433293070875841 0.7488859051878697 0.00037370098862129136 0.0002914284876947555 0.0005656152930997851 0.0007181656910081123 1.0
0.06126713309997659 0.2755311329427166 0.7599564466175097 -1.0880626537577251e-05 7.121726870490028e-07 -8.426392876056913e-06 1.5734589067480703e-05 0.0 0.011238300153908504 0.24387821136487994 0.7495316815780831 0.00026940092495750717 0.00042932357155591946 0.0006978199076701186 0.0008914127852195965 1.0
0.06125154655507342 0.27553010618987084 0.7599511119618462 -1.4351592320278009e-05 -1.65579845119008e-06 -4.046901413285894e-06 1.6409565697549295e-05 0.0 0.011672450091110256 0.2441816289070142 0.7502549837199327 0.00037578721174147894 0.0003577324561262116 0.0007581108307221584 0.0009123004536395035 1.0
0.06123672331329578 0.2755317500821326 0.7599528434020398 -1.529360079819832e-05 -1.3910389359574964e-06 2.316514719169599e-06 1.490908518713147e-05 0.0 0.012056959438368643 0.24456597281520018 0.7510695626800463 0.0003858394435928371 0.00040711140205493084 0.0007782677369403348 0.0009629221971007989 1.0
0.06122340767838842 0.2755333776517419 0.7599448304910321 -1.3633862127543302e-05 6.178536696368087e-07 -4.7539351466720916e-06 1.5795734638873772e-05 0.0 0.012231854231513285 0.2450682276086523 0.7516713859417159 0.00023771887727589984 0.0005281339696161867 0.000619973378717569 0.000806090068052998 1.0
0.061197821485621265 0.2755303884630119 0.7599535337815515 -2.3435522183604718e-05 -4.244449800125249e-07 5.270755269155845e-06 2.6851663301673496e-05 0.0 0.012487960568096718 0.24605010926341697 0.752197904960268 0.00023238278323068647 0.0009195009020336445 0.0005169742721704473 0.0011376568559585713 1.0
0.061163167016549225 0.27552489542499337 0.7599525070276961 -3.463820668034366e-05 -4.936072813734013e-06 4.4666906946448897e-07 3.56966169376381e-05 0.0 0.012429849783166937 0.2464430806125609 0.7523971142147133 -4.21423762096677e-05 0.0005440423203796457 0.0002040406303730179 0.00046851318364476535 1.0
0.0611346073861358 0.275517167217049 0.7599611499839594 -3.210271213181666e-05 -8.61676884620665e-06 7.953066039659042e-06 3.058624670077406e-05 0.0 0.012447403991936177 0.2465435562095171 0.7525183634869144 -4.071377431724379e-05 0.00012101046404961065 6.258005715533381e-05 0.00012791676621023594 1.0
0.061090768410575515 0.2755226077699636 0.759944488359679 -4.232934531912878e-05 2.297632499881975e-06 -1.2916137710379248e-05 4.6561773285248345e-05 0.0 0.01259675209022596 0.24658937284127697 0.7524962840690598 0.00012110822239955258 -6.0462195022340025e-05 -3.4287209031243194e-05 0.00016343815043718627 1.0
0.06107113157134939 0.2755270603058565 0.7599495397869214 -2.3680095433564697e-05 6.738152655600729e-06 -9.503357929743939e-07 2.189035208411953e-05 0.0 0.01263456128534026 0.2466062124705846 0.7524349189333811 0.00010452077575771206 -9.474289327885045e-05 -5.478107993050173e-05 9.616247145480348e-05 1.0
0.06105582848627062 0.27551372303422783 0.7600251424186992 -1.2366820115704942e-05 -8.528721079567835e-06 6.559194995088529e-05 7.670301004478903e-05 0.0 0.012609269954613906 0.2466185215184211 0.7523716941260715 3.6235179477770232e-06 1.669255490496148e-05 -4.0686316764751104e-05 6.10215515641396e-05 1.0
0.06107509973733124 0.275447329978407 0.7602862327426032 1.8429253413038386e-05 -6.10494079235779e-05 0.00024661620410976307 0.00027052310571296355 0.0 0.012575805043026647 0.24661862377402272 0.7523412492282795 -4.870721804917268e-05 8.129565739043067e-05 -1.7545308688985068e-05 2.6306149207685082e-05 1.0
0.06100376630938666 0.2752279560613398 0.760669452684113 -5.304710277818261e-05 -0.0002086945472589408 0.00040343291915222065 0.0004507223535625178 0.0 0.012583075997175189 0.24661988434837606 0.7523287149425666 -1.7237839647751715e-05 7.02425163715192e-05 7.441797292659911e-06 2.95280823940482e-05 1.0
0.06093607818210365 0.275153159460314 0.7608479815514035 -7.833949672887641e-05 -0.0001245683420557554 0.0002467701373057876 0.00020629798212298283 0.0 0.012594625611281754 0.2466232070935541 0.7523264617880544 -9.10858600291909e-06 -2.9367033752878834e-05 -2.955245917002705e-06 1.1183177981651015e-05 1.0
0.06087019163679315 0.27514538049843296 0.7610121298778285 -7.861708960334893e-05 -1.3938046606834722e-05 0.00014459097482060713 0.0001625197444095469 0.0 0.012606526340829542 0.24661623957223108 0.7523116786404541 3.728893095771298e-05 -2.2163572810146494e-05 -9.710416242375759e-06 1.839725023172783e-05 1.0
0.060779532460475176 0.2751117649956401 0.7612128329240828 -9.132127505821869e-05 4.42152732580438e-06 0.00014340424094478685 0.00023239134196906646 0.0 0.012628669092258755 0.24660278161110905 0.7522785546106017 3.818754253493807e-05 -1.5795849147289532e-05 -4.3604547335675777e-05 4.368897840815512e-05 1.0
0.06063634479180425 0.27498401358137553 0.7614671627876274 -0.00013228306939324166 -9.112912785152455e-05 0.00022302994954150176 0.0003273996373951358 0.0 0.01263574350096466 0.2465925242577974 0.7522521169676814 4.867938523619747e-07 -1.3873818350942283e-05 -3.886286244703515e-05 2.842057755045538e-05 1.0
0.060145277800159824 0.2745689657849129 0.7621755587612494 -0.0004444403612951047 -0.0003908218657796605 0.0006668195128955186 0.0009451821633798434 0.0 0.012627804167863473 0.24659516397478054 0.752214316334264 -1.517691877308609e-05 -8.034901916396519e-09 -4.049682133114341e-05 3.758216829570388e-05 1.0
0.05966839227640729 0.27405663623797927 0.7627134224640859 -0.0005315884519553311 -0.0005720527793236735 0.0006644882271052318 0.0008955105454062688 0.0 0.012631571788356949 0.2465925136586986 0.7521960978251565 -3.2478215131870038e-06 1.8275197315945515e-07 -1.9442816709350574e-05 2.006252615011081e-05 1.0
0.05889509815177813 0.2733735052275097 0.7633915625604676 -0.0007758944228645707 -0.0007235790289779589 0.0006979128520087992 0.0012156947106198425 0.0 0.012663018015923663 0.24658799866428782 0.7521408827141556 2.924184487887188e-05 -1.8495166898944635e-06 -4.4622410876730975e-05 6.291266204791363e-05 1.0
0.05798554027399477 0.2725025186090136 0.7641063841880239 -0.0009232187325359749 -0.0008599143693868895 0.0006862746579706135 0.0014539176245778951 0.0 0.012729527635397036 0.24660470170183774 0.7520859247858128 6.762207247650365e-05 1.3346427543216553e-05 -5.5939535642064145e-05 8.933410996271161e-05 1.0
0.05669599562693403 0.2712059425699277 0.7648112157590001 -0.0012542287575864168 -0.0012439850646272321 0.0006808948447025982 0.0019667997334609426 0.0 0.012794702356923943 0.24661349178272565 0.752063743946248 7.633304364613268e-05 1.0558133131519178e-05 -3.153960265249992e-05 6.893648147734887e-05 1.0
0.054850746976227396 0.2694935965733958 0.7658281604686275 -0.001807801408137506 -0.0017024192941200022 0.0009521081975944622 0.002716630391964626 0.0 0.012847175517000967 0.24659658672654747 0.7520384335555147 5.950768110462906e-05 -1.3001319938640796e-05 -2.2313073721818284e-05 5.892998421496924e-05 1.0
0.0528446829391026 0.2674994522284737 0.7663926588592813 -0.002082509065399055 -0.0020440593110422796 0.0006733627970568998 0.0028842368907743207 0.0 0.012875180091665009 0.2465699152049484 0.7520005746237334 2.5012502511098996e-05 -2.9136746811738142e-05 -3.0383286115421232e-05 5.474561094244427e-05 1.0
0.05100646175665814 0.26551528692147164 0.7665610421633222 -0.0019374630911470712 -0.0020625491673914413 0.00021599031545115906 0.002702612758156217 0.0 0.012889990034627367 0.24654853034688817 0.7519582222442791 4.792415422761211e-06 -2.7422192482317726e-05 -4.1532118908250835e-05 5.147744525597112e-05 1.0
0.048365908032632035 0.26266235917194275 0.7667221375859886 -0.0024719213554538445 -0.0027122041635353608 3.536651093493661e-05 0.003866100816817004 0.0 0.01288803851729556 0.24649880224444792 0.7518856245761181 -6.931050687498112e-06 -4.772093178369654e-05 -7.172184683746013e-05 8.652972507437909e-05 1.0
0.04595022035426536 0.2600228502380858 0.7661998570913553 -0.002475122481011966 -0.002725027210565488 -0.0004926037577787733 0.003680744203801604 0.0 0.01289452409906582 0.24641039133394993 0.7518178505230797 4.201739146075548e-06 -8.359883052582726e-05 -7.859170213013433e-05 0.00011225941763218877 1.0
0.04176887331879243 0.2557921457673087 0.7652374954169431 -0.0039377694582253065 -0.00402637955620239 -0.0009821982552615262 0.005962232631990791 0.0 0.012906555948811427 0.24619807673386995 0.751751426456388 1.6280779799171572e-05 -0.0001988947312764534 -6.848655802338205e-05 0.00022173325861483023 1.0
0.039571654295147966 0.2536700178377037 0.7645233326011946 -0.002722128934885153 -0.002620640712409833 -0.0008210458705992242 0.003222459259447319 0.0 0.01292635509686304 0.24605846598473913 0.7517591911931572 2.3965582339009085e-05 -0.00017199536132030404 1.947433869896499e-06 0.00014434019563697528 1.0
0.03751314981196442 0.25167963872639526 0.7634431290239003 -0.0019915431613968895 -0.0018521801116625383 -0.0009833728143952667 0.002924628303057138 0.0 0.012989663063415103 0.24588322667319204 0.7517826986863737 6.099823338245052e-05 -0.00017456032926768615 3.49997639704308e-05 0.00018198875503285178 1.0
0.03628503966093289 0.25062927441264193 0.7626844264219336 -0.0010459923029309476 -0.0008695287587079949 -0.0007910483895465152 0.0018635394354802209 0.0 0.013005854261563157 0.24577894299314773 0.7518362673619815 2.9108365631631796e-05 -0.0001051942856303895 6.200560895031854e-05 0.00012264742243735786 1.0
0.03483939138466975 0.2493110362833541 0.7610849886191067 -0.0011205977589271044 -0.0009967226484594027 -0.001405251808111053 0.0025421064825167125 0.0 0.013044269405032786 0.24563610430394922 0.7518997650032341 3.184832088915288e-05 -0.00011623025901555952 6.767938724844911e-05 0.00015982005969130095 1.0
0.03460433470678618 0.2488986400875046 0.7604909818799085 -0.0004152233028730972 -0.0005750530429867312 -0.000792279611533526 0.0008097401434074606 0.0 0.01304952095265277 0.24559788692881604 0.7519113653893359 4.892304568019793e-06 -4.6822650910424423e-05 1.4932825854292815e-05 4.326961914272976e-05 1.0
0.03449142425442006 0.24849769559502285 0.7599421499170215 -0.0001446082662710799 -0.00047943765969406336 -0.0005481067861522312 0.0005432016434876144 0.0 0.013055044790320528 0.24557192959482177 0.7519171611547852 -6.315833850088178e-07 -2.2423554726580648e-05 -7.36704278197417e-06 2.1023205855043357e-05 1.0
0.03439296236831145 0.24798339414643336 0.7593050660449686 -0.00016948064322874854 -0.0006180933011991911 -0.0005259198587289038 0.0009129757759013704 0.0 0.0130765596696334 0.24552661615760923 0.7519179892677175 1.5913894000700473e-05 -4.086789690967889e-05 -1.0398745292883741e-05 5.399056223505214e-05 1.0
0.034254865962609085 0.24732824711607196 0.7584850209842013 -3.246616743790695e-05 -0.0005632149159024791 -0.0007327261917632334 0.001070469779687202 0.0 0.013095132163689904 0.24546914082957316 0.7519099871924102 2.3655657032034563e-05 -5.4451576136436665e-05 -6.708261289717975e-06 6.218210283481164e-05 1.0
0.034186866949509266 0.24693945753035218 0.7579173539108466 -0.00017062262706866137 -0.0005182907167672183 -0.00068402889605004 0.0006911261330114567 0.0 0.013107370799069039 0.24545102330343133 0.751898850802775 1.9203367503327716e-05 -3.699127613461176e-05 -7.91923152081275e-06 2.4049900607220012e-05 1.0
0.03410944450575096 0.2465012752703911 0.7574537980337368 -0.00013122713743758327 -0.0004248217614735803 -0.0005290509247818318 0.0005797426669206921 0.0 0.013155434537034568 0.24544573857147903 0.751916587161838 4.117935763520725e-05 -8.226957701603933e-06 1.9410652518367846e-05 4.665960434655948e-05 1.0
0.033919404607543495 0.24591780980890837 0.756915147946491 -0.0002069775401940862 -0.0005564458114816701 -0.0005484023270001207 0.0008664446345511131 0.0 0.013185312444864341 0.2454305716911721 0.7519312633145903 3.71759682524632e-05 -1.0321819711785169e-05 2.101756761472373e-05 4.182058988002807e-05 1.0
0.03368963810422284 0.24542097803975083 0.7564690665450942 -0.00015456331660792968 -0.000448572010906373 -0.00036188125633457237 0.0007144612335794279 0.0 0.01321454364884554 0.2453977221572902 0.7519376090938732 2.7559467562231525e-05 -2.0052041891466035e-05 8.234261363812953e-06 4.337113227612677e-05 1.0
0.033530395709120184 0.24491620446351323 0.7559801019196 -0.00018276270100913165 -0.0005184647814167062 -0.00048113714698228666 0.0007024202877621214 0.0 0.013237931068617028 0.24537509881198116 0.7519372159869556 2.2619039443405327e-05 -2.9177854185508718e-05 -2.6166718459674396e-07 3.172390180970162e-05 1.0
0.033477948540518866 0.24452481714339183 0.7554708061114448 -6.648561396925038e-05 -0.00042436029609544274 -0.0005380645877338107 0.0006384267822127852 1.0 0.013247697880813777 0.24535022765885514 0.7519279003731567 9.267555252490656e-06 -3.124087120581894e-05 -1.2618473201066456e-05 2.8109643974949925e-05 1.0
0.03352360564944323 0.244107587312759 0.7548801886174679 6.301863943431699e-05 -0.000393455008282854 -0.0006053143710305824 0.0007351226447318986 1.0 0.013264662133890342 0.24534294976370913 0.7519220523826616 1.1564309853804171e-05 -1.0369890180928524e-05 -1.1356256574217484e-05 2.0319532434001388e-05 1.0
0.03366367388421009 0.24377067329452765 0.7541306787459127 0.00017243640200441575 -0.00031351847356353316 -0.0007257999733038353 0.0008348453830328826 1.0 0.01353774255781136 0.2453396697237634 0.7520524224972499 0.0002371311429324238 3.529222494152774e-06 0.00011103804834117448 0.00029917998407441994 1.0
0.03391216781450544 0.24326559821924057 0.7540529097604005 0.00025607497339232737 -0.0004822480696215202 -0.00020148638442602515 0.0005680502854416288 1.0 0.013608074643279724 0.24527169165738386 0.7522714735372703 0.00013940126083687346 -5.4445931719561426e-05 0.0002296361387980808 0.0002503444901410111 1.0
0.03395738154474642 0.242860021595706 0.7540826672362145 7.705561367295228e-05 -0.0004544257095830534 8.978772752230989e-05 0.0003996501151752862 1.0 0.013890957309455814 0.24529317157260536 0.7524584462519537 0.0002556880661846402 -1.080768230972194e-06 0.000221852595883371 0.0003278323782798154 1.0
0.03411480145534534 0.2425675475038333 0.7540412392304902 0.00010379963928897735 -0.00031653374702912327 8.148712229588581e-05 0.00033707749426267676 1.0 0.014058085615333567 0.24531985137151635 0.7524789926092421 0.0001895769368896431 2.800427606746942e-05 5.026922373397612e-05 0.00017398040315098635 1.0
0.03407548726402068 0.24249803008847345 0.7540607442969244 -3.385927766809342e-05 -7.965090252722744e-05 3.286600551236188e-05 9.503622051023209e-05 1.0 0.014110858046951301 0.24532373982035247 0.7525131494511668 5.412515663333688e-05 1.747313733225877e-05 -8.276258524718243e-06 6.26901206991852e-05 0.0
0.03399279875130542 0.24260645057783797 0.7541777312791312 -0.00010265449097305657 0.00014476035492203622 5.5951196772057246e-05 0.00016724071626312567 1.0 0.014040137305591546 0.24532100010916538 0.7524674761432388 -8.934682547050832e-05 7.864259033529318e-07 -7.3743649867411e-05 8.582775005696748e-05 0.0
0.03380324977361579 0.24303323334634852 0.754347846167999 -0.0001898115418849833 0.0004375533638438635 0.00010878546910988399 0.0004978338635719354 1.0 0.014099777980501802 0.24546617939500684 0.7526743187632254 6.911493035845334e-06 0.00011951422477612087 0.0001552174945732948 0.0002596763489212477 0.0
0.03323333239002631 0.2443861701511155 0.7547381513302164 -0.0005226372050146706 0.0012766048163859976 0.0003571723693734291 0.001522999943286273 1.0 0.015714296861369843 0.24571162204010244 0.7542251234139065 0.0014094607234874362 0.00024370934442675325 0.0014135640518688002 0.0022401278383846744 0.0
0.03221664185225012 0.24646962251559124 0.7552108235646393 -0.0010028485957643864 0.002106261731109119 0.0005459448720122349 0.0023755848958030086 1.0 0.017608876578031972 0.24551273144715668 0.756088736530518 0.0020950946998811266 -0.0001078263570133266 0.002060527547923251 0.002713956157461524 0.0
0.03195561346071339 0.2472600919013182 0.7556727169230498 -0.00047085371323042245 0.001158329621817408 0.0004956758066396832 0.0009585281172447951 1.0 0.018234211181505765 0.2453256193656502 0.7568460345112243 0.0010707191651671039 -0.00023051230982242986 0.0011263194944539806 0.0009700985305867626 0.0
0.03257599405997266 0.24846272033214162 0.7574108778528097 0.0005720225868116127 0.001010671438631086 0.0015467976444929223 0.002120514845051942 1.0 0.01862085703083837 0.24500542634309466 0.7582022638790323 0.000267203446962992 -0.00036581315910913823 0.0011253958655869029 0.0013572807678886147 0.0
0.032944573095258174 0.2488880167667379 0.7582895569887531 0.0006512476107142338 0.0003376114934426439 0.0011578743942203384 0.0011510366073512524 1.0 0.0183511010159084 0.24475872456256734 0.7586347999586169 -0.0005245753317325247 -0.0002985929009602103 0.0003703922991655503 0.0006816202039581211 0.0
0.033452212816012676 0.24967732622781735 0.7589236116140844 0.0006324109394754392 0.0005366251672759171 0.000680655012049294 0.001095784317724396 1.0 0.01802244292034251 0.2445245414847154 0.7588289282901307 -0.0006189462473168713 -0.00021237543087977584 1.1006287438794726e-05 0.00045076442636266445 0.0
0.03379186793117016 0.2506736241129628 0.7595296050286235 0.00032075975687308113 0.0009885700989660405 0.0004662130467034077 0.0011929910768137125 1.0 0.017599838814889756 0.24422681694189113 0.7589656378536391 -0.00041377478380788665 -0.0002292912154427376 7.556859699207636e-05 0.00047596152922725 0.0
0.03331510525080925 0.25192863440345453 0.7608915136883286 -0.0005394157413296229 0.00143000017611628 0.0011210844382146942 0.0019247013833739912 1.0 0.01725179358997708 0.24401639390760213 0.7590423082111679 -0.00013481696250594225 -0.00020763190881115435 0.00018613674786163562 0.0004318322992155482 0.0
0.031136213896654368 0.2551080667130073 0.7623806774212816 -0.0021704610919150067 0.0030668775111049977 0.001542707008316599 0.004150841110142094 1.0 0.01695492162504689 0.24378506172836242 0.7591154614804336 -0.00019095748918731268 -0.0002498508895165285 0.00012101687172448496 0.00039996697517528284 0.0
0.031085233002919314 0.2563818537117487 0.7646306563305335 -0.0006367856158137615 0.0017887599514053386 0.0023387302075922965 0.002605918519575003 1.0 0.0168599106754844 0.24359737260115127 0.7591152961845682 -0.00012958886413826694 -0.0001918777295999873 2.3799574766960934e-05 0.00018166014662065674 0.0
0.031238131433930613 0.2584714032197563 0.7650795337328008 0.00028615976024965795 0.0019230524070440386 0.0009503058944980568 0.002056777400732283 1.0 0.01684756362771829 0.24350030478800783 0.7590557621238812 1.4360549302252276e-05 -0.0001117593118975451 1.663916536477866e-05 0.00013461663180707145 0.0
0.03282613555493264 0.26024003700016574 0.7651702765534659 0.001742102165328986 0.001597412640223379 -0.0001455621207008713 0.0023900305794830514 1.0 0.01682273597898929 0.24344547692001672 0.758986740400389 -3.095968491120712e-05 -3.9786096388948785e-05 -0.00013718820544596634 8.858992555811716e-05 0.0
0.03591345102623889 0.2614206956075531 0.7661811125561504 0.003343436686258351 0.0011424856305063415 0.0005144597400205009 0.0035427367171597494 1.0 0.016795713027129632 0.2433952512153751 0.7588946763770608 -3.310361011584249e-05 -3.8427463980080786e-05 -0.00010784270090131179 0.00010782567991528497 0.0
0.03978996593770669 0.2625879724786393 0.7662423733096109 0.004108548492261667 0.0010574376725366787 0.00019189476448620548 0.0040471665903267975 1.0 0.016784391832046937 0.24335995292637233 0.7588080398001258 -4.576377567018085e-05 -3.90798154397988e-05 -8.828101825197887e-05 9.554866720415162e-05 0.0
0.045496440057179864 0.2651198272309045 0.765215302428636 0.005488516498185373 0.0023636565028841957 -0.0007491876870731015 0.006223093522041772 1.0 0.016790229180500167 0.24330472789852753 0.758679729878552 -1.5745722282851536e-05 -5.5560133574530116e-05 -0.0001165893953879415 0.00013463562146496806 0.0
0.04958527312563035 0.2668099377620267 0.7643890911723334 0.004381187821972924 0.0021108267635072684 -0.0009260141399841523 0.0046110239486487304 1.0 0.016851803215999606 0.24317910931627426 0.7585194708208463 5.322079478416332e-05 -0.00013067003673879988 -0.00015422474221532783 0.00021575789632665603 0.0
0.05166083665194299 0.2675437291415687 0.7641941896323435 0.0022349579698198634 0.0008550410969248904 -0.0003667914446249213 0.0021217180064906473 1.0 0.016875397241825706 0.2431178666995103 0.7584352234295471 5.3698900766747406e-05 -8.4804162936259e-05 -0.00010619307714294571 0.00010992022268468184 0.0
0.05428700258612431 0.2683215852053789 0.7635811091109047 0.001859393737784133 0.0006499486003837047 -0.0005613742597996212 0.0027709908431768023 1.0 0.016899949680443997 0.24306689470923887 0.7583581418655364 3.054508670675514e-05 -4.7647796983755656e-05 -7.371901750450977e-05 8.916239234240506e-05 0.0
0.05591757371078523 0.26874562881767194 0.7631240949359365 0.0014534148335894146 0.0002248037118684587 -0.0003110504506795731 0.0019034162892501171 1.0 0.01693022385832541 0.24303358938331482 0.7583348880173162 2.1149346637991054e-05 -2.315342271749027e-05 -1.778197648019166e-05 5.3495418566940645e-05 0.0
0.056944281748577665 0.2691672421442485 0.7629833154605182 0.0011167898698774747 0.0002882949273324061 -5.8789870461393296e-05 0.0010724190701140138 1.0 0.016955953080418674 0.24300791661992277 0.7583126367765188 2.0356583005318867e-05 -1.4623315812374711e-05 -8.90356174382777e-06 4.533493722105868e-05 0.0
0.05794355917141141 0.26961623487089154 0.7627480246373997 0.0011644838863750298 0.0005506213660375263 -0.00029008858432913107 0.001011150682386927 1.0 0.016996181487453438 0.24295337349174465 0.7582840932311511 3.755150358516132e-05 -4.54358766305703e-05 -2.4188352899948202e-05 7.163690941122603e-05 0.0
0.058119109202417446 0.2697341753829347 0.7627057263468543 0.0004936627335234796 0.0003562532269112092 -0.00014298107447185255 0.000302318905400477 1.0 0.017010834072139318 0.242921866515538 0.7582622816223249 2.378468693076026e-05 -4.5406101757604755e-05 -3.371736444324842e-05 4.064665794008385e-05 0.0
0.05827854408340922 0.26991730843697936 0.7626984150088497 -1.168658330164083e-05 0.00010871856633960569 3.523071572520309e-05 0.00023651389881632935 1.0 0.017016503147130938 0.24288835970527717 0.7582259124122784 8.797492088915623e-06 -4.163314396770711e-05 -4.2692963917378076e-05 4.936946771344608e-05 0.0
0.058679582393946196 0.270079053300565 0.7624144393607563 0.00026223874537436654 9.81831420605872e-05 -0.00021058508598087412 0.0004900215631845383 1.0 0.017020617846062798 0.24287140426592002 0.7582103745741146 -2.838101783795519e-06 -1.4638418707994686e-05 -1.9408741762906145e-05 2.3406899358083326e-05 0.0
0.058939139889942246 0.2701704027104143 0.7622397762328784 0.00041815600708777073 0.00011060330280028281 -0.0002763061741105 0.0003670034909929276 1.0 0.017018771495829286 0.24286320747404183 0.7582001965297004 -3.2070533138202893e-06 -4.8587306591689645e-06 -9.310860285135952e-06 1.4055502665245569e-05 0.0
0.05928155455199614 0.2701900170088092 0.7619320506440052 0.0003530573984929174 1.982536282358184e-05 -0.0003080975375825964 0.00042930913191450504 1.0 0.017020933862647965 0.24285419250696422 0.7581903158603217 2.021534773562726e-06 -3.951997667790263e-06 -2.883850793228084e-06 1.3297112971727017e-05 0.0
0.05948716833033411 0.2702083413790713 0.7617351922433775 0.00025345635213391555 2.3550306039528738e-05 -0.00021551421848890355 0.00028166675552897345 1.0 0.01702310592637706 0.24284825285677142 0.7581857392122573 4.688970849600199e-06 -6.509687346107092e-06 -3.789112551964165e-06 7.683277973635938e-06 0.0
0.059595760482402726 0.27021550702074676 0.7615513838398849 9.889210115731381e-05 1.1637297571277078e-06 -0.0001727658237445538 0.0002323376514333452 1.0 0.01702117925656382 0.2428504268318751 0.7581825539941638 1.3817515977740684e-06 -2.234580020314221e-06 -3.6791294597895748e-06 4.628190071691334e-06 0.0
0.05969488534481998 0.27031167446952953 0.7614469464181935 2.9788882247180036e-06 6.612470248225296e-05 -7.187136757059976e-05 0.00016613519124858097 1.0 0.01702463095390731 0.24283856185350355 0.7581711106165212 1.0782481860798475e-06 -9.011416373241054e-06 -1.1193850618628993e-05 1.5886574739112493e-05 0.0
0.05974848034723118 0.27030049374093307 0.7612889040329422 4.868409156712008e-05 3.297993919099274e-05 -0.00013022838883138614 0.0001660008601144448 1.0 0.017027282882524062 0.24281847117991284 0.7581583615120056 2.5867760619958946e-06 -2.0959729871780514e-05 -1.531764994297039e-05 2.4986015893730838e-05 0.0
0.05973517109129737 0.2702169871393727 0.7610939749434116 1.1981980240017323e-05 -7.183374398177036e-05 -0.00020632110048422677 0.00021702756435098164 1.0 0.01702297011729697 0.2428025595871277 0.758134969265525 -3.204037463417562e-06 -1.849086179898197e-05 -2.21632248746883e-05 2.836485621198507e-05 0.0
0.059726802714868174 0.27010454169566833 0.7608238283471086 -1.3631109034693118e-05 -0.00013471404687865295 -0.00027341561543166206 0.00028663695693672674 1.0 0.017015830437078574 0.24279010132404652 0.7581112746733664 -7.912012139395068e-06 -1.3742299437619741e-05 -2.5547902773266978e-05 2.7292329908309054e-05 0.0
0.05995833528020204 0.27008188700300145 0.7604880699386972 0.00020711750793637616 -6.0347302150133686e-05 -0.0003605181397476212 0.00041173091415583 1.0 0.017007919594513046 0.24278906046650264 0.7580988419788676 -8.878744012185879e-06 -1.2107836213741549e-06 -1.4766421167214533e-05 1.5021640050152516e-05 0.0
0.060281151957378 0.2700659125951437 0.760090622900995 0.0003407390606115542 -6.039791841878086e-06 -0.0004017541941092625 0.0005118901853135103 0.0 0.017004564376773147 0.2427900238478964 0.7580864774282985 -4.825306368878624e-06 4.87267149467383e-06 -9.587822275011393e-06 1.2732411049698247e-05 0.0
0.060610285596205724 0.270037790782121 0.7596815664448191 0.0003736848951382991 7.04114011468742e-08 -0.0004157437964591905 0.000525948083633633 0.0 0.017001985495702844 0.24279081598837737 0.7580732546633705 -1.7761866541308265e-06 3.5670843660812846e-06 -1.0458625767926772e-05 1.3716723538265956e-05 0.0
0.06090039953476282 0.27002414606355546 0.7593369933223351 0.0003130134522038498 -1.6802544293453197e-08 -0.0003464662774959043 0.00044942704127234716 0.0 0.017001205048227424 0.24278654896543725 0.7580636210087484 9.057238305767228e-07 -4.936284468665651e-06 -9.829986130559786e-06 1.0783750497757326e-05 0.0
0.06173538046562468 0.2695795277491922 0.7592109826153153 0.0007283749580402345 -0.00039548940271823567 -0.000139821861941123 0.0009480250286465351 0.0 0.017003452776239117 0.24278475733502983 0.7580606576899825 2.508825611152811e-06 -4.853592415681765e-06 -4.48421415971059e-06 3.73717686238939e-06 0.0
0.06262423076672133 0.2689165970341841 0.7592927801291587 0.0009186664034740848 -0.0007048409492492957 0.00010085886008711557 0.001131075109465001 0.0 0.01700896885535416 0.2427876273612714 0.7580556164165586 4.8921663906902e-06 9.880845949062462e-07 -5.1485929341335484e-06 7.726318987035435e-06 0.0
0.06362156758802996 0.26826142693521726 0.7596539211732977 0.0010447109562712706 -0.0007418353913508797 0.00037952514866525277 0.0012356472078183466 0.0 0.017018314014721956 0.2427825565021521 0.7580524884933412 8.956098778955674e-06 -3.026422566798899e-06 -2.947134544437956e-06 1.1671947541849508e-05 0.0
0.06365974624145482 0.2682341122291921 0.7600532767921651 0.00021470193831604742 -0.00013539741224256096 0.0004498207172094858 0.0004007447142154845 0.0 0.017019563833686913 0.24278203662985254 0.7580512048843515 2.997651376902916e-06 -4.5881262191292247e-07 -9.783754141851476e-07 1.8970871834675298e-06 0.0
0.06317720769919781 0.26815260530433865 0.7606509351988742 -0.0005709859076645494 5.4343296037155426e-05 0.0005789035041938941 0.0007469952108193484 0.0 0.017022961331282185 0.242784416275566 0.7580517525125763 2.2886112512395535e-06 2.028987030978148e-06 -1.3779109773382189e-07 3.5186965075517725e-06 0.0
0.06294138549223927 0.2681234421222432 0.760866652591411 -0.0005141995431136248 8.989566932338286e-05 0.0002621709595568096 0.0003712884497737045 0.0 0.01702835745233728 0.2427906580808987 0.7580468539413231 3.900261169548499e-06 6.0474810271067965e-06 -4.160310214554891e-06 9.960518014957292e-06 0.0
0.06255978209316929 0.2681676849477349 0.761205093902334 -0.0004122382361675979 5.921354251072007e-05 0.00024917645797591656 0.00048760337176552415 0.0 0.017037774740306946 0.2427939262688035 0.7580135887490073 8.842949713802017e-06 4.501709286047031e-06 -2.9600590042016302e-05 3.492852867887718e-05 0.0
0.062312625655177395 0.2682227029128174 0.7613354596911953 -0.00014156405128611132 -1.5831426692656554e-05 0.00011533554379436982 0.00028430147199871755 0.0 0.01702846551614131 0.24277228846977159 0.7579617329293659 -5.281181671966529e-06 -1.763199836014974e-05 -5.374740530110363e-05 5.706445239111685e-05 0.0
0.062240887129757005 0.2682333005716541 0.7614025529032605 4.2044401016752444e-05 -4.036504474730688e-05 5.1861934686738296e-05 9.161677564163489e-05 0.0 0.016983120730357862 0.24274997035678253 0.7579140132924522 -4.167651276169644e-05 -2.6371899781377084e-05 -5.487230145193349e-05 6.922273037593586e-05 0.0
0.062229645672957384 0.26820784255136243 0.7614133113095812 6.357497654447771e-05 -3.0960019287391036e-05 2.0615973137392437e-05 4.065815349097823e-05 0.0 0.01698384446933416 0.24275297711690175 0.7578987283622933 -1.318124255449555e-05 -4.911792862528298e-06 -2.1094860125514078e-05 1.5903182268422428e-05 0.0
0.062214259774878565 0.26819958411615424 0.7614216859817826 -5.671731402558556e-05 1.2335654108957031e-05 1.733999718144121e-05 1.2065321293186623e-05 0.0 0.016986194955734408 0.24276792854208992 0.7578693522363821 3.125890122143602e-06 1.69728358454243e-05 -1.9109548385211897e-05 3.100738293119779e-05 0.0
0.0621744368729715 0.2681975401780433 0.761432990408548 -6.790035571145974e-05 -1.6874205958308894e-05 2.9363199004162402e-05 5.370465405509845e-05 0.0 0.016994108900757268 0.24280226054306375 0.7578252255312148 1.4409819510482897e-05 3.905065383260807e-05 -3.5648645110914485e-05 5.896037122324936e-05 0.0
0.062135426666039724 0.26819002032040534 0.7614206432125379 -5.233563523728636e-05 2.236380193904527e-06 -1.2454707672210938e-05 2.9823520998323153e-05 0.0 0.017009071524716982 0.24281493742253155 0.757814877797223 2.0028843613958833e-05 2.2556891444749153e-05 -1.770303529453337e-05 2.3367485357511748e-05 0.0
0.06211648222265385 0.26818840077949624 0.7614259627564544 -5.7741788259776125e-05 9.922453428990348e-06 2.148428503335396e-05 2.216588262720704e-05 0.0 0.017039781564396707 0.24283795011451934 0.7578125877433246 2.9715667970300914e-05 1.86387876003613e-05 -5.583211488078724e-06 3.482969701220936e-05 0.0
0.06210576180225598 0.2681874785817263 0.7614258968247408 -6.33583578761712e-06 2.0745873383229296e-06 -8.408130444596373e-06 1.1294978751837624e-05 0.0 0.017075600418487255 0.2428751937343507 0.7577951202656451 3.288165300558182e-05 2.8925634873821156e-05 -1.3111144999493773e-05 5.5488552368124854e-05 0.0
0.06210378200885728 0.26818879343918345 0.76142312005196 1.476988368959514e-05 -3.0928735802683417e-06 -4.9679992514188684e-06 4.651655974352196e-06 0.0 0.017085319246332834 0.24288657712207992 0.7577881577679045 1.237401418212201e-05 1.5154011476492131e-05 -7.030850705668546e-06 1.92222349887223e-05 0.0
0.06210254432209473 0.26818547210535065 0.7614256548428563 7.357366391384067e-06 -5.055101188413429e-06 -1.3278602771522383e-06 4.593076769207624e-06 0.0 0.017089821428916026 0.24289057543915418 0.7577867382375258 4.262608108775569e-06 4.987400226124379e-06 -1.851674757822011e-06 3.0396218969884107e-06 0.0
0.06210244804439479 0.26818481976915814 0.7614246246033091 -1.03751933425351e-06 -2.9945698672511514e-07 2.423895146101554e-07 5.508389453842997e-07 0.0 0.017088725361035083 0.24289158471340017 0.7577851100340681 -6.219289301972302e-06 -1.0691228674303102e-06 -4.192192619245244e-06 2.562502417515325e-06 0.0
0.06210240379808764 0.2681780047227287 0.7614303538710121 -4.108117353281822e-06 -6.233146679993334e-06 4.242639041083257e-06 8.52898010315911e-06 0.0 0.017081825338734275 0.24289940155408407 0.7577710561419244 -9.07709732630789e-06 4.892043826805886e-06 -1.2391281092580097e-05 1.9393197339121378e-05 0.0
