0.06283107029682936 0.2795088150981552 0.764203490589933 0.0 0.0 0.0 0.0 0.0 -0.017216881510837133 0.2796592346158843 0.7639240868449256 0.0 0.0 0.0 1.785322790464775e-06 0.0
0.06283262056183281 0.27948723696899397 0.7642034794226511 1.5502650034526777e-06 -2.157812916125934e-05 -1.1167281877000335e-08 2.1633749198627254e-05 0.0 -0.017194166243588237 0.27965817664921777 0.763943701850777 2.2715267248896165e-05 -1.0579666665511134e-06 1.961500585134779e-05 3.0169146808718586e-05 0.0
0.06283503315268031 0.2794647960095307 0.7642211411467168 2.4125908475031155e-06 -2.2440959463243537e-05 1.7661724065698436e-05 2.8659269934896577e-05 0.0 -0.01716264094790234 0.2796250475925524 0.7640074117240346 3.1525295685896904e-05 -3.31290566653597e-05 6.370987325765576e-05 7.799147931224059e-05 0.0
0.0628358188282302 0.27947426891988236 0.7641858739356382 7.856755498830692e-07 9.472910351637776e-06 -3.526721107860453e-05 3.652573741709668e-05 0.0 -0.017167008760291508 0.27964057076375304 0.7639909688369394 -4.367812389168002e-06 1.5523171200626518e-05 -1.6442887095236003e-05 2.3965067380118797e-05 0.0
0.06283111508595901 0.27943803885681884 0.7641310036072887 -4.709857136905065e-06 -3.448070671203163e-05 -5.76162359135935e-05 6.592037313397528e-05 0.0 -0.0171771973697078 0.2796366616231133 0.7639909617049228 -1.169680006286707e-05 -1.8707922877176e-07 -5.286612480999083e-06 8.024937471710161e-06 0.0
0.06283870611924934 0.2794271319961639 0.7640897753292132 7.262176757647086e-06 -1.4607382974923883e-05 -3.974244529417115e-05 4.331690557775665e-05 0.0 -0.017185790282769422 0.27964297076835 0.763988151256953 -7.2010378441047464e-06 2.787102451060681e-06 1.999033882406313e-06 1.221648684605605e-05 0.0
0.06284628391504804 0.27938900385726784 0.7640665215114141 9.060671909962701e-06 -3.752326589160572e-05 -2.0441854907587674e-05 4.492605172364953e-05 0.0 -0.017192388721251388 0.2796355122415446 0.7639806366876384 -3.463579842531948e-06 -7.719676883139164e-06 -2.5614717599160116e-06 1.4936865741381566e-05 0.0
0.06283208321818393 0.2793584170633703 0.7640534086752366 -1.1843296820343879e-05 -3.205945351139359e-05 -6.610350187265041e-06 3.6730663894688535e-05 0.0 -0.01719463871883225 0.2796340008708298 0.7639662692707714 2.593217204517576e-07 -5.787828877045445e-06 -9.762116622648624e-06 1.3296150896421885e-05 0.0
0.06278847547458097 0.27934835015879056 0.764059598279997 -4.1782719012925934e-05 -1.546525913314112e-05 1.3487286601877344e-05 4.576508153322762e-05 0.0 -0.017202725336692207 0.2796467944848257 0.7639435101354871 -1.0952386710326738e-06 7.535678782946424e-06 -1.6377741779295322e-05 2.5634211969976066e-05 0.0
0.06274583677692873 0.2793430436241968 0.7640652561731385 -5.011538687512491e-05 -6.944773436544756e-07 1.2018081957650469e-05 4.3533806965375806e-05 0.0 -0.017206614053216437 0.279649831635687 0.7639357119022062 -3.4110680253218647e-06 5.239196505140747e-06 -9.243142133926969e-06 1.1119986896080916e-05 0.0
0.06272045058406481 0.2793446572565423 0.7640679418400769 -3.24294839395148e-05 6.686200619013342e-06 -1.048186882426188e-06 2.479161956159822e-05 0.0 -0.01720265850107359 0.2796419489577033 0.763926558548723 -7.304466417752223e-08 -2.025210116387727e-06 -1.3014105523530561e-05 1.1579139251744473e-05 0.0
0.06270910607029792 0.2793386407692611 0.7640748357242467 -9.304261421759383e-06 -5.08008491123394e-06 1.7341912833571422e-06 1.4534409501983755e-05 0.0 -0.017092497425964467 0.2795768716296091 0.7638603405648267 9.575592097749309e-05 -6.048227642848334e-05 -5.4285354718895214e-05 0.0001433329409415886 0.0
0.06270499817118312 0.2793334091710581 0.7640776946518356 4.468338064252951e-06 -6.068320751944045e-06 1.7707135236707898e-06 7.434071364098953e-06 0.0 -0.017030665601984307 0.2795459556664365 0.7638119361148014 8.486401666342575e-05 -4.613814247184433e-05 -5.7922366580929774e-05 8.962692989115436e-05 0.0
0.06269355139279575 0.27930348366863295 0.7640077481915898 -4.879254130557515e-06 -3.154642116996529e-05 -6.024920448044243e-05 7.683280723534003e-05 0.0 -0.01695465788819392 0.2795089531936539 0.763819082373473 8.028807393274576e-05 -3.969058502960767e-05 -5.967828870381054e-06 7.852659852571071e-05 0.0
0.06270584472530259 0.2792928092018797 0.7639757179754302 5.876132051666952e-06 -1.7529676816200694e-05 -4.733630156418161e-05 3.825417048893426e-05 0.0 -0.016886835536397644 0.2793984727083847 0.7637474938859788 6.439813652632356e-05 -9.465392814724667e-05 -5.207607816209151e-05 0.00014745312862331884 0.0
0.06270445673365678 0.2792342298375775 0.7639384282940238 -1.919632945869392e-06 -5.060840830369138e-05 -3.875109397633817e-05 6.545717608912498e-05 0.0 -0.016835959586426474 0.27907222858073727 0.7634057452282176 4.300991832841308e-05 -0.00029955844714366027 -0.00030337856416128305 0.0004784600316905951 0.0
0.0626887017196916 0.2791766813571895 0.763879116764627 -1.482059701377688e-05 -6.124624821147968e-05 -5.2368507311288095e-05 8.56038908664855e-05 0.0 -0.016834443344369104 0.2788118424502761 0.7632237635781033 6.388382968949502e-08 -0.0003076034531898265 -0.00024768322730299333 0.00032753574173947247 0.0
0.06262825358320864 0.2790497722433401 0.7637403576155525 -5.67306036652643e-05 -0.00012002148862547553 -0.00012454302261243985 0.0001980661955141005 0.0 -0.01668934562669005 0.27740125312832437 0.7624789753232827 0.00011834570978182078 -0.001267520886766623 -0.0006815416978950934 0.0015706856398863195 0.0
0.06258616691612098 0.278947832229926 0.7636504649962291 -5.331620749354816e-05 -0.00011520724146559215 -0.0001071973213127805 0.00014543139107040632 0.0 -0.016608449311407838 0.2761851166548561 0.7617544627462661 0.00011174981991697502 -0.0013954630574099418 -0.0007897101272481288 0.0014661311103196443 0.0
0.06244929843586504 0.2785809337779483 0.7632825574542215 -0.00012661439352018648 -0.00033139612037051404 -0.00033383058665234326 0.0005271039434255787 0.0 -0.01664008382364771 0.2715728240640999 0.7585202878993378 -8.671937635087993e-06 -0.0042151766495364595 -0.002912208682404672 0.005558715663256412 0.0
0.062419589376167046 0.27844971471197616 0.7631304955434308 -5.424963330382903e-05 -0.0001966689910353447 -0.00021902828995629082 0.00022139956241422316 0.0 -0.01696607239525458 0.2681664108765094 0.7558896221063081 -0.00030094533933027975 -0.004019696418424898 -0.0030536957145355 0.00445479023116682 0.0
0.06237914356776281 0.2784008771085389 0.7630692485190844 -2.8076434509030393e-05 -5.121841597258397e-05 -6.530611790729974e-05 6.878537911489876e-05 0.0 -0.017305834087983703 0.26693361765519674 0.7548168240165446 -0.00040205310795332465 -0.0016857398575481765 -0.0014781576353134344 0.001547312705698673 0.0
0.06228155637954968 0.27833317793727974 0.7630048359593217 -7.646435474357789e-05 -2.4176810778958572e-05 -2.2328631669266803e-05 0.0001361475460435782 0.0 -0.018110845299963894 0.2649772378958419 0.7524795085991605 -0.000784761362510353 -0.0013295414412569048 -0.0018364326979719852 0.003056381554267811 0.0
0.062227882101037434 0.2782893162268618 0.7629795693363678 -6.288330858671621e-05 -1.7323609274993738e-05 -1.6512551629493278e-07 8.967609322954298e-05 0.0 -0.018337286207001143 0.2644811566972836 0.7514315426269124 -0.0003645950924304953 -0.00023410557428932274 -0.0009769969560076363 0.0014122182149992558 0.0
0.06221105491639725 0.2782643739131422 0.7629543420451417 -2.7225032414221112e-05 -2.902784884593759e-05 -2.054012151046844e-05 3.534375828950335e-05 0.0 -0.018266691467430176 0.2641700450392996 0.7510465637966901 0.00010180410017120551 -0.00010264516238009113 -0.0003163897257226102 0.00044935018079122845 0.0
0.06219299509481553 0.2782001736167039 0.7628913908211844 -1.386205188403305e-05 -7.755658586576667e-05 -7.448079046108281e-05 7.693769199205205e-05 0.0 -0.018120544758230304 0.26370835499685635 0.7504320179456998 0.0002722061109389932 -0.0004964063514158727 -0.0005017463275478432 0.0006362911385752413 0.0
0.06219915613301883 0.2781866601729823 0.7628418382988505 5.414444427473324e-06 -5.0829225985039774e-05 -8.658322081353902e-05 6.53738622183999e-05 0.0 -0.018067475735170747 0.2634661606296351 0.7501083962971492 0.00015148402275794265 -0.0006562415937560384 -0.0005270795247595765 0.0005310198542197748 1.0
0.062211775779132596 0.27816603142110174 0.7627923758222758 2.3870038098908848e-05 -1.833543173854603e-06 -4.107949769731448e-05 5.161535710869198e-05 0.0 -0.01810867343567465 0.26336208521535787 0.7498696249863541 -6.284741975847145e-05 -0.00011448489761590065 -0.00021277700298955125 0.00026640832083479286 1.0
0.062216258205100364 0.2780994530594936 0.7627004730814009 1.9585473507923155e-06 -5.281429552462723e-05 -8.137333598594448e-05 0.00011057173252876655 0.0 -0.018121775883725287 0.26329730741159496 0.7498352119155696 -0.00011756321361107018 -1.27681039010113e-05 -7.060961862562828e-05 0.0 1.0
0.0622825616819583 0.2780302007560433 0.7625038803356144 4.947170735977134e-05 -7.59600227403443e-05 -0.00018497220394828688 0.00022253534374630046 0.0 -0.018059607494909338 0.2632310696560179 0.7499065741044966 -2.854135209700518e-05 -0.00011277201238717735 -4.624777119975154e-05 0.0001696514503221145 1.0
0.0623595256271174 0.27801570174299106 0.7623964138439596 8.385536720896467e-05 -2.7734301626830123e-05 -0.00013504024410231655 0.00013524767877751723 0.0 -0.01809471529955284 0.26331732148911 0.749929190992472 3.2200168998904846e-05 0.0001643643838753813 0.0001481303331096963 9.917176772778402e-05 1.0
0.062374275022213446 0.27800481591069 0.7623685040151202 3.2377172394709556e-05 -6.2047808713931445e-06 -4.008866976997794e-05 2.6016636602856777e-05 0.0 -0.01813895591955071 0.26341020005786514 0.7499583788442993 -1.0310923099989162e-05 9.54179024450379e-05 4.922200902406375e-05 8.961327831606301e-05 1.0
0.062375610750659144 0.2779667334401696 0.7623109653300563 -4.4524387908666284e-06 -2.555248587801782e-05 -3.0247795647128833e-05 6.940417525539146e-05 0.0 -0.018205749689731297 0.26356638746371563 0.7499820542111834 -6.438917341676829e-05 0.0001376624786425717 -2.5986712671466144e-05 0.0001754754812685913 1.0
0.062392586793455426 0.2779035333157143 0.7622250092251485 2.093240767165528e-06 -5.4980047381176516e-05 -6.21622348778592e-05 0.0001154949929758979 0.0 -0.018371911073601657 0.26396575935183714 0.7499970072066018 -0.0001714317190062285 0.0003854231370185243 7.722768745294355e-06 0.00043197327411015937 1.0
0.06240001389038146 0.2778882143281084 0.7622111305314795 3.3129499167891665e-06 -3.371206249481275e-05 -2.9831517590384438e-05 2.1899147984312597e-05 0.0 -0.018490663904730285 0.2642123058016583 0.750056273661806 -0.0001471913992124192 0.00030586072519024816 4.9849011149708953e-05 0.00029075152147480155 1.0
0.06240347863778585 0.27787805895321366 0.7622019426021748 8.057440003090763e-06 -1.5687072630882138e-05 -2.038120283597071e-05 4.875538165428098e-06 0.0 -0.018622791246149767 0.2644590621068292 0.7501091609772716 -0.00012467654820928436 0.0002429201029746949 7.621387496069959e-05 0.0002690454327705664 1.0
0.062402309954823425 0.27784784796456796 0.7622202538461509 8.90756572181712e-06 -1.9439038680213303e-05 1.0980988038778187e-05 3.948217351173757e-05 0.0 -0.01891667264988505 0.2649795346299281 0.7504856904254575 -0.0002579666350220585 0.00045526925297880675 0.0003431063119410358 0.000706544009597652 1.0
0.0623972144046411 0.2778336480724367 0.7622381566494636 -4.495975227250778e-06 -1.0083549805578132e-05 3.319309996232278e-05 2.8187422891301343e-05 0.0 -0.0189488211726007 0.265046368577433 0.7507613549563589 -8.935887619237304e-05 0.00015256976451732593 0.0003327036688848748 0.00031110541710572105 1.0
0.06237635741748061 0.2778177683933986 0.7622498923795378 -2.4562317341295047e-05 -1.7348138026647292e-05 1.7838725112558255e-05 2.4644407732559158e-05 0.0 -0.01887976197542009 0.26520605827382004 0.7515756805870711 7.645877798032651e-05 0.0001072000094100503 0.0007604016993014645 0.0007986300910231331 1.0
0.06234541968620607 0.27780434236051993 0.7622391077333995 -3.209516995244388e-05 -1.8561350700899633e-05 -1.730841584008307e-05 3.407833640800911e-05 0.0 -0.01874098872761792 0.2652433026607242 0.7521226910359379 0.00017126713792776777 2.8598624620663175e-05 0.0006450106007072889 0.0005874168261690426 1.0
0.062279602598072546 0.2777903994326051 0.7622405640198028 -6.223692146674109e-05 -1.4632287219689552e-05 -9.870703398456179e-06 6.969263675748094e-05 0.0 -0.018559797357869518 0.2652807170231255 0.7528569505685896 0.00020573491464839717 2.5166252821115574e-05 0.0007053635375206468 0.000749934040546601 1.0
0.06214431987457125 0.2778052385080438 0.7622409326463019 -0.00013147058838548873 1.4694269143950682e-05 2.1099426651684477e-06 0.00013571141928349345 0.0 -0.0179666078403327 0.2650551755877365 0.7542035838526335 0.000543774095888503 -0.00019762496662363197 0.0012370580405153566 0.0014827771384752382 1.0
0.06208218407428787 0.2778115522706045 0.7622495131136383 -8.49745516067079e-05 1.0791730268478025e-05 9.40081059404073e-06 6.443713549798891e-05 0.0 -0.017193722611154618 0.2644578149568495 0.754924160265412 0.0007785712761624421 -0.0005518967371112315 0.0008748850589299614 0.001237606295259699 1.0
0.06204887201301735 0.27781722551449084 0.7622547157910026 -3.340287501860768e-05 6.396797374701021e-06 1.1266239093256507e-05 3.0222527078604893e-05 0.0 -0.016307677496837418 0.2636848876795742 0.7554455716174617 0.0009157741253535675 -0.0008059277531795601 0.0005345047485530814 0.0012628318379602308 1.0
0.0619682446403023 0.2778049588911485 0.7622540540988153 -5.702510948055677e-05 -9.880625083538455e-06 1.6532288813408882e-06 8.219718880290256e-05 0.0 -0.013291486850216739 0.26134807686483724 0.7570317205710679 0.0027600318827168944 -0.002207449619212898 0.0013262354145613955 0.004095247124324496 1.0
0.06191260931959789 0.2777798991745764 0.7622410472204221 -5.3893528834818635e-05 -2.8578294243206226e-05 -1.3722339369968473e-05 6.763774619949169e-05 0.0 -0.011244589119629517 0.2596850602334142 0.7576711103400133 0.0024640598564400202 -0.001969044711172758 0.0008677969572506937 0.0028490868889466713 1.0
0.06185832410114088 0.27774498614833876 0.7622147114518465 -5.737222737862381e-05 -3.9166088588863666e-05 -2.9271140023821962e-05 6.623281036279697e-05 0.0 -0.00907031748413096 0.2576997524221884 0.7582755875205927 0.002228097356629394 -0.001984961544237814 0.0005850397219197964 0.0028641455880232276 1.0
0.06180139924150084 0.27771465755257235 0.7621905587433824 -6.436591813062894e-05 -3.3414992385671864e-05 -2.7405656026512118e-05 6.657526397004614e-05 0.0 -0.007033755549688613 0.25570729678271437 0.75896486580414 0.0019287728821792828 -0.0019029188568351406 0.0006396648020164879 0.0029364623563164533 1.0
0.061740098969446225 0.27769503689566133 0.7621728605589589 -6.486067806165377e-05 -1.7870616748239153e-05 -1.9237509692628536e-05 6.95956075260379e-05 0.0 -0.004646376876085248 0.2534976730415947 0.7594126961350431 0.0021571126055406303 -0.0020756947518717206 0.00046066928021363043 0.0033635430796824578 1.0
0.06168186533158856 0.27769062825207 0.7621583505912227 -5.26957619823155e-05 -2.292319391218169e-06 -1.1513283878270601e-05 6.019723044071117e-05 0.0 -0.0018857227293887391 0.2508825209406841 0.7597555750426969 0.002646816751365146 -0.002532981331816802 0.0002808750999153196 0.0038134887623655096 1.0
0.061636981036437916 0.27768998381749943 0.7621600872678297 -4.6747535270882446e-05 4.4670643083578855e-06 2.826806188237446e-06 4.3720509497466015e-05 0.0 -0.00019372042924592787 0.24900435196860313 0.759876702690774 0.002001457129524196 -0.002094631477932404 0.00017278396330375038 0.00248483880422172 1.0
0.06158949174992381 0.27766076808605117 0.762137109771539 -4.834214605301156e-05 -2.3459416521073437e-05 -1.607530324417799e-05 6.0670492864469615e-05 0.0 0.0009188110372878807 0.24761650235361427 0.760040746479487 0.0012499466716181858 -0.0014895574471732286 0.00019420707237133067 0.0017815481649844592 1.0
0.061542681739126796 0.27761290440149927 0.762089108942726 -4.326514092264825e-05 -5.100596709199706e-05 -4.751131066926235e-05 8.286856859803184e-05 0.0 0.001715161320679269 0.2464784854428183 0.7600907623089015 0.0005403880114190191 -0.0009433875722243482 -7.018289504845355e-06 0.001393530424425386 1.0
0.06150836536064762 0.2775821782130854 0.7620546096445904 -3.60617474478486e-05 -4.23493098241931e-05 -4.47840265952784e-05 5.8108314394495186e-05 0.0 0.002241900273348373 0.24565245153991933 0.7600513332827856 0.00039448510608282067 -0.0007414974811231565 -9.537759485697531e-06 0.0010282717325705193 1.0
0.0614714728809328 0.27755162788311705 0.7620372246323757 -3.631387657995712e-05 -3.192119295995741e-05 -2.2606683085525664e-05 4.898181768389844e-05 0.0 0.0026251498656241247 0.24511478055502958 0.759943083961352 0.00037702455118763124 -0.0005324920546745616 -8.68523470467866e-05 0.0006463917370395224 1.0
0.06144518342477889 0.27754065520516047 0.7620262832376936 -2.7955899007731505e-05 -8.780433581735396e-06 -6.6019104986945975e-06 3.132647106540488e-05 0.0 0.00326629723365412 0.24477002171957019 0.7597435403852991 0.0007225694887144727 -0.0004162766523296557 -0.0002069614650522506 0.0007227751531661748 1.0
0.061400821470205154 0.27749073921817874 0.7619985212331256 -4.0362029014227006e-05 -3.628874566948458e-05 -1.781474157649764e-05 7.268519408498022e-05 0.0 0.004452772577303489 0.24458413190392436 0.7593037272154456 0.001247046587953773 -0.00024952710219315307 -0.00042580398935331665 0.0013056288146964692 1.0
0.061332009740614625 0.2774161984257623 0.7619359048950533 -6.685200865025987e-05 -7.350051315795782e-05 -5.6839242709190374e-05 0.00012003579834971359 0.0 0.005078856924764813 0.24436828735347757 0.7584607611630468 0.0007972548469246678 -0.00016967586869250746 -0.0008286133719666202 0.001085434878419059 1.0
0.06128242777100752 0.27739713349416323 0.7619159513106001 -5.9042125829750416e-05 -3.851847050941334e-05 -3.723242046839495e-05 5.708852193914913e-05 0.0 0.00520768730059458 0.24406782566992244 0.7580891184185723 0.0001857779407950439 -0.0002959062161171325 -0.0005058556181189621 0.00046874543242664745 1.0
0.061263995248368425 0.2773918433775514 0.761912389543588 -2.3889632954362345e-05 -5.665245759040045e-06 -8.118786052255091e-06 1.604222926331608e-05 0.0 0.005229511116390733 0.24386385335790117 0.7580658432299341 -0.00013132253174071257 -0.0002624528935172817 -4.735775400627873e-05 0.00019538653637120687 1.0
0.06124222105141244 0.27738258844464236 0.7619066964720365 -1.2977332117796922e-05 2.9485286609765197e-06 3.822747753110141e-06 2.5169443996260563e-05 0.0 0.005205221724267357 0.24358368808222072 0.7580803917007573 -0.00018380834471126467 -0.000278835632150382 0.0001401068060426046 0.0003080604225007314 1.0
0.06122298849136062 0.27738219081111687 0.761900205086327 -1.2712441514040439e-05 5.052412409474513e-06 1.1497336681474734e-06 2.421982164432439e-05 0.0 0.005088907895808961 0.24337011995489863 0.7580805090741715 -0.00013417319851876487 -0.00021534377781016014 0.0001042823404922752 0.0002575529243646641 1.0
0.06120017342576562 0.2773691843740086 0.7618868580232913 -2.0947270634325413e-05 -1.1478406596904851e-05 -1.2833148071480797e-05 2.7490905122264224e-05 0.0 0.004971377871017066 0.24331563754762336 0.758057086862253 -2.708469842844938e-05 -5.434597020623807e-05 -2.7774952044450818e-05 0.00010674028156299907 1.0
0.061176428727761856 0.2773476817798058 0.761853418856538 -2.9422588483731506e-05 -2.9810916407003624e-05 -3.786998367909862e-05 4.437276070694195e-05 0.0 0.0046266414477266855 0.24356754220457216 0.758081102791558 -0.00022478085556513116 0.00024960298714561837 -7.520440795353548e-05 0.0004174296563229815 1.0
0.06113890030665739 0.27726334770122146 0.7617556256557486 -4.059590530438544e-05 -8.137196290802277e-05 -9.655672409969543e-05 0.00013537833585442193 0.0 0.004069472650616444 0.244021419435195 0.7580930088005827 -0.0005800863303588154 0.0004848176127126595 -5.090122922137268e-05 0.0007392298581504197 1.0
0.06112621248764896 0.27708882142448654 0.7615855483815925 -1.7144757715791922e-05 -0.0001683482972340134 -0.00016827394756833015 0.00024555602564916743 0.0 0.003580223343886319 0.24434256462368506 0.758113270318129 -0.0005779557241430309 0.00039952965744358723 5.079792393635396e-05 0.00059047957459362 1.0
0.06109030171783117 0.27688639683212585 0.7614068646172364 -2.8453793208588154e-05 -0.00021749469447104405 -0.00019361280094989431 0.0002726406006632104 0.0 0.0031645923222097063 0.2443472238695505 0.7581606862427988 -0.0004408101997530274 4.220165232728874e-05 7.099149792505732e-05 0.00039674377336794213 1.0
0.061051772019836775 0.27679513384934773 0.7613309649880011 -3.828417483541538e-05 -0.00012031158578915179 -9.810638098392164e-05 0.00012334773336102322 0.0 0.0028876247041137223 0.24421726044413503 0.7582147335822622 -0.0002594985518377229 -0.00022014598356512132 5.860994254928172e-05 0.0003140604083349172 1.0
0.06090704346537791 0.27667428342171024 0.7612487757279264 -0.00013134231456214438 -9.709016857455805e-05 -6.0118173619721054e-05 0.00019997009715995526 0.0 0.00293889645333559 0.24395086014215958 0.7583319044325336 6.685912317312413e-05 -0.0003476182298563501 0.00010847924881953095 0.00031037535151400166 1.0
0.06081335679928853 0.27663918966062545 0.7612305007802661 -0.00011748926591913868 -2.4825383003720445e-05 -3.604243165791084e-06 0.00011253646736395905 0.0 0.0029332069573549937 0.2437732729378443 0.7583019246295518 8.093755849792597e-05 -0.00022389956292357885 -1.242532864051405e-06 0.00017860260081425965 1.0
0.060746893409776785 0.2766241080447628 0.7612417566767631 -7.604125090395245e-05 1.398656551704343e-06 2.193890019033214e-05 6.520658576449626e-05 0.0 0.0029747562205857518 0.2435544719346024 0.758148206762065 3.98141112251892e-05 -0.00015648956109840716 -0.0001491290436963514 0.0002585407104979 1.0
0.06069308685149064 0.27660094099697785 0.7612303873323164 -4.443602149387021e-05 -1.9899893840260624e-05 -8.628294232407003e-06 5.6049100143660574e-05 0.0 0.0030966296225494964 0.24330388968601707 0.7577090066891916 7.528540640254808e-05 -0.0001845194303554401 -0.0004381757013020009 0.0005251913461495397 1.0
0.06066175987364141 0.27657374692823783 0.7612153831425278 -1.753275504898256e-05 -3.885352899064968e-05 -2.7906492520293714e-05 4.683299902623266e-05 0.0 0.0034367887273714366 0.24316889872285796 0.7569022016662307 0.0002879883616128928 -0.00014237362416548395 -0.000816215109083482 0.0008904823389412358 1.0
0.06065473210152033 0.27656338921645623 0.7612006241751176 -2.3522346867800927e-06 -2.2489886408456585e-05 -2.493548801733175e-05 2.1365002488852707e-05 0.0 0.003594731808273963 0.24314869395182073 0.7565767801298583 0.0002034589933513928 -4.0631726136757884e-05 -0.00047059255517062804 0.0003687533136547364 1.0
0.06063242241213051 0.2764779816755331 0.7611120179595388 -2.021503724938078e-05 -7.435823021703745e-05 -7.9732997284934e-05 0.00011940117464392887 0.0 0.004089312480829632 0.2430265768197956 0.7557905055865722 0.00045503910334303174 -8.99296607358173e-05 -0.0006731296305532044 0.0009010423069366481 1.0
0.06061995641720044 0.27641368871209293 0.7610589006547233 -2.4723802498869156e-05 -7.989371707158047e-05 -7.026736252983627e-05 9.130901376349696e-05 0.0 0.0043509321026119286 0.2430062562810996 0.755446041078026 0.0003322697171546866 -3.9122628495248327e-05 -0.00037061282254775325 0.00047705490636293027 1.0
0.060613751271411415 0.2763566247857135 0.7610273811260115 -7.4110138265671705e-06 -5.723467170514573e-05 -3.189812440339019e-05 6.092252783790244e-05 0.0 0.004592919509818241 0.24282962346328088 0.7551949202876311 0.00022097317834899086 -0.00015340866626039023 -0.00020748684857394814 0.0003717109961131299 1.0
0.060609818548593694 0.276336751533628 0.761019463339731 -4.631113431601667e-06 -2.12187224594361e-05 -1.2747644896808378e-06 2.07934082058304e-05 0.0 0.004785908596435116 0.24255365427054873 0.7552235231945532 0.00016815386379066626 -0.0002952239016620048 3.958987292108159e-05 0.0003322604536939843 1.0
0.06059985386604492 0.2763108548879019 0.7610097402578436 -8.1833270989453e-06 -1.4148204888122858e-05 1.615789189638116e-06 3.1443305305167016e-05 0.0 0.005012997892830123 0.24246364897760642 0.755178088606383 0.0002023945808254245 -0.00015388282504690296 -2.4321992120718533e-06 0.00025730220463173755 1.0
0.060580874430906304 0.27629432637694284 0.7609941900305314 -1.6443778186193366e-05 -9.748728584286795e-06 -8.893028286986736e-06 3.182346394181087e-05 0.0 0.005256925561072219 0.24246784285445636 0.7550341128016449 0.0002482793143023993 1.2154123676154285e-05 -0.00013572827866917638 0.0002892855785655117 1.0
0.06054312862699967 0.2762543946689488 0.7609654687186245 -3.668949507147843e-05 -3.6655650231439554e-05 -3.232802681489995e-05 5.8773025459719546e-05 0.0 0.005530233131828522 0.24255927012034748 0.7548239176397727 0.00028234606284774746 0.00012905498918380803 -0.00023369821577284573 0.00033908951769831693 1.0
0.060490878176049284 0.27622757538064135 0.7609367724030406 -5.590153882482853e-05 -4.040556912121889e-05 -4.0957792277865846e-05 6.669807645600154e-05 0.0 0.005852755673544335 0.24261330049412444 0.754614741826493 0.0003541535367942467 9.807955296648552e-05 -0.0003015922203639233 0.0004032462821661039 1.0
0.0604300666708666 0.27620784663426595 0.7609213807516197 -6.29521706540108e-05 -2.3127378662433736e-05 -1.855641694685404e-05 6.476091487585994e-05 0.0 0.006373057857814359 0.24276291384229376 0.7543311080316161 0.00048793492451556744 0.0001422832799465153 -0.0002693893399067261 0.0006022822222276205 1.0
0.060397562503306586 0.2762052780795603 0.7609216618872748 -3.768840310133409e-05 -2.5717480904501278e-06 1.9318517629353965e-06 3.331011552313714e-05 0.0 0.00661705325100255 0.24274240164251626 0.7539813619252406 0.0003114793861816188 -2.29885694523052e-05 -0.0003313392019673076 0.00043491736317087786 1.0
0.060340859566504666 0.2761623196774821 0.760893664250378 -4.7568372579017906e-05 -2.999415234195963e-05 -1.6755421063053908e-05 7.519869503852483e-05 0.0 0.006571420391906647 0.2425360147755526 0.7537221848788582 -2.778636167846373e-05 -0.00021796998001039314 -0.0002548546871946847 0.0003257097706678167 1.0
0.06024926917901063 0.2760369912149828 0.7608006579047634 -8.395847063996455e-05 -0.00011689684241241835 -8.478616963628401e-05 0.00018284586175541865 0.0 0.006435544971099004 0.24223001559146412 0.7534241814779482 -0.00020246705642035475 -0.0003311523135816769 -0.0002860310080503671 0.00044718989897827525 1.0
0.06016716190118482 0.27591107910590407 0.7606900375008258 -8.966605220787106e-05 -0.00014331144722437924 -0.00012224117417905983 0.00018841139716738455 0.0 0.00642756725165319 0.24190462067109766 0.7532903011796866 -9.549252279578561e-05 -0.00035877918379159386 -0.00015122459262869258 0.0003657066666361128 1.0
0.06011010301728691 0.27583056935364847 0.7606188079739356 -6.646433715837536e-05 -0.00010098890552870339 -9.0736529409749e-05 0.0001182008620192056 0.0 0.006507738350516066 0.24156592286324358 0.7532899868768258 8.357273831329336e-05 -0.00033831128170429053 7.387323770139336e-06 0.0003402189744045424 1.0
0.06005616157873555 0.27579105544176197 0.7605802572453211 -5.100323647402005e-05 -3.599420715314324e-05 -3.872320758104241e-05 7.481703686453643e-05 0.0 0.006667673648599123 0.24132382225377477 0.7531818237934443 0.00022955446604302305 -0.0002312390874541713 -5.552907550294953e-05 0.00030315328822822684 1.0
0.060009116402297336 0.27575410389655464 0.760569979685553 -4.00631708365998e-05 -1.4525184747390245e-05 4.383213262914735e-06 6.48439316501383e-05 0.0 0.006881013337651599 0.2409144660352146 0.7533526121901225 0.00027906115117508904 -0.0003392259773246795 0.0001229784005954788 0.0004976937343237338 1.0
0.05997118462572289 0.2757166694300805 0.7605694935605253 -3.331199255964614e-05 -2.2872055688899625e-05 1.4993501661631642e-05 5.488739766566806e-05 0.0 0.00727967305763681 0.2407438615030882 0.7534606432222597 0.0003696388703793148 -0.00021564359722280374 0.0001263008552138685 0.0004539418884026699 1.0
0.05994580021989865 0.2756864747874282 0.7605753577935396 -2.9531960505236957e-05 -3.707441330352448e-05 6.45533435035011e-06 3.7436027601926155e-05 0.0 0.00781480369287189 0.24087240083739822 0.753423813553155 0.0005093040335167143 9.056175281080687e-05 -1.1673382573712857e-05 0.0005400219348464248 1.0
0.05991256509147344 0.2756493457024534 0.7605583407389634 -3.436900431108012e-05 -4.885581103820807e-05 -2.266689018088038e-05 5.148483304344176e-05 0.0 0.008456801629150565 0.24101088946770213 0.7533308751892385 0.0006457098370764213 0.00019390484183649608 -0.00011983714152033448 0.0006668130509789401 1.0
0.05988086659697133 0.275629235568283 0.7605297543757845 -3.1997934256876545e-05 -2.7079642899983605e-05 -3.660071064085085e-05 4.874797212710489e-05 0.0 0.009211537554790704 0.24115033792590285 0.7533809674508615 0.0007664943006509058 0.00018216600749862015 -9.270057763417663e-07 0.0007724632470756121 1.0
0.05984061387969145 0.27558803400032383 0.7604759242792227 -3.949314478536314e-05 -3.4045631341840423e-05 -5.567512277784426e-05 7.828772418564083e-05 0.0 0.009759603686814864 0.2412315299436856 0.7535263264004253 0.0005899133472365715 8.235602991864738e-05 0.00013619182327387778 0.0005749009327047907 1.0
0.05979744433204821 0.2755402746370794 0.7604392923586224 -4.559889074362565e-05 -4.54931727038858e-05 -4.347854837822829e-05 7.481782725348475e-05 0.0 0.010280056315950881 0.24130422030050888 0.7537085460473152 0.0004846434805509304 2.5390629998023177e-05 0.00021624713197498268 0.0005433585309796338 1.0
0.05975133642214855 0.27550052706886213 0.7604216277482335 -4.717314853850243e-05 -4.420615827093797e-05 -1.757161611588986e-05 6.264783668500467e-05 0.0 0.010599647985268114 0.24137360110883693 0.7537001171037943 0.0002988229181338924 1.92480177072329e-05 7.391926428764358e-05 0.00033926249713172354 1.0
0.05970604241924268 0.27547646767138334 0.7604174691823811 -4.508653328431228e-05 -2.6963878816252652e-05 2.458412752275176e-06 5.121511460948148e-05 0.0 0.010908011080167345 0.2416164790968847 0.7533754058774191 0.0002699601278019076 0.00022971255064432888 -0.0003133530260213159 0.0005040382496853869 1.0
0.059662757512861625 0.27544948033218225 0.7604106691959179 -4.220563752213535e-05 -2.2431453638347558e-05 1.8093408737548573e-06 5.177502086674096e-05 0.0 0.01150037705388865 0.24223364207771234 0.7527249590515406 0.0005433785341335204 0.0006146274587767973 -0.0007035582267577979 0.0010772593922935912 1.0
0.059624689449358434 0.2754397428760359 0.7604078082509745 -3.7950828946392744e-05 -8.83794587778918e-06 -2.9240118436609764e-06 4.038453387800291e-05 0.0 0.012219444648384405 0.242896090153369 0.7521981787951983 0.0007676671652647586 0.0007367659835799521 -0.0006460929403566951 0.0011221820801323632 1.0
0.059590395580036995 0.2754288428962666 0.760405313725412 -3.311898413092624e-05 -7.366883965618081e-06 -6.160294651208589e-06 3.4851246292575245e-05 0.0 0.012810573634433024 0.24318675320014116 0.7521619196148334 0.0006923926591645357 0.00039674059996545896 -0.0001044889940580711 0.0006452113159330239 1.0
0.05954979428826141 0.2754049526296224 0.7603958651039372 -3.8925512828922236e-05 -2.37063742294984e-05 -1.2846690060971457e-05 4.813560750889442e-05 0.0 0.013038091584067268 0.24324249592803554 0.7522997415760212 0.00028114991121548237 2.2372355115269786e-05 0.0002500092530466437 0.0002540996339914539 1.0
0.05951203806121676 0.2753861386570229 0.7603853577460894 -3.9026236866518386e-05 -2.3214385119913778e-05 -1.1259880017413929e-05 4.422754305063432e-05 0.0 0.012997358531859817 0.24321626646604796 0.7524318290122906 -9.444725509045516e-05 -0.0001432894193943707 0.00027987033177680437 0.00016206223453328855 1.0
0.05947423255942731 0.2753706796875636 0.7603707860325146 -3.903362516522685e-05 -1.768410529135354e-05 -1.3902864496279979e-05 4.27876052077442e-05 0.0 0.012892806393928277 0.24324545520204993 0.7525496087781963 -0.00022896140968205604 -5.884463838592272e-05 0.00014817735332544734 0.0001734050952221744 1.0
0.05944018738222336 0.27536446466820447 0.7603632065049502 -3.5019164021703634e-05 -6.756138822751466e-06 -8.681162276972747e-06 3.522406972032418e-05 0.0 0.012851763691307645 0.2434581442898307 0.7526002424073219 -9.511423117906153e-05 0.00022280907000424172 -1.74977340995151e-05 0.00021024336265010736 1.0
0.05940752984265117 0.2753527797846205 0.7603551220956306 -3.2008325353381446e-05 -8.292123406147407e-06 -7.144542824799615e-06 3.591174803489921e-05 0.0 0.012819995939077412 0.24373317947243645 0.7525855991981377 3.165365276907472e-05 0.0003800476670271429 -0.0001013411682425775 0.000269661851896961 1.0
0.0593617249395887 0.2753302607343029 0.7603400079445115 -4.2648147141188674e-05 -1.868909802668601e-05 -1.2340649759797174e-05 5.330599600632853e-05 0.0 0.012763742781997269 0.24394326576700046 0.7525521073238284 2.3912161053877765e-05 0.00028609586277618035 -5.971129557075412e-05 0.00022329517358830918 1.0
0.05930154032898096 0.27527405554121936 0.7602915813648576 -5.9765730403679956e-05 -5.4354079542080464e-05 -4.420914638407135e-05 9.54796141865729e-05 0.0 0.012630642382652223 0.24409498624906806 0.7525471571211055 -9.975659435644644e-05 0.00013684574594622224 1.518272024832526e-05 0.00020202310454437464 1.0
0.05925197264699743 0.27520350045124314 0.7602304294469634 -5.5508265203051723e-05 -7.671788113138872e-05 -6.566248934150271e-05 0.00010645283210299715 0.0 0.012488458400233953 0.24432032970007278 0.7526690062557284 -0.00017770676510738502 0.0001613033844719183 0.0001254410081375332 0.0002943132946575614 1.0
0.059169250406034664 0.27514129596469095 0.7602148603725383 -7.854166112629014e-05 -6.951588488886174e-05 -2.8476106986048255e-05 0.00010342035276897229 0.0 0.012014452664150348 0.24441550726825548 0.7531656925991714 -0.0004626201796933887 8.821607957738366e-05 0.00047684738011110033 0.0006941276897982582 1.0
0.059114189835497745 0.2751051520069577 0.7601930129993706 -6.134634612533235e-05 -3.8761739225523395e-05 -1.5728980561910148e-05 6.94643218105351e-05 0.0 0.011955412042684924 0.2444113013705878 0.7532676360754409 -0.00016951908710271645 2.6665666024417342e-06 0.00023345696199885717 0.00013176149139717497 1.0
0.058966326569455434 0.27503979501888426 0.7601200311713486 -0.00013209230958702612 -5.177216615688113e-05 -5.694637323377878e-05 0.00017621969710735638 0.0 0.012008205153147508 0.2442385974966611 0.7533449902889308 6.904829464942592e-05 -0.0001551523464082512 6.547454547999642e-05 0.00016209847837310716 1.0
0.05888324316318092 0.2750079532465714 0.7600986348998674 -0.00010144189002716218 -3.346399075220378e-05 -3.246277929891291e-05 9.71813910428206e-05 0.0 0.011990672370091052 0.2439788383446926 0.7534887234368893 6.724099085569232e-05 -0.0002796454370330953 6.447428481723332e-05 0.0003153200893560565 1.0
0.05877538746623934 0.27494823034559596 0.7600733822142768 -0.00010517605455439259 -5.4461960827057585e-05 -2.6758131855975472e-05 0.00011916978475265058 0.0 0.012901004111559214 0.24439206067659783 0.7531962070900645 0.000812765442170055 0.000286455861594539 -0.0002716424517417926 0.0010524795724540053 1.0
0.05863134728077044 0.2748380003726878 0.7600229615004493 -0.00013519887028913506 -0.0001083330789460041 -4.69541813806616e-05 0.00018938862659228275 0.0 0.01431120001362732 0.24533530126331304 0.752165392162899 0.0014492964779404304 0.000968903034715513 -0.0009775080817072458 0.001984978450978517 1.0
0.058533828992146035 0.2747531402096763 0.759972163871059 -0.00010520934517133058 -9.978215551195794e-05 -5.091175035523951e-05 0.00014363218614805117 0.0 0.01485915508692326 0.24565315563269688 0.7517464866470894 0.0008078630652024248 0.0005936917437356596 -0.0006194222683244879 0.000766653449748829 1.0
0.058338883417364096 0.2746448193559859 0.7599078900891183 -0.00017905126530660143 -0.00010760149842543897 -6.222659742728083e-05 0.00022706223717705457 0.0 0.015877455121197058 0.24612754845810847 0.750594914273987 0.0008590160033116066 0.0004430945951640784 -0.0010242291298630131 0.0015415243314368656 1.0
0.058258940223077496 0.274600321581711 0.7598890338389085 -0.00010508851049292906 -5.214025017763154e-05 -3.1496760158487315e-05 9.600668447232894e-05 0.0 0.016043899116556844 0.24620019920623643 0.7502560774849291 0.00019916115136553897 1.7203987736059452e-05 -0.00047724584973522934 0.00046233384539637963 1.0
0.05816384904691975 0.27453483603053225 0.7598659619274198 -9.017006581750088e-05 -5.161372211268158e-05 -1.9184597224740946e-05 0.00011507109178495943 0.0 0.016059972291494706 0.24616607535913673 0.7501592489728485 -0.00014729096320618713 -0.0001772603266994444 -5.597351753597638e-07 8.249179903118187e-05 1.0
0.05807101941432713 0.27447277906194056 0.7598444976221835 -7.746104830955622e-05 -5.283706033487268e-05 -1.0773957363314357e-05 0.000115764451077641 0.0 0.01597700218997046 0.24607144046179386 0.7500759241982441 -0.0001748853929183241 -0.00015415662789500044 6.809234780448791e-05 0.0001338666673685732 1.0
0.057970080854318734 0.27441741716726314 0.7598546048642874 -9.806646133209169e-05 -6.000257248643228e-05 6.599844446402285e-06 0.00011694004951098581 0.0 0.015924212990538724 0.24601975361700598 0.7500157276003976 6.894254875266778e-06 5.593553213457058e-06 -4.463370588615788e-05 0.00011390106522016387 1.0
0.0578879136831291 0.2743637400607397 0.7598770175108623 -9.032045472577367e-05 -6.0049771375618485e-05 2.0652500923210777e-05 9.981949835886989e-05 0.0 0.015898782556935963 0.24598698968615934 0.7499695324797767 4.1699669877453714e-05 2.9383199759204634e-05 -0.00010893046780612492 7.41130871838656e-05 1.0
0.05749575849259362 0.27410484076425257 0.7601067129419016 -0.0003514509929418798 -0.00023069151650765576 0.00020231357404650597 0.000515583432341265 0.0 0.01586852471831957 0.2459426125922886 0.7499335844995898 3.346082480042969e-06 -3.4424671815891784e-05 -7.783245671453653e-05 2.0317263609858716e-05 1.0
0.05692002885793956 0.2734030439674961 0.7602634294681119 -0.000598209925827804 -0.000668689153960411 0.00019666653024477475 0.0009353592789996553 0.0 0.01586636124871182 0.24592436793275743 0.7499331608629831 6.103246969882848e-05 9.04542817507537e-06 -8.554358440987953e-05 5.0651664483265476e-05 1.0
0.0555087585772771 0.2715993039315979 0.7602285071347828 -0.0013478312736493088 -0.0017316126572219166 7.220684656628824e-06 0.002276622800464565 0.0 0.015867457445361055 0.24589023606260368 0.7499501720822367 -4.8430097333488405e-05 -5.53281923091359e-05 7.250285659210574e-05 3.32328421069276e-05 1.0
0.054567406436885485 0.27052336373250285 0.7603263004518875 -0.001150277149549418 -0.001390656712690903 3.877594539685536e-05 0.0014685737083159722 0.0 0.015878368891589202 0.2458542710324566 0.7499851345618889 -1.4729498949623318e-06 -4.734803329405983e-05 5.279530566166358e-05 4.8984517192441615e-05 1.0
0.05243571657703306 0.2678984503893788 0.7605313243303649 -0.0019714678023649724 -0.0024178361261297824 0.00016523107977419368 0.003304963113806024 0.0 0.015898135720198398 0.2458157317902227 0.7500189866224528 1.0941455388878605e-05 -4.5737070119494256e-05 3.717773945059163e-05 5.655421593551719e-05 1.0
0.05042073266286938 0.26519101796298605 0.7601170681592113 -0.002098752250915128 -0.0027672152634398667 -0.00030553196035105915 0.003487531136464218 0.0 0.01588218994060368 0.24579494482344444 0.7500263224625696 -8.711034786638514e-06 -2.235796408543387e-05 1.0437342619429608e-05 2.620747154008824e-05 1.0
0.048308562889057306 0.26248986667797514 0.7599015063437122 -0.002129100519333186 -0.002758831067957532 -0.0002954048459170126 0.003413195955741205 0.0 0.015877817684960466 0.2457666011447505 0.7500374369872681 -1.0852950725814688e-05 -2.4552751165498595e-05 2.7678247562521943e-06 2.929808575931289e-05 1.0
0.044840842848739765 0.2582109821065604 0.7593548221068089 -0.0032624489907761302 -0.004040908755441546 -0.0005260747261832941 0.005480489739224421 0.0 0.015853239264324078 0.24572622278555406 0.7500363562184931 -2.6226866089403892e-05 -3.7067474088170024e-05 -4.887115840335143e-06 4.9523492582898875e-05 1.0
0.04217646900062805 0.2551547937496554 0.7582883802866989 -0.0029204999591001105 -0.0033969804661365195 -0.0010407196468517907 0.004283850422501619 0.0 0.015838827975557156 0.24570359673683173 0.7500386138376165 -1.704743664060969e-05 -2.5345420610607963e-05 1.32368632726851e-06 2.7335246553679526e-05 1.0
0.03914270374551502 0.25198472661820637 0.756865005345634 -0.002998455088522594 -0.003109246142107704 -0.0014548775047140377 0.004547265818284256 0.0 0.015827516664564566 0.24567293705830243 0.7500518321784941 -1.0188244083099325e-05 -3.09565763755539e-05 1.422517209762746e-05 3.321591350663413e-05 1.0
0.037132390662391816 0.24974875155740026 0.7557656243491179 -0.002066429970723334 -0.002161929846461342 -0.0012121387710421622 0.0031985278767333518 0.0 0.01583474142643261 0.2456640695686386 0.7500605327186227 9.073280799038362e-06 -1.1963971638086917e-05 1.4641621285095447e-05 1.510178449970368e-05 1.0
0.03641973436069333 0.2488553797078145 0.7553163757503973 -0.0007494846477856944 -0.0009307751312256491 -0.0005127575808005838 0.0012658372368751251 0.0 0.01584467355746872 0.24565820104456842 0.7500702029451871 1.4317945573829308e-05 -2.764965082070678e-06 1.1177263001955024e-05 1.5376617190587567e-05 1.0
0.03545677465742223 0.2474699204634962 0.7543148568713696 -0.0005605674530286047 -0.0009864067973098189 -0.0007606519076494552 0.0019163455476080954 0.0 0.01585456022465569 0.24565534432726277 0.750078325709987 1.0793354594070174e-05 5.947014858034402e-07 6.823233368371047e-06 1.309733608072436e-05 1.0
0.035196143103325056 0.24699694916512194 0.7536835267846231 -0.00027068513138230293 -0.0005932790955302408 -0.0005858819957792938 0.0008950490564431784 0.0 0.015857348833714074 0.24565127906602513 0.7500823420826781 3.930443359278181e-06 -4.401199945079201e-06 3.5862248195910113e-06 6.263498988153261e-06 1.0
0.03508580056585805 0.24648315919140426 0.7526148411997498 -0.00022603786984982293 -0.000637098104252947 -0.001036597403832364 0.0011652362072268325 0.0 0.015872625807276993 0.24565199397627957 0.7500914708343492 9.003334920598545e-06 -2.047942677687967e-06 6.155781290560742e-06 1.7668481666684078e-05 1.0
0.03517550793899471 0.24612433510598314 0.7518443415604567 1.732474127978537e-05 -0.0003952749318886844 -0.0009513463236074106 0.0008179168224236727 0.0 0.01587455917857211 0.24565031142818827 0.7500950646428043 3.482359217573413e-06 -1.731399570700658e-06 5.049634998428087e-06 4.644030450396353e-06 1.0
0.035217867246612515 0.24597043670946944 0.7515069807199535 -3.61086981841203e-05 -0.00026071806473101445 -0.0004468647876858655 0.00040027000291258195 0.0 0.015874965090776225 0.2456380698572406 0.7501077892568483 3.8649509858967494e-08 -1.1842586984886166e-05 1.214351197811002e-05 1.729005873727548e-05 1.0
0.035421287922216 0.24555864176339134 0.750287035943721 0.00021636161047492103 -0.00031329455900193674 -0.000964844693035357 0.001297154503923103 0.0 0.01587555940801269 0.245643151770816 0.7501023048787853 6.669587891463131e-07 2.1949679947000616e-06 -2.104294807155593e-06 7.964227720918992e-06 1.0
0.03557006733218362 0.24531375259790905 0.7496632644338963 0.00019031482879371662 -0.0002594632858609249 -0.000722733508076774 0.0007097029534662625 0.0 0.015877030906266607 0.24561006345550096 0.7501406974068703 8.908105545090574e-07 -2.6663668669958344e-05 3.0712209665527365e-05 4.997469354094136e-05 1.0
0.03545176290082446 0.24479214393159213 0.7496698180223768 -0.000125380894286286 -0.0005445220933916379 -0.00013539275148750788 0.0005179789892593375 1.0 0.015945398873040795 0.2455979461733555 0.7501966927481365 5.920097471764983e-05 -1.8372323373704038e-05 5.747419615644745e-05 9.032622290659835e-05 1.0
0.035124658504354304 0.24429603339872463 0.7497210905400845 -0.00030771023518558714 -0.0004864031329756926 0.00017045756729105967 0.0005689633476994194 1.0 0.016052471044007165 0.2456475185705889 0.7502147252116781 0.00011188916746765475 4.023163519488089e-05 3.0539763151297595e-05 0.00011904158924511791 1.0
0.03482911648988807 0.24430677469138518 0.7495886208109831 -0.00036363823135435956 -9.050663227787986e-05 -1.683650239274481e-05 0.0003671521765687937 1.0 0.016013251820309788 0.2456801887605755 0.7501522576959939 -3.810035348349352e-06 4.6073395184434206e-05 -5.307581412932874e-05 8.059300593595265e-05 1.0
0.0347456430109903 0.24395548707795978 0.7492973527516015 -0.00012936003660119982 -0.00020816579227515104 -0.00024662895672012265 0.0004556515137425531 1.0 0.015780492545783342 0.2456405666271255 0.7500093941882753 -0.00022241115730029548 -2.247935271318101e-05 -0.0001502968106261562 0.00027205970188794854 1.0
0.034655306750700506 0.24366801976746436 0.7493315978444717 -3.1277521324744305e-05 -0.00025917404954411375 -0.0001284740735168254 0.00028469540422744195 1.0 0.015546846093832774 0.2455325781306872 0.7499699818216595 -0.0002848937290025173 -0.00010995045417836754 -7.992804800328536e-05 0.00026934022465433704 0.0
0.03444924618744867 0.2436105256044286 0.7494726240737988 -0.0001097584538752957 -0.00012195553695015443 2.2915231281259423e-05 0.00026983907287186747 1.0 0.015473632489585028 0.24531584782572202 0.750588932114671 -0.00012908153719652532 -0.00022568751139026588 0.0005308531977209911 0.0006502571132981758 0.0
0.033863179785385465 0.24412388738526253 0.7496777233772519 -0.000534578307567994 0.00043909304163823837 0.00029902019561919 0.000795323059010266 1.0 0.01658696619718023 0.2451186670544818 0.7527246028133684 0.0009772860296739323 -0.00023059213519958992 0.0020405202592107194 0.0024102292207836508 0.0
0.03315847038637674 0.2450950256943322 0.7498445076427208 -0.0007946208798571518 0.0009820155684042147 0.0002694633478905141 0.0012272346210490852 1.0 0.018410985679973766 0.2456248759213681 0.7562756738213545 0.001945992308756596 0.00040529164633090357 0.003661455650172198 0.004058343071003541 0.0
0.03311499406406389 0.2464745001002213 0.7519062456709082 -0.00023356065586926494 0.0014794536978414772 0.0017859749477160093 0.002470056299337801 1.0 0.018013064976932655 0.24649833654375097 0.7577715034677617 0.00018250755024036108 0.00094068469210248 0.002166505320689143 0.0017953011140311621 0.0
0.03501011095406627 0.2477083125917072 0.7558171146592616 0.0017113329913723495 0.0013804300786295566 0.003862017400314596 0.004513905958633527 1.0 0.01701321948204127 0.24681987600004016 0.7575811309446686 -0.0011656878884037565 0.0005524187186743082 -0.00014513184679762866 0.0009362966038451492 0.0
0.03523815255221448 0.253374017998958 0.7600536523817029 0.0008782140202194636 0.0049688244079778955 0.004651619812928683 0.007094268367163799 1.0 0.016163755033493953 0.24708224565873257 0.7575124295016809 -0.0013613056463152732 0.00024089039080505944 -0.0007779448016401445 0.0009658939975638131 0.0
0.045469244670672364 0.26279754311667375 0.7598723496454737 0.008861767689493413 0.009409870154336579 0.0007332294741207209 0.013868608838808442 1.0 0.015374132084340148 0.24712638187834066 0.7574251296576928 -0.0010239389564057184 -6.972679343587813e-05 -0.0005377437268688835 0.0008838831072336352 0.0
0.04939922104166455 0.265728013774588 0.760187488673455 0.005979875858334911 0.004849045363326003 -0.0005022173351784196 0.005139473533255807 1.0 0.015162486869119841 0.2470993930882133 0.7573944642043623 -0.00012994382541857744 -0.00016018141960278033 6.284143111764858e-05 0.00015998084964618923 0.0
0.051666054578982 0.26760194200227133 0.759493692686031 0.002561431021911492 0.0015724819200944235 -0.0013518641342777401 0.0025635550141833905 1.0 0.015095734735862088 0.24708715572657391 0.757406574376433 0.00033517931449154393 -3.976856982946457e-05 0.00044489276006877247 0.0 0.0
0.054024846997530206 0.2692315684332042 0.7581106776550727 0.0013070731426115794 0.00036631328146050817 -0.001587611785630644 0.00336785157497243 1.0 0.015070663172910365 0.24708389289104774 0.7574260162811732 0.00017332583393890925 9.051161801951515e-05 0.0002943878695613293 9.381659677842706e-05 0.0
0.05600283387509446 0.27026379135274947 0.7573049611156534 0.0011126055561032988 0.00023991499831513873 -0.0006197910321039909 0.0026964396150574816 1.0 0.015068224350153587 0.2470869617059826 0.757437682317693 -0.00015232036634791734 6.199134004279563e-05 -0.00011867060546223718 1.7789016122419198e-05 0.0
0.05761090186229976 0.2711154369781194 0.7571927487459296 0.0014350468588061227 0.0009566799468392317 0.0002717606426055944 0.0016334002380081953 1.0 0.015072403717861739 0.2470887697375374 0.7574382083783477 -9.056666410341911e-05 -8.152210248696585e-06 -0.00012202274615803993 0.0 0.0
0.058331779820927535 0.2714298703280589 0.7572498219853164 0.0012529777476199377 0.0012541894136879031 0.00031542276064640794 0.0005495551275634747 1.0 0.01507140186110571 0.24708285014932205 0.7574231118865858 -5.22768752075711e-05 -1.0920871837598952e-06 -1.5651527415591415e-05 8.871025760857345e-06 0.0
0.059448650502579324 0.27168856249950707 0.7570727851025945 0.0018043407801861095 0.0006182665915354267 -0.00019893938950002075 0.0013715811591756442 1.0 0.015060170165113958 0.24708411820197443 0.7573986735340192 -2.8283728478777233e-05 -1.7863116082534903e-05 -3.3119148659977793e-05 3.693691367014291e-05 0.0
0.0600758658929101 0.2717493736690455 0.7571347288963889 0.000242445131715582 -0.00035611893947611745 7.102933380868321e-05 0.0006473151912999939 0.0 0.015056178778833352 0.24708596024563753 0.757373214863309 2.646694182279266e-05 -4.728889923240462e-06 -2.4916346438473656e-05 2.4147859915107516e-05 0.0
0.06014605060228545 0.271705489798847 0.7571678936989461 7.743450024709194e-05 -6.532998713903657e-05 -0.00013725172403033373 4.0888320088628555e-05 0.0 0.015065811584806243 0.24708209144216978 0.7573425210243713 1.4654828205934754e-05 -1.6174186801919004e-06 -2.6560042842509888e-05 3.123455109030942e-05 0.0
0.060124465195063634 0.2716583276466828 0.7571880961249589 -2.2100694260606193e-05 -3.1475380155401725e-05 -8.606630421993428e-05 3.876259210756775e-05 0.0 0.015071292511048339 0.24707424374287446 0.7573266709771455 1.1460191719412226e-05 -6.635313087584285e-06 -1.578326445240947e-05 1.9120277418734963e-05 0.0
0.060450256375036086 0.27110744580183993 0.7574953233953772 0.00021763596612303518 -0.00047931444006614195 0.00030102360274067777 0.0007302207738022265 0.0 0.015071182969207807 0.24706641962102155 0.7573094306798669 4.67976228236082e-06 -8.572835434934941e-06 -1.3746931790794615e-05 1.867238097670642e-05 0.0
0.06120526456055547 0.27005504840047306 0.7579915434548684 0.0007236315557682192 -0.0010373916079319265 0.0005553948963115674 0.0014184581949558744 0.0 0.015060911625968783 0.2470664231919991 0.7572859534250044 -9.33608633909981e-06 -2.2990241351822996e-06 -2.0680469631446516e-05 2.5696726426421802e-05 0.0
0.062184096197884474 0.26898050216984914 0.758489019747184 0.0010784061790065263 -0.0012133071484883907 0.0005540409805854369 0.0015049550557371958 0.0 0.015053304529119044 0.24706593966066803 0.7572689238771824 -1.2258304281211496e-05 5.431432858911402e-07 -1.9433436045715996e-05 1.9090638136370404e-05 0.0
0.062472939515721276 0.2686760700307375 0.7586157983774258 0.0005620229177888336 -0.00046938582518500757 0.00018711387040548609 0.0004331484663476886 0.0 0.015050027664692472 0.2470646520499934 0.7572639998766679 -6.401767641943534e-06 1.0893304783350385e-06 -8.00383459116097e-06 5.570786620448716e-06 0.0
0.06276323761913556 0.26836627079855074 0.7587245187164771 0.00016741591510191262 -0.00016966326823417385 5.127796650208601e-05 0.0004126799023095524 0.0 0.015047334705201787 0.24706586690274485 0.7572572455362734 -5.80245879183641e-07 1.1460630867419598e-06 -5.244381087441845e-06 6.8165661044284716e-06 0.0
0.06291628552268513 0.26818752996601664 0.7587959178039766 -2.003065223302186e-05 -2.0670706810983525e-05 -1.59881828363223e-05 0.00029800757137235566 0.0 0.015051722140251722 0.24705474156068452 0.7572597652861338 6.4309056100067216e-06 -1.0201202700092975e-05 2.590047286953054e-06 1.3179890766187164e-05 0.0
0.06297083260542084 0.2681040058104022 0.7588288828483213 -2.0121254631620144e-05 -2.6644052661800577e-05 9.822386878680786e-06 0.00010873287215609832 0.0 0.015054064323741885 0.24705292390219005 0.7572595486566434 4.147953284971658e-06 -5.524546364224068e-06 2.3044062958853637e-06 3.1182174643109016e-06 0.0
0.06298739972972976 0.268058988334171 0.758858190702817 5.3977310593366444e-05 -0.00011965958624312116 7.183737995135938e-05 2.4073432527893606e-05 0.0 0.015056764370672916 0.24705192606364568 0.7572602261099948 2.2899392541276082e-06 -1.2533361502801388e-06 -4.3377361380475486e-07 1.996875971578181e-06 0.0
0.0629535093949429 0.26797808423710057 0.7589476175188162 4.661645866617484e-05 -0.000163601841779488 0.0001244411819918615 0.00012089904702333894 0.0 0.015056446402427112 0.24705602774771634 0.7572639528985323 -1.2806430991337616e-06 5.028672564204151e-06 1.650087911230595e-06 5.8562985513063605e-06 0.0
0.06288141929844067 0.26790807429485025 0.7590533959048904 -4.328662229720879e-05 -9.272942065579443e-05 0.00012039216767352966 0.00017067740111999783 0.0 0.015055557343704975 0.2470585667634024 0.7572607163045916 -1.743824252474061e-06 4.448535474451298e-06 -2.055364748761217e-06 4.7551037996059965e-06 0.0
0.06274055872333131 0.2678877105449563 0.7590772063430755 -0.00017002333580208638 3.7425336306140273e-06 2.5859661403009656e-05 0.00013071660464028783 0.0 0.015055092983468826 0.24705925465562825 0.7572601380642975 -1.1284591492381783e-06 1.5403591432327964e-06 -1.2891747447924588e-06 6.329156815392025e-07 0.0
0.06266553802112292 0.26789408200031084 0.759076906398378 -8.479021079046484e-05 -2.9280858631681073e-06 -3.573204888816377e-06 7.60349874539019e-05 0.0 0.01505475476805847 0.2470596514461362 0.7572594502705877 -2.420527981601924e-07 -6.323248239366286e-07 -1.1960330198805006e-06 5.914524793544446e-07 0.0
0.06256417850653978 0.267894263626062 0.7590642276910968 -9.732979710800103e-05 1.8922195346672858e-05 -3.165677517462917e-05 0.00010221867110677898 0.0 0.01505458152752789 0.2470592357285679 0.7572602511476546 6.358719951166564e-07 -2.0710400212424064e-06 1.2219816522500859e-06 1.3142564436352424e-06 0.0
0.0623686683520978 0.2678613909165068 0.7590331872577016 -0.0001764613336377483 -1.7217479292073974e-05 -4.274931219930423e-05 0.00020390232732311707 0.0 0.015055209167129133 0.24705851794530378 0.7572616241200039 7.310576911433328e-07 -4.969462641484285e-07 1.6426198569657662e-06 1.6366860880687861e-06 0.0
0.06217864217244788 0.2678439186869525 0.7590184821370011 -0.0001997597194539452 -2.749319033821725e-05 -1.6012954886868847e-05 0.0001930504636328849 0.0 0.015057321985608042 0.2470628689534987 0.7572639709067269 2.1051427545803995e-06 3.8098086651720615e-06 2.8942057759049247e-06 5.224621106576438e-06 0.0
0.062046480516598 0.2678314283661013 0.7590213030375987 -0.00015389662923389355 -2.4614816857726288e-05 1.415600669439322e-05 0.00012815216422925585 0.0 0.01506064593101917 0.24706476524409873 0.7572650074168663 3.2020735247709947e-06 3.494711728302877e-06 1.483095427219115e-06 4.088328706792602e-06 0.0
0.06187088303914821 0.26770771396110815 0.7589206425576629 -0.0001662047993188084 -0.00010701345377678477 -7.626695846523587e-05 0.0002336245146540204 0.0 0.015064145117738154 0.24706653587326652 0.7572663265108306 3.7545618311311285e-06 2.0642013308877338e-06 5.672923432917274e-07 4.026461022548067e-06 0.0
0.06178428574753956 0.2676244912386343 0.7588307703432365 -9.288575596847584e-05 -9.726567402321212e-05 -0.00010666477647771904 0.0001600962603791212 0.0 0.015062768856718256 0.24707065047672533 0.7572692357652969 -5.742689056282366e-07 3.4411983091196263e-06 2.5672518595319887e-06 5.2177051739115464e-06 0.0
0.061705008114545906 0.2675344779028715 0.758777728650297 -6.000980036486925e-05 -9.325087014963497e-05 -7.066315098906356e-05 0.00012565614661918102 0.0 0.015059414752767694 0.24707459035407042 0.7572677089805032 -3.943195504152077e-06 3.835111008339179e-06 -8.03662864653009e-07 5.531014799557535e-06 0.0
0.06164148198779921 0.267448425399979 0.7587370159242726 -6.060088604818127e-05 -8.46215536627232e-05 -3.970828832535361e-05 0.00011208121153944988 0.0 0.01505006994315275 0.24708718288015488 0.7572723088423385 -9.609840956932818e-06 1.133628656863872e-05 3.4289636900750267e-06 1.6196664197516752e-05 0.0
0.06158110092260704 0.2673550834713732 0.7586834556209836 -6.573531412682781e-05 -8.540844363095758e-05 -3.918486173359915e-05 0.00012712962060546504 0.0 0.015036259947690854 0.24710846395668215 0.7572689736030128 -1.4349871469244678e-05 2.141684241314452e-05 -1.7603697765045042e-06 2.5759188669935417e-05 0.0
0.06150660793918406 0.26722735397013825 0.7586056933335831 -7.44822782357903e-05 -0.00011594852025341031 -6.525755506093244e-05 0.0001677824759825599 0.0 0.015021008365588603 0.2471291681330655 0.7572603188386674 -1.5885237392899874e-05 2.3244777748669886e-05 -8.370178771403906e-06 2.71686563964137e-05 0.0
0.06146969739973262 0.2671640870507173 0.7585718160783473 -4.8065806563398286e-05 -7.971729769137744e-05 -4.7107504815422335e-05 7.900183775957776e-05 0.0 0.0150019872284252 0.247149562498977 0.7572524674370059 -1.852627260813713e-05 2.104025232135292e-05 -9.51587896322297e-06 2.8598152588033574e-05 0.0
0.06143917762495809 0.26711885608290853 0.7585684652090665 -3.388695588001499e-05 -5.0849859692309285e-05 -1.629022369761113e-05 5.265889534944451e-05 0.0 0.014987679340030051 0.24716297283822236 0.7572479027282961 -1.4896163335014489e-05 1.3480958609458436e-05 -5.710450770743404e-06 2.0357329312236624e-05 0.0
0.06141466417737298 0.2670862593418135 0.7585775301841989 -1.540249824629337e-05 -2.0784974864142424e-05 1.7383387231263337e-05 4.299807012966481e-05 0.0 0.014966396671896696 0.24718627532613613 0.7572478881010914 -1.9460946206919596e-05 1.9469433097259885e-05 2.2573810867922288e-07 3.1411720294123705e-05 0.0
0.06138740671844022 0.2670549448793535 0.7586009851547861 -2.388996671269148e-05 -2.4254295271758882e-05 3.272375091805825e-05 5.032318194580281e-05 0.0 0.014943800993553498 0.24721109167533933 0.7572448487111645 -2.2367385723425583e-05 2.431743121418142e-05 -7.403914544218392e-07 3.4192462266703656e-05 0.0
0.061328133824611816 0.26702200718627206 0.7586368641706114 -5.5457170530903845e-05 -3.3375793856215625e-05 3.687413046347005e-05 7.542205954119038e-05 0.0 0.01492406201657173 0.24722987020368234 0.7572372398272819 -2.1078803217590703e-05 2.1650141680283487e-05 -5.915002024900425e-06 2.8104018803287107e-05 0.0
0.061274000363751344 0.26701038175334 0.7586553193466496 -6.335293373911321e-05 -2.2381339349924613e-05 1.6991706502818617e-05 5.718678710387424e-05 0.0 0.014903427467976372 0.24725203306275656 0.7572397469923209 -2.0650025954147015e-05 2.229717726289652e-05 -8.153747264117252e-07 2.9834409606141644e-05 0.0
0.06122683597000404 0.26701202680544006 0.7586686234814156 -5.380823006210219e-05 -3.285262152142774e-06 7.016158699218807e-06 4.914598690572135e-05 0.0 0.014877000498142466 0.2472822258729096 0.7572392790703394 -2.5246479547089513e-05 2.8501960418242775e-05 -2.672051351394346e-07 4.040023469157896e-05 0.0
0.06120945373759877 0.26701098462129375 0.7586693946977211 -1.7689147789524243e-05 6.908409718714436e-06 6.08777557589555e-08 1.7598169889019942e-05 0.0 0.014864020420940214 0.24729668583017295 0.7572337037186528 -1.537004970942186e-05 1.72423056277522e-05 -4.162681369037549e-06 2.1073052727142466e-05 0.0
0.06118358115461189 0.2670114373668759 0.7586675590652231 -1.6064421229029055e-05 2.6485183011933585e-06 -4.268309057901491e-06 2.614765831719086e-05 0.0 0.014840624751992578 0.24732186056236838 0.757230880575882 -2.0459911097457585e-05 2.2225519309034927e-05 -3.418404444405284e-06 3.297304831465467e-05 0.0
0.06114838250476141 0.26702405959938963 0.7586577171533837 -2.8574828809316193e-05 9.87743864313241e-06 -9.41043636077453e-06 3.9521293187366905e-05 0.0 0.01482250909844029 0.24734208166068045 0.7572153979128073 -1.936349601772773e-05 2.1455200123079346e-05 -1.4074265183950827e-05 3.227253645244813e-05 0.0
0.061129905425050805 0.26702632986142666 0.7586626688008612 -2.4161122844902664e-05 2.5994947126977753e-06 4.355687130231052e-06 1.9013490467943646e-05 0.0 0.014802455442349184 0.24736768976563486 0.757216892118864 -1.980911757623076e-05 2.4574919554628564e-05 -3.1800913909379807e-06 3.2617353025886596e-05 0.0
0.06111761835156383 0.2670188322117899 0.7586741399639795 -1.7584845616972623e-05 -7.397317249206022e-06 1.4332870728554364e-05 1.7060246544736838e-05 0.0 0.014784563277854771 0.2473866684755789 0.7572097548040376 -1.831671494438618e-05 2.0316720611554775e-05 -4.740917245826171e-06 2.661234285861377e-05 0.0
0.06108606640411369 0.26700830880613263 0.758680642288736 -2.7568029964160714e-05 -1.1250352426882093e-05 1.0116483705787056e-05 3.412865991922091e-05 0.0 0.014760927306601486 0.24741202854237196 0.7572056998975397 -2.3033346420163396e-05 2.478750739239185e-05 -2.6941808697188992e-06 3.460510277259313e-05 0.0
0.06105356448449169 0.2670243055000337 0.7586748234190169 -3.252999522743329e-05 1.0357744035823325e-05 -3.261688343901011e-06 3.839468981649256e-05 0.0 0.014737755979613165 0.24743674197759782 0.7572042953611053 -2.3865812537053756e-05 2.510668107136995e-05 -1.6477898872416885e-06 3.486774447744433e-05 0.0
0.06105014060308369 0.26702548631697404 0.7586727670217032 -8.486150927904797e-06 6.2892145915879586e-06 -6.409998292279443e-06 3.3670534352318965e-06 0.0 0.01471798048350954 0.2474594688788547 0.7572033731569159 -2.0134047308923107e-05 2.2429828689425483e-05 -1.0234054712441999e-06 2.9530658589927633e-05 0.0
0.061051121149054394 0.26702292821338874 0.7586735248019021 1.7655996187107942e-06 9.018738402704535e-07 -2.642599014334703e-06 1.119723660819559e-06 0.0 0.014702111573876452 0.24747663886523588 0.7572044976846029 -1.6694923836685045e-05 1.8517100599443078e-05 7.883629839438675e-07 2.333671095183552e-05 0.0
