0.0634434716926851 0.2792605218232685 0.7637590307852937 0.0 0.0 0.0 0.0 0.0 -0.017260522796854253 0.27947772936915927 0.7638547129514696 0.0 0.0 0.0 0.0 0.0
0.06343981201979426 0.27926001863252126 0.7637612950193757 -3.6596728908433462e-06 -5.031907472363706e-07 2.2642340820056006e-06 4.33280077711793e-06 0.0 -0.017261949857603178 0.2794794365757711 0.7638522688478383 -1.4270607489250131e-06 1.7072066118561935e-06 -2.4441036312605746e-06 5.097818332191841e-06 0.0
0.06342020889088033 0.2792594652627466 0.7637621144889842 -1.9603128913928125e-05 -5.533697746695765e-07 8.194696085039865e-07 1.9628051654783887e-05 0.0 -0.017269480151429963 0.2794833720609918 0.7638446146962193 -7.530293826784468e-06 3.935485220651902e-06 -7.654151618963212e-06 1.7446692925962088e-05 0.0
0.0634122398018521 0.27925733947850856 0.7637655114562952 -7.969089028239673e-06 -2.1257842380273395e-06 3.3969673109979226e-06 8.919906136201428e-06 0.0 -0.017267530121494776 0.2794862023667483 0.7638348745318606 1.9500299351868366e-06 2.830305756540419e-06 -9.740164358729153e-06 6.0545127351659096e-06 0.0
0.06338911047110653 0.2792417249576965 0.763728285678086 -2.178314422338362e-05 -1.549425167607128e-05 -3.64407244073335e-05 4.6524593111687026e-05 0.0 -0.017252562550344217 0.27948414127432936 0.7638459645154145 1.542908641563277e-05 -2.1096891251213795e-06 1.0891381471065974e-05 1.641999583636806e-05 0.0
0.0633847680540895 0.27923051861368714 0.7637188752788079 -5.986891510746481e-06 -1.1780734325964506e-05 -1.1679840322048075e-05 1.526415232432421e-05 0.0 -0.01725148696891306 0.27947447045605106 0.7638593217405708 1.3384444168956924e-06 -9.692541873524663e-06 1.4232527904377227e-05 1.7312970058981343e-05 0.0
0.06336567429047343 0.2792218527530747 0.7637173806071519 -1.6410577584405234e-05 -8.55295782197819e-06 2.7657763619270127e-07 2.0245156231549745e-05 0.0 -0.017252923410261262 0.2794715256777691 0.7638620369936886 -3.0553691022874304e-06 -4.393462878676597e-06 4.521972140934754e-06 6.305729143148489e-06 0.0
0.06334810424313035 0.27921776254288627 0.7637150835553923 -1.92180291228734e-05 -2.9736786858325047e-06 2.0749689442555452e-06 1.903952659606615e-05 0.0 -0.017247556373176345 0.27946875684263234 0.7638601030365021 2.5793638410765403e-06 -1.6537457234640888e-06 -4.451421517720559e-06 4.982902567059313e-06 0.0
0.06331383588842258 0.27922245615331476 0.7637201105826732 -3.325670082887028e-05 5.7405762991473925e-06 8.470663006707892e-06 3.537883871801911e-05 0.0 -0.017240195676692764 0.279469219197101 0.7638613562483714 5.651870384281454e-06 1.4889241246466187e-06 -2.9690999437520263e-06 7.974359036738418e-06 0.0
0.06327678105835265 0.27922176205421034 0.7637179209111264 -4.0411995048802344e-05 2.70242035415927e-06 8.054575360388105e-07 3.7625222802116024e-05 0.0 -0.017233498414085544 0.27946928227690937 0.7638632989220038 7.449869963554305e-06 1.9029895407117419e-06 -7.1473495712589e-07 7.202199206854509e-06 0.0
0.06326127572761019 0.27922001619910125 0.7637183283478126 -2.0361946068517127e-05 -1.9009420632149326e-06 -2.7483115956831416e-06 1.4384138125051381e-05 0.0 -0.01723288865087015 0.27946920033105066 0.7638634775299749 3.648567938703159e-06 3.2535822264487303e-07 1.3153327129575775e-06 1.3336146306567802e-07 0.0
0.06324036470566517 0.27921856327984035 0.763717000208036 -1.7496122649467422e-05 -3.941330751247904e-06 -5.390134982981657e-06 2.0896032784037384e-05 0.0 -0.0172305160104533 0.2794667177362607 0.7638665808850145 1.8526929271631279e-06 -3.10845822297321e-06 5.363906532650877e-06 4.426337303735913e-06 0.0
0.06322291921098064 0.2792298852718425 0.7637247707109929 -1.3231070482803102e-05 8.500909042452309e-06 7.847097547879531e-06 2.3018227969467307e-05 0.0 -0.017229684639169466 0.27946888579130197 0.7638645411146536 -1.1958821481033811e-06 2.3758224887932697e-07 -7.119677232494623e-07 3.7209167821625942e-06 0.0
0.06320011677626403 0.27923413661195456 0.7637296921358402 -2.1497120072768396e-05 6.917964838532501e-06 6.958669552285297e-06 2.4130807041070597e-05 0.0 -0.017241813972254143 0.27947892663208634 0.7638686435212866 -1.0668050739979994e-05 9.51055202055477e-06 1.8030981477801011e-06 1.5920833011126915e-05 0.0
0.06319416179572819 0.2792369601567047 0.7637291277076165 -1.0104254134485713e-05 4.394250466804005e-06 1.200563067692103e-06 5.871228876894883e-06 0.0 -0.017245351153177338 0.27947729827040446 0.7638711325783256 -5.697242862278084e-06 1.7281509268338348e-06 2.6991546281306757e-06 4.998764994807938e-06 0.0
0.06319140421322961 0.27923893192850535 0.7637279902048447 -4.096758697477445e-06 1.7777485562615482e-06 -1.6651428773774173e-06 2.9831797383927773e-06 0.0 -0.017248072931493927 0.27947701684602844 0.7638725317727236 -2.652215783998341e-06 -7.038875538937671e-07 2.1825468782882765e-06 2.3785393209446574e-06 0.0
0.06319131502356873 0.27923529694767846 0.7637309525171214 1.7894181328480946e-06 -4.693937024637438e-06 4.306730073476024e-07 5.625809738133486e-06 0.0 -0.017251153577465095 0.2794774887024655 0.7638734894210454 -1.8786803223223281e-06 -1.0899530957528208e-06 9.386490889927118e-07 3.5381735181134246e-06 0.0
0.06319199237481073 0.2792353745214936 0.7637299624432883 3.084114928603187e-06 -1.939447795007231e-06 -2.8781954912449446e-07 1.3450693171057407e-06 0.0 -0.017245817122252816 0.2794733775287541 0.76387368504737 5.064370930626733e-06 -4.317778254584823e-06 -1.3625609801614515e-07 7.0606024318013845e-06 0.0
0.06318717945454115 0.2792290824575392 0.7637301539482663 -5.0664950691906564e-06 -4.881646508210402e-06 5.055350218272646e-07 7.37736014235198e-06 0.0 -0.017241067937625643 0.2794756837711144 0.7638730161861051 6.516388387893068e-06 9.703401464959242e-07 -8.608524399955319e-07 5.372343708489295e-06 0.0
0.06318177580873272 0.2792278667036208 0.7637329118043942 -7.526708352781959e-06 -1.2024354137245932e-06 3.3058811759324367e-06 6.262059370609478e-06 0.0 -0.01723823374180441 0.2794814884104298 0.7638778303802038 3.2089139709042542e-06 6.849609571641219e-06 3.6442445028485386e-06 7.444883774310592e-06 0.0
0.06317467071377082 0.27923160206697795 0.7637312114964804 -8.695713949917632e-06 3.082605859523531e-06 -1.0303705378709232e-06 8.33360867287492e-06 0.0 -0.017232750002592914 0.27948081616151327 0.7638906975860912 3.722359463240589e-06 1.9998695185727534e-06 1.2988802109370978e-05 1.436586122457799e-05 0.0
0.06317215679223492 0.27923327538465037 0.7637301185758033 -2.628719970400829e-06 3.360236754856977e-06 -1.893690995209139e-06 3.171558615353912e-06 0.0 -0.01723249790810407 0.2794747986777834 0.7639039850170991 1.0012089198891784e-06 -6.244008931379587e-06 1.5037776521654505e-05 1.4744795442176194e-05 0.0
0.06317119340104135 0.2792330414733233 0.7637304579608114 -1.1108228214439496e-07 5.8229133798892e-07 -1.4769476942802974e-07 9.437082863395337e-07 0.0 -0.017223395547732542 0.2794588586117581 0.763920827567762 6.781612722277568e-06 -1.6156974985031016e-05 1.7450618459387195e-05 2.46074634898153e-05 0.0
0.06316473056456963 0.27922960712068484 0.7637280008989343 -4.1756150352225925e-06 -3.817781419087843e-06 -1.796345668737226e-06 7.818254961579286e-06 0.0 -0.017204014779231877 0.27943985074440286 0.7639505396884531 1.866175265856165e-05 -2.142701960452205e-05 2.8002469031632337e-05 4.0331502335895513e-05 0.0
0.06314799520426281 0.27922589576410617 0.7637239811999511 -1.5554399761688183e-05 -4.940691899176961e-06 -4.139978116944409e-06 1.772170225866111e-05 0.0 -0.017180703629029376 0.27941589881155166 0.7639991588122946 2.581591331547852e-05 -2.5007442900107207e-05 4.6920569310117235e-05 5.922343112597864e-05 0.0
0.06312560144530434 0.27922834652832956 0.7637228847328964 -2.4357797235251645e-05 3.879514873474938e-07 -1.6621017752587454e-06 2.2639535293245274e-05 0.0 -0.017127227326122617 0.2793400156557853 0.7640893686933131 5.122475856552086e-05 -6.81172041414641e-05 8.767522125379944e-05 0.0001288161779788179 0.0
0.06310873916893589 0.279232854687324 0.7637245052050985 -2.0272757044591496e-05 5.724811946828837e-06 1.5012988477913118e-06 1.7209022496153263e-05 0.0 -0.01702670801521597 0.27918572450369117 0.7641785779573653 9.811782152090101e-05 -0.00014944547469290998 9.746899686621425e-05 0.00020560860395496357 0.0
0.06308844144229585 0.27923060508722475 0.7637249274054131 -1.9523229739385647e-05 5.791524577349774e-07 1.1328515715031985e-06 2.0224473803469787e-05 0.0 -0.01685435139821455 0.2788480367821479 0.7642868812352942 0.00017100795075364846 -0.0003283585718610717 0.00010957492342962024 0.00039311043678051796 0.0
0.06306384346240405 0.2792229106205728 0.763717233028503 -2.2062419907335685e-05 -7.441151923161722e-06 -5.9619455292961625e-06 2.732932137154734e-05 0.0 -0.016511077083775957 0.278130372134632 0.7642398637551785 0.0003332141096889469 -0.0006989187709964201 -2.5369028591630752e-05 0.0007966301205044272 0.0
0.06299157224109958 0.27920854510639714 0.7637048310548555 -6.494063654640193e-05 -1.5648774670325504e-05 -1.3023466134269537e-05 7.450996293875659e-05 0.0 -0.0156459450134925 0.2760590393465191 0.7635431561743486 0.0008216340955241075 -0.0019513690962713512 -0.0006298607587237497 0.002343975987198348 0.0
0.06287574046533728 0.27916740128566403 0.7636616751742907 -0.00011720815965064438 -3.9931078284197587e-05 -4.115107870556636e-05 0.00013085865088824776 0.0 -0.014882472943086832 0.27310859859426 0.7618914097198007 0.0008660317267514073 -0.003051926036628886 -0.0016303636015108315 0.0034944477169408404 0.0
0.06274475002189751 0.2790099030040291 0.7634986971590114 -0.00014164517950983918 -0.00014529408243232528 -0.0001512312038619776 0.00026082311271841 0.0 -0.014942568647049964 0.2687350434552734 0.7582649156464376 9.441365568706858e-05 -0.0044367305320632865 -0.003561771256035105 0.005649592340292475 0.0
0.0627376897276357 0.27890887062572667 0.763330679426421 -3.176220366495835e-05 -0.000127193223719702 -0.00018695128208947047 0.0001991617458296952 0.0 -0.016743051803426272 0.2654008085496685 0.75314853959878 -0.001703565242000237 -0.003740680656681297 -0.005285370076881735 0.006390855180504213 0.0
0.06273828377859988 0.2788007544657514 0.7632458734148365 2.035035928316755e-05 -0.00011191772756685447 -0.0001104398635104115 0.00013226439917385217 0.0 -0.01858559420145398 0.26473210036633116 0.7507585901130543 -0.002242915363408759 -0.0009172629034469894 -0.0031526392992283583 0.0031002223049849884 0.0
0.06273359909453809 0.27870200697740666 0.76312721657512 2.0260580360911922e-05 -9.161171831071369e-05 -9.94923822710643e-05 0.00015444612531441472 0.0 -0.019566691218731138 0.26444652507024297 0.749777892718483 -0.0013546682344596195 0.0003570160410163991 -0.0008262186215973417 0.0013118009475344026 1.0
0.06274656682766704 0.27863354150335595 0.763053250271032 1.6168344033452664e-05 -5.958709312722523e-05 -6.18245112569176e-05 0.00010783931594245074 0.0 -0.019487375477951114 0.26426286737544374 0.7495752304516708 0.00013700626514692678 0.00037530357274931565 0.0004790011620556384 0.00036422470299618515 1.0
0.06275043825133012 0.27859780839053716 0.7630099908594906 -5.804920943530963e-06 -2.9700817925345343e-05 -3.4056194737848135e-05 5.397670499708294e-05 0.0 -0.019009436619365532 0.26429526329255354 0.7495445873542927 0.0009469556349932361 1.0752168204646712e-05 0.0005045500644108816 0.0005542679690295309 1.0
0.06274871988561158 0.27857675857209574 0.7629886360238034 -1.496369842614717e-05 -2.0034279779249307e-05 -2.2763768876337776e-05 2.5848505320576033e-05 0.0 -0.019119708134012228 0.2643522500178873 0.749590332927787 0.00032098697013130503 -0.00028817260290944693 -6.41783330346737e-06 8.706303553269014e-05 1.0
0.06273574223483713 0.2785318039466986 0.7629475928289049 -1.5818096116574108e-05 -4.4535326264009204e-05 -4.4348037929615594e-05 6.522035423061652e-05 0.0 -0.01940187028468684 0.2647527013380699 0.7496300625064491 -0.00040785973781858964 -6.726933312010876e-06 -0.00042831652115719225 0.0004155983617796905 1.0
0.06273418846017506 0.2784917676893748 0.7629065278468438 2.1214963541044265e-06 -4.187298445712694e-05 -4.3373307395313095e-05 5.9494159059006306e-05 0.0 -0.019764097302211424 0.26531883173498455 0.7496252060793204 -0.0007438579409769803 0.0005967197652670094 -0.0003218719942835466 0.0007219360467702433 1.0
0.06274200158929927 0.2784796092868661 0.7628841296077112 6.555961184595348e-06 -2.4626837063497676e-05 -2.8056256407429242e-05 2.3794679535990354e-05 0.0 -0.020031903732272777 0.2657548582981296 0.7495980540022481 -0.00045763134872595134 0.0006751816049132419 6.114073351136309e-05 0.0005191997678803033 1.0
0.06274656693504571 0.2784675291970877 0.7628725511512798 8.517501917148617e-06 -1.1506637326825153e-05 -1.809919937006015e-05 1.63943055734595e-05 0.0 -0.020387096949006814 0.266399449523456 0.7498110144181703 -0.00027175367085788206 0.0006209649910408439 0.0002396504449822187 0.0007546720639162526 1.0
0.06274688475221199 0.2784602755016373 0.7628668587711107 4.466344216862462e-06 -1.8971654762042441e-06 -8.375681200053912e-08 1.107438117133131e-05 0.0 -0.020667227688041273 0.2670139571962186 0.7501922372538836 -0.00015160616711240615 0.000604050096708623 0.000435558450521803 0.0007795644154487407 1.0
0.06273758462438865 0.27845306558175015 0.7628588566156927 -9.536019411101107e-06 -2.631964335079674e-06 -1.7898897320396098e-06 1.4978483861486703e-05 0.0 -0.020606122621224944 0.2672271610085434 0.7505926657786213 6.990409398383284e-05 0.0002597225162371228 0.00046660334966129883 0.00047140727169716934 1.0
0.06271439184397774 0.27844989274508686 0.762854810649834 -2.5274706636098938e-05 -4.854328720992292e-06 -4.165913372610291e-06 2.2564610760856023e-05 0.0 -0.020587488130305847 0.26731823314078895 0.7509924333970027 4.083505268425027e-05 4.2982038510925605e-05 0.0004345146180316444 0.00038525836931563485 1.0
0.06267470897967806 0.2784468554211375 0.76285944680287 -4.194914972230119e-05 -6.761669714748117e-06 -3.846123343647711e-07 3.9993651358741515e-05 0.0 -0.02063153706252606 0.2673538775531936 0.7513810244243794 -1.1813217683461904e-05 -6.952316252770686e-06 0.0003726295153350383 0.00040399059321915795 1.0
0.06265341548975885 0.27845392846618167 0.7628503156460742 -2.6515370830306484e-05 5.772089174933142e-06 -7.185759895335099e-06 2.489173098535926e-05 0.0 -0.020668673747349237 0.2673907039429232 0.7515023082350202 -5.762094919621342e-05 1.0820444912043603e-05 0.00011737186395693815 0.0001462656274848522 1.0
0.06263839284632046 0.2784586344967747 0.7628506744330636 -1.3352100449099974e-05 8.014562539984844e-06 -9.922778107805379e-07 1.4724779731291412e-05 0.0 -0.020772769050999396 0.2675672062137282 0.7517054703438502 -0.00013153330974686038 0.00017810982563175673 0.0001313832065780025 0.0002659192168334414 1.0
0.0626172485605977 0.27846188563202023 0.7628464271889899 -1.5212207354998278e-05 3.933446620994707e-06 -3.366732924791209e-06 2.2141003225689044e-05 0.0 -0.020793168529897623 0.2678425770159276 0.7521809232688164 -7.496384551772988e-05 0.00034392072821880324 0.00042971716875476584 0.0005581060038715791 1.0
0.0625722596472455 0.27845646464503915 0.7628335923033484 -3.916364238435513e-05 -4.725788756986218e-06 -1.183095225278279e-05 4.780792013866365e-05 0.0 -0.019655307403003704 0.2674976741763524 0.7537954974971236 0.0009892063508220791 -0.00020820733867578584 0.0015146962634907176 0.002004257386505619 1.0
0.0625177718190198 0.2784459068763621 0.7628253439638985 -5.797092178893937e-05 -1.2203193942163287e-05 -1.04106515636173e-05 5.6384990075848984e-05 0.0 -0.018517759599377598 0.2666421982980505 0.7546592040528406 0.001341158376377578 -0.0008812149664461189 0.001190664035069167 0.0016983395100646365 1.0
0.06242840934140007 0.27844062370930656 0.7628225616392034 -9.172182832923734e-05 -8.226510027190063e-06 -3.366736374468353e-06 8.808612278594463e-05 0.0 -0.01631240763782196 0.26467893786596286 0.7557494326967975 0.0021977892268836307 -0.001974871919529928 0.001107010558117539 0.0030766561235298084 1.0
0.062264560058952284 0.2784442669011859 0.7628021884397127 -0.0001607642279202668 2.759044661691562e-06 -1.6247725393670026e-05 0.00016547895912224293 0.0 -0.01210162605833834 0.2606751402711609 0.7574269171514885 0.0040721265554241335 -0.003959397753066204 0.0015051699583755382 0.006075311404064634 1.0
0.06217751246057628 0.27838805546156226 0.7627700146406869 -0.00010870803710246038 -4.418606749070363e-05 -3.219995797038747e-05 0.00011108892146054783 0.0 -0.008459377903221564 0.25676542389307844 0.7585023025946306 0.004023933700197504 -0.004299785347818642 0.0011229965005179192 0.0055410410253461 1.0
0.062100538184322276 0.27834446044273886 0.7627387538234548 -7.303018676373528e-05 -5.1658781404543615e-05 -3.410965703218614e-05 8.969025785182117e-05 0.0 -0.004747472155036729 0.2517467716204459 0.75922657465345 0.0037538910963847145 -0.004984184834593687 0.0007277048420726881 0.0061529061452539335 1.0
0.06192983305772343 0.27828294606532983 0.7626559162621822 -0.0001428744818165896 -6.447909651175313e-05 -7.799795174871983e-05 0.00019921255306923322 0.0 -0.0019494905882892432 0.24760133485970526 0.7591888157467827 0.002765334459739313 -0.004253957704128596 2.7833424889761073e-06 0.005027615167367477 1.0
0.061863643264634005 0.2781804805579342 0.7625796045918679 -8.465168297860946e-05 -9.953151618028208e-05 -8.396881582195428e-05 0.00015102029292793506 0.0 -0.000806074749449157 0.24680450403906706 0.7579278629428884 0.0010591118625622442 -0.0010337918684638976 -0.0012241483984629371 0.001947150510438199 1.0
0.06183081877267075 0.2781026841053209 0.7624754667313617 -3.465400124291715e-05 -8.503476079686238e-05 -0.00010259067580743477 0.00012806189479382988 0.0 0.0009463892503331691 0.2470168155615366 0.7573871649666287 0.0011801433150954808 0.000801028222442064 -0.0009619268724509889 0.0017534449368011634 1.0
0.061773530896707306 0.2779858472381063 0.7623682792246896 -4.605277700174683e-05 -0.00010821405145426845 -0.00010834628836006019 0.00016617641049826939 0.0 0.0018310581354275205 0.2466477198255552 0.7566602075321986 0.0009935587749246655 0.00029626490128871165 -0.0006502889131741602 0.0012809067743901343 1.0
0.06166409783732199 0.27785313464333333 0.762207293382774 -9.991147108678037e-05 -0.00013128038646083372 -0.00015370093584516522 0.00024108409160411874 0.0 0.0023219335791458836 0.24617679535797926 0.7563731546833233 0.0007219612472549718 -0.0005402249642475758 -0.00013949779681031015 0.0007697500905067549 1.0
0.061593828888987893 0.27774001463496606 0.76210567353497 -8.179836866466545e-05 -0.00012187562265903282 -0.00011474061412481855 0.0001690036670286562 0.0 0.003035351565456985 0.24606054644916223 0.7562144773026861 0.0007136682132671468 -0.0006172270484404684 4.249267971779104e-06 0.0006383376968165082 1.0
0.06157154107097767 0.27766304467154734 0.7620159371499132 -4.073086929710521e-05 -7.868249038108844e-05 -8.702077166411937e-05 0.00011302642897981249 0.0 0.003648660994999044 0.2459186401343873 0.7561303488182332 0.0007204082126749216 -0.0005838536339237447 5.397939152807689e-06 0.0006605746135856976 1.0
0.06154772484230605 0.2775259656803427 0.7619078648226109 -2.056012396100111e-05 -0.00012063862844292401 -9.750886238099808e-05 0.00017801310145887844 0.0 0.005075593088395471 0.24527432196095886 0.7550613755007561 0.0013003067647493873 -0.0005448741741953733 -0.0009936699170586647 0.0019271921403799623 1.0
0.0615126775765779 0.277437757589105 0.7618023137805714 -1.3841917509396345e-05 -9.738991077719417e-05 -0.00010114963166136291 0.00014801808219425052 0.0 0.005088375065358948 0.24506984369967466 0.7541357202441605 0.00030723455263091974 -5.214685234123653e-05 -0.0011929796203849652 0.0009632292258392574 1.0
0.06147910709422585 0.27736390415374684 0.7617424955300975 -3.1766444683104684e-05 -7.445756513346839e-05 -7.059436168773752e-05 9.71635275600034e-05 0.0 0.00515742499356307 0.24443540727016028 0.7539067730006236 2.713083072084302e-05 -0.0005180928634828159 -0.0004254328451459759 0.0006215859199378932 1.0
0.06144337065999751 0.27728360656365436 0.7616668587395217 -4.570794764348931e-05 -7.910018310906282e-05 -7.277638889046282e-05 0.00011195767998698969 0.0 0.005614307522700846 0.24363162029898977 0.7539635885450229 0.00017007056220090348 -0.000857318418433907 9.623988591183502e-05 0.0009320257940785971 1.0
0.06134188177291276 0.27719693988501537 0.7615563980594832 -0.00010062345736486662 -8.407967752639525e-05 -0.00010604667635663705 0.00017760731877561645 0.0 0.006005345958218968 0.24383716812475514 0.7533828201668066 0.00036705828948419635 2.397261306367191e-05 -0.0002531828209775881 0.0007839811326185255 1.0
0.06119322458403762 0.2770585131050916 0.7614407237833686 -0.00014810331878366398 -0.00013074712808753777 -0.00011626373247577908 0.00023531802691903125 0.0 0.006802492371007154 0.24423586455686672 0.752398091781423 0.0008487556617464964 0.0005246149574068808 -0.0008983017291237064 0.001303693890654504 1.0
0.060957702523238566 0.27684355277592887 0.761221793110704 -0.0002335836047016337 -0.0002148135761464931 -0.00021264838960290746 0.0003826481255173855 0.0 0.006986665031897645 0.2438382860028837 0.7518758477728226 0.0004284511660461055 -0.00013295408752721523 -0.0007832013419927592 0.0006680192743787904 1.0
0.06062163643991582 0.27665038197843456 0.7610345261439195 -0.0003397810008395088 -0.0002188119384326599 -0.0002110199539672007 0.00043365680032514815 0.0 0.007839231587391185 0.2438834373119932 0.7512400485865022 0.0007520287016559161 -9.213383378148832e-05 -0.0007637025744412886 0.001055951634713634 1.0
0.060414130678431925 0.2765354492958697 0.7609656117862325 -0.00024506806132571407 -0.00012771674239420337 -8.936913882128512e-05 0.0002469117085412791 0.0 0.008266672799152441 0.2437285636699441 0.750636179125232 0.0003779499893554524 -0.00020141660344198914 -0.0005333044864435543 0.000780631382137992 1.0
0.06037896739880738 0.27645032471158276 0.7609239627294607 -4.31500299603133e-05 -6.927019976658399e-05 -1.7896811963456194e-05 9.468472076905034e-05 0.0 0.008219976180026003 0.24369895615690276 0.7501895331947547 1.0379842088810788e-05 -0.00015995119011924638 -0.0003370670086744309 0.00044379077621672545 1.0
0.06031845637712276 0.276367386010741 0.7608495997010709 -4.275907037252162e-06 -5.827737511517012e-05 -4.244115801587333e-05 0.0001298529123798498 0.0 0.008078361602310302 0.2434148092327272 0.7500788408610379 -0.00019987839655571715 -0.00022202240925342368 -0.00011077172878055558 0.0003285683735082994 1.0
0.06026964471070237 0.27626745226732163 0.7607541554445378 -2.029619569720155e-05 -8.855896783100886e-05 -8.968561220778335e-05 0.0001553481225779086 0.0 0.007962431430796025 0.24339628251187506 0.7497300637164117 -0.00020425224216758892 2.4655703641889167e-05 -0.0003212647220586925 0.00036582349157848824 1.0
0.06026974426032048 0.27616256268549766 0.7606567065886254 -1.3239833109222207e-05 -0.00011830730138170593 -0.00011707538190125004 0.00013811462676269353 0.0 0.007977181351532659 0.2431843953922057 0.7498585241784402 1.1878755567023224e-06 -0.00017819796290702067 4.22115121527795e-05 0.0002715161469444379 1.0
0.06024714552677937 0.2760728669162168 0.7605684328458814 -4.353519881675029e-05 -0.00011005916240618526 -0.0001132687971403019 0.00012203457914458594 0.0 0.008010669835540603 0.24316833149532047 0.7495583223652001 8.409002636980542e-05 -9.288161030882386e-05 -0.0001843013371933518 0.0002758818783681054 1.0
0.060218667825488584 0.2759968639948231 0.7604887284106318 -4.669847867432036e-05 -7.854952527683681e-05 -7.832304681253935e-05 0.00011665171096767135 0.0 0.008046517796147196 0.24291878111681028 0.7493760601876925 0.0001572909205224962 -0.00016720083701660338 -0.0002548983956008321 0.00031969121251437685 1.0
0.06018777040303359 0.27587683298783117 0.7603840291247066 -2.554786283814897e-05 -0.00010344959327745337 -8.58572724603228e-05 0.0001643171422592283 0.0 0.008137979531007306 0.2427543874799156 0.7494170161128136 6.722602767162582e-05 -0.0002021339840540538 -3.411862404932337e-05 0.0001976053379992601 1.0
0.0601595641277384 0.275840557953573 0.7603530267670342 -2.270980858994816e-05 -4.860466969920748e-05 -3.956306160506411e-05 5.7161674226645506e-05 0.0 0.00859032395262905 0.24295077966977516 0.7493406990716285 0.00036267999334270185 0.00013397218079077989 -2.7888894205746776e-05 0.00048914231786877 1.0
0.06008815379124294 0.2758181408377942 0.7603293091814818 -6.950683833917688e-05 -1.8473780507768806e-05 -2.010767867900668e-05 7.28841738361189e-05 0.0 0.009171847515887274 0.24350278749157572 0.7489045311452798 0.0006004764613063864 0.0005421563281622445 -0.00035306398593149007 0.0009210784213149082 1.0
0.060039720564011634 0.275814433916651 0.7603193914425801 -5.453487462113488e-05 1.9814667669678575e-06 -4.989574133872378e-06 5.3009626706265435e-05 0.0 0.009328959849743922 0.24382922819745867 0.7485547746429113 0.00027771926141222303 0.00047651807500133305 -0.0004204865574278947 0.0005164186114966652 1.0
0.05998246582556525 0.2757767870716312 0.7602923171395182 -5.3552749073055915e-05 -2.626776280819188e-05 -2.0554812187181828e-05 7.43504930498804e-05 0.0 0.009547475561076338 0.24389635978660276 0.7484639310482881 0.0001692531661624226 0.00011284267238015461 -0.00015179637763401992 0.00021426308816496433 1.0
0.059971659747182285 0.2757638406236535 0.7602834717720744 -1.7407178737047513e-05 -2.164674395286607e-05 -1.6041943712405928e-05 1.9097527788708717e-05 0.0 0.00959685841498847 0.2438508510704919 0.7484398086711225 -6.022046563724956e-06 -0.00011792692647449786 -2.760178158709899e-05 7.8392810588607e-05 1.0
0.059946433346789764 0.27575701306842143 0.7602708017307307 -1.4396190415536805e-05 -1.577487873186031e-05 -1.813452151432001e-05 2.5200257277667367e-05 0.0 0.01001862795610925 0.24388483061963598 0.7485958467313367 0.00030768785436580923 -0.00010711827539382023 0.00022083886652492457 0.00046937571343412505 1.0
0.05990359235661946 0.27572913674793786 0.7602416753779623 -3.5118595810382834e-05 -2.796029637741791e-05 -2.955900225482597e-05 6.237248052315864e-05 0.0 0.011160440393141959 0.24431058956271978 0.7487234148249905 0.0010992742684671462 0.00035849748102013686 0.00020698460981551756 0.001225791597845928 1.0
0.059874203141087594 0.27569075288769923 0.7602089569596321 -3.619054136080161e-05 -3.1966173270717746e-05 -2.955873495287672e-05 5.8744870290381866e-05 0.0 0.012099591486736023 0.24465470844788986 0.7488697453165358 0.0011719851332954655 0.00048669972111204204 0.0001254385044920064 0.001012300467931482 1.0
0.059845940171082045 0.27565375267981074 0.7601711763774673 -3.536264219812417e-05 -3.960233815374518e-05 -3.928918970221878e-05 5.863076565227547e-05 0.0 0.012540389946594017 0.24461022182617154 0.7492399193677134 0.0005931057664788543 0.00010764762424502042 0.0002818018227932663 0.0005514941812930716 1.0
0.0598384097518574 0.2756283305428005 0.7601720593551892 -9.87042674306665e-06 -2.9273396184156542e-05 -5.896292819438634e-06 2.557451153160906e-05 0.0 0.01237932316558282 0.24461360971019935 0.7491725493284628 -0.00022010037770596057 -7.854841098766145e-05 9.484587437507091e-06 0.00017146509960123946 1.0
0.059831785168659765 0.2756150907654192 0.7601671702881387 -1.8649476381649816e-06 -1.4449547340242282e-05 1.227665094938498e-06 1.6661513769179966e-05 0.0 0.012417143766014105 0.24480906908666855 0.748965167888134 -0.00022908523861447927 6.792446393320657e-05 -0.00021848123867144808 0.00031236719239208623 1.0
0.0598109980449623 0.2755975013674275 0.7601462676855482 -1.2334859460551103e-05 -9.294698946259434e-06 -1.1617691423963769e-05 3.4466178020849626e-05 0.0 0.01256802479313632 0.24496913822807787 0.7488706289287952 2.7309752523029234e-05 0.00016107655381030045 -0.0001795513556140824 0.0002538489469695793 1.0
0.059788740715495094 0.2756116175639119 0.7601313743499649 -2.6109374918409425e-05 1.1968835933406375e-05 -1.8024771080621465e-05 3.112136381667858e-05 0.0 0.012774452204230386 0.2450993916329874 0.748861377875339 0.0003214540260889844 0.0001971590965814527 -3.13544206372988e-05 0.00021822895306124434 1.0
0.0597597084374777 0.2756141841870796 0.7601149216974711 -3.336729980445983e-05 5.5957905991673205e-06 -2.1505348761612795e-05 3.2319545327582136e-05 0.0 0.012958639347165374 0.2452007379924414 0.7488732160071022 0.000361870584716737 0.00015642989814525286 5.181938908151416e-05 0.0002076574411730724 1.0
0.059722361318024705 0.27559788641224525 0.7600934096831415 -3.8334930293093044e-05 -1.4337225600942541e-05 -2.3481651683955132e-05 4.53661914932697e-05 0.0 0.013017994254722184 0.2452810727773583 0.7488571621884365 0.00010793438344808195 5.194373124971799e-05 5.2781367383067254e-05 0.00010797032709230613 1.0
0.059670793694806976 0.2755727701347393 0.7600646320619227 -5.047831616556535e-05 -2.8668040839501652e-05 -2.7422599563261888e-05 6.541361547510971e-05 0.0 0.01301656913672389 0.2453403575835934 0.7488644527071205 -7.069529601764135e-05 1.358186423672372e-05 2.531810941517194e-05 6.28784025194552e-05 1.0
0.05953456501094597 0.2754442831940491 0.759966923889129 -0.00012439730573031964 -0.00011919383116614221 -8.589956406292683e-05 0.00021009631127461218 0.0 0.013039158147477744 0.245407171278274 0.7488817254819525 -6.44262452898959e-05 6.75981467774693e-05 -3.1753538118435044e-05 6.933050934980641e-05 1.0
0.05945370089867536 0.27542105416503915 0.7599414051369987 -0.00010143274979464885 -5.472802024818616e-05 -4.7006703875171165e-05 9.2739487567902e-05 0.0 0.01305424283651102 0.24544367672332054 0.7488980594903347 2.2067458740834914e-05 5.8581363316034627e-05 -2.251657093646519e-09 4.70285089873793e-05 1.0
0.05935195958578452 0.2753948685346313 0.7599311044062522 -0.00010083633697798745 -2.127524628661063e-05 -1.1190659393507915e-05 9.724546136613465e-05 0.0 0.01309715851480588 0.2454690293825283 0.7489339985087601 6.163289370875164e-05 2.5893283846405802e-05 4.197950883753793e-05 5.7092158146181875e-05 1.0
0.059181499358639596 0.275371028052033 0.7599367048575877 -0.0001549707274992313 -6.956590760205177e-06 1.581517560489491e-05 0.0001746312110283084 0.0 0.013135587684547338 0.2454980624082807 0.7489501371862624 6.31157193689771e-05 2.5269265549890066e-05 2.7828216793197833e-05 5.1015827349257855e-05 1.0
0.05897923307055044 0.2752963371968676 0.7599556432946375 -0.00020142267266010902 -5.795370419586173e-05 2.8013291346685453e-05 0.00022246566366879538 0.0 0.013155615445721542 0.24552206921483444 0.748949672868964 2.8399719768388253e-05 2.3283683713493184e-05 2.0309866412676233e-07 3.285615082570452e-05 1.0
0.058688130963788526 0.275233497621123 0.7600797462744824 -0.0002891478173443195 -7.283855426908005e-05 0.00011246421861352581 0.00031906477030120724 0.0 0.013150304226458936 0.245545323084033 0.7489305290652623 -1.4587441301426189e-05 2.38934819293401e-05 -2.4280294674191807e-05 2.9586402078390288e-05 1.0
0.05823031296457964 0.27505584892443175 0.7605016578147927 -0.00045394547903649486 -0.0001747803079409215 0.0003885220848165264 0.0006420528115661948 0.0 0.013141780221404033 0.24555332936958607 0.748927656384713 -2.0271459028005937e-05 1.1651548156274062e-05 -9.974827604051868e-06 1.2506661743831517e-05 1.0
0.057589854473356156 0.27455764509817865 0.7611690284151698 -0.0006473747780149049 -0.0004759885737077604 0.0006790886953896057 0.0010590483368575544 0.0 0.013142801520457471 0.24554544955921973 0.7489442090162471 -4.202722433820999e-06 -6.362980407030345e-06 1.4575460377872497e-05 1.8587840183079566e-05 1.0
0.05585245372603594 0.27278913882717326 0.7618894569010091 -0.0016150493537209786 -0.0016362329178004967 0.0007860272190023387 0.002569925144250643 0.0 0.013167274281890518 0.24550279131443004 0.7490090410530416 2.3385795447944757e-05 -4.3742795824077064e-05 6.57689036598104e-05 8.040731258032819e-05 1.0
0.05380003000072703 0.2705076883573986 0.7620250491766652 -0.0021749510017859057 -0.002424094171974499 0.00024569458142240645 0.0031027880099455305 0.0 0.013139968141759521 0.24545472159058904 0.7490362409954988 -9.520931252892966e-06 -5.444859237304974e-05 4.649734125953522e-05 6.40346303267844e-05 1.0
0.05235669278546504 0.2688436053745692 0.7622581112677793 -0.0016882877288419606 -0.0019678618308704584 0.00010736130955939933 0.0021960942023100056 0.0 0.013112111050749605 0.24545476130202962 0.749019506044822 -2.9794586123865425e-05 -9.978879869755317e-06 -1.1004971647721508e-05 3.003733799255795e-05 1.0
0.05042974342212749 0.26625298580866275 0.7620773780859658 -0.0017802028347510082 -0.0023986013743683993 -0.00022882944961541453 0.0031741031988123895 0.0 0.013096431772393224 0.2454638776279797 0.7489995855697289 -2.5376379897807157e-05 1.6462732629289543e-05 -3.447487598623909e-05 2.575839152660586e-05 1.0
0.04683585480829767 0.26127315265876294 0.7616289252170555 -0.0032409923769698545 -0.00455153644179989 -0.00048000569402944495 0.006217193292590501 0.0 0.013096881325807485 0.2454390338036231 0.7490230843663979 -4.934857230622994e-06 -8.2197261136583e-06 3.94267699042462e-06 3.697515861889232e-05 1.0
0.04522981367379987 0.2590470793920072 0.7614912144196314 -0.002063081979374489 -0.0029084364633438003 -0.00020274920257169337 0.0028742393467777573 0.0 0.013103980848117194 0.24542701710764372 0.7490332844866431 1.2167703926886845e-05 -1.4796900987340588e-05 1.7821046844019943e-05 1.8054181447172385e-05 1.0
0.04358895852595064 0.2566718610348656 0.7609543145555535 -0.0015854422497165897 -0.00227363539183116 -0.000407830644114961 0.002678197803254782 0.0 0.013098138267902446 0.24539478948194787 0.7490388683815657 4.078322002340741e-06 -3.63255533064945e-05 1.7920032420567683e-05 3.0229059938090303e-05 1.0
0.04191235535877766 0.25432691943629127 0.7602076084916474 -0.0015213061594642348 -0.002093057137331173 -0.0006974059098867198 0.0030689660616556066 0.0 0.013104197218010517 0.24538124441979778 0.7490621648709216 4.475981917498727e-06 -2.5093500283190934e-05 2.6604409511877965e-05 2.9075255985885425e-05 1.0
0.040635783757668374 0.252476426637407 0.7590415679340792 -0.001175338945801192 -0.0016752844659049455 -0.0011651775407267107 0.002671103934341722 0.0 0.013108630177031892 0.2453692060212056 0.7490747192299528 -1.4516984578898325e-06 -1.066573721070531e-05 1.0144035287816455e-05 1.8160971357585704e-05 1.0
0.03948731364235067 0.2506582595372222 0.7571330550336657 -0.0010955702309664818 -0.0017292758192149493 -0.0018810872639260779 0.002774522353344308 0.0 0.013131967961401099 0.2453607905117833 0.749092759834552 1.964428193475882e-05 -1.2190424141298557e-06 1.2080097378345882e-05 2.9810943425986436e-05 1.0
0.03885390967751007 0.24972951442748592 0.755999096141309 -0.0008345430910294326 -0.0012681798382269329 -0.0014178296711795288 0.0015512519285968123 0.0 0.013130352344095928 0.24533858812748885 0.7490920791166045 5.659618500241045e-06 -1.7901704262029645e-05 2.4053079388084704e-06 2.314618427017508e-05 1.0
0.0376515151842471 0.24828931547904748 0.7543956323533527 -0.0011650950246226604 -0.0014241208675518477 -0.001484238191448995 0.0025076427046295917 0.0 0.013140953213035296 0.24530617376494993 0.7491062031641363 8.803863652730878e-06 -3.4872612718080667e-05 1.2061784614815488e-05 3.665273791904793e-05 1.0
0.037018107774138595 0.24772974008092477 0.7538181026955751 -0.0006241114334250134 -0.0005001116134034219 -0.0006119220664214664 0.0010625248249384418 0.0 0.013152799989178385 0.24529938884629524 0.7491226559274761 1.004030460921385e-05 -1.4248803744023478e-05 1.4420441503564201e-05 2.1377941412917635e-05 1.0
0.036469977241754124 0.24728560923834747 0.7534466025521532 -0.0005988082193125125 -0.0004566581457532161 -0.00023295115214771832 0.0007450737014880388 0.0 0.013155631543597392 0.2452862192004711 0.7491347393990528 3.1572906167794597e-06 -1.1964296231128443e-05 1.4797674433977925e-05 1.7709506142841678e-05 1.0
0.035924296618282205 0.24681265489084164 0.7530957453694833 -0.0005300377332348885 -0.00043245945095660675 -0.0002138008450885336 0.000812042224300149 0.0 0.01317951299710844 0.24528360762022536 0.7491516122780363 2.1188656392909377e-05 3.288377413615388e-07 1.8424078836833273e-05 2.953147535070246e-05 1.0
0.035442262297702504 0.24641504962743896 0.7527884127459684 -0.00044845844285106734 -0.00039806969821565936 -0.0003354770611944737 0.0007192971325618099 0.0 0.013166798558387736 0.24527786367366897 0.7491462905910193 -4.80328827870462e-06 -2.3301813624712088e-06 -2.4942932562462927e-06 1.564306038762395e-05 1.0
0.034992052868489824 0.2456304323109124 0.7523631044287048 -0.0004415571673361294 -0.0007629859593754418 -0.0005108740187738106 0.000999442115043888 0.0 0.013178952865820359 0.2452734509532634 0.7491580596120573 6.378746723413396e-06 -4.770332518874721e-06 5.81349338181228e-06 1.6726729547825016e-05 1.0
0.035259795519602 0.24449629428452457 0.7521086590731723 0.0001611169230632079 -0.0011528036322196122 -0.00034250329811505594 0.0011580652807638516 1.0 0.013186181249357928 0.24525384604475525 0.7492033884693776 5.824426028623811e-06 -2.0269142775553382e-05 3.902187321022959e-05 4.941250604567481e-05 1.0
0.03563126112799332 0.24391432634180837 0.7514279856882222 0.00040822969482772625 -0.0008093235550771063 -0.0006747032346899298 0.00100437966215223 1.0 0.01325970482726711 0.245243839310391 0.7492697280499873 6.622344354860557e-05 -1.471141815127825e-05 7.117089051183044e-05 0.00010087940551413724 1.0
0.03572831227194006 0.24374391780698318 0.7512196795966114 0.00027091089815021964 -0.00013601973657584483 -0.0002500432356521325 0.0002680098222327533 1.0 0.01365006024837953 0.245158681164072 0.7496283200728853 0.0003559213437389265 -7.381322218669022e-05 0.00032609354511177767 0.0005331171654816932 1.0
0.036182774057332515 0.24339760389695878 0.7509893897483964 0.00037501099237940907 -0.00015952148495111955 -0.00019091810884859365 0.000599548378533771 1.0 0.013769384523107662 0.24506395894913363 0.7498432949339453 0.00021070823483146522 -0.00010322813020397192 0.00027926641064592023 0.0002780906614492057 1.0
0.0362284188741708 0.2432943330682372 0.7510045295698577 5.210666816083114e-05 -4.847167971221692e-05 3.0792450819060494e-05 0.00016228324803383755 1.0 0.013940482783033907 0.2450522643920653 0.7499792677647458 0.0001638979575205566 -3.1859341223732166e-05 0.0001582181134688955 0.00019768592670105724 1.0
0.036322272595903975 0.2432034847984832 0.7509830426635208 2.0273516271590705e-06 -8.8742874927174e-05 4.3219333081299515e-05 0.00010327648312909003 1.0 0.013991967012965345 0.2450282616876643 0.7500916265516835 3.445084639633668e-05 -1.1406534858475535e-05 8.041509544464662e-05 0.00012980378712267488 0.0
0.03609651928511043 0.24333404248670892 0.7512383685648912 -0.00021277689437954907 1.9018499371130154e-05 0.00022648808668124866 0.00035482699599633427 1.0 0.0138327794285296 0.24504318747845474 0.7501551383555497 -0.00017305666915912394 2.3951132311237855e-05 2.9895070691571182e-05 0.00018310732265715233 0.0
0.035651159561326376 0.24417831327505962 0.7515606817416072 -0.0004114862470444976 0.0007244432062360614 0.0003229884661139877 0.0010217292984828349 1.0 0.013957347716926029 0.24425790842064474 0.7525386750188798 3.4968905429395286e-05 -0.0006615753721595039 0.002034330767216844 0.002492563320626975 0.0
0.034541885146850804 0.2457909518997263 0.7529298011859056 -0.0010704040750122562 0.0016605284934743533 0.00120889026333133 0.002393611285940158 1.0 0.015516437437598389 0.24475700462320368 0.7562113413560042 0.0013922389061617915 0.0002037849575532018 0.0038313003184590366 0.004070575441303672 0.0
0.03381593971233775 0.24708743988367557 0.7550956894552671 -0.0008908901583985823 0.001544017745039873 0.0022240064494876764 0.0026313053746098033 1.0 0.015151362251242773 0.24484040587112718 0.7577044323613253 0.00017559242653547645 0.00021517451476143457 0.0022962738065018407 0.0015464432022688377 0.0
0.034693341832824576 0.2478680939752067 0.755049406873239 0.0006784732141084328 0.0008658777501107247 0.000480241054297556 0.0011657188283496034 1.0 0.014762967631067337 0.24476597154388563 0.7579543722271986 -0.00047298046712728034 4.084761763630142e-05 0.0002710050025637986 0.00032307632381388596 0.0
0.0360353232139937 0.24854960493604977 0.7586302511333839 0.0015691096357638376 0.0005163122652307502 0.002838132056699857 0.00380162432392434 1.0 0.013867063384826765 0.24470682473737668 0.7581117802137125 -0.0010624400118234441 -5.881421928762241e-05 -0.00048131499003523895 0.000986693145163942 0.0
0.0382840042528241 0.2489434849249433 0.7610113205742578 0.00246746128531749 0.00022191682319119122 0.0026888798575900115 0.003467170839442343 1.0 0.01345081892643996 0.2447048335457395 0.7580725128505812 -0.0007212073588137971 -7.232249923683646e-05 -0.0005045062238653046 0.0005539376116779468 0.0
0.0387753096161816 0.25015595925810064 0.7629534568663295 0.0009294834883467038 0.0010113561700270494 0.0021254925068627402 0.0022728666059520473 1.0 0.01316405980384609 0.24472588040759163 0.758029559338556 -0.00027200498607431634 -4.0410939445996636e-05 -2.7399715880921925e-05 0.00018228301996519968 0.0
0.03834297696699322 0.2531712747623988 0.7645478884379748 -0.0006297604310464143 0.0029596029530163975 0.001558938915769157 0.0033268306284111185 1.0 0.012944078737490308 0.24474239766104106 0.7579768475168109 2.9644672161307844e-05 9.929174788636167e-06 0.00038648503319972904 0.00016963982405545286 0.0
0.04068751760859088 0.25749590285005275 0.7643827732872605 0.0013694119596959942 0.004607073047886674 -8.13286722052579e-05 0.005034102889769554 1.0 0.012768329342744513 0.2447623655370655 0.7579226402632951 1.2258179862617005e-05 0.00012960411516883341 0.00017876967718738306 0.0002558780132993106 0.0
0.042176955652876075 0.2614911466341701 0.763902015684734 0.0017773415929970332 0.004463522539686231 -0.0008690781279008688 0.0043668168401262576 1.0 0.012679265378738805 0.2447738165724628 0.7578914815141535 -0.00022025792687881541 -2.17896529231521e-05 -0.00015107517282646372 9.570485058774288e-05 0.0
0.04537385042844156 0.2639113419261338 0.7641485228182642 0.0033571128227751247 0.002671313324022705 -0.00015833339563873713 0.0038467032065085636 1.0 0.012621631167962362 0.2447768590476028 0.7578577566377832 -9.635818026151741e-05 -1.515942401571932e-05 -9.903409807468619e-05 4.18128980505042e-05 0.0
0.048366835982551364 0.2658620625060724 0.765017590544006 0.0034270499028960432 0.001512034366345203 0.0011857096664450654 0.003720703510942271 1.0 0.012563850963803786 0.24478823753249657 0.7578273688841719 -0.00010137931604896268 6.7992420331223585e-06 -3.176261346671093e-05 7.934363907980991e-05 0.0
0.05128515417328997 0.2674893318548932 0.7657134256094908 0.0030203914284873097 0.0011041753530942734 0.0010076942045375912 0.0034808197667057002 1.0 0.012533040258057272 0.24478908713707404 0.7578122149720893 -8.319940269917604e-06 6.404835496213292e-06 -2.9993358696024755e-05 3.417905380532658e-05 0.0
0.05327706157460918 0.2687240601378858 0.7659942111940125 0.0017980040614220612 0.0011381780391741762 0.0005515738455598488 0.002344457070663039 1.0 0.012513812333203561 0.24479377579792586 0.757799812892986 -2.0490273360319205e-05 5.8025290343795334e-06 -1.235388509486068e-05 2.0726520234958564e-05 0.0
0.055006271107981106 0.26985038850419396 0.7661598437485911 0.001455456848065044 0.0013343190725143685 5.7992866536337676e-05 0.0020149027854381454 1.0 0.012502771641367821 0.24479580279784974 0.7577919368689207 -1.3754331052661132e-05 2.85360804107951e-06 -8.817308318429016e-06 1.3352077948862592e-05 0.0
0.05762456740907427 0.2713089522747305 0.7662017142160444 0.0024114212876790264 0.0016304414871215703 -0.00025115659850754517 0.0030274344082575136 1.0 0.012492795905431432 0.2447945629349779 0.7577810399308091 -8.156668438611992e-06 -3.52331006941013e-07 -9.904775723774182e-06 1.6523770111966443e-05 0.0
0.0587028337476043 0.27177454623641967 0.7660489074953605 0.0013375519361016278 0.0007045612933915032 -0.0002272485210019677 0.001244614652845629 1.0 0.012501974925920353 0.24478515523410893 0.7577625615153913 1.0986558928660102e-05 -9.355173266800316e-06 -1.7317531323303406e-05 2.2272836903884213e-05 0.0
0.05953725407910768 0.2721115235409082 0.7658982017643272 0.000972685741106175 0.0002134818162779083 -9.491995025922938e-05 0.0008093130847247687 1.0 0.012497600981256792 0.24478398665083778 0.7577355140721123 -9.004969350306631e-07 -3.955323140392886e-06 -2.912417403379113e-05 2.6975410664059973e-05 0.0
0.06013388635078029 0.2723664485411122 0.7658044794837785 0.0005035424728643441 0.00014359225719958726 -3.111118262373358e-05 0.0006797774792560102 1.0 0.0124960575666946 0.24477425279972992 0.7577255053876907 -3.618499751425604e-06 -7.758783122075047e-06 -1.512849973581458e-05 1.4413661000327877e-05 0.0
0.06098455742581763 0.272494686217623 0.765163538134374 0.0006986964384595481 7.97058931312467e-05 -0.0005415807023403401 0.0011290432073161835 1.0 0.012527678196902557 0.24472615284524665 0.7576948535430563 2.6637086981118423e-05 -4.313130192023623e-05 -2.5449245427847082e-05 6.400941431407651e-05 0.0
0.06118247031587887 0.2724713369506096 0.7647811755272083 0.0002936503871762957 3.6324413065691365e-06 -0.0004886414739227561 0.000426837227605165 1.0 0.012553578989130374 0.24470033420391057 0.7576915620249782 3.06407471978185e-05 -3.409540581459189e-05 -6.9018757597826896e-06 3.932343887566571e-05 0.0
0.061355594374509055 0.2724079419897549 0.7643529805654388 0.00024972816543525193 -3.5826578897396686e-06 -0.00044086159617928884 0.0003905618174742994 0.0 0.012575940635240413 0.24468309725168594 0.7576949306529047 2.613203403872295e-05 -2.0111748023732315e-05 5.6124910677991035e-06 2.6279931826448136e-05 0.0
0.061668852674414285 0.27236554990615286 0.763820208883847 0.0003330191352661396 -1.6726275781760603e-05 -0.0005052772509152891 0.0006697835214902791 0.0 0.012599271376577103 0.24466319630681407 0.7577044969790363 2.285648290988697e-05 -1.5728718074240662e-05 1.2041131059718317e-05 3.1660885307353006e-05 0.0
0.062009219322065 0.27182284947227525 0.7628925476260828 0.0002454401437064794 -0.0005237681762375141 -0.0008613817527906005 0.0011343967816309724 0.0 0.012627556871171492 0.24466154055623357 0.7576781668172232 2.5511920053358773e-05 3.3340424834190084e-08 -1.969199355988597e-05 4.03450378780387e-05 0.0
0.06221010083205041 0.2713169698204026 0.7626661624389335 0.0002628336325732742 -0.0005622591389035452 -0.00036826148286921276 0.0005984630111808232 0.0 0.012640174142767262 0.24467117898894494 0.7576579138757743 1.2169308596067221e-05 1.2429831148760736e-05 -2.6826032245284293e-05 2.618086160351755e-05 0.0
0.062472854041818224 0.2707989823742025 0.7627962827898139 0.0002797802034462196 -0.0005588125492774698 0.00012122639406886296 0.000544717797385429 0.0 0.012648731340247162 0.24467886935718794 0.7576448557916569 8.223091192572285e-06 8.750731963507566e-06 -1.9246715973108273e-05 1.5191222405829265e-05 0.0
0.06271149736295918 0.27010933271686605 0.763171859413649 0.0002479649545316585 -0.0006683186245450188 0.0004486531087242794 0.0008494876003915004 0.0 0.012655551148665291 0.24468916456042808 0.757621262886873 7.228518949952254e-06 7.5445598263254245e-06 -2.325392407263807e-05 2.755174177170593e-05 0.0
0.06280186219578333 0.269709977247083 0.7634398474103782 5.4315530081344254e-05 -0.00043289079066394074 0.0004252786560366056 0.000513946405413181 0.0 0.012655912112837803 0.2446931778101645 0.7576107459779597 -3.7070121050733086e-07 5.106128054738459e-06 -8.41652402434031e-06 1.2271858898568131e-05 0.0
0.06285513728245282 0.2694198303603454 0.763676156352055 4.1676844186591764e-05 -0.0002462547926995458 0.0002252888715184533 0.0003505253336467553 0.0 0.01264980238684741 0.24469861964711137 0.7576140445479065 -5.6047231245552635e-06 2.6154921806622788e-06 5.036207544740265e-06 7.78459525948031e-06 0.0
0.06290948191096331 0.26918163192877265 0.7638644835998973 4.7665642554781123e-05 -0.00019062182911905052 7.802413145137913e-05 0.0002984410975568898 0.0 0.012630249066984059 0.24472328549038486 0.7576243839735103 -1.753818745574945e-05 2.0165565274450564e-05 1.2476681678624125e-05 3.275583460248262e-05 0.0
0.06294026378308042 0.26902583083980075 0.7639762010879894 2.9662301338413113e-05 -0.00016591048909632102 2.219713313759194e-05 0.00022035152287405854 0.0 0.012607609901580013 0.24475455719039457 0.7576192707545569 -2.3852580497028608e-05 3.434552205799378e-05 -2.5536049800556427e-06 4.039044873594799e-05 0.0
0.06295130266169252 0.26894965168901375 0.76402367885675 1.581247003340009e-05 -7.754882144952232e-05 7.336319554609105e-05 8.157737505564105e-05 0.0 0.01258815270660837 0.24478040788269884 0.7576105268428968 -2.229481049898376e-05 3.103418313430029e-05 -9.436254585823908e-06 3.285981518374097e-05 0.0
0.0629572354632453 0.2689271180881202 0.7640656491675778 2.2476801455679173e-05 -4.431319419915332e-05 5.976751139438285e-05 3.8911556653576295e-05 0.0 0.012568291545222482 0.24480435912430148 0.7576024400498306 -1.8822215433442424e-05 2.4531115270777196e-05 -1.2395737949877442e-05 3.1072626651755826e-05 0.0
0.06293529649960665 0.268892997658391 0.7640920078308547 -1.8045076582680634e-05 -4.4965141335024414e-05 4.568504004909922e-05 5.733496391635009e-05 0.0 0.012550322220909675 0.24482696239632282 0.7575828848738165 -1.615550538854201e-05 2.0238318773862984e-05 -2.105354007550605e-05 3.583168289431044e-05 0.0
0.06288913526351747 0.2688766016304687 0.7641121311191617 -5.536110037378632e-05 -6.829079238800605e-06 2.21689896831651e-05 5.212980995668618e-05 0.0 0.012536237261083293 0.24484053376137638 0.7575692650414686 -1.3304346145486645e-05 1.1620967939307157e-05 -1.4451591510894384e-05 2.4436649778391216e-05 0.0
0.06276708925322069 0.26884113793127845 0.7641566951847547 -0.00011681502215068105 -3.919718225993895e-05 4.938293143150511e-05 0.0001317467541002232 0.0 0.012503040781758437 0.24488197058918895 0.7575688285529437 -3.0045690846342167e-05 3.585474348650041e-05 -2.1098413935034842e-07 5.179705606270335e-05 0.0
0.06266034749978124 0.2688387103344071 0.7641767515818472 -0.00012000056677234405 -1.692179442373522e-05 2.99444399173248e-05 0.00011135908771601983 0.0 0.012469180222835642 0.24493371804123604 0.7575509268834387 -3.7170388544045636e-05 5.509322143035251e-05 -1.1923848571562714e-05 6.549823861729194e-05 0.0
0.06257869417747641 0.26886166588756205 0.7641821241103501 -9.070374100548405e-05 2.292484858304949e-05 4.09777576671554e-06 8.281934196688507e-05 0.0 0.012461197628229998 0.2450019768341495 0.7574803240445536 -1.4438155958570954e-05 7.157661420304158e-05 -6.409508612284624e-05 9.802499282800172e-05 0.0
0.06254594246987685 0.26883919667190315 0.7642192559559717 -3.087273816924707e-05 -3.9215999796262215e-06 2.5093017372912135e-05 5.399758576195326e-05 0.0 0.012452796068211864 0.24503531432934114 0.7574443624352339 -5.059337730808906e-06 4.244007818915319e-05 -5.0190400945958155e-05 5.039648176036721e-05 0.0
0.06254111364992157 0.26877371624736085 0.7642832143476532 1.020002851106787e-05 -5.871271681978638e-05 6.0989333024157575e-05 9.297711238923484e-05 0.0 0.0124414909227891 0.24505670691017548 0.7574233364729961 -6.480448000224477e-06 1.8311939782232006e-05 -2.620309205690342e-05 2.997461682775769e-05 0.0
0.06247810174890126 0.26871658122961456 0.7643042847929721 -4.112657262984007e-05 -7.217176449773118e-05 3.374388534292607e-05 9.01484145529699e-05 0.0 0.012454425041950969 0.24506919641919708 0.7574425396660538 1.0937264637558812e-05 4.351831937473341e-06 1.9343679420389538e-05 2.7649408191130472e-05 0.0
0.06229705535679256 0.2685747468523259 0.7644088025952457 -0.00017381619951087595 -0.00013775500925889255 9.277901174845188e-05 0.00024770418236939043 0.0 0.012456010789793023 0.24507658711047173 0.7574436002023476 4.441919420208237e-06 2.0463980761618424e-06 1.7790782242230047e-05 8.934290407377033e-06 0.0
0.06218383707008985 0.26840325550771216 0.764480942701619 -0.0001588009272337321 -0.0001781235046298792 8.374424229617884e-05 0.00022336904972197768 0.0 0.012447560596774293 0.24508477630467004 0.7574431956655188 -9.356762699983597e-06 9.815839406760783e-06 4.8636625514023905e-06 1.06559762715686e-05 0.0
0.06208795548839854 0.2683253183570607 0.7644515002416663 -0.00010920393968945013 -9.550841536914425e-05 -1.6451612580032038e-05 0.00012267537912879258 0.0 0.012443679586288756 0.24508564070304384 0.7574364376367735 -7.328240258285321e-06 6.217926727316317e-06 -1.3475412637796698e-05 7.140866293913648e-06 0.0
