0.0635356515128091 0.27860057724916365 0.7629145495406954 0.0 0.0 0.0 0.0 0.0 -0.01716506108566294 0.2796456672664291 0.7642802283113214 0.0 0.0 0.0 0.0 0.0
0.0635163161956321 0.27859512074168136 0.7629073009822259 -1.933531717700221e-05 -5.456507482293205e-06 -7.248558469452604e-06 2.1358126418875593e-05 0.0 -0.017167430794732076 0.2796457385542869 0.7642797846939032 -2.369709069135334e-06 7.1287857839053e-08 -4.436174181332575e-07 2.4298402236816836e-06 0.0
0.063452644018573 0.2785960963421803 0.7629070279212474 -6.367217705909034e-05 9.756004989425193e-07 -2.730609784951099e-07 6.368023625957793e-05 0.0 -0.017171267429049796 0.2796459009377179 0.764278784185665 -3.836634317719995e-06 1.62383430979407e-07 -1.0005082382580355e-06 5.493791178037605e-06 0.0
0.0634331450180022 0.2785979253652619 0.7629098153755232 -1.949900057081344e-05 1.8290230816009334e-06 2.7874542757322374e-06 1.9781967799814805e-05 0.0 -0.017171510930133402 0.2796436624954276 0.7642815547073609 -2.435010836056295e-07 -2.238442290303233e-06 2.7705216959494905e-06 3.4019398692116126e-06 0.0
0.06337218534601613 0.27859375036231304 0.7629117063679849 -5.685030822392984e-05 -4.406267772395153e-06 1.6324632707906811e-06 6.113172752966929e-05 0.0 -0.01716711218664726 0.2796382876214024 0.764272138045727 4.515432369132148e-06 -5.435846086481498e-06 -9.063414088545582e-06 1.0451724390991475e-05 0.0
0.06334861855585375 0.2785895341629248 0.7629126692474112 -2.8404379954044743e-05 -4.417614265640165e-06 9.062034166126365e-07 2.396032288239617e-05 0.0 -0.017165412252303384 0.27963037501330956 0.7642638577796789 1.762494599596675e-06 -7.906579355709822e-06 -8.988379279555655e-06 1.2022748747902175e-05 0.0
0.06332971867257531 0.27859295357699826 0.7629134239154274 -1.7733536302328082e-05 2.0990724713663148e-06 -2.582379467697261e-07 1.789702350579155e-05 0.0 -0.01716648943588714 0.2796280168633558 0.7642518155433434 -1.3892172671391246e-06 -2.961140781305689e-06 -1.219237532443904e-05 1.268581423649409e-05 0.0
0.06329736508680721 0.2785782804939046 0.7629096174126363 -3.120000326292331e-05 -1.1778230444642835e-05 -3.2771291660508606e-06 3.681838305199377e-05 0.0 -0.01717000357506204 0.27962756881857237 0.7642455424222273 -4.307481619700806e-06 3.5903566680682627e-07 -6.441575712017711e-06 6.915986099528697e-06 0.0
0.06327321641214398 0.27857947333010846 0.7629159721505656 -2.7811711165555283e-05 -2.6663829707989823e-06 3.4678269591346864e-06 2.6030889048391827e-05 0.0 -0.017165203118977793 0.2796206951316597 0.7642424456582031 2.0420059276221035e-06 -4.514119272254048e-06 -2.4467446323910966e-06 8.903667158673155e-06 0.0
0.0632543357547803 0.27858052561235924 0.7629193111431146 -2.3307414999436466e-05 2.118534725706871e-06 5.277708675773922e-06 1.9197380522161154e-05 0.0 -0.017162499176934406 0.2796202879953165 0.7642405967942332 3.564139359395481e-06 -1.452221684422203e-06 5.028355715195203e-08 3.6484760375900615e-06 0.0
0.06321068573659154 0.27858069279246 0.7629204033855246 -3.868924005272224e-05 1.6261996688003691e-06 2.543918610673691e-06 4.1747986786548604e-05 0.0 -0.017153097049670826 0.2796173882616829 0.7642406811906747 9.871242265127389e-06 -2.8239710120785147e-06 1.0009197272210537e-06 9.444384774798367e-06 0.0
0.06319281165858646 0.2785734727766346 0.7629198486444106 -2.6893819700097385e-05 -5.791049835482666e-06 -6.255325975898947e-07 2.202107883951534e-05 0.0 -0.01714894051909008 0.2796111904792859 0.7642454479462347 6.420934226719808e-06 -6.174786744551294e-06 3.473588241551101e-06 9.175304280363294e-06 0.0
0.0631882315563276 0.2785744783067844 0.7629186033733804 -2.743359222813236e-06 -1.187241568686063e-06 -2.225478719484809e-06 3.2603014122339704e-06 0.0 -0.017147470755565067 0.27961489757010344 0.7642382210658022 1.2227059975657399e-06 1.712839916941214e-06 -5.329198159003249e-06 8.071503351557478e-06 0.0
0.06318429100791677 0.27857582320991997 0.7629190553985269 2.143898095298172e-07 8.577675197940854e-07 -7.035216687741635e-07 3.5624065924784806e-06 0.0 -0.01713840543038144 0.27961152574308423 0.7642400528401774 6.238402324417079e-06 -1.000115752554735e-06 -1.3042355574197593e-06 9.760433311326419e-06 0.0
0.06317682513081545 0.2785741089857211 0.7629194223874571 -4.526813185250155e-06 -1.5828801418319672e-06 5.885982010554433e-07 9.1930190854587e-06 0.0 -0.017133661495410922 0.2796124859606876 0.7642399098887902 5.428862208136457e-06 3.858317746273499e-07 5.0187010019137076e-08 4.998186102508912e-06 0.0
0.06316422826025997 0.2785756023129505 0.7629178276695907 -1.1856859453712456e-05 2.5235458644568675e-06 -2.0687809489086566e-08 1.2745531507964581e-05 0.0 -0.017125922446601757 0.27961016073189526 0.7642366098396737 8.10208989196753e-06 -2.0992931435992434e-06 -2.424260338246229e-06 8.656437098758924e-06 0.0
0.06314946353813705 0.27857104322599774 0.7629175881291892 -1.8540193760766175e-05 -3.697611553055675e-06 -6.96941015842483e-07 1.4381290999184473e-05 0.0 -0.017111077724764168 0.27960679181183046 0.7642343851720566 1.4244852937859354e-05 -3.279051428828345e-06 -2.3291917233455367e-06 1.5381940571762607e-05 0.0
0.06313206895048538 0.2785755918532707 0.7629207891521208 -2.1229607432464977e-05 2.0269710068552647e-06 2.4345881082894363e-06 1.8660005615889187e-05 0.0 -0.017081300892516707 0.27959450893327814 0.7642359583577994 2.9113448252730843e-05 -1.1967983061485103e-05 1.161726304759684e-06 3.2347386212296506e-05 0.0
0.06311454615424163 0.2785746750775735 0.7629205754065256 -1.6188733989219835e-05 5.2280284988928926e-08 6.639117908634365e-07 1.77130990855984e-05 0.0 -0.017044521757532124 0.27956354172558895 0.7642175760366967 3.812040196464296e-05 -2.979557599029773e-05 -1.5084680604898081e-05 5.1502204335798555e-05 0.0
0.06309687688900514 0.2785729411730602 0.7629194572086816 -1.6264998216875795e-05 -7.225876996792053e-07 -9.360562921692155e-07 1.771225761747185e-05 0.0 -0.017007068818055006 0.27952313587315025 0.7642135951410208 4.001170570604843e-05 -4.211709927684185e-05 -8.852112916538329e-06 5.524776099626768e-05 0.0
0.06308214215836834 0.2785733794545896 0.7629239911237348 -1.4441606824457707e-05 -3.3340271954115714e-07 3.368821508476516e-06 1.5473855982911416e-05 0.0 -0.016955719714762153 0.27945992448574175 0.7642307094722925 4.999049563972558e-05 -6.373661687339521e-05 1.4598588363109934e-05 8.260865876763877e-05 0.0
0.06306831440379176 0.27856964509884996 0.762922479471561 -1.3320064292473727e-05 -3.462609907217955e-06 -3.8923923586418583e-07 1.434332859138637e-05 0.0 -0.01688707824668309 0.27934362958212333 0.764244212398116 6.590362913005992e-05 -0.00011191251364911555 1.819166180652386e-05 0.00013613892135575374 0.0
0.06305143626017712 0.2785685730825533 0.7629114020933354 -1.605298107880527e-05 -1.8184705247142782e-06 -1.0049213578962203e-05 2.0187760114494098e-05 0.0 -0.016773362360760262 0.27906300851868915 0.7642591702322821 0.000109617457927901 -0.00026536691448503024 1.803316897479188e-05 0.000302908563892483 0.0
0.06302686935678359 0.278559654170996 0.7629081870334737 -2.3902783131771063e-05 -7.887337706819199e-06 -5.958703928762725e-06 2.648274439963211e-05 0.0 -0.016486862948285462 0.27835152812914493 0.7640320241208833 0.0002701893467297674 -0.0006776503186537261 -0.00019259859989136997 0.0007988011746108018 0.0
0.0629830070208922 0.2785442335903593 0.7628944351174097 -4.3028847921318386e-05 -1.4712107967108092e-05 -1.2463335282909345e-05 4.829562294085509e-05 0.0 -0.01602713664246621 0.27708973866185943 0.763396425240516 0.00046478770616660537 -0.0012623261658486666 -0.0006146553143394672 0.0014902810684062164 0.0
0.06295577297620945 0.2785374502916345 0.7628939265740904 -3.360295212040878e-05 -1.0071628906026414e-05 -3.1149395149204127e-06 2.867498926779532e-05 0.0 -0.015829574270890254 0.27608505266390315 0.762961395128365 0.0002777292348295113 -0.0011654176926118218 -0.0005536462054257871 0.001122905003657494 0.0
0.06292349556716285 0.2785049423725977 0.7628735038645115 -3.1396713215362036e-05 -2.8379159492748195e-05 -1.571279409910123e-05 4.871924309405559e-05 0.0 -0.015605712884119834 0.27445589167740775 0.7621018737816084 0.00019830341557817 -0.0015518699604023156 -0.0008196372049699673 0.0018136985537087333 0.0
0.0628911316840865 0.2784416521594924 0.7628081064009375 -2.9874689790330594e-05 -6.086098323196644e-05 -5.963271884735558e-05 9.74412568689283e-05 0.0 -0.015428842273176266 0.2729458374967763 0.7611262592579161 0.00013645999625408524 -0.0015310116487621392 -0.000971509758638799 0.0018467383136521764 0.0
0.06286197412318133 0.2783422182053861 0.7626906886323969 -2.7686475725667083e-05 -0.00010081141782300142 -0.00011892296738413173 0.00015757082651079478 0.0 -0.0154678034155201 0.27069423097187895 0.7595739561549986 -4.2584978471377595e-05 -0.0021184874802472916 -0.0014797504109871822 0.002724169087479423 0.0
0.06286525941392168 0.27827625177335036 0.7625932069748023 -7.552021170452146e-07 -7.946827502520349e-05 -0.00011411062648679734 0.00011804905660517725 0.0 -0.01587578347207581 0.2693226711418082 0.7585607263544089 -0.0003824860998944536 -0.0015670515289982294 -0.0011636392970971706 0.0017740860739099736 0.0
0.06288543949258195 0.27823805105373967 0.7625156947785678 2.1365518363856643e-05 -4.071122576341598e-05 -8.255361380022361e-05 8.52847412932919e-05 0.0 -0.01634228357631928 0.268221060949899 0.7576230535943537 -0.0005046609437063759 -0.0010967276855457573 -0.0009346627392276925 0.001465493453906586 0.0
0.06291667284250385 0.27821514060941666 0.7624580342060108 3.4925952748276643e-05 -1.2499538780316679e-05 -5.020721927381113e-05 7.104574153139566e-05 0.0 -0.016990218968642338 0.26739401171093546 0.756902803691213 -0.0006585054486029668 -0.0007165942029887883 -0.0006567319258529057 0.0013058272210398065 0.0
0.06293920166065436 0.2781997428149386 0.7624255359284052 2.831376226215817e-05 -3.977640795037246e-06 -2.087345493269586e-05 4.461616441176202e-05 0.0 -0.01746901835463882 0.2668245437907857 0.7563382690135377 -0.0005303779969743506 -0.00045327277211698624 -0.0004652003368240399 0.0009505785558877504 0.0
0.06296188351339459 0.2781757543954471 0.7623903805057601 1.9172496025238992e-05 -2.1122509655839963e-05 -2.685214001512015e-05 4.704710244460731e-05 0.0 -0.01802099503428377 0.2663033358168049 0.7556361356841768 -0.0004841998853785189 -0.0005162751480041295 -0.000659722616332057 0.001024236916011441 0.0
0.06296433506688791 0.27811522774168046 0.7623205629029675 -2.447909916541676e-07 -6.304193760639938e-05 -6.852401787170544e-05 9.128141740402518e-05 0.0 -0.018634623220696447 0.2659536313253808 0.7548157342605244 -0.0005570320446027288 -0.0004245438923861256 -0.0008625194220667183 0.0010641053210936724 0.0
0.06298398759912689 0.27807995788744244 0.7622585981562682 1.1736041270291395e-05 -5.185768829767996e-05 -7.579872911240902e-05 7.622754765060318e-05 0.0 -0.019346043248259916 0.2656810085801629 0.7538432418217962 -0.0007048984940211675 -0.0003642438034170525 -0.0010572437050230764 0.0012556465402619212 0.0
0.06297997078155464 0.2780245856172992 0.7622018691859552 1.2204301754249904e-06 -5.3373777005394425e-05 -6.344461676011559e-05 7.684168909019112e-05 0.0 -0.01954996425662404 0.2651331202244129 0.7529306954515605 -0.00032137362394122433 -0.0004661509662065295 -0.0009534354911155736 0.0010753250811445449 0.0
0.06297441802850628 0.2779579786432634 0.7621230616720187 -4.737423118363731e-06 -6.289278096136964e-05 -7.482748353353334e-05 0.00010341666372281991 0.0 -0.019541168867556098 0.2647992216567383 0.7522148846225543 2.7599643119403494e-05 -0.00040523270400479234 -0.0007520908041215983 0.000785198452401066 1.0
0.06296537540514761 0.27787636058111664 0.7620345731936323 -8.940646566127497e-06 -7.841281569259461e-05 -8.506488034922964e-05 0.00012290833650718867 0.0 -0.019458877256879756 0.26454547565510517 0.751635819419651 0.0001612143063610436 -0.0002713519786496528 -0.0005262545249193592 0.0006396711369665897 1.0
0.06298316118585787 0.27782573573194064 0.7619376119727281 1.2970548998122851e-05 -5.684873377405841e-05 -9.556506438240976e-05 0.0001103598464110463 0.0 -0.019317320365885356 0.26441010778778223 0.7512855720031668 0.0001965462790393587 -0.00011970865795117884 -0.0003024428360339003 0.0004087327865340078 1.0
0.06300040759735512 0.27778861401924215 0.7618967237180684 2.1496787893091582e-05 -3.717481956571176e-05 -5.2217012473053764e-05 5.628757455952266e-05 0.0 -0.019162802551371923 0.26416014262478615 0.7512121499745058 0.0001281770216172605 -0.00018760700408876888 -6.379351204160565e-05 0.0003017239965964273 1.0
0.06299973501167855 0.2777426142073876 0.7618548558280899 5.724284367779854e-06 -3.906783717531205e-05 -3.582586674942141e-05 6.183838937126932e-05 0.0 -0.01908903372135172 0.2639676810170274 0.7512313521480116 2.5358876687703942e-05 -0.00018553180237717784 4.2825505867000765e-05 0.00020249451021408062 1.0
0.06298830808955069 0.2777194110607655 0.7618218618156585 -1.0593277961823751e-05 -2.1670792309719e-05 -2.4201121484534422e-05 4.436049398382832e-05 0.0 -0.019073790575605938 0.2639287452753219 0.7512321296879375 -2.4388678491127727e-05 -8.491476445880247e-05 8.360112393744818e-06 4.392552177576777e-05 1.0
0.06297755736083387 0.27767145725668513 0.761767689908079 -1.831892771872829e-05 -4.506689502364178e-05 -4.779734662046315e-05 7.214103779568864e-05 0.0 -0.019123656181431758 0.26405586103076395 0.7512567753008622 -3.705653160494338e-05 9.264159849824177e-05 -1.0896521316723553e-06 0.00013468742053371514 1.0
0.06298001128833862 0.27765883927518004 0.7617448307402546 -3.0845927830127663e-06 -2.303969586722372e-05 -3.4997079062127e-05 2.6721537915396454e-05 0.0 -0.019179114387317467 0.2641811899479831 0.7512227443723609 -6.323650494202162e-05 0.00018165008379066874 -5.802947806382e-05 0.00014712140162016947 1.0
0.06298007213839782 0.277646283380291 0.7617255051747682 3.5088338320526762e-06 -1.2362680259832582e-05 -2.357163422271526e-05 2.0772083351659136e-05 0.0 -0.019230525084823865 0.2642893732069291 0.7511961525971362 -4.9905300711444424e-05 0.00014014462195987345 -5.927710414850747e-05 0.00012267321724484647 1.0
0.06298426589491167 0.27763872702492265 0.761712313487173 9.380527224734985e-06 -3.181731228272061e-06 -1.1647054510388694e-05 1.7402031249433915e-05 0.0 -0.019284993657205363 0.2644623648278975 0.7511535246378124 -3.742077215463674e-05 0.00015152880381098135 -3.97831186574176e-05 0.00017957198939461854 1.0
0.06298638643593342 0.27763082379817844 0.7617071487859839 3.7671620111741666e-06 -5.917562335374159e-06 8.909948040970088e-08 1.0215906467181057e-05 0.0 -0.01935127830025044 0.2646398341015563 0.7511628756871704 -5.158393381950887e-05 0.00014618645686701883 1.8777510956134377e-05 0.0001942945975771847 1.0
0.06298602022053512 0.2776134968654908 0.7616940923428767 -2.2270420650845504e-06 -1.7257636598585276e-05 -1.1142061238645878e-05 2.1298460549346982e-05 0.0 -0.019523642194989515 0.26496370647234097 0.751206220824323 -0.000158095359451904 0.00029923965575901184 5.384437904977663e-05 0.0003699119627936027 1.0
0.06298537792139117 0.277611826910254 0.7616861456434658 -2.9563270318431458e-06 -6.614863243546437e-06 -1.113881054812432e-05 7.625486618400037e-06 0.0 -0.019597467359646917 0.26510099935523773 0.7512324538171704 -0.0001075333445164575 0.000195823287504526 4.28747235430204e-05 0.00016147093076882872 1.0
0.06294517514247923 0.27758785788436535 0.7616666105481302 -3.519256978218303e-05 -2.23108931401265e-05 -2.082289610504147e-05 5.058961632189138e-05 0.0 -0.01960390018303547 0.2652063999172978 0.7513072480871178 -1.9523499544387697e-05 0.0001086975298510177 7.26894970553017e-05 0.0001192215874588454 1.0
0.06289382065120214 0.27757410526254434 0.7616586718590921 -5.463476699682753e-05 -1.4378058776117677e-05 -9.706997214720418e-06 5.4913853163474934e-05 0.0 -0.01961709545706611 0.2652759551881245 0.751359984442681 1.0151207270193676e-05 4.124669900043057e-05 5.315718975125141e-05 9.311373864054199e-05 1.0
0.06284945484088279 0.2775610594729249 0.7616477918475898 -5.152273925975421e-05 -1.3561795468226433e-05 -1.0053227768460509e-05 4.6885729384600375e-05 0.0 -0.01989923697141994 0.26599561826029855 0.7517214725852548 -0.00022586141854059647 0.0006032104876846296 0.000313465434436602 0.0008509563101699652 1.0
0.06268798909951213 0.27733671814383265 0.7613825469602598 -0.0001447052449877189 -0.0001933324982164341 -0.00022767887959784702 0.0003790384296045577 0.0 -0.018479407607722313 0.2664974491093139 0.7534141521335257 0.0011408827634562008 0.0006284145383750245 0.0015422248066244062 0.002276096500007865 1.0
0.0625587774679213 0.2772060825589146 0.7612242072862851 -0.0001459852586670496 -0.00017300691360005158 -0.00020854864974550452 0.0002555413814136232 0.0 -0.014163762805928229 0.2644932243588515 0.7562655557155845 0.004099370139070701 -0.001583137804655712 0.0029136902631566003 0.0055336683692802785 1.0
0.06247281860700131 0.27711656370005994 0.7612352648344918 -9.727100139560923e-05 -0.00010741965824779218 -2.9222155469851422e-05 0.00011185217197708176 0.0 -0.008010511190033986 0.25970281382986143 0.759426979748048 0.006495189078166816 -0.00475880572590726 0.0034429663307478514 0.008447691503587257 1.0
0.062315574125253834 0.27701782407257514 0.7612215738749267 -0.0001363790072570752 -7.992364120010964e-05 2.6413723535007735e-05 0.00018099799378939967 0.0 -0.002759964726778159 0.253714945072964 0.7608232655518822 0.006020424339816335 -0.006585014005259265 0.0018024304378853001 0.008082632521889696 1.0
0.06216015938653667 0.2769442924289441 0.7612092933174375 -0.00015318597347602827 -5.595198055229412e-05 2.7008154987177446e-05 0.00018771899219492203 0.0 2.0205871534495625e-05 0.25005909361950485 0.7610730561490522 0.0030991600815595526 -0.0045338794124439325 5.4454649867587265e-05 0.004537007594503247 1.0
0.06208238344867857 0.276884560255653 0.761159450884776 -9.028293316721807e-05 -4.783130339622714e-05 -3.3075938550277783e-05 0.00010965084422456636 0.0 0.001245060290227901 0.24820407082393595 0.760690430892011 0.0005702911339894192 -0.001686526756513033 -0.0009003138006871791 0.0022136010355439345 1.0
0.06206161119815821 0.2768492751506807 0.7611398298718388 -2.281965173893101e-05 -4.3807624494654654e-05 -5.179260490579357e-05 3.252805145971942e-05 0.0 0.0016552177150489455 0.24772434688621275 0.7604645006480268 -0.00046053523992499294 0.00039240115395879625 -0.0006016284649547246 0.0007912850398068287 1.0
0.062055073663480835 0.2768255260032043 0.7611227704194855 2.864215176222494e-06 -3.903691456510605e-05 -4.991604071630068e-05 3.568015095813707e-05 0.0 0.002421899561299132 0.2475002097829502 0.7602657541589657 0.00041863105620426394 0.0005245491423673204 -4.238443680405464e-05 0.0008417174470863217 1.0
0.0620559898373905 0.2768077270068889 0.7611170783664968 1.694250974399746e-05 -9.288848288577982e-06 4.695396671186493e-06 2.2739114552262397e-05 0.0 0.0032694509739718126 0.24740629784567897 0.7601014251003513 0.0012806184273638883 -0.00016167542661340618 0.0001971337434371321 0.0008268225299865287 1.0
0.06204724068853406 0.2767693570667188 0.7610965104597789 -8.048935224331098e-06 -3.3766934276152036e-05 -1.0321835741865454e-06 4.132014735601039e-05 0.0 0.003793131457797084 0.24718208755118143 0.7596450640915337 0.0011291536276972786 -0.0007170091281860865 -0.0002054319450043346 0.0006863508956893626 1.0
0.06204740951176807 0.276762752962448 0.7610850348527127 -1.8854743508831426e-05 -1.7667592299240665e-05 -1.4584003151045983e-05 1.3524408265935247e-05 0.0 0.0041411120592916885 0.24705719387736302 0.7592952964898364 0.0005134108894111105 -0.0005385429691637947 -0.0004719466992782681 0.0005153485095028779 1.0
0.06203457206504086 0.2767155814380507 0.7610395355505202 -1.8039676148861802e-05 -4.106421689822587e-05 -4.370635725242132e-05 6.48700221814139e-05 0.0 0.004464966773365051 0.2468886518634088 0.7588323769804696 0.00014585220096334072 -0.00016568089880156147 -0.0005586357568379103 0.0005988488953757431 1.0
0.06203042707014862 0.2766761400991898 0.7609896643343841 -3.190392278659698e-06 -4.3281765147177965e-05 -5.718972650179707e-05 6.665132337774197e-05 0.0 0.004499975318687146 0.2468133828714301 0.7586835482733761 -9.035889713723778e-05 -4.2276372119488814e-06 -0.0002482256133017149 0.00020460828104352808 1.0
0.06204029921518542 0.2766362990797212 0.7609369855586395 1.1630475847718307e-05 -4.0667385736483095e-05 -5.459413771869572e-05 6.576014988686343e-05 0.0 0.004608933848968523 0.24662881354559757 0.7585609310416688 1.5614611920630435e-05 -6.654497440267983e-05 -6.139804283189927e-05 0.00021557094655646905 1.0
0.06205897088611161 0.2765949377565812 0.7608864353532588 2.1462291905683306e-05 -4.05280052385856e-05 -5.118609705256914e-05 6.713111204643065e-05 0.0 0.005005231246193065 0.24628740769544855 0.7583158574851808 0.0004009169963295356 -0.0003038048275799188 -0.00016754573253467795 0.0005824929959352462 1.0
0.06203860730584356 0.27641704265278366 0.7607019710985334 -1.0903696207124807e-05 -0.00015742208591331246 -0.000162345707562054 0.00025563321143199985 0.0 0.005790788919522568 0.2456946231954485 0.7574961459186302 0.0008072636320448374 -0.0005872001995403226 -0.0007466099325419513 0.0012906338558215501 1.0
0.062047212946248584 0.2763468923399403 0.7605912679870984 -3.258662998937433e-07 -0.0001036692116129769 -0.0001374664715022051 0.00013987601486664582 0.0 0.006775837460985659 0.2451533841159813 0.7557539798377299 0.001054040359653684 -0.000617814862648931 -0.001747815696529915 0.002072551553458333 1.0
0.0619282464021139 0.2762601003981591 0.7606133919650628 -0.00010286348951482458 -8.376206059269273e-05 -8.215450962572666e-07 0.00013760332354833453 0.0 0.007842156137144089 0.24491676486026356 0.7548376506240154 0.001137576311982972 -0.0002939573865404704 -0.001255472145064687 0.001427098115527901 1.0
0.06172861055894454 0.27617135540607296 0.7605716196169284 -0.00020583883390595334 -8.053413226111384e-05 -7.311959369552753e-06 0.00022441779376006525 0.0 0.007849152569245987 0.24424421797807788 0.7544373705156103 0.0001608403614939205 -0.0005414092087508927 -0.0004707081489842389 0.0007531168134359859 1.0
0.061567172443872074 0.27602820033690145 0.7605349368130557 -0.00019048915591750532 -0.00012465308365641216 -1.8638396190102464e-05 0.00022656284968880725 0.0 0.008800147518297516 0.24444814866910422 0.7537615117513379 0.0005948685400475559 0.00010007122784112639 -0.00037849407521364705 0.001184976842291857 1.0
0.06142490603204831 0.2758033984483606 0.7604203366940473 -0.00014753663922009876 -0.00021858268414625876 -0.00010535835350091763 0.000285290989449198 0.0 0.009681988720044922 0.2444639437733912 0.7525665535785068 0.0008455161057928476 0.00012552930603351974 -0.0009587798983504465 0.0015411627768000455 1.0
0.06121319464748931 0.27559090565872835 0.7603132716090745 -0.00018456931578973086 -0.0002393851187646284 -0.0001358099173927729 0.0003150634963822964 0.0 0.010996980314793708 0.2449262357851255 0.751787520816298 0.0013492439887503563 0.00043785677679517303 -0.0009387326488539411 0.0015807663997204039 1.0
0.061010236752573214 0.2754870973496898 0.7602098429360338 -0.00019581406321077192 -0.0001363855445779061 -0.00012880204102644157 0.00025564100031747524 0.0 0.012125202325231135 0.24654378593642767 0.7518575197750702 0.0013219274120897565 0.0014881591408417232 -0.00020747242058404312 0.0019269849202950468 1.0
0.060962056902085275 0.27542515409063617 0.7601702423122629 -7.00493714184969e-05 -3.809169816921631e-05 -3.7979417347948596e-05 8.484617703057533e-05 0.0 0.012780985808953944 0.24689897059094865 0.7522867141548032 0.0007724526695396217 0.000711709325203183 0.0004534525677646994 0.0008987463593961886 1.0
0.060850656709272054 0.2753063252309888 0.7600826588071057 -9.293192599090392e-05 -8.047838903061806e-05 -5.4673142913470605e-05 0.00018065750258750335 0.0 0.013127236682181563 0.24693924934413203 0.7529768018163523 0.00023749019061455423 9.691398163827198e-06 0.00093232525896954 0.0007446349514314997 1.0
0.060723758595291624 0.27525795886112203 0.7600211506682826 -0.00011640519235452969 -5.4585707809440027e-05 -6.241523148878256e-05 0.00016022131351770433 0.0 0.013670996852555259 0.24729263860940168 0.7532754835984736 0.00029726448285679073 4.8400996641695425e-05 0.000483116344579954 0.000733500975938606 1.0
0.06053562912395727 0.27520184306640183 0.7600097198584903 -0.00018130058507202012 -6.597262641714318e-05 -2.0509809217849802e-05 0.00019116144709348137 0.0 0.014141699674472933 0.2476384723519957 0.7531345032810697 0.0005164933047482593 0.0002712694683182948 -0.0002317708113815614 0.0006219230505022884 1.0
0.06030358341676651 0.2750939320913772 0.7599051423429247 -0.00024918230987899163 -0.00011272503720663384 -9.288151059119783e-05 0.00027268584637778616 0.0 0.014485333227504055 0.24783172987533325 0.753250542760204 0.00042587521794914 0.00024364273644324213 -0.00018066842638117054 0.00038919234171572604 1.0
0.06008926590226889 0.2749752345962224 0.7598236375466828 -0.00024377898829212896 -0.00012429800195717334 -9.281430823809322e-05 0.0002623236998811099 0.0 0.014775474346622724 0.2480080327573091 0.753302315993029 0.0003744825201196744 0.0003194977752384444 8.376336198197146e-06 0.0003224488706700132 1.0
0.0600136812812794 0.2748680040585311 0.7598755952066879 -9.180785217314616e-05 -0.00011062807848397636 2.6660464889125424e-05 0.00014162964604990302 0.0 0.014857099109189918 0.24802625176967782 0.7533561541542236 8.989511556704096e-05 0.00011428189662505376 0.0001438810007639888 0.00013039533359798794 1.0
0.059958888224211034 0.27472484651161483 0.759983181305713 -1.7407732961818428e-05 -0.00013992925743931965 0.00011946442065185926 0.00018024760703003856 0.0 0.014910367946786443 0.24802892546696817 0.7534013572123643 -2.0284292340829466e-05 -0.00013339340311943962 0.00013724035066297634 5.734969585196323e-05 1.0
0.05870942394994275 0.27204194018704975 0.7598389422298213 -0.0010555192487978207 -0.0023267613952723584 -8.432423826822622e-05 0.0029462185306827525 0.0 0.014953020148904157 0.24796155054799754 0.7534787466245323 9.181047107279915e-06 -8.970043778668647e-05 0.00011087141540353505 0.00011310088627561506 1.0
0.056251461956220876 0.26699984501558643 0.7591930096811167 -0.002451583124062703 -0.005061233969281276 -0.0005961465532284208 0.0057109760676756815 0.0 0.015036578439427253 0.24795305492984307 0.753341283418543 0.0001039531240548404 9.01521248010066e-06 -0.00014433226290437899 0.0001643231570325807 1.0
0.05380186840381573 0.26197003087208115 0.7588511175421735 -0.0027845938948154124 -0.005673108469863291 -0.0004961073412279301 0.005604092514485048 0.0 0.015074087334500058 0.24797420176385726 0.7532709489942482 6.845560307384947e-05 3.37101334604507e-05 -0.000134337919055988 8.080405729095819e-05 1.0
0.0474965907812979 0.251002965076716 0.7564863592452188 -0.005923117010739871 -0.010413009713763896 -0.0021205214024302005 0.012687721672525961 0.0 0.01502336380929086 0.2479342222629371 0.7532276276239787 -2.6710459614102413e-05 -1.4839113061859948e-05 -4.4271621141066895e-05 7.037773329711188e-05 1.0
0.043483414370184346 0.2464680305105745 0.7553679659286353 -0.004774977333442688 -0.00604937778347671 -0.0015257360824231963 0.006495176345809659 0.0 0.015005906032457165 0.24788555880128102 0.7532844166877348 -3.835418838317792e-05 -4.4307270248247034e-05 4.788292384741698e-05 8.378446405695334e-05 1.0
0.040562287783507844 0.24414982451504483 0.7541145179478392 -0.002990708710952199 -0.0019952236548162056 -0.0012259150746111158 0.0036029334767720476 0.0 0.015012676023543125 0.24786486148309755 0.753325892978134 -1.985749340122062e-05 -4.329464557033136e-05 7.791232606052531e-05 4.861465842754273e-05 1.0
0.03914107757714819 0.2429545212460156 0.7541533938049368 -0.0010784176970423621 -2.449956547591109e-05 1.2544367708579924e-05 0.001889088753044461 0.0 0.015012597652690016 0.24785622977607674 0.7533482483175485 6.91829301170369e-06 -1.587478219902083e-05 4.752222979691096e-05 2.0846221797412993e-05 1.0
0.03700448039255805 0.24132515878006464 0.7543073473212514 -0.0014134609747807878 -0.0007576059730850178 0.0004475811881687761 0.0028935195293944937 0.0 0.015008373284344203 0.24785169913709487 0.7534283005742564 9.37375203419021e-06 -2.700006096500735e-06 6.322071265423298e-05 7.833580906609763e-05 1.0
0.0363682786690208 0.24112095665327005 0.7537865326983455 -0.0007111266158127948 -0.0005429370756794955 -0.00022042731874266245 0.0009113551325526143 0.0 0.01501621651158341 0.2478510468507467 0.7535031447263107 1.3074756684555675e-05 1.1051861775070758e-05 5.39957721976618e-05 8.011684780946848e-05 1.0
0.0361243965794319 0.24130981450719727 0.7528833415059293 -0.0004420101534529583 -0.0004432211834053982 -0.000989688100339684 0.0006250536233724652 0.0 0.0150209768184835 0.24784058209853788 0.753560385273741 -1.1912056403239518e-06 -7.071134725251605e-06 6.275175428812458e-05 5.577801189681682e-05 1.0
0.03711850861534619 0.2408182437172756 0.7510412144421093 0.0005249778652667183 -0.000955397150046779 -0.0021060385597161577 0.0023111648935342675 0.0 0.015052845902851102 0.24783267289867233 0.7536338777871495 2.0907670565103402e-05 -1.7061706923846743e-05 7.210270753932522e-05 7.840850120442945e-05 1.0
0.037497177902083005 0.2406716350927951 0.7503242235536178 0.0007680414674390732 0.00012581406952299687 -0.0010936831252142767 0.0008934202284714577 0.0 0.015069538961616892 0.24789257118819077 0.7535771098405928 2.5405926487971843e-05 4.7115151232218885e-05 -3.4456503905442285e-05 8.717483601914362e-05 1.0
0.03764726003519882 0.24059026979345582 0.7499539586906623 0.00023613574133387986 -6.89894707970283e-05 -0.00034571921171411865 0.000323647367556335 0.0 0.015101608646315193 0.24792075062800548 0.753585165942546 3.2097124725325474e-05 4.369376286964405e-05 -2.322296171535039e-05 4.41505846107274e-05 1.0
0.03764343372901002 0.24051304624398573 0.7499672038247959 -0.00014777023755366313 -0.00010828048439308824 0.00033074159965693897 4.746747504305116e-05 1.0 0.015188810402497227 0.2479220007707964 0.753697620549456 7.848111822008683e-05 1.0143085863960798e-05 9.120808064205708e-05 0.0001379050780847059 1.0
0.03761483119598809 0.24051597686638249 0.7499550307650016 -0.0002885199568783241 -1.8872516550087932e-05 0.00022275452306061314 0.00012238375443297854 1.0 0.015196815381961343 0.24792083652334843 0.7537190946324708 2.6265596573447286e-05 -7.565192358461009e-06 6.121596442455195e-05 2.9335752041876845e-05 1.0
0.03754136035298352 0.24062174839505074 0.7499717239697274 -4.375494301540059e-05 0.0002303608965046793 -5.273114400978249e-06 0.00010732072417896045 1.0 0.015314177910839569 0.24787102276653097 0.7538015131248923 9.718056538933e-05 -5.256291174377633e-05 8.376249556482845e-05 0.00014480977239541315 1.0
0.03743464636632226 0.24077583058798505 0.7499888836294377 -1.939635649197101e-05 0.00016888292570338181 -0.00013326337985117103 0.0001497503373651595 1.0 0.015275389508440174 0.24783387516134373 0.7537563990357312 -1.1351404558469363e-05 -5.01115699079778e-05 -2.4948815505941387e-05 7.6075595520274e-05 1.0
0.03742301184562914 0.240854771856194 0.7499660838290152 9.33041228370862e-05 5.096131642775057e-05 -0.0001577235730780514 0.00010806176842116525 1.0 0.01511674920063948 0.2478051404902062 0.7536588231871999 -0.00015485784899434027 -2.9202695064207046e-05 -0.00011372370062707641 0.00018416921917657525 1.0
0.03741929738894202 0.2408989959798638 0.7499592740684847 -2.0381488927439313e-05 6.043244271938721e-05 2.8833728689512837e-05 3.419039076912487e-05 1.0 0.015046150488357824 0.24779652699316404 0.7536045978953566 -0.00011796585012260207 -9.514473484247025e-07 -9.431794337488288e-05 9.421321033066749e-05 1.0
0.03739196299904669 0.24103061089264408 0.7500036753658696 -1.9626180320417037e-05 9.317454565981921e-05 5.49056587224073e-05 0.00014778702012497832 1.0 0.015055190483649419 0.2477824733174704 0.7536214813769252 -6.5107630699869265e-06 -6.747750515612489e-06 1.2858620138609495e-05 1.803450389036394e-05 1.0
0.0373683902005261 0.24110831024599433 0.7500683467444336 -3.0016034294679488e-05 7.921609160758975e-05 9.569206392780503e-05 0.0001106590738866882 1.0 0.015036771800825811 0.24776815115181833 0.7536389360694999 1.635024909298224e-05 -1.1223074963501156e-05 4.7038492192039234e-05 3.105933900666191e-05 0.0
0.03733228011909461 0.241221450489314 0.7501625559540225 -4.358833534211366e-05 0.00011816458492234232 0.00010060746839154889 0.00014312001622268682 1.0 0.01500626559902729 0.24774779539377675 0.7536428502979124 -4.639951226947383e-06 -2.1795492417377528e-05 2.3843619576165975e-05 3.85881761402072e-05 0.0
0.037270378508390156 0.24141304068605052 0.7503618040348735 -7.177163343600161e-05 0.00019574357756065987 0.00019524352115054338 0.0002812100389199975 1.0 0.014920562023343686 0.2477044952471388 0.7536717156219925 -7.073407671919319e-05 -4.710308020488961e-05 2.9917010605601323e-05 0.00010193955063484534 0.0
0.037233790904174495 0.24168832168494628 0.7502997570073568 -4.721798345142371e-05 0.0002782221258723772 -1.2334457295713978e-05 0.00029233971737773894 1.0 0.014796610802374939 0.24771298862048552 0.7537719573354263 -0.00015288731965026935 -3.330996960781105e-06 7.31423198564393e-05 0.00015534851812299937 0.0
0.03680919664359641 0.24277785231587198 0.7501078085345223 -0.00036082302620522074 0.0009877228473615612 -0.00020728262778629467 0.001172173563126191 1.0 0.016450660346965015 0.24775855352932638 0.7555210458516125 0.001376408418964949 4.577624723937123e-05 0.001518372603341596 0.002389134203964964 0.0
0.036480130844528176 0.2431307886437748 0.7503011614178895 -0.0003927797583335933 0.0005807339636695988 8.490912063795951e-05 0.000552320860340876 1.0 0.01748332609901331 0.24791111929981557 0.7566157180870778 0.0013763524217943308 0.0001510053544498789 0.0014325638338762233 0.001592697378062498 0.0
0.03626538513550844 0.24336855082406467 0.7505474456627905 -0.00026265787558607355 0.0002449515429297435 0.0002687224225291155 0.00036116161756554653 1.0 0.01822838605181138 0.24809777616695822 0.7576719237030084 0.0009253994573181978 0.00020371327324495594 0.0011729466350795768 0.0012108331217156668 0.0
0.03610144717232422 0.2437114552356815 0.7509812325707276 -0.00014294119061158131 0.00020355413335826984 0.0004767998061650138 0.0005810069805435532 1.0 0.01844036084507604 0.24846294414918096 0.7589169408142461 0.00017804537385218274 0.000355134063657019 0.00112497370315262 0.0013106156238975623 0.0
0.03591533898159971 0.24403107481698286 0.7513937530496965 -0.00012958498763761627 0.00024390303039535096 0.00048505016134816096 0.0005897230594872898 1.0 0.018110242205754374 0.2486675051252446 0.7598445226224503 -0.0005221625495202917 0.00024837583060657723 0.000836916279604126 0.0010771426535918333 0.0
0.035601924633043555 0.24439032171813277 0.751967598111643 -0.0002678785403099037 0.0003607367757390238 0.0005575998679914089 0.0007334178211489345 1.0 0.017195592259677907 0.24856964300234638 0.7606559751090349 -0.001081928515825014 -7.141259900167479e-05 0.0007165116864424841 0.0012159190698488624 0.0
0.03547833059235263 0.2445835452478506 0.7523997672374492 -0.00018449551051396543 0.00029460932520216645 0.0004154373212319865 0.00046882045203640267 1.0 0.016353432564776126 0.24850063098429137 0.7611146824338051 -0.0009388086944823522 -0.0001448650831812503 0.0005050722959959273 0.0009204996457550098 0.0
0.03499398293311376 0.2453525150911568 0.7538907180923031 -0.0004653311390691538 0.0007348019768587532 0.0013058091375664875 0.0017436371179718716 1.0 0.01361594308854561 0.24781883201008664 0.7618735316506102 -0.002323462076690153 -0.0006455068363505115 0.0007619731501860318 0.002924148277328289 0.0
0.03487406826574904 0.2463136567007916 0.7561126093010415 -0.0001964614085330335 0.0009368997977338163 0.0022626762596865656 0.002462931120417516 1.0 0.011741505323258851 0.24707592631852168 0.7619728662993022 -0.002199012828894672 -0.0008118303797501954 0.00015809642065484075 0.0020875241893172987 0.0
0.03755863346181978 0.24682711576596908 0.7598654566399169 0.0023169391428224245 0.0006630395949112941 0.003757167069811266 0.0046088399529691714 1.0 0.011099342884959462 0.24706055277057803 0.7619260127002783 -0.0008366434562963944 -0.00015847445723613012 -4.8276447421034124e-05 0.0005717542765515753 0.0
0.03734761954577327 0.2506576072971517 0.7617191612813932 0.0006373620299970771 0.003340561187377802 0.0024390542887571262 0.004298955565647445 1.0 0.010876727823435812 0.24703482533647111 0.761746452011105 1.1260480399192456e-05 0.00011032777364508413 -0.00020222659727626925 0.0002525620879436578 0.0
0.037051521013016224 0.2556371843966538 0.7636009983589951 -0.00033834752481030716 0.005192596679528829 0.0017083570773026894 0.005256655153242021 1.0 0.010783009945672115 0.24707668991715157 0.7615950800168476 0.00023003807856061196 0.00016381153853654547 -0.00020833450269278336 0.000260809502785251 0.0
0.03656230168000867 0.2566865074687785 0.766080861934285 -0.0008361740860223992 0.0021043462622554227 0.0020192092322589635 0.0028159120735651143 1.0 0.010750245897428371 0.24712457724880366 0.7615338665280996 7.947907009641544e-05 9.492727431344936e-05 -5.804044263607946e-05 0.00011303815170445345 0.0
0.04325703351060239 0.26142240255087035 0.7636339854848739 0.005370178872829723 0.0038037248738752374 -0.0018885255513431147 0.008420694296268644 1.0 0.01072003146615771 0.24722372195980905 0.7614725351390377 -0.0001725453062307804 4.8586410336783587e-05 1.2418001120461947e-07 4.076772499391379e-05 0.0
0.047095941164593064 0.2632171338687097 0.7631430632190913 0.005214358058801586 0.0020335106677929543 -0.0012907928727477673 0.004568540112595537 1.0 0.010707841052350611 0.24725962233972396 0.761452020185179 -0.0002998869811479054 -5.508658306425376e-05 3.7862694848553205e-05 6.0714424083290635e-05 0.0
0.05078204611340474 0.26495443635895444 0.7640931540525955 0.004443050787219888 0.0013884580216208052 0.0006320404656545051 0.0038784334646816965 1.0 0.010693719747706982 0.24730318842360122 0.7614243890690516 -1.2272317525696078e-05 2.2878465076654753e-05 -5.6521081896396806e-05 6.769105514583705e-05 0.0
0.05424024202724359 0.26652987708385234 0.7643938082562993 0.0033754927361286844 0.0014213781169364393 0.0009038678563785285 0.003848066326105431 1.0 0.010667801887754192 0.24737136686850342 0.7613914275454144 4.3295557267370105e-05 0.00010296996841451488 -4.802151143388643e-05 7.66589999906058e-05 0.0
0.05577154511015573 0.26707619031391683 0.7641199664046416 0.0009136333681943804 0.0009070794334188775 0.00014918117434733038 0.001795614669933508 1.0 0.010660772715793227 0.24739135041444033 0.7613738133066624 1.0987387018636494e-05 2.4586573174854748e-05 -3.925449545377877e-05 2.9106974214435132e-05 0.0
0.057986438176227915 0.26769311942329455 0.7633542120538733 0.001420577084086366 0.0004949738606097077 -0.0005901324944074106 0.00237394439617408 1.0 0.010660976128638474 0.24739685978535825 0.7613613744450693 7.049781812504106e-06 9.532220566664657e-06 -1.4263938735028576e-05 1.0969637869690494e-05 0.0
0.05994369709535295 0.26821969645425686 0.7624927760602727 0.002044089919337776 0.00038206192586348175 -0.0012038699803678665 0.0021173695953765267 1.0 0.010651549171133408 0.24741648906368277 0.7613137769487268 -1.9316577261117938e-06 1.470456701199397e-05 -3.6721046162653076e-05 5.088170978297018e-05 0.0
0.061107348086945935 0.26855480542229354 0.761871766003035 0.0018937176654241633 0.0006682786398083472 -0.0011682401449142157 0.0014845677884883241 1.0 0.010638392876837932 0.2474322529494554 0.7612827610640223 -1.1867942128858164e-05 1.7881537296554478e-05 -3.699448604709266e-05 4.2226398045363365e-05 0.0
0.06156553121302336 0.2686102702867406 0.7613919355975723 0.0004099980718396236 -4.212679769675324e-05 -0.00024238264159585346 0.0005602655196195183 1.0 0.010637427819789538 0.24743435970568514 0.7612781723455313 -3.7345788846681183e-06 2.7975645794480733e-06 -8.195406053977936e-06 2.199499846703738e-06 0.0
0.06192261590744061 0.26823351732207906 0.760213533743735 0.00027994882092492474 -0.00029367336957039224 -0.000825110621983701 0.0012923806090704686 1.0 0.01063625204790106 0.2474325563415834 0.7612789755891466 -2.2660329793207852e-06 2.340336837527422e-06 3.4727942252952686e-06 0.0 0.0
0.062048191659270086 0.267815570150913 0.7595122885246864 2.3131911698170103e-05 -0.0005063950401580509 -0.0008370962333792951 0.0009262721432817837 1.0 0.010634965330340914 0.24743063022054823 0.7612803652463228 -6.300147990541727e-07 -1.8578261607846806e-06 7.466352681859285e-06 5.812431838749606e-06 0.0
0.062107668680340566 0.2668691874665873 0.7579780402918229 -2.3751113019004552e-05 -0.0009777297825803635 -0.0014824591503406895 0.0017156529752897789 0.0 0.010623284336481706 0.2474415315206387 0.7612910199688316 -7.775300464202871e-06 4.402262835561471e-06 1.2802714887739142e-05 1.945700248917972e-05 0.0
0.062228031774419115 0.2661852587449996 0.7575115702161628 0.00026156058501494955 -0.000752030846924823 -0.0007459368728417175 0.0008702358627253784 0.0 0.010606778033165232 0.24745716267376075 0.7612902234839737 -1.746787426557919e-05 1.7188288843561742e-05 -9.846459213848154e-07 2.1474823658985046e-05 0.0
0.06319075117930589 0.2647410910386185 0.7566309733158313 0.0009073203894844899 -0.0013033370395545848 -0.0007305265739307426 0.0019042227732602814 0.0 0.010582025520206994 0.24748094905781465 0.761274216273595 -2.7261065183798594e-05 2.7491270479873143e-05 -1.989862625356085e-05 3.757076835569482e-05 0.0
0.06422431045691608 0.26455844611739315 0.755441716155754 0.0011312920225627875 -0.0004044140246879974 -0.0010390415923750877 0.0016473866454688037 0.0 0.01056750860701768 0.24748415766084017 0.7612767176430251 -1.8072980819727505e-05 8.076438185987409e-06 -3.293034900928085e-06 1.6032389433150256e-05 0.0
0.0651315454033307 0.26464260193916256 0.7543924970503993 0.001015415421341258 0.00016905094655417582 -0.001113480235421071 0.0013579137900281155 0.0 0.010544897162942442 0.2475099775576477 0.761294896896276 -1.919968966339084e-05 1.8619734783671813e-05 1.765436364418355e-05 3.759698119288571e-05 0.0
0.06554255490419693 0.2646991882764434 0.7539460674027956 0.00046756937878891195 0.0002451616904442177 -0.0006248395044042907 0.0006088974263193586 0.0 0.010519303852433198 0.24755500397007815 0.7612927325889178 -2.3705814463807413e-05 4.1142270704035685e-05 5.747165159119053e-06 5.321402061254467e-05 0.0
0.06576100558023154 0.26472126634281373 0.7537086543067765 6.238128223579265e-05 0.00010307698750135823 -0.00018202405755903374 0.0003038486381441198 0.0 0.01048345472130204 0.24761126129084296 0.7612939919217084 -3.4516178439356755e-05 5.881632634151014e-05 2.170353202929347e-06 6.659398332237137e-05 0.0
0.06582593436550617 0.2647118152603158 0.7536495267445725 -8.904662142930413e-05 -9.880056007946199e-05 1.4306702923632775e-05 0.00013619042939971946 0.0 0.01046601444660381 0.2476336509611033 0.7612817307620319 -2.272236572607281e-05 3.308384255260739e-05 -1.1859936389526542e-05 3.07153292620879e-05 0.0
0.06580675660531894 0.26467202911617244 0.7536396275934218 -5.149406731506634e-05 -0.0001568397956730579 0.0001286985469097781 1.7773048920336973e-05 0.0 0.010455550920978619 0.24764495969967926 0.7612789213091604 -1.0542524826510664e-05 9.514889707656562e-06 -9.406957990034856e-06 1.4080893727414108e-05 0.0
0.06564092367748703 0.2646146426607343 0.7536909259629536 -6.0155954952428e-05 -0.0001512542665148269 -2.2477552228246064e-05 0.00018589092166119536 0.0 0.010447901679825925 0.24765091993487304 0.7612783093997357 -4.5087432716753695e-06 -1.972711163566669e-06 -2.0632244746706583e-06 1.1294295613711858e-05 0.0
0.06547404339899936 0.26461250534167163 0.7537558211280745 -0.00012876438060593302 7.603081775104975e-05 -1.94458740005103e-05 0.0001752986705758372 0.0 0.010450874485411682 0.247656906689602 0.7612720642777592 4.72326245368371e-06 -5.66922823077373e-07 -1.3035813237740346e-06 9.648756336451903e-06 0.0
0.06532140975576793 0.2646141779497515 0.7538356546467105 -0.00014503057501930798 3.196004906152753e-05 5.566530241316297e-05 0.00017537926518651644 0.0 0.010459240617199283 0.2476657225664978 0.7612635620590394 8.163266425134766e-06 1.1233904602394276e-05 -6.481356919119778e-06 1.4316391812964746e-05 0.0
0.06519808245310288 0.2646078995504433 0.7539032827166634 -0.00013712293347536856 6.104858207413766e-06 9.294179648520183e-05 0.00013672504755594408 0.0 0.010472270673186049 0.24768051223934343 0.7612443521717278 1.2005697349686447e-05 1.967901367578976e-05 -1.980079678834978e-05 2.6766304826031706e-05 0.0
0.06508524878037411 0.26459555100804255 0.7539614693249334 -9.953263124600219e-05 -9.916455183268916e-06 6.254581398544779e-05 0.00013263482682331496 0.0 0.010486069721750067 0.24769525396738012 0.7612226261216873 1.3202382447176972e-05 1.8565998350523036e-05 -2.3838408846117363e-05 3.046365764310259e-05 0.0
0.0649727291498533 0.2645761222246401 0.7540206118232214 -0.00010410582961334228 -2.5595239201299286e-05 6.150202526986569e-05 0.00012963806295693134 0.0 0.010506170242860637 0.24772996614148513 0.761179539971307 1.9893153796213267e-05 3.080644998270546e-05 -4.2458382993203306e-05 5.821505794776277e-05 0.0
0.06494394727582502 0.26457206364205665 0.7540382494359273 -4.497270890445848e-05 -1.5305295659059674e-05 2.27662827358143e-05 3.230240332684454e-05 0.0 0.010513404205894515 0.24773971829924082 0.7611689371672355 9.046740228106656e-06 1.5111070305322953e-05 -1.7158612333948372e-05 1.7404270634649827e-05 0.0
0.06493299012044891 0.26456241411965176 0.7540555131302731 -1.5916393446815826e-05 -8.969608427963252e-06 1.550436954583245e-05 1.9995828727883553e-05 0.0 0.010515992575651004 0.24774694664113664 0.7611603201019156 1.3670248507147772e-06 5.297495832252528e-06 -5.5024773763384925e-06 9.59823023238458e-06 0.0
0.06492930879565374 0.26455065962929764 0.754058936057356 4.124328604196984e-06 -5.241730905356163e-06 3.07483280566106e-06 1.487300752970252e-05 0.0 0.010518286826722803 0.24774765805605367 0.7611597276514278 3.219824734296201e-07 -2.314774842722666e-06 3.3175998288189106e-06 3.4090144395768085e-06 0.0
0.06493258069844658 0.26453946119538724 0.7540729143618791 5.206893930782402e-06 -1.0707238608626466e-05 1.2433971413074066e-05 1.9796947012710667e-05 0.0 0.01052093127399187 0.24774332210816732 0.7611580754527674 1.6816962127376288e-06 -6.521121026655693e-06 1.9922892799020335e-06 6.129307241505927e-06 0.0
0.06493481844270983 0.2645079239806197 0.7540778114129391 -1.425710905015947e-06 -3.0092047496430413e-05 8.914908701097038e-06 3.0334887005729715e-05 0.0 0.010522454864985754 0.24774176256332206 0.7611554201160333 2.6147986402088437e-06 -2.5793953157810434e-06 -3.433557890974513e-06 3.1949788982607568e-06 0.0
0.06494122278190406 0.2644903717256788 0.7540930811727792 -1.9824560214080358e-06 -2.3585424656766456e-05 1.6928064603351543e-05 2.33416465334863e-05 0.0 0.010520710044363502 0.2477435825842963 0.7611497738534732 1.840578304902256e-07 3.4163421622507057e-06 -8.589320679780014e-06 5.0115489572053325e-06 0.0
0.06495205771377187 0.2644646633002029 0.7541145263035773 7.566747272995275e-06 -2.499891298212425e-05 2.271700932612114e-05 3.600406187529478e-05 0.0 0.010520146182127767 0.24774218804562498 0.7611480632229566 -3.04338819351318e-07 2.3605564537242625e-06 -5.560193122635001e-06 3.275322987108865e-06 0.0
0.06495522785884694 0.2644628571300826 0.7541141019718711 9.832897650578973e-06 -3.360472094485373e-06 2.1666622485702313e-06 4.017731432924874e-06 0.0 0.010521401466204299 0.24773972814887796 0.7611460347214999 -9.906522878902824e-08 -3.0422373802491403e-06 -1.4595784727327828e-07 3.0067750266755456e-06 0.0
0.06495378068677368 0.2644493287202524 0.7541093133763157 -6.923426235643699e-07 -8.054856361351958e-06 -6.5361925930751715e-06 1.3549949967700357e-05 0.0 0.010524873143919748 0.24774257775205222 0.7611334911042522 3.3032024074623935e-06 1.6522913168442747e-06 -1.0377652145854414e-05 1.3495544841478119e-05 0.0
0.06495063457361296 0.2644435091566689 0.7541099165747354 -4.32842677182622e-06 -5.2469836030707466e-06 -4.629955173531252e-06 7.65524886517258e-06 0.0 0.010517626051911203 0.2477667582489157 0.7611333397217321 -4.822683656426482e-06 2.081626802052057e-05 -2.4881373831668974e-06 2.53888928297797e-05 0.0
0.06493967157190644 0.26440956161570783 0.754136172828723 -1.0936986334380194e-05 -3.058571544027871e-05 2.219572216352132e-05 4.3664327353940905e-05 0.0 0.010519480512402344 0.24777375182719175 0.7611135298164369 -4.5390798099947023e-07 1.2684188101283314e-05 -1.6702715795719288e-05 2.11988730861139e-05 0.0
0.06492483365619843 0.2643570409106274 0.7541337592366353 -1.5422490397258523e-05 -5.594830528111432e-05 6.601837120374143e-06 5.550249083784083e-05 0.0 0.010524397129170427 0.24777258115108705 0.7611046276583292 4.152452988601311e-06 6.902121815316131e-07 -1.209217682856136e-05 9.645263000199193e-06 0.0
0.06491033657550305 0.26430608250891763 0.7541030677321301 -1.4674339699770944e-05 -5.7251346405533975e-05 -2.458153760327267e-05 6.012345072985995e-05 0.0 0.010529227935722248 0.24776815867865296 0.7610988925177887 5.7692960633459424e-06 -7.314827908803848e-06 -6.289759640103327e-06 8.695162203014918e-06 0.0
0.06491020218026795 0.2642724548015243 0.7540989001711482 -1.6220681103993488e-06 -3.8562155379253397e-05 -1.4828317022252763e-05 3.426085403031779e-05 0.0 0.010534899605966564 0.24776543407328494 0.7610837967896839 6.749866080272595e-06 -7.052549227038803e-06 -1.1891155752256919e-05 1.6929309644163405e-05 0.0
0.0649109819576015 0.2642428321145027 0.7541283163434171 3.0926609389355483e-06 -2.3884128606913158e-05 2.066569121071145e-05 4.082741687235711e-05 0.0 0.010535211275693157 0.24776820375240058 0.761076080438438 1.4314168166294806e-06 1.3329702048692639e-06 -8.955428816392761e-06 8.517518150230662e-06 0.0
0.06489910023393959 0.2641717526117346 0.7541780046021727 -7.467424678118271e-06 -5.921102007408666e-05 5.469694411536719e-05 8.894709885848195e-05 0.0 0.010541148599030093 0.24776365189929567 0.7610614602201491 3.6449127583886606e-06 -6.91056187993875e-08 -1.380812436082589e-05 1.5394083603364244e-05 0.0
0.06490021544757893 0.2641640794384647 0.7541782820051305 -2.122332355580149e-06 -1.964121509941197e-05 1.9501497096033663e-05 9.48269451202919e-06 0.0 0.010542733082537462 0.2477607459779846 0.7610590478323191 1.225481960220223e-06 -7.884006201130298e-07 -4.425316715242544e-06 4.670278702673308e-06 0.0
0.06490173233880843 0.2641592335541334 0.7541898260247203 -8.694075096047584e-08 -4.823004309399625e-06 7.683488063767699e-06 7.954375212507744e-06 0.0 0.010548346560100261 0.2477571360984206 0.7610547903388079 5.654037147334174e-06 -5.156533486756049e-06 -4.044165987974094e-06 7.687023690918733e-06 0.0
0.06490886583755405 0.26413466130678137 0.7542352442513494 6.305188375600967e-06 -1.6965871624662574e-05 2.9026139393193073e-05 5.366573321694517e-05 0.0 0.010546184730852158 0.24775578832849796 0.7610464853942862 -3.91937634408277e-07 -2.7659630264480853e-06 -5.594389883178413e-06 8.919725861191114e-06 0.0
0.06491179567299542 0.2641308448037584 0.7542452697685066 5.314209562950103e-06 -5.85842673994584e-06 1.402313859821372e-05 1.5335327269448142e-05 0.0 0.010545119651292985 0.24775451261883621 0.761044075000788 -1.870062138692417e-06 -1.1322957167750786e-06 -3.7647285937737557e-06 2.978924816954445e-06 0.0
0.06491693139084176 0.2641128543200497 0.7543022912930101 5.885933494478327e-06 -1.6252463405301253e-05 5.3661739091669776e-05 5.517512036580281e-05 0.0 0.010548928492378611 0.24775891839764438 0.761031450165766 2.3301203505267463e-06 4.467238500992347e-06 -1.2055973173650062e-05 1.355899602164686e-05 0.0
0.0649209349121612 0.26407989553485106 0.7543803106255447 2.940514454268331e-06 -3.564990827314799e-05 8.304331713571008e-05 8.540040922723297e-05 0.0 0.010547912327755473 0.24776226316273436 0.7610313746545847 8.196588140645344e-08 4.683790499091264e-06 -2.930694219314261e-06 3.8619824628674445e-06 0.0
0.06492002949058599 0.2640282996782583 0.7544846096915597 -1.6776132137680435e-06 -5.483057742665532e-05 0.00010707738096482177 0.00011883760794795554 0.0 0.010549591287109795 0.24776328559161603 0.7610269956371223 1.988600384944538e-06 1.2135031914368383e-06 -3.3096797464086187e-06 4.552442070696928e-06 0.0
0.06491201923874668 0.26395327020468284 0.7546378182875163 -7.050489713441013e-06 -7.180437654379439e-05 0.000149084156164617 0.00016873721212657354 0.0 0.010552753529785385 0.24777367471697623 0.7610117246840419 3.0074329979831015e-06 8.518815556714205e-06 -1.210422666039741e-05 1.8545206635073225e-05 0.0
0.0648960601195365 0.26389204915224757 0.7547173996106714 -1.6281499326670495e-05 -6.8945818876175e-05 9.949480263674761e-05 0.00010280236690231659 0.0 0.010555387547038105 0.2477808807890618 0.7610028512017528 3.065783336990779e-06 8.103614570976929e-06 -1.1536947333104744e-05 1.2545188995259946e-05 0.0
0.0648891516054682 0.2638699442563863 0.7547723769577389 -9.831684122173053e-06 -2.74793549093141e-05 5.054457964986821e-05 5.794550777486635e-05 0.0 0.010547789184777744 0.24779750071876872 0.7610048658762817 -6.61155998431507e-06 1.5713081622693413e-05 -4.985929533136012e-07 1.7642848984918464e-05 0.0
0.06488148882114438 0.2638473437945755 0.7548126057313775 -7.01005122914993e-06 -1.0659272760760143e-05 2.2635382142737274e-05 4.663849083773873e-05 0.0 0.010545783666797995 0.24780009249015772 0.7610029251966438 -4.0855136911297865e-06 5.776262970308035e-06 7.041965634675676e-07 3.874438837557117e-06 0.0
0.06487570486982136 0.26383683116292406 0.7548364203384562 -3.7996973037783423e-06 -4.577147151994817e-06 1.7343308728965197e-05 2.9897155901540757e-05 0.0 0.010542746203423527 0.2478034262140035 0.7610000726972626 -3.3274099822309953e-06 2.1581372921076925e-06 -1.4307118815271208e-06 5.358577283192241e-06 0.0
0.06485928352587407 0.2638201233574362 0.7548640168901442 -1.3404750395714358e-05 -1.4177492476797286e-05 2.641913927340457e-05 3.4741153326173947e-05 0.0 0.010539362400058944 0.24780588975110684 0.7609986224371639 -3.2580460850016146e-06 3.7742094495826165e-07 -9.175542376578433e-07 4.71866353262595e-06 0.0
0.0648467405274275 0.26380659738615503 0.7548668900737231 -1.4743480746341388e-05 -1.9279216057889173e-05 1.5208882808837908e-05 1.7358632101548043e-05 0.0 0.010537498771561094 0.24780789697585617 0.7609964091586655 -1.0988459098501686e-06 1.2133752441381118e-06 -3.783293510506676e-06 3.43040955099253e-06 0.0
0.06482945009029943 0.26379731915102594 0.7548691188829796 -1.8536292596711667e-05 -1.548726309789389e-05 7.061580472044244e-06 2.0250625964742094e-05 0.0 0.010535817335822732 0.24781089187136215 0.7609922463172987 -1.002216593068958e-06 3.7991442982513453e-06 -5.290091367080656e-06 5.3261457697897075e-06 0.0
0.06479666013774688 0.2637892387475041 0.7548688139710892 -3.155504872462817e-05 -7.736028899355031e-06 -5.158970833726731e-06 3.390603085894365e-05 0.0 0.010535249265091293 0.24780897429584223 0.7609952153910242 -8.6410711005891e-07 -2.508395712993091e-07 2.3771726312454983e-06 3.4071465943525726e-06 0.0
0.06474991800489335 0.26379536748072113 0.7548758292639819 -4.609260167218315e-05 7.038726318480053e-06 5.101386665257732e-06 4.817226573773913e-05 0.0 0.010533629336476372 0.24780927429339533 0.7609944930826229 -1.94634779501312e-06 2.3040868374093339e-07 1.337187383405845e-06 2.055375432518537e-06 0.0
0.06471821714494015 0.26379834833939864 0.7548789214814725 -3.713752490864894e-05 5.697377890088236e-06 5.401795600574487e-06 3.216434540595035e-05 0.0 0.010533851147771252 0.24781006114419657 0.7609941065534235 2.467340468656903e-07 -4.426455985238732e-07 -4.2012440006918396e-07 7.241038158480133e-07 0.0
