0.06343603395334518 0.2795615655459953 0.7644069408789205 0.0 0.0 0.0 0.0 0.0 -0.017072114322360304 0.27977660619907474 0.7642362590550037 0.0 0.0 0.0 8.199014577534655e-07 0.0
0.06343387189372725 0.2795494305108594 0.7644358389158485 -2.1620596179355855e-06 -1.2135035135918404e-05 2.8898036928071136e-05 3.141703547182078e-05 0.0 -0.017086468736225786 0.2797759499858348 0.7642307754309862 -1.4354413865481225e-05 -6.562132399134946e-07 -5.483624017532662e-06 1.3370070216401641e-05 0.0
0.0634313857979683 0.2795447310340349 0.7644398957018844 -2.4860957589523114e-06 -4.699476824521209e-06 4.056786035877558e-06 6.687545699865068e-06 0.0 -0.017091895969949443 0.27975641023278913 0.7642508712939909 -5.427233723657304e-06 -1.953975304569422e-05 2.0095863004776504e-05 2.9992344042770327e-05 0.0
0.06343007896448419 0.27953629990762885 0.7644465640921352 -1.30683348410765e-06 -8.431126406027722e-06 6.668390250763601e-06 1.0828625709945003e-05 0.0 -0.01709039107022668 0.27976337708118365 0.7642448465612003 1.5048997227644356e-06 6.966848394518443e-06 -6.024732790654852e-06 1.0297635510001936e-05 0.0
0.06343236128556592 0.2795352833313811 0.7644542420805993 2.2645879540769297e-06 -1.7744506616354134e-06 9.252945664640979e-06 8.07427542525514e-06 0.0 -0.017090145760812553 0.27977204592125243 0.764235593813371 -2.726149506066764e-08 1.0580443194836103e-05 -1.1500688649717398e-05 1.084315052910512e-05 0.0
0.06343734704852934 0.27953586656826307 0.7644510014858819 5.045794375560929e-06 1.1442989448297363e-06 -3.5081473705313336e-06 5.974901815982867e-06 0.0 -0.017092156053660695 0.27977710225083663 0.7642291466407367 -2.2016126890144927e-06 3.7751173182102742e-06 -5.140720432918384e-06 8.51973623658744e-06 0.0
0.06344277884901847 0.2795356141893204 0.7644485466061968 5.635477099102509e-06 -4.91087868151104e-07 -1.4143249183210663e-06 6.197213673107925e-06 0.0 -0.017090611920748237 0.27977705663239505 0.7642211469273631 -6.120686888669543e-07 -1.0960914858710306e-06 -7.245116981699238e-06 9.537068083282891e-06 0.0
0.06344620664178818 0.2795347460026785 0.7644477165463436 3.3604497254086188e-06 -8.834265843582456e-07 -2.49194014770166e-06 3.578367564002962e-06 0.0 -0.01708070638130843 0.2797742365073451 0.7642188985606864 9.862710184458785e-06 -5.598339057148161e-06 -8.47228157974942e-08 9.689320573358056e-06 0.0
0.06344924736039335 0.27953527558597707 0.7644456444965607 2.2830342394091485e-06 -1.1244004014890741e-06 3.9361288971172747e-07 4.378180828037884e-06 0.0 -0.017058876972280864 0.27976483897994475 0.7642238116223994 2.0135648025962192e-05 -1.1898235752124964e-05 6.547415347258022e-06 2.400732254458893e-05 0.0
0.06345147496878151 0.27953543689748206 0.7644443281390088 1.4380682751424977e-06 8.036382877399391e-08 -2.283925309654014e-06 2.3421765814748643e-06 0.0 -0.017041136278830388 0.2797670307568673 0.7642271257758888 2.189935942341146e-05 -2.142815840213226e-06 7.361020524713537e-06 1.904328379128824e-05 0.0
0.0634535271955701 0.2795363595923839 0.7644423132112301 1.675936647909829e-06 5.241514032827845e-07 -8.641879818225753e-07 3.0712952682063744e-06 0.0 -0.017023232752732296 0.2797674176799716 0.764231786981645 1.9132413702696397e-05 4.133021394908061e-06 3.1844403842540526e-06 1.7607844375731416e-05 0.0
0.06345402057685685 0.279534619699482 0.7644421448007502 9.585685983738622e-07 -6.602849728026759e-07 -4.74187870683082e-07 1.8449017186761453e-06 0.0 -0.017010060142321665 0.2797672152892189 0.764235670520155 1.2219518181097853e-05 1.903353048586502e-06 3.3519045747820663e-06 1.3979805218979365e-05 0.0
0.06344976303948126 0.2795331388163309 0.7644379948427866 -3.423373358887038e-06 -1.7512782767505788e-06 -4.225222632184525e-06 6.013522384849546e-06 0.0 -0.017002696386186775 0.27976678798811755 0.7642381467843605 5.496422855848702e-06 -5.132473440468183e-08 1.7687461989154349e-06 8.060380130492934e-06 0.0
0.06344315389105123 0.279534504015518 0.7644396704735916 -6.976507245169135e-06 5.301582147311427e-07 5.95935499301444e-07 7.141534447179988e-06 0.0 -0.016994457475772454 0.2797654414529824 0.7642417788603529 6.17483041107756e-06 -2.1081258626003924e-06 2.501803006564028e-06 8.97204359848512e-06 0.0
0.06343862139400283 0.27953632331461337 0.764439487269663 -5.782509690576278e-06 2.0955560929875153e-06 5.431091011230614e-07 4.798438454170716e-06 0.0 -0.01699112408457614 0.2797652664255586 0.764242454548306 4.274422510698592e-06 -1.517184060812288e-06 1.44385167034866e-06 3.4175674408589166e-06 0.0
0.06343596614904609 0.2795389771038903 0.7644377455141083 -2.773589478112933e-06 3.2203652897733545e-06 -1.2778974100103582e-06 4.002824554737717e-06 0.0 -0.0169885360047712 0.27976422371825355 0.7642439478170638 3.405529217368547e-06 -1.230240575833333e-06 1.5704265294813155e-06 3.1258284238306057e-06 0.0
0.06343352572279357 0.27953927841908693 0.7644379995402019 -1.43572552967884e-06 9.918163591555012e-07 -2.1933749366260054e-07 2.5885308450959843e-06 0.0 -0.01698782499630379 0.27976386529294894 0.7642439512867882 9.438619685365467e-07 4.758032622846877e-07 4.338614244749873e-08 7.35084963504296e-07 0.0
0.06343155183815494 0.2795385951285645 0.7644395688952984 -1.1329063949890138e-06 -9.77127210296358e-07 1.2409797134360723e-06 2.6914557125388623e-06 0.0 -0.016988886389923442 0.27976543215463123 0.7642458015653346 -6.587174783938045e-07 1.268542573053106e-06 1.6034972883298947e-06 2.70356144639962e-06 0.0
0.06343079222647664 0.27953975800328557 0.7644384559779024 -8.765488216757849e-07 -1.3481309581575293e-08 -4.955216083686364e-07 1.712118585583959e-06 0.0 -0.01699504587471109 0.27976535354256804 0.7642455270716351 -5.826146201854017e-06 4.4695646721482404e-07 2.294793954344271e-07 6.23931453766544e-06 0.0
0.06343118254088126 0.2795423142436679 0.7644357222725935 -2.1565120337243708e-07 2.3733474593973293e-06 -2.7540768240183893e-06 3.7085342407217473e-06 0.0 -0.017000167994197235 0.2797648991150564 0.7642447827731198 -6.110451550215419e-06 -4.3484530145486337e-07 -6.712207876494495e-07 5.163102625242681e-06 0.0
0.06344078209060977 0.27955594268509626 0.7644380475877668 8.229593973205799e-06 1.2818144651435292e-05 1.4465101073646392e-06 1.6801069184449264e-05 0.0 -0.017007353116578007 0.27976026582210733 0.7642424350440145 -7.014808194267228e-06 -4.355096485651879e-06 -2.2722692215581984e-06 8.743205567973962e-06 0.0
0.06345351901915396 0.2795606912183436 0.764452163274029 1.380088984546507e-05 8.065986221933952e-06 1.255061908220414e-05 1.993600189643018e-05 0.0 -0.01701109776769519 0.2797576864762967 0.7642355514295955 -4.4047351263798215e-06 -3.6519422598387598e-06 -6.775621255652803e-06 8.349981298001403e-06 0.0
0.06345658242418209 0.2795507358933234 0.7644671022263024 5.9690825160149745e-06 -7.785208016196686e-06 1.709697818504456e-05 1.7907334694500145e-05 0.0 -0.017014715890754893 0.27976171834577795 0.7642282014361246 -2.808693756233179e-06 2.787177564705518e-06 -8.021707806916929e-06 9.149738172362006e-06 0.0
0.06345672118934044 0.2795407241233942 0.7644824886393244 -6.397846126930151e-07 -1.3610367668373283e-05 1.7387710122305544e-05 1.8098653036951136e-05 0.0 -0.01701636143720194 0.2797589482884057 0.7642293065099189 -1.2352392661019082e-06 -4.115963070136985e-07 -5.944724754120416e-07 3.4190344332454804e-06 0.0
0.06345470918205862 0.27953265068891076 0.7644960058673889 -4.215010923555535e-06 -1.1359310542234288e-05 1.3752154472605808e-05 1.6251976542700634e-05 0.0 -0.017016705365199218 0.2797594958716137 0.7642276713149588 -2.142939986232401e-07 4.847069459477205e-07 2.3197381064863283e-07 1.5830589360511166e-06 0.0
0.06345089183338633 0.2795251843210903 0.7644975972122328 -5.268876508147415e-06 -7.367786211274577e-06 1.3626949548974992e-06 8.673226055401304e-06 0.0 -0.017016893109977567 0.27975805295364037 0.7642285176022198 -2.8283777041503055e-07 -1.4361237678607087e-06 1.5453431776424178e-06 1.8582424321227914e-06 0.0
0.063450487634984 0.27952575709871746 0.76449765937465 -8.203863111006235e-07 1.8873854956881164e-06 -2.947042637114419e-06 3.4415825047131813e-07 0.0 -0.017011842370727955 0.27975370289537277 0.7642270130635033 4.2597167868472995e-06 -4.590398368917103e-06 -7.156067377567275e-07 6.830678707399525e-06 0.0
0.06344987685583924 0.27952509154878685 0.7644992123484653 1.4470276876829284e-06 2.9344244746786156e-06 -1.965643740234269e-07 1.8059898235269347e-06 0.0 -0.017004389463376547 0.27975038143008685 0.7642328868402715 7.501485008339464e-06 -4.418191358502414e-06 4.004923065630346e-06 1.0126709543647359e-05 0.0
0.06344950707898846 0.27952284155029283 0.7644895226847375 7.615921062430523e-07 -1.8770396493748808e-06 -7.119734984904004e-06 1.0228607519551156e-05 0.0 -0.016997335030391157 0.2797507938779455 0.7642354115092374 8.029784683478256e-06 7.269861950142437e-08 2.921194314857456e-06 7.363041196358544e-06 0.0
0.06344851889022902 0.2795199081310474 0.7644827591299022 -1.1864935103316659e-06 -4.481434417204793e-06 -7.278723505904522e-06 7.5791153224018895e-06 0.0 -0.016989682845006706 0.27974952514848206 0.7642378260657239 7.658970710530949e-06 3.723580545469153e-08 2.756003046794509e-06 7.986308739588453e-06 0.0
0.06344367857491669 0.2795214501584285 0.76448204428498 -4.68504212058441e-06 -1.891532740068825e-07 -1.2454617280485319e-06 4.6117076302901395e-06 0.0 -0.016981674765919278 0.2797435467310629 0.7642495241176561 7.629884561870074e-06 -5.166763365319613e-06 1.0577345152853344e-05 1.5491696255808363e-05 0.0
0.06343720822448137 0.2795166517428195 0.7644768656907267 -7.28488997431779e-06 -3.8390688810853414e-06 -3.3455168401220503e-06 9.529826579905304e-06 0.0 -0.016960723456596622 0.2797176830853641 0.7642856646824251 1.8639588050927057e-05 -2.3495925014687888e-05 3.330765201852536e-05 4.917913532823436e-05 0.0
0.06343258317648875 0.2795111516642894 0.7644715363585385 -5.7486901999056614e-06 -5.536666966067842e-06 -5.147344363988427e-06 9.510292558803022e-06 0.0 -0.016925838260623983 0.27965987242438367 0.764316877976047 3.456421707881805e-05 -5.7220157551657705e-05 3.632478103102327e-05 7.488686463745689e-05 0.0
0.06343207859447111 0.27950925611369815 0.764469231382019 -7.46171833433594e-07 -2.485942696266125e-06 -2.6621748321062064e-06 2.893185600440474e-06 0.0 -0.01687017847053969 0.27957602415080685 0.7643411776567783 5.658931105556426e-05 -8.749683493432817e-05 2.7617032485475705e-05 0.00010293691359726393 0.0
0.06343085766881432 0.27950741233231907 0.764462371280994 7.611214697304388e-08 -1.8427047133908398e-06 -6.403446325007705e-06 6.7020332776739755e-06 0.0 -0.016729205650114626 0.2793327073556299 0.7643005457305414 0.0001336223089983207 -0.00022770414297595948 -3.330302186499529e-05 0.0002824853902839361 0.0
0.06342903523943387 0.27950077253435074 0.7644537634378669 -8.17553461940441e-07 -5.4529233767617545e-06 -9.606836082276158e-06 1.1502410150148175e-05 0.0 -0.016534572395600366 0.2789256304064847 0.7641691350701969 0.00020038428773099608 -0.00040710922876689465 -0.00013189521884364282 0.0004737668313802416 0.0
0.06341385863096341 0.27948235520673903 0.7644359083204675 -1.3484414846479575e-05 -1.687710564587015e-05 -1.678141644945176e-05 2.9754194823822866e-05 0.0 -0.016232726471189018 0.27818662015936035 0.7638466684450664 0.00030220915051137144 -0.0007299169805010778 -0.0003180321757580428 0.0008583102652934707 0.0
0.06339880878905449 0.2794457737542057 0.764405459281529 -1.7827397972677752e-05 -3.6143039209681206e-05 -2.997608625533341e-05 4.9926143363946876e-05 0.0 -0.01595170170074717 0.2774417922079183 0.7634328112606693 0.00030237396682602407 -0.0008056558412944422 -0.0004374688063662115 0.0009021725637545586 0.0
0.0633877413707253 0.2794140957642722 0.7643726073591601 -1.3674711224756902e-05 -3.7141269664734216e-05 -3.558889623394617e-05 4.711680952791271e-05 0.0 -0.015624530799745791 0.27611195073730216 0.7626231916770125 0.0003218263571658582 -0.001272388465996631 -0.0007814259874728968 0.001575802301198724 0.0
0.06328777954149294 0.27919330070406306 0.7641739103357109 -8.660370641530745e-05 -0.00019521425193432988 -0.00017657873792511494 0.0003102444303665841 0.0 -0.015537196248161318 0.2718842061404894 0.7593444983729252 0.00011339417082290604 -0.0038739859237597795 -0.0029826984801506265 0.005338325264317909 0.0
0.06323943551701657 0.2787906686135911 0.7636939869178192 -6.616444049136573e-05 -0.0004013062032651826 -0.0004626387283213942 0.0006342707296782525 0.0 -0.016325607358611223 0.2693763814859983 0.7569451257526134 -0.000706908735339564 -0.003186928077606201 -0.002895065770243333 0.003684404960297387 0.0
0.06333629971421141 0.2786266047017617 0.7634072069712682 7.401202591559878e-05 -0.00024366436108012805 -0.0003722838526223721 0.0003497781558489743 0.0 -0.01710090953128706 0.26775190060597 0.7555184931486323 -0.000932433419699809 -0.0018363549370070717 -0.0017171222918511706 0.0021299408095811307 0.0
0.06338697189504566 0.27856402941253705 0.7633351572963606 8.371438216021426e-05 -6.424578623687023e-05 -0.00010785722655674051 8.808608623224899e-05 0.0 -0.0174780657493012 0.26703097520484387 0.7549293848222667 -0.0005373479412608326 -0.00046982268721364894 -0.0004236047910111929 0.0009954327034877271 0.0
0.06341738149422302 0.2785041710480517 0.7632963597573961 5.111756321697355e-05 -8.758816537680831e-07 2.5046000612487024e-05 8.094710226739871e-05 0.0 -0.017776255068803207 0.2663713848057657 0.7543564763864438 -0.00022606471493283962 -0.0001401990213376189 -9.099989543944155e-05 0.0010369525042090784 0.0
0.06343646196862181 0.2784560829222444 0.7632595541000845 1.5575644146788768e-05 -4.677503141560373e-06 3.341955190201931e-05 8.312399901416824e-05 0.0 -0.018054184437187013 0.26569892326620986 0.7537487848178196 -0.00012188903894773818 -0.0004398586104042239 -0.0003569051093060911 0.0009779999750047712 0.0
0.06344106505154169 0.27841830547806207 0.7632050560616924 -1.4121544433261861e-05 -4.01421121755407e-05 -3.817100268936294e-05 6.036768230428453e-05 0.0 -0.01841805763824604 0.2650667488151614 0.7529491946525634 -0.0002551757713930676 -0.000881010412061566 -0.0009468204096521631 0.0009792360814150998 0.0
0.0634303492542085 0.2784080645611052 0.7631696935197188 -2.7778354741053316e-05 -5.369963056458674e-05 -8.62942662678735e-05 2.6585883356395105e-05 0.0 -0.018491851502722912 0.26445158397631785 0.7522122508594709 -0.0001700121248000089 -0.000998153769383745 -0.001125188667123435 0.0009904647300206448 1.0
0.06340095913361674 0.27836029789005917 0.7631540978194993 -2.244612768158065e-05 -6.205633971949107e-05 -6.220900636476421e-05 6.242909418395699e-05 0.0 -0.018515799429529127 0.26406762566574493 0.7515905043099087 -0.00010582068092662387 -0.0003843949799627799 -0.0006777011768555226 0.0007250490886684452 1.0
0.0633880682085262 0.27835315047400644 0.7631484963465628 -6.115984683421649e-06 -3.341599245604656e-07 6.383581901843601e-06 1.9988269493678105e-05 0.0 -0.018671084341611296 0.26390043382753753 0.751145318996173 -0.00010661735730113718 -0.00011416201682018469 -0.0003842604087776931 0.0005150108739285322 1.0
0.06338231526630475 0.2783528034651354 0.7631364071823904 -7.408071401277436e-06 5.0280413416906706e-06 8.91197947128214e-06 1.0681759383288742e-05 0.0 -0.018828182762595288 0.2638152711635466 0.751008621530598 -0.00013604758966133672 2.269198582050924e-05 -6.172776893509303e-05 0.00022446272839626814 1.0
0.06338149914817821 0.27835125489339124 0.7631200237599087 2.885539122162376e-06 1.1391251803796157e-06 -1.3282334619744368e-05 1.6878603377878636e-05 0.0 -0.01886271625155894 0.26365687121074854 0.7509899831196065 -8.122089495271573e-05 -0.00011091031644330481 4.293926907734632e-05 0.00016185326517024904 1.0
0.06338256726595648 0.2783484231518771 0.7631137132428278 4.800485240128008e-06 -3.5970703304464766e-07 -1.2345649178604195e-05 7.794536844438844e-06 0.0 -0.018832565721756483 0.26357395037690046 0.7510039879799264 9.51423385260364e-06 -0.00011789063136457623 4.678768122408307e-05 8.9883632409205e-05 1.0
0.06338262590630696 0.27834448807565615 0.763112465249322 3.9507636575173026e-07 -3.936487426493228e-06 -5.209786833822981e-06 3.587146712687807e-06 0.0 -0.018833796707716823 0.26354515071919965 0.7509889371126358 2.5611740613273057e-05 -7.270464017379834e-05 -3.274044529959295e-05 3.162405409437661e-05 1.0
0.06337985110979208 0.27833735827433975 0.7631191178926988 -5.331828644799711e-06 -8.974388050798508e-06 8.306826076367594e-06 9.175522946926925e-06 0.0 -0.018861934645246308 0.26357646898199744 0.750976133277389 1.1181539162297735e-05 1.132326223624025e-05 -5.410316629421625e-05 4.045732274370918e-05 1.0
0.06337782617935525 0.27833700494564695 0.7631065097984129 -5.238796005801217e-06 -5.469752096259347e-06 -5.876571685530667e-06 1.422265545780068e-05 0.0 -0.01897258246594471 0.2637606278535314 0.751015820137912 -0.00011271490560600715 0.00019096582845602522 -3.3553887628622048e-06 0.00021902491876609408 1.0
0.06337117703524914 0.2783101201301113 0.7630759344682787 -5.7582075432802825e-06 -1.953257611196857e-05 -2.9553733411122164e-05 4.048621258373561e-05 0.0 -0.01916525587225029 0.2639389832394456 0.7510777082362626 -0.0002222941086268082 0.0002223714670053398 6.211170103028287e-05 0.0002771401321890527 1.0
0.06338311681787832 0.27829023395512853 0.7630346059677744 9.123324618761309e-06 -2.3096489716319343e-05 -4.647460363331222e-05 4.787828564276209e-05 0.0 -0.019356227021940727 0.26406450058984504 0.7513282474691123 -0.00021720640636217935 0.00014545280348845675 0.0002536569882544354 0.00033207236380251317 1.0
0.06338553938066645 0.27826791617040325 0.7630411626560686 6.51605015615939e-06 -2.3881416746498748e-05 -5.497301768690238e-06 2.3250989504850767e-05 0.0 -0.019424220144374362 0.2641816768227767 0.7517030575730631 -8.177394167510846e-05 9.385410474473175e-05 0.0003970604768030764 0.0003975197073027286 1.0
0.06337887485664694 0.27825113609904356 0.7630460168842245 -4.139306603322039e-06 -1.746392406994439e-05 1.2257033831889253e-05 1.755004559974518e-05 0.0 -0.019501397333260166 0.2643292146266873 0.7518617429977738 -4.344367826888123e-05 0.00012109044864753822 0.00022731441860189983 0.0002356715624158116 1.0
0.0633690426738906 0.27823285958833704 0.7630311992526357 -1.151341919969376e-05 -1.5826355846060745e-05 -2.809726035071393e-06 2.6481948389125214e-05 0.0 -0.01963574404909897 0.26469185259493844 0.752176490631576 -9.964380337105027e-05 0.00032535476105728607 0.0002683109619726935 0.0004901892519435136 1.0
0.06337241784641696 0.27823834405322223 0.7630155624645518 -1.5193888846903798e-06 4.0653216484740975e-06 -1.5145055915677927e-05 1.8030376633834294e-05 0.0 -0.019711719087286878 0.26497567556564106 0.7523819031570234 -8.719437635727407e-05 0.0003371048862900787 0.00019720680293186594 0.00037150116353900655 1.0
0.06336277638863043 0.27823580942994225 0.7629893497088791 -7.041944577806992e-06 2.110095289199872e-06 -3.177349360474981e-05 2.6427447442357826e-05 0.0 -0.019756448197015688 0.2656638064553168 0.7529700037867009 -6.416284696288499e-05 0.0006623104984070386 0.0005124779742741648 0.0008926248967605218 1.0
0.06335496189313848 0.27823421901824397 0.7629848783415227 -7.13612878179044e-06 -2.2068608944057155e-06 -1.4501012802065877e-05 9.600441906733465e-06 0.0 -0.019615236894047667 0.2659567841502759 0.7533435458456738 0.00011024878124454049 0.0003946009795616469 0.000452763007986762 0.0005136419237881701 1.0
0.06333345731432535 0.2782286758310706 0.762968168985629 -1.8363452633792328e-05 -5.67066810008218e-06 -1.2487020919538763e-05 2.7425085388602787e-05 0.0 -0.01872657853712461 0.2661140760618073 0.7543636355301957 0.000817951066757296 0.00014364009860840118 0.0009622474603294095 0.0013294642801308034 1.0
0.06330760711330052 0.2782126193572791 0.7629522744106341 -2.8444035661095822e-05 -1.726619210244733e-05 -9.839263726502854e-06 3.5116302088848254e-05 0.0 -0.017240908122943287 0.26565381192815074 0.7554933107614661 0.001538161179909458 -0.0004533042403872487 0.0011863241517256456 0.0019546169340189214 1.0
0.06325576680808714 0.2781421808607254 0.7628957113182616 -5.1066736787350764e-05 -6.573837083265042e-05 -5.1065909857787616e-05 0.0001033770390463771 0.0 -0.0133188907816402 0.26350455688732777 0.7577499603671811 0.0037442900592441846 -0.002043801978133516 0.002149437646040202 0.004982066030488497 1.0
0.06320250631980479 0.2780616002537505 0.7628275862268442 -5.6601905620642085e-05 -8.781374206540972e-05 -7.454010691372225e-05 0.00011982186922629855 0.0 -0.011258126659043329 0.26211969367830107 0.7588865529244795 0.0027164945396874383 -0.001791488534866189 0.0014644922669075232 0.002825903734193948 1.0
0.06314058839578927 0.2780252681427837 0.7627583689860298 -6.190098973705696e-05 -4.858089653049954e-05 -7.6442380506247e-05 9.8127290988492e-05 0.0 -0.007933617192916926 0.2588095074015005 0.7598046758858855 0.003096863525413187 -0.0030959473312503613 0.0008763606664735275 0.004590787164246923 1.0
0.06303582551240976 0.27795116421447874 0.7626821864343095 -9.939963985108022e-05 -6.299589000300584e-05 -7.668239030720003e-05 0.00014772968359052726 0.0 -0.004555525605691596 0.25468948420507326 0.7601166115578389 0.003201726896065241 -0.004084059752057904 0.00019148657981688313 0.005465355894668278 1.0
0.06294988174126603 0.2778603137723405 0.762568901227325 -9.268807290341484e-05 -8.245400027967817e-05 -0.00010387178917325228 0.00017173653348719943 0.0 -0.0018848214995375835 0.25216501199893543 0.7602325955146164 0.0026613346468433103 -0.002914884040082385 -0.00010262644829121668 0.0037310417959083696 1.0
0.06280728547492632 0.2777674681432165 0.7624629191402554 -0.00013554908840073888 -9.381754151772896e-05 -0.00010923128541539988 0.00020049247889221606 0.0 0.0004393488748443539 0.24927412221964707 0.7602292426345523 0.00227417347445956 -0.0026309032733069083 -4.368483836989423e-05 0.0035840529236136768 1.0
0.06275260439451395 0.2777494826587564 0.7624414614433814 -7.197248314945476e-05 -3.4178426510038655e-05 -3.5256387050302686e-05 6.087693784196117e-05 0.0 0.0011264546483139507 0.24819300849469228 0.7599688551684441 0.0008557834577664035 -0.0011165240197694934 -0.0001466176463273478 0.0013401479862442795 1.0
0.06270234597908453 0.2776995047837622 0.7624047281207669 -4.245966431333188e-05 -3.944079325681489e-05 -2.376122986493052e-05 7.510929773167266e-05 0.0 0.001646299141916595 0.24752041900804894 0.7595979754452986 0.00034129987997640076 -0.000397340736631749 -0.00024010037981783716 0.0009724447764175538 1.0
0.0626308097578222 0.27753982139864 0.76227698757493 -5.507422529309135e-05 -0.00013582755560840148 -0.00010358595090045428 0.00022121257346370614 0.0 0.002617717750606539 0.24675009069054274 0.7587397188461174 0.0006005424432856078 -0.00047730170260895915 -0.0008401829534026599 0.0014700298119774587 1.0
0.06264295267627405 0.2774387068217899 0.762190577020977 1.0966366135662766e-06 -0.00012357480460003194 -0.00010427431594391346 0.0001396162099079898 0.0 0.003403325737393917 0.2464541711745803 0.7579418635045805 0.0010400946247535688 -0.0005670043776088418 -0.0008693735624419818 0.001207796751350795 1.0
0.06265146669407201 0.27741384489456705 0.7621716581459826 1.2219884977677037e-05 -4.978597497178314e-05 -4.211536398211135e-05 2.324473568905439e-05 0.0 0.0037419767623964066 0.24633385234519808 0.7576748265412875 0.000621578150884546 -0.00029450254775784763 -0.0003993034148671741 0.0004128168006138893 1.0
0.06263317752323935 0.2772961525715712 0.7620663620546172 -1.1360531126615141e-05 -9.174335190642167e-05 -8.751968883654007e-05 0.00015401987340042997 0.0 0.004298266733399505 0.24623404729901205 0.7572495336540835 0.0005572968813006627 -0.00010551520641560383 -0.0002997648898277568 0.0006420029323768546 1.0
0.06264698774871198 0.27721198147573695 0.7619623605795063 1.679221618094341e-06 -8.081186627024026e-05 -9.889402480162867e-05 0.00014939881593728247 0.0 0.005140280128902894 0.2462534039087452 0.7572500579868916 0.0007443956856156217 -4.575076110103181e-05 3.077984240216114e-05 0.0009356631794494217 1.0
0.06265670825930653 0.27715450704407224 0.7618994874347851 1.2087994681177493e-05 -5.749642305362686e-05 -6.832927760190529e-05 8.071694491148447e-05 0.0 0.0059384378092371334 0.24628147792977387 0.757358544167038 0.0007329224575281569 0.0001357736496042255 0.00015601077459840242 0.0007995689827204246 1.0
0.06264698747817232 0.2770677177227405 0.7618131803552162 -1.0408668601439037e-05 -8.82157644130648e-05 -8.707384811603962e-05 0.00011423797305532189 0.0 0.006311775333724316 0.24621061299879868 0.7571132243281224 0.0005029808420884485 -7.041592023631564e-05 -0.00018504194877888298 0.00041265850710598046 1.0
0.06263246301282531 0.277028702667955 0.7617773062487331 -1.667333464745811e-05 -5.352208388459776e-05 -4.647014147420992e-05 6.326697705723347e-05 0.0 0.006413911661278582 0.2461597601712986 0.7569758831030619 0.00012975004030926123 -9.614895564888186e-05 -0.00025849823689560466 0.00017990991590485816 1.0
0.06257910022272258 0.27697577462048767 0.7617030425957061 -4.5434441855897586e-05 -3.899517394239009e-05 -5.456799927020923e-05 0.00010457122573064037 0.0 0.006467107141229887 0.2454535844369213 0.7563553782998595 -8.41122522388469e-05 -0.0006035938687906809 -0.0006052092757319238 0.0009546779372647414 1.0
0.06253402240112299 0.2768733818214312 0.7616041482585652 -5.4856170740688926e-05 -9.071952891062462e-05 -9.293894267332895e-05 0.00014746264413372615 0.0 0.005688650087236831 0.24453429238770338 0.7556877081071455 -0.0007564327895172007 -0.0009788169747621401 -0.0007256323978564494 0.001400526335655573 1.0
0.06247744633782821 0.27677259201750204 0.7615411191785936 -5.856634219932643e-05 -0.00011636227195245172 -8.396647822635662e-05 0.00013430246020826724 0.0 0.00706120317261693 0.2447838110025454 0.7549391826218064 0.000999939594864632 -1.6889707322689156e-05 -0.0007954680655006335 0.0015659484669018997 1.0
0.06239454840450752 0.2766159291330611 0.7613947181067918 -7.528237078375217e-05 -0.00015410828268409756 -0.0001353031332575567 0.0002260980502529365 0.0 0.008140520031383882 0.2446495077823035 0.7541746795257666 0.0014080818141019636 7.494137598863298e-05 -0.0007280290241355079 0.001308460341417704 1.0
0.062318508796370374 0.27650157833566275 0.7612757765039705 -7.825082293488006e-05 -0.00012893581083430367 -0.00012821752157504435 0.00018478664696616276 0.0 0.009000755322388984 0.24411830357781006 0.753523763914216 0.0011407713010964779 -0.0003283093144049754 -0.0006337234016025227 0.0012064305766136072 1.0
0.06225821640523708 0.2764199599586807 0.7612170990309554 -6.328847272330026e-05 -8.382989646842867e-05 -6.98594689204088e-05 0.00011664591517178798 0.0 0.009308410846037682 0.24359173443544282 0.7530573342926451 0.0003720286611728937 -0.0005581246821888126 -0.000456287908880838 0.000793516261644359 1.0
0.06221565282214561 0.2763648939759432 0.7611666533275062 -4.1667728327170546e-05 -4.1193719327607973e-05 -3.68267552494065e-05 8.291875076190282e-05 0.0 0.009260888112228246 0.24328764195530433 0.7527044329366255 -0.00024061653109734896 -0.0004618544571508589 -0.0003049452149062439 0.0004546168891371261 1.0
0.06219324029499269 0.27629414566866045 0.7611034392304001 -2.0237952433844435e-05 -5.635861355215031e-05 -5.108645758032781e-05 0.00010043811393714512 0.0 0.009212104916004424 0.24314552885473256 0.7527037748010349 -0.00032976001393094924 -0.00024854199745360145 -3.693753979342604e-05 0.00015029735189095236 1.0
0.06220375368819776 0.2762417088189015 0.7610483764034843 1.3327156027581632e-05 -5.6306461204031894e-05 -5.404425519245747e-05 7.949586451973396e-05 0.0 0.009226575317092492 0.2430424459381542 0.7527801206968892 -7.166145399551283e-05 -1.4629490408216476e-05 0.00011763778003951082 0.000126452517181159 1.0
0.062187391041061274 0.2761844566982586 0.7609911048051563 -8.065430777606184e-06 -6.202707233543963e-05 -6.195103003016728e-05 7.776448595028321e-05 0.0 0.009082737567829057 0.24310709002412978 0.7535418060689147 0.00011254607029821342 0.00018825910494108162 0.0006857010458749152 0.0007796730670222185 1.0
0.062158426651958934 0.276135474356735 0.7609411605250018 -3.1965649443147816e-05 -5.838072730470543e-05 -6.270404296315273e-05 7.683222170511841e-05 0.0 0.009204016849125264 0.24318025211926067 0.7538886132989385 0.000133070602910221 5.663109245384061e-05 0.00048235809843378175 0.0003937494352937573 1.0
0.06214293745462095 0.2760985487596823 0.7609155246933027 -2.5552301104289846e-05 -3.63718516379617e-05 -2.6559663123534058e-05 4.863969018147955e-05 0.0 0.009223732687936397 0.24331701251318402 0.7543432205175371 7.487529426855079e-05 8.624073379892138e-05 0.0004275896722713662 0.0004396587168345753 1.0
0.06211037542127501 0.2760418422487192 0.7608666496310242 -3.366041304757069e-05 -4.939462289612481e-05 -3.666529889618455e-05 8.037072248324434e-05 0.0 0.009353662400570902 0.24346142033441714 0.7546706371068046 9.099742586969356e-05 0.000133159447609232 0.00028323456244023343 0.00038931016799744215 1.0
0.06209441627972722 0.2760307587117726 0.7608574141228194 -1.858799213270725e-05 -1.806222475296433e-05 -1.5010188124666724e-05 2.3603555059666928e-05 0.0 0.009572203568903087 0.24358449898921797 0.7548468256270767 0.0001928257762261548 0.0001301836494978603 0.00012781970298002667 0.0003252795059566589 1.0
0.06206967812590833 0.27599767005046144 0.7608362163748833 -1.8537101931491617e-05 -2.7530640028812266e-05 -1.816787521209015e-05 4.394461953806374e-05 0.0 0.009826315509661976 0.24365070874676614 0.7550062288286492 0.00026453395384563953 6.719910832385525e-05 0.0001245149232686383 0.00030132303437575267 1.0
0.062057844827892956 0.2759852312955622 0.7608232665011638 -1.03670658618962e-05 -1.3445199156152593e-05 -1.3280390722522684e-05 2.298615832768183e-05 0.0 0.01011554277837898 0.24375400801711425 0.7549328421479413 0.00029123549831090283 8.193633879200767e-05 -3.473295154656379e-05 0.0003038834239464079 1.0
0.062053815325658714 0.27598035558006706 0.7608174605699147 -5.818240104671913e-06 -5.414144834683417e-06 -7.427178837693029e-06 8.556194038174692e-06 0.0 0.010383097808443702 0.24391511295557605 0.7549570347072894 0.00026523934558594654 0.00015657874181915454 2.9850930104646534e-05 0.0003261298396122984 1.0
0.06204474136679951 0.2759632592960608 0.7608044497255697 -6.677232438090043e-06 -1.3681914752055706e-05 -1.1200356104227155e-05 2.2686767520687976e-05 0.0 0.011091913077350779 0.24417359315082338 0.7544047268351345 0.0006493029854857174 0.0002585838652431926 -0.0004903133457224484 0.0009213408075107369 1.0
0.06202873322394553 0.27593885577058463 0.7607823455141725 -1.4381011589674729e-05 -2.5276380298279928e-05 -2.1533825480909856e-05 3.675845676966097e-05 0.0 0.011716397607986375 0.2447998153401646 0.7535329255958594 0.0006765997709530508 0.0006065237745174712 -0.0008721369663667897 0.0012612571865358918 1.0
0.06198678408854992 0.2759042101298143 0.7607505119818124 -4.162270605711604e-05 -3.744817610779889e-05 -3.432283014690535e-05 6.407743945689433e-05 0.0 0.011656371110117329 0.2449970243773312 0.7531548611191944 7.880539795898559e-05 0.0003242388426904511 -0.0005477226233494606 0.0004304792045648942 1.0
0.06192190328853804 0.2758792464700479 0.7607264155231802 -6.676685464113273e-05 -2.7783607399490115e-05 -2.614430875576531e-05 7.228814028285839e-05 0.0 0.01159115495215264 0.24474989216668488 0.7534168523282057 -0.00016681965698770918 -0.00020995033820119302 0.00020434170686362086 0.0003230875072390972 1.0
0.061823716946698186 0.27585161042081774 0.7607034691637852 -0.00010086563096755649 -2.84715261188849e-05 -2.411776369190185e-05 0.00010457054533097047 0.0 0.011464376574779382 0.2446746150788389 0.753519001138286 -0.00023776149287181028 -0.00023292059423328688 0.00031981545361796056 0.0002143044233021434 1.0
0.0614571573695176 0.27581908774563113 0.7606853977925958 -0.00033417467117851794 -2.787702187092387e-05 -1.5667612224172997e-05 0.00036690977407376484 0.0 0.01358956834710931 0.24645254227280788 0.753231164468872 0.0017676502060724362 0.001446056309763037 -0.00011370023378176678 0.0027798160016758 1.0
0.06113680545326055 0.2757915983922288 0.7606854892527418 -0.00036528374892083897 -2.6962503773246104e-05 6.408347879700246e-07 0.0003298573664193436 0.0 0.014611688228151731 0.24700404466245832 0.7537096264644917 0.001553013334906496 0.0010165102030060887 0.0002924547000835888 0.0013327252860566923 1.0
0.06095769366497989 0.27577941695951297 0.7606796179608752 -0.0002209244798037676 -1.4966073378487425e-05 -2.1051582722832317e-06 0.0001713722487105485 0.0 0.014770444858895034 0.2470731081909379 0.7537770740805594 0.0004925766249874648 0.00027105062525739713 4.6057870434279446e-05 5.7900671316272155e-05 1.0
0.06063674609937717 0.2756962281444964 0.7607044310555636 -0.0002704314932003247 -7.142296446730602e-05 2.047961217313909e-05 0.00032512927230058996 0.0 0.014716675103337185 0.24707027786814026 0.753784200994669 -0.0002724931496515798 -0.00015443785365004052 -2.0814878002175488e-05 5.0797855156345904e-05 1.0
0.05980409132062643 0.2751846595417572 0.7609543311201183 -0.0007374069469464621 -0.0004593103898617962 0.00022037221306014094 0.0010186296207244491 0.0 0.014681942372238575 0.24705125234316588 0.7537913269377843 -0.0004196045055059087 -0.00029532181669562137 2.7205779178945087e-05 0.00014103614188839837 1.0
0.05861929915616536 0.2743081765418653 0.7613883195392824 -0.001205637950852219 -0.0008933666166752107 0.000441946624146362 0.0015512877330952969 0.0 0.014690749085342701 0.24703772719625294 0.7537974818481245 -0.0001246094509264317 -0.00011544154583839191 1.1641233271918227e-05 2.559717562458446e-05 1.0
0.0552557095941342 0.27050146127454433 0.7628047169577834 -0.0031839839261654395 -0.0034978566668293354 0.0013297098387510715 0.005224647764581228 0.0 0.014703836201771778 0.24699506965663923 0.7538216869848742 0.00017261319172721246 0.00010906034858569196 -1.814616792578539e-05 0.0 1.0
0.05203182203426424 0.26573786644067576 0.763086977798259 -0.0036138279607685394 -0.005082219633132443 0.0006017978678857393 0.005857539853281925 0.0 0.014671422896313282 0.2469616335231043 0.7538407610522712 0.0002480844172891765 0.00015562346790829465 2.9768051836054658e-05 8.955186837043098e-05 1.0
0.04785609137365663 0.2603625981231199 0.762579003309499 -0.00422421386179487 -0.005733664908537468 -0.00045943458095638076 0.006731887972040291 0.0 0.014672875317524972 0.24692524009138428 0.7538592293462419 -6.093643709179303e-05 -0.000112038079605755 8.383444210516038e-05 5.036724653391953e-05 1.0
0.04637752624356598 0.25859392123811514 0.7623075105006311 -0.0018877022891689295 -0.0024072673207110973 -0.0005920855223529457 0.002354172970214616 0.0 0.014668686928746856 0.24691833134349533 0.7538646866257441 -6.870473355752131e-05 -4.279213814310258e-05 -2.177435058488557e-05 3.960217107200825e-06 1.0
0.04397149831593474 0.2559237405895628 0.7621397393721782 -0.001783604198284063 -0.001807949345178756 -0.00035093230428771827 0.0034802298865781013 0.0 0.014675507879146649 0.24690725439309893 0.7538687677877949 -1.0995349848915719e-05 -9.447867512472617e-06 -3.4553483005308864e-06 1.2817931456558297e-05 1.0
0.04057829904727449 0.25262830440116746 0.7618720292397352 -0.0029050785471714073 -0.002570568668722275 -0.0001823960073618938 0.004932583984732711 0.0 0.014681307936433961 0.24690099629991955 0.7538738587219891 1.1471101997042423e-05 -3.3456744306055267e-06 2.0117139351297104e-06 1.1835093273423196e-05 1.0
0.03656337121663929 0.24940866678757354 0.761614492304779 -0.004108085880053949 -0.003281657753271866 -8.250010674833695e-05 0.0051546566027983205 0.0 0.014682873345215435 0.2468838214887284 0.7538741681519961 7.447354323823535e-06 -1.534109713861669e-05 1.2321430210671618e-06 1.6216164229521748e-05 1.0
0.03519294920966785 0.24831960821601345 0.7615880153952563 -0.002266104058935632 -0.0019252100954449125 6.143317914746157e-05 0.0016674221022388621 0.0 0.014698951148022055 0.2468712653297491 0.7538834248292723 1.1499314748592111e-05 -1.8733568295708257e-05 1.0003631726714421e-05 2.2089460157924075e-05 1.0
0.03368153268396701 0.2469418569032983 0.7612828891235954 -0.0013342579947020219 -0.001333841056562778 -0.00033494991978067195 0.001896708576241169 0.0 0.01471076556324005 0.24686834147678033 0.7538847866001485 9.908957823517102e-06 -6.575701054611705e-06 4.11515043534696e-06 1.2327744178228032e-05 1.0
0.03255057873597688 0.2458942520768028 0.7608153431551888 -0.0008046376798563027 -0.0008177489958559958 -0.000514583019746571 0.0018642304793792261 0.0 0.01471639355950687 0.24686570113544554 0.7538885586655232 9.202501817017798e-06 -1.324530382253202e-06 3.5211751010500525e-06 7.280942551234976e-06 1.0
0.03194305742560453 0.24538128163391107 0.7604359995786014 -0.00029848893082949765 -0.0002628127356236439 -0.0004247270033370036 0.0008649339121502017 0.0 0.014715378941448374 0.2468674100430586 0.7538902587171996 -1.4991539207910344e-06 4.982736766692117e-06 8.137692776513565e-07 2.5811588446615126e-06 1.0
0.03157288377385507 0.2450343401037931 0.759986568909307 -0.0005230961058756876 -0.0005128045092114121 -0.0004603204856274044 0.0005755906726236616 0.0 0.014714411175827785 0.2468622658505654 0.7538921657981308 -2.8092101096306582e-06 -3.2965021518349623e-06 1.3907440685409054e-06 5.953676385952195e-06 1.0
0.031464678883018446 0.24489861511117608 0.759667425621758 -0.00033935212669806763 -0.00028973083306698105 -0.00033963072326191135 0.0003619660425298026 0.0 0.014721769979161543 0.2468603215811267 0.7538915901147186 4.421630966645179e-06 -3.683271886647604e-06 -4.224330347589243e-07 7.541427147444324e-06 1.0
0.03144580970282447 0.24481354826328938 0.7592612452455091 -5.812962141683647e-05 -6.216693144156212e-05 -0.0003454604635148107 0.00048592425540467787 0.0 0.014725044611923872 0.2468618025785766 0.7538912224593796 5.539338902813726e-06 -1.1015283283552115e-06 -6.529382909768805e-07 3.4145738396004387e-06 1.0
0.03152259794333612 0.24479372382042586 0.7588313044043692 0.0002138852055267055 7.866178958993017e-05 -0.0003971973953608019 0.0003988709371171703 0.0 0.01473081335291505 0.24685988936476322 0.7538899204388023 8.083229571999621e-06 -7.528584091715634e-07 -7.597837659393864e-07 6.057374842070757e-06 1.0
0.03175099949762538 0.24485851250230442 0.7583472570551786 0.00014834295984200523 -1.9254325000263263e-05 -0.0005100146622248993 0.0005412395319608035 0.0 0.01473668192255888 0.24685604858558877 0.7538867529088686 6.072755805719367e-06 -2.72716855932292e-06 -3.423665537452429e-06 7.923558662173676e-06 1.0
0.032051533447354355 0.24499813706239612 0.7579647689770811 0.00029959030867577783 0.00013256367402245356 -0.0004252293847347562 0.000511337542413805 0.0 0.014752309106169998 0.24685533958631742 0.7538791213763429 1.3432064353320832e-05 -1.5276603107629035e-06 -6.979085925440836e-06 1.746977585862132e-05 1.0
0.03245488752220611 0.24520625533610874 0.7576541457161377 0.0004200679345534794 0.00023158986395066875 -0.00030996977148313145 0.0005426048953222967 0.0 0.014751467897505048 0.2468617339870207 0.7538777977502458 2.0239357095700693e-06 5.373569066089286e-06 -3.0148517262169024e-06 6.757441497314977e-06 1.0
0.032896629833679705 0.24533997862299933 0.7573401849388173 0.00045691566350998384 0.00016207028940466316 -0.00028721507152062797 0.0005655426844740793 0.0 0.014744200582694733 0.24685993614007556 0.7538841769483838 -7.440816618680071e-06 2.2507528854551485e-07 5.74659332204306e-06 9.14130455185546e-06 1.0
0.03337214370255128 0.2453937325861207 0.7569558684927068 0.00048377128317465893 6.364409575370858e-05 -0.00034895802735264675 0.0006118512698182125 0.0 0.014740070525501834 0.24685360731583492 0.7538888915580861 -7.0844317249539384e-06 -5.310105060169548e-06 6.880772807469879e-06 9.394309115164843e-06 1.0
0.033881248335004 0.24527774943910233 0.7563773385100132 0.0004987932296621606 -0.00012387877581822754 -0.0005716472965401668 0.0007789145240341469 1.0 0.014749452519084362 0.24684876805191722 0.7538890756498171 5.925734352579824e-06 -6.516651289761614e-06 2.1226076259893953e-06 1.069744413709118e-05 1.0
0.034135649452862765 0.24505003493603977 0.7558984187917647 0.0002885909615893368 -0.00025488212991765736 -0.0005458978473423342 0.0005922998925877005 1.0 0.01475632905855106 0.24685265183976002 0.7538873440550615 1.0307237382000014e-05 1.1606652159993243e-06 -2.517987521799244e-06 7.977712073537724e-06 1.0
0.03425799084508762 0.24493928892058212 0.75560285845988 0.0001062238332635943 -0.00015789829504324042 -0.0003420259953221132 0.0003309410106438528 1.0 0.014756344963679608 0.24685080945750473 0.7538882983963904 4.259418308464642e-06 3.1255432581535137e-07 -1.606063423943628e-06 1.7926194902271918e-06 1.0
0.034218353418149924 0.24479940896303837 0.7554506007426688 -6.87778953109251e-05 -0.0001141295133787394 -0.00012136471999899185 0.00020765103452186312 1.0 0.014750131274747039 0.24684407545013642 0.7538916133898094 -5.451281725192912e-06 -4.488339942273299e-06 2.200505452460366e-06 9.835682868708087e-06 1.0
0.033886338417185455 0.24451479131466045 0.7552224990306728 -0.00032882350994509945 -0.00022579660574073882 -0.00014571909327274588 0.0005007184246344477 1.0 0.014758739405017979 0.24679992494238231 0.7539209226280686 2.186475593311311e-06 -3.938360863425321e-05 2.7224080814221894e-05 5.362539554823765e-05 1.0
0.033864185253897 0.2443564240661731 0.7552573563445355 -0.00010447777678057195 -0.00017908462185611452 1.3390764271440086e-05 0.00017873059157940102 1.0 0.014713568997722042 0.2467441658052266 0.7539318967364644 -3.771110936178908e-05 -6.146356099540862e-05 1.867652525576846e-05 7.36893312833445e-05 1.0
0.03392592423676499 0.2442181220991137 0.7553100738261552 9.546346865797224e-05 -0.00014524583546167492 4.944731064777323e-05 0.0001318833735878041 1.0 0.014570511611175296 0.24672645426769202 0.7538770188689141 -0.0001340864414694786 -2.9876825891157157e-05 -4.514945405758852e-05 0.00015247271144430238 1.0
0.0339406850304797 0.24414679129321112 0.7553423705610376 0.00010250536451550081 -8.15188548128901e-05 2.5149038754709917e-05 8.687430970422355e-05 1.0 0.014651682820216378 0.24673202448354872 0.7539270079503003 3.127162688546363e-05 7.233673652652334e-06 2.286480118819717e-05 9.780527338079253e-05 1.0
0.03398536130122952 0.24407028661226243 0.7553683817600589 6.860088781466829e-05 -5.714538195531046e-05 2.5235582320019758e-05 0.00010282074320397774 1.0 0.014663330975517424 0.2467454503798558 0.7539239085761431 4.0434738824542594e-05 2.4740006191285274e-05 8.51539490846181e-06 1.535770099107665e-05 1.0
0.033978964354515084 0.24404157224655895 0.7553867600140862 -9.929211158536883e-06 -1.7841090515439132e-05 1.060040127196226e-05 3.401402796544188e-05 1.0 0.014619265869540052 0.24673185741064085 0.7539173637810505 -1.5719432527314745e-05 -1.737824903607397e-06 -1.3840903609750895e-06 4.525883139975033e-05 1.0
0.03397181799281643 0.24398737212987837 0.7554274335433797 -5.493229629362769e-05 -5.8364385459130406e-05 2.1048964050889268e-05 5.6528373116712086e-05 1.0 0.014629090431000113 0.24672961608993813 0.7539195842048273 -9.042968548326857e-07 -9.086721091170045e-06 1.6164222443881563e-06 1.583085129724773e-05 0.0
0.033989067588441384 0.24394736277262863 0.7554469747112061 -1.965590226163605e-05 -5.924904999480223e-05 1.6971165763880687e-05 5.761142002361054e-05 1.0 0.014638362688967085 0.24673199732899315 0.7539178136313426 3.2362344823052605e-07 -8.045934622881524e-06 -1.9079263994506195e-06 7.898224328073244e-06 0.0
0.03398954699546026 0.24394482445763593 0.7554518903286834 2.8823227118309435e-05 -5.8134768965570414e-06 2.753842054983258e-05 2.246359893060901e-06 1.0 0.014625683149809818 0.24672290734567315 0.75391953264502 -1.9999172897288625e-05 -9.473944713957537e-06 -3.6147835865739598e-06 1.2453375459476116e-05 0.0
0.03383650873941798 0.2438659304831944 0.7556799301932897 -0.00012241341759414672 -6.420911803648217e-05 0.0001945916095197604 0.0002824220031430309 1.0 0.014735010398460485 0.24669993160921866 0.7542569846826572 9.110140576031423e-05 -1.7876804562296583e-05 0.000289408340924552 0.00035467660514642034 0.0
0.033432499625564174 0.24410143951785723 0.7559134330738423 -0.00039117332239763927 0.00018755208589586435 0.00025979712265982976 0.0005305595251255983 1.0 0.015505356387615922 0.24693770011071484 0.7552919369867976 0.0007081838342481328 0.00020053261263440185 0.0009916837442114337 0.0013145355318497343 0.0
0.03291996775628836 0.24532240376618744 0.7557812004139157 -0.0005508028057862342 0.0011169910029370715 -5.316762229748911e-05 0.0013240964706641993 1.0 0.0164670427829143 0.2474581015277681 0.7577370301971204 0.0010336923927161546 0.0005149990961455916 0.0023808577110264496 0.0026850717989312365 0.0
0.033007491615971656 0.24626395873842122 0.7553541006168505 -4.739678779950624e-05 0.001157474171309011 -0.000433973596451999 0.0010539727729530306 1.0 0.016478849517724357 0.24753169801328426 0.7585738951382737 0.0002508770401440457 0.00020695219229511093 0.0013479639429557397 0.0008700647493026596 0.0
0.03312097764257754 0.2468954992415235 0.7556523352680351 0.00019669800242648385 0.00075690722840485 9.246760407474457e-05 0.0006806384326114047 1.0 0.01629549915729558 0.24749839195543052 0.7595529260045537 -0.00027216597639216216 -4.4053398139008144e-05 0.0008722482014648192 0.0008903354195585179 0.0
0.03310789985962637 0.24726406069448548 0.7563063731823384 0.00011989162104832436 0.0003070264120309319 0.0006484262435818219 0.000748020259228427 1.0 0.01608216996899512 0.24740648173603075 0.7599853247611157 -0.0004228261150796663 -0.0001748974289618486 0.00024062004015425339 0.0005657741810555903 0.0
0.033179699865949513 0.24774377071031561 0.7571060929387962 7.809225360952854e-05 0.00027447737682616394 0.00094681736144483 0.0009633044673652539 1.0 0.01586215361835879 0.24733508398518778 0.7602406835352686 -0.00032723726122092247 -0.00014561260465043745 2.5577206993352135e-05 0.00037977710004311385 0.0
0.03481929553655194 0.24953260509339512 0.7566081795968033 0.0013615445038326816 0.0015147867474592435 -0.00017490446180690606 0.0024689876786997814 1.0 0.01532234763232204 0.2471968078328594 0.7605193794985362 -0.0004282547663225887 -0.00012171225459133344 0.00021880254357212615 0.0005813771277768975 0.0
0.035504137412950824 0.25101277422600304 0.7566339596748304 0.0009782943165792626 0.0017882804150283834 -0.0002491756623833173 0.0016575135747896549 1.0 0.01506228118007362 0.24714462176648028 0.7605891137956411 -0.00019675870212456503 -5.412987360375187e-06 0.00024947799650587034 0.00026145813763942563 0.0
0.0362319796903279 0.2515559517171518 0.7602001507164644 0.0007721926713730848 0.0009153047570682664 0.002861128780622331 0.003594165198284754 1.0 0.014854484357262252 0.2470824877591377 0.7606103692578744 -0.00017080097586594928 -1.7115954376600536e-05 0.00015411098652691317 0.00023812630123032797 0.0
0.03732472067389341 0.2533500924624006 0.7622383707172006 0.0009774478554336918 0.001444497031899489 0.0027446735234394766 0.0030181339833162723 1.0 0.014682247817587686 0.2470341022463835 0.7606091235126262 -0.00019782443222655965 -6.83509249443022e-05 -7.960879330456494e-05 0.00016049387890068254 0.0
0.03903565696105481 0.2556316674341194 0.7623120461264976 0.0015331998259903528 0.0021275944473195586 0.0007169689492178181 0.002811107961653402 1.0 0.014567392136465235 0.2469937716508324 0.7605852644253447 -9.542216760470599e-05 -4.348297387285747e-05 -1.7279848837860497e-07 0.0001458894427996271 0.0
0.04204052631697178 0.2596946104780624 0.7621373177305882 0.002888003239504541 0.003920926389839887 -0.0005085791574495718 0.005023466935044197 1.0 0.014411494898273489 0.246936240513317 0.7605445308465472 -0.00013607982912018662 -5.8390616264376533e-05 -6.426007262788419e-05 0.0001647024735703152 0.0
0.045077083454233745 0.262756986047977 0.7623639427624854 0.0033630410470252762 0.0036227405796658905 -0.0004494423400074722 0.004417220753867033 1.0 0.014304852948975823 0.24689828289291935 0.7605079194108975 -0.00013988122718494776 -4.697773599563661e-05 -3.167169369377407e-05 0.00011167696211802263 0.0
0.0469023240201599 0.2645013849239423 0.7631303195531043 0.0022412758107974396 0.0020723477371070676 0.0004367050056810287 0.002594271727832136 1.0 0.014236526921116805 0.24686861644472702 0.7604743695410022 -0.00010517535851771827 -3.6099756816258766e-05 -2.5231722860307056e-05 8.738540876795925e-05 0.0
0.049190529911995705 0.2667005026252872 0.7644553140435285 0.0018979653238180526 0.0016567561922952384 0.0016897440017986888 0.003315861346130849 1.0 0.014158361938474246 0.2468440069149046 0.7604391775267944 -5.458247187770614e-05 -1.7574079361877792e-05 -4.421124879292696e-05 8.602972393362957e-05 0.0
0.05114981964404002 0.2683249524444692 0.7653513347661147 0.0017499714562188877 0.0013251222246935105 0.0015680478438753176 0.002871587246244159 1.0 0.01410403748864428 0.24682897608615165 0.7604134434254531 -5.259160497648102e-05 -1.467612521569745e-05 -2.6543415948607066e-05 6.520717841806934e-05 0.0
0.052555835834395645 0.26945961076309316 0.7658564480073305 0.0013929060413282951 0.0011903195280234923 0.00046534238352768063 0.0018544730894809645 1.0 0.014075214223687274 0.24681964011134785 0.7603953202276638 -2.9062649293017708e-05 -7.498756130481458e-06 -1.8264324823393226e-05 3.4973664236452644e-05 0.0
0.05440269392772607 0.27050390975783195 0.7659089499583591 0.0018042872147803761 0.0011454050954003041 -0.0002127221591152681 0.0020135106652590575 1.0 0.01404970676327081 0.2468067885250141 0.7603782081287225 -2.296959786752975e-05 -1.2177912717406695e-05 -1.7113917755282557e-05 3.0456814111823766e-05 0.0
0.05578822784530807 0.2711015400900589 0.7657122159874039 0.0016052515692046203 0.0008031888931441179 -0.0003943465984530681 0.0016027741788904345 1.0 0.014038094841813209 0.24680329462849446 0.76036652935927 -1.6005264403622172e-05 -7.25145305975512e-06 -1.2745423625079159e-05 1.929817845507505e-05 0.0
0.058041404543167245 0.2719094053793387 0.7652814755906772 0.0021209671422735854 0.0006574873430805657 -0.000476615362191403 0.0024263874938348943 1.0 0.014032240649989269 0.24679986681790095 0.760348790910798 -2.4786778482052316e-06 -2.570255151721668e-06 -1.6440601758977942e-05 1.8658450154172466e-05 0.0
0.058704868073875635 0.2721634249712853 0.7651195567921752 0.0009449243301333588 0.0003069153896509231 -0.00015617988482145124 0.0007349507876429802 1.0 0.014030787590895077 0.2468025318029088 0.7603433867817523 -1.2539301058559778e-06 2.093647979719647e-06 -8.665364071436606e-06 5.6170897412147685e-06 0.0
0.059443305663255716 0.27241195657429707 0.7648655618931819 0.0006544744620204416 0.0002871666398487759 -0.00011080846178867457 0.0007616872488895379 1.0 0.014034875722839617 0.24679811603456855 0.7603325497951505 1.0685947552393859e-06 -2.4821394296006752e-06 -1.0054427158682817e-05 1.237498242714597e-05 0.0
0.06082645076526155 0.2726650151571388 0.7640716858013292 0.0010940781779345704 0.00019764454518805341 -0.0006605443091466849 0.0016516575584886966 1.0 0.01403038957925155 0.24679345343487627 0.7602937108464208 -2.093107445882102e-06 -4.80183213418828e-06 -3.414628278419086e-05 3.965394107630428e-05 0.0
0.061165273613454904 0.272568179978751 0.7636872404675289 0.0005062519522200314 -5.96053129663513e-05 -0.0005089891769141461 0.0005794631694510054 1.0 0.014027550076538584 0.24679608023647345 0.7602820850042306 -3.630264985750435e-06 2.8426937853316453e-07 -1.9507689465272748e-05 1.3099569447883749e-05 0.0
0.06135404518337096 0.27250230567255296 0.76341835822184 0.00024192861509232688 -8.982371076442057e-05 -0.00032541564565399345 0.0002590789170271335 1.0 0.014026906698341736 0.24679880558929182 0.7602734539775252 -2.5898301747404124e-06 2.8093227220048963e-06 -9.154207230451763e-06 7.3818738942111416e-06 0.0
0.06146775808055467 0.27235714570802405 0.7630840141802416 7.284397235963569e-05 -0.00015483861226313518 -0.0002904434055861985 0.00036209700201008093 1.0 0.014027885329541674 0.2467973388503548 0.7602692631658006 1.279918385129117e-06 7.743840896290066e-07 -1.2786752181695377e-06 4.857404528512573e-06 0.0
0.0615193726757276 0.2721529042798742 0.7626275794484437 4.357437252630906e-05 -0.00018279889058433194 -0.0003962295738289261 0.0005829805150411752 1.0 0.014030598117988955 0.24680111280506564 0.7602607662096235 3.6015173304772405e-06 3.061244480456407e-06 -4.4106115056235e-06 1.0871941084700336e-05 0.0
0.06159604156289315 0.2719401652227907 0.7620107786105409 -2.1586405227194336e-05 -0.0002372111019864878 -0.0005875261361544496 0.0006283237830073708 1.0 0.014031141959696191 0.24680018240849777 0.760254673226965 2.1774075513967033e-06 -1.7006605243310506e-07 -5.504965264384265e-06 5.961950741878775e-06 0.0
0.06169630184185963 0.27178907428087534 0.7613278931740042 0.00020030849780928919 -0.00013961179930820528 -0.0007598008457593809 0.0006763259561055742 1.0 0.014029645898928815 0.2468024406128272 0.7602468632968908 -1.1750406508625015e-06 6.074667398239756e-07 -1.0596598552292567e-05 7.180274093181096e-06 0.0
0.06187732086783521 0.27180067942854624 0.7608680126393526 0.0002525702677157477 4.533051774459373e-06 -0.0005670639388779869 0.0005197223942450707 1.0 0.01403535043762626 0.24679221300279935 0.7602408633224442 3.1649006888379383e-06 -8.300193439218706e-06 -9.138066123469672e-06 1.3849278222127805e-05 0.0
0.06202739778807981 0.2717870916685539 0.7605364052553943 0.00010887608099460246 7.981030313534157e-06 -0.00028138865742980107 0.0003547485328648256 1.0 0.014047196129058833 0.24677227812765426 0.7602325486920976 1.153739129451978e-05 -1.9522214921051127e-05 -6.057746630163355e-06 2.461938264214351e-05 0.0
0.062153460335274295 0.27165961775384956 0.7601543659536394 0.00012838792619985893 -8.607712550870884e-05 -0.000295226732452804 0.0004255182223852189 0.0 0.014049651652328049 0.2467665177282845 0.7602158671834701 5.703095529892892e-06 -1.0650493064724718e-05 -1.5266421630681296e-05 1.8122815477169048e-05 0.0
0.06228006269250621 0.27154360812153144 0.7598461893671336 0.0001102772320475227 -0.00014663077910740934 -0.0002930142894638027 0.00036212005540552447 0.0 0.014041326096249215 0.2467710330046727 0.7602086897055772 -6.9046859690426485e-06 3.6784323107616697e-06 -9.690247414365583e-06 1.1188057993058694e-05 0.0
0.06254237354318713 0.2710969364096565 0.7598984024417895 0.00022615501533019807 -0.00043658115882994454 -1.569714464595939e-05 0.0005096911453138173 0.0 0.01404060681668785 0.24677022598827406 0.7601888162862327 -4.782342445385051e-06 4.380149226448464e-06 -1.808540911577705e-05 1.9949887421917267e-05 0.0
0.062843478143109 0.27057385249368265 0.7600739958680198 0.000311879579921936 -0.0005713726737797685 0.00017545708582532315 0.0006295021933328077 0.0 0.014037071563741834 0.24677495691372478 0.7601699384318826 -4.713838279875917e-06 6.093384840729716e-06 -1.9428820581693853e-05 2.0547288983909988e-05 0.0
0.06318965117799817 0.2699689863733229 0.7604344178483713 0.0003675835967664035 -0.0006288278645283978 0.0003814142319665542 0.0007873246577300235 0.0 0.014035668056767942 0.24677431967731556 0.7601629074329236 -1.1028153649856292e-06 2.0538039081571305e-07 -9.273061008357648e-06 6.997466328854727e-06 0.0
0.06341735102014917 0.26952810180198583 0.7607158443818695 0.0002636860257941991 -0.0004638318098341182 0.00034603243468973356 0.0005724940962752329 0.0 0.014031058694684413 0.24677824719259417 0.7601596102753924 -1.915028693123911e-06 1.8660329215144393e-07 -1.9812085551882874e-06 5.989170554170852e-06 0.0
0.06364073150628975 0.26910393520322007 0.7610788489798694 0.00019836889429183805 -0.00038486741095472235 0.0003328024371457873 0.000589204882440775 0.0 0.014031307373389975 0.24677714021967476 0.7601525925955843 1.8441478503430742e-07 -1.6800472856083436e-06 -4.316519808130573e-06 7.834478438415894e-06 0.0
0.06378180078321147 0.2688031360950129 0.7614522202610905 0.00012017076203749792 -0.0002671659109952498 0.0003255752986073131 0.0005123488791913141 0.0 0.014033651189833865 0.2467826268687698 0.7601442797534282 1.3554079126196263e-06 5.27440960400245e-06 -7.827162685922044e-06 1.0514726367424817e-05 0.0
0.06385766514222486 0.2686127531486219 0.7618190291152217 6.39652698059841e-05 -0.00016799308774582757 0.0003526544451685526 0.000419806087869713 0.0 0.014033449512030614 0.24678400300274175 0.7601390233958846 2.664994899265743e-07 3.04449826221964e-06 -6.689963115831411e-06 5.076778738612295e-06 0.0
0.0638662915686257 0.26850340616275187 0.7621385909654226 1.4813660947021122e-05 -0.00012031954899823253 0.00034118643187327184 0.00033412102371553956 0.0 0.014034752926502757 0.2467853737919205 0.7601362895604094 1.6484683386989636e-06 1.2302617014413336e-06 -5.139491021546339e-06 3.0247791142890336e-06 0.0
0.06381356310403129 0.268439901735935 0.762367391397537 -4.801332165588044e-05 -6.614783445632757e-05 0.00024078066465145194 0.0002412301419602394 0.0 0.014036495553452096 0.24678478091745062 0.7601359606262427 1.213971953675402e-06 -3.256859254743417e-07 7.699501991057916e-09 2.1886511785274547e-06 0.0
0.063702464424384 0.2683779033979399 0.7625477601711292 -0.00010741194560659012 -6.607999494868261e-05 0.00017416384344208123 0.00022477368859843614 0.0 0.014039008699635086 0.24678231692291355 0.7601397361858137 2.19973489897074e-06 -3.045144402868498e-06 5.096885618929628e-06 5.196510523012664e-06 0.0
0.06357909200745766 0.26835099911039645 0.7626881577757411 -0.0001322507727827872 -3.5924699209764635e-05 0.00012144438877064091 0.00018727066311306426 0.0 0.01403976812509295 0.2467861892656855 0.7601356060437119 9.348203181862419e-07 2.6215490440619374e-06 -1.9987576235786026e-06 5.793993481603775e-06 0.0
0.06351514323671269 0.2683568568384247 0.7627539908551012 -6.859669576766755e-05 -1.109872883451094e-05 7.54097635319128e-05 9.329809809735393e-05 0.0 0.014040569684240658 0.2467874724814279 0.7601339627580533 1.0579130318020572e-06 2.2701931139222035e-06 -3.372593158436308e-06 2.043339986284411e-06 0.0
0.06345720713991007 0.26835966608570405 0.7628359450156872 -4.534184801631427e-05 8.200410409001362e-06 7.76304483570754e-05 9.638002173351914e-05 0.0 0.014039867896840981 0.24678814464271728 0.7601320201318128 -6.987087101635357e-07 1.8472115604695708e-06 -3.07728374721991e-06 2.0729565506288403e-06 0.0
0.0634236316358588 0.26834501209770456 0.7629114095573137 -2.2014470187247938e-05 -5.960148690421958e-06 8.229103863010613e-05 8.738609729396326e-05 0.0 0.014039786936228257 0.24679114078961387 0.7601277428028822 -6.814046511646784e-07 2.3252853529079886e-06 -4.089190934296512e-06 5.36542620456265e-06 0.0
0.06341311705187079 0.26833323648182134 0.7629413000408808 -7.3142563250205264e-06 -1.3082245796207262e-05 4.298435185198226e-05 3.5060654014715655e-05 0.0 0.01404328155943453 0.24679133070774695 0.760123294411199 3.0859210836121083e-06 4.548640186710606e-07 -4.2910121026418826e-06 5.857253777330861e-06 0.0
0.06340072584265528 0.268331383894767 0.7629428513501606 -1.394687037659569e-05 -7.908110155159469e-06 2.8115030139650864e-06 8.845051931910379e-06 0.0 0.014046633979033461 0.24679401729044484 0.7601153405704573 4.13229027404713e-06 1.7577736342703873e-06 -7.144099342825681e-06 8.775756337276249e-06 0.0
0.0633778770391191 0.26833732373033226 0.7629392162076263 -2.8792036274984743e-05 3.640802335150371e-06 -1.01410643098654e-05 2.4605819830445284e-05 0.0 0.014047215904211529 0.24679697255295854 0.7601108310579282 1.5920398073183038e-06 3.024802886306427e-06 -5.341836970897104e-06 5.495720991673025e-06 0.0
0.06335275344628605 0.2683470350459829 0.7629351476550245 -3.073751182740694e-05 1.5497894673518807e-05 -1.1124406075648663e-05 3.030514974015032e-05 0.0 0.014049705426172303 0.24679736974446465 0.760109205110468 1.7665399298661749e-06 1.4180156890372627e-06 -2.3162008278257145e-06 2.944272282725935e-06 0.0
0.06333397782050218 0.26835643080653576 0.7629310370229102 -2.1432701407070128e-05 1.459145673683556e-05 -5.496649430996491e-06 1.9287683446803132e-05 0.0 0.014056131461198223 0.24679393490817228 0.7601022506769094 5.439972661457887e-06 -3.355170569992513e-06 -4.968980229681084e-06 1.0013343619581286e-05 0.0
0.06331454546193449 0.26837039661945084 0.7629300128259004 -2.0464300007860743e-05 1.2529151481892956e-05 6.405663123716234e-06 2.294954986737002e-05 0.0 0.01406523760288153 0.24680203852410118 0.7600884826182749 9.090345487120982e-06 5.581405208115359e-06 -1.2871870236247392e-05 1.86761276935114e-05 0.0
0.06330771595960437 0.2683741975770973 0.7629412031240332 -5.324324921834384e-06 2.972088591448567e-06 1.2943627077980933e-05 1.4967484856535462e-05 0.0 0.014069185740245686 0.24680798825900188 0.7600815831716448 5.8062807621026825e-06 7.362809249178104e-06 -9.637981183359063e-06 1.005277763420375e-05 0.0
0.06329774470141397 0.2683592489696723 0.762974143183024 -5.017336026840813e-06 -1.412863755403527e-05 2.954049359728916e-05 3.723153505826439e-05 0.0 0.014072459526204664 0.24681242387983746 0.7600755102719687 3.2972961425815342e-06 5.728236431422434e-06 -6.596309978553658e-06 7.449519746050311e-06 0.0
0.0632892356453988 0.26833926410479403 0.7630077155298957 -8.029849143339074e-06 -2.284748220738947e-05 3.613103577479443e-05 4.0535363232019506e-05 0.0 0.01407549716755634 0.24681392397049093 0.7600730840022606 1.8371073470165542e-06 2.19475847864158e-06 -2.052895975786148e-06 4.5495207113916245e-06 0.0
0.0632774109664149 0.2683139822184514 0.7630298253331668 -1.2763678960105787e-05 -2.739157403790487e-05 2.5817417595097662e-05 3.513814389236553e-05 0.0 0.01407684732737934 0.24681399205585972 0.7600725894488536 6.569867402286265e-07 -9.838106658819085e-07 1.166386873518859e-06 1.7695282591703153e-06 0.0
0.06326388066005441 0.2682976436276252 0.7630437688542016 -1.4891721667543524e-05 -1.8184352294029382e-05 1.2132810249815384e-05 2.4915127460288866e-05 0.0 0.014073866492511 0.24682123042906734 0.7600746991059255 -2.3152470667307177e-06 4.6707562792719185e-06 2.709285358284435e-06 7.813652499220993e-06 0.0
0.06323150694605484 0.26828541369774966 0.763060542274987 -3.075670342600896e-05 -9.628197841567671e-06 1.0707194858965536e-05 3.847188502452379e-05 0.0 0.014068195521424335 0.24683132925501883 0.7600711791290901 -5.326073214430369e-06 1.0480673799394873e-05 -3.128944423503317e-06 1.2171080713353513e-05 0.0
0.06321532639959612 0.26828975486400736 0.7630625989739086 -2.136300689908993e-05 6.2509953300955e-06 1.608309302484023e-06 1.838116131877511e-05 0.0 0.01406600211208827 0.24683140271479753 0.7600712690356761 -3.2662021929116002e-06 4.006942240332857e-06 -1.8588337845525124e-06 2.374537224942825e-06 0.0
0.06320233874546415 0.26829794011840463 0.7630580216532402 -1.2341942031032908e-05 1.089310421311972e-05 -3.7487855997871943e-06 1.4394485052368667e-05 0.0 0.014063521127583816 0.24683381990765274 0.760068864713289 -2.4576386595971114e-06 1.2747969916243148e-06 -2.2533063538197523e-06 3.551318980333392e-06 0.0
0.063191099601199 0.26830000413120364 0.7630531455055307 -8.852516741517481e-06 3.875534065804617e-06 -4.239964753877531e-06 1.2767204808195438e-05 0.0 0.014061411370517383 0.24683531064516367 0.7600670529298972 -1.279560346546905e-06 1.389236983720023e-07 -2.2014833192266204e-06 3.6873563561911196e-06 0.0
0.06317688144969287 0.26830238038284965 0.7630542669764387 -1.1157623215554214e-05 4.43281368522703e-07 7.255703768888582e-08 1.4918632976909889e-05 0.0 0.014058737523490466 0.24683981095370144 0.7600619529235227 -1.937804713553896e-06 3.1228040578519015e-06 -4.3401738053337514e-06 7.47365725296928e-06 0.0
0.06315980980267406 0.26828994212843116 0.7630540987085594 -1.6853734072490473e-05 -1.3385938559300738e-05 1.1786710623780644e-06 2.10488809021954e-05 0.0 0.014057635710928305 0.24683873180294794 0.7600624788677508 -1.5060470924339725e-06 5.008376944811924e-07 -3.6892854210997364e-07 1.473908873303352e-06 0.0
0.06313569181114585 0.26826184741877307 0.7630339282826185 -2.5578786717533395e-05 -2.92028722457165e-05 -1.5462263406286944e-05 4.159899603474439e-05 0.0 0.014057023353509904 0.24683958577488063 0.7600618198517524 -1.0966975688337833e-06 1.3328099592798415e-06 4.514857771816647e-08 8.62659802829516e-07 0.0
0.06311123402948048 0.2682365197573595 0.7630089595648397 -2.769720942416491e-05 -2.9398562523680633e-05 -2.6296084978617496e-05 4.4067743383908247e-05 0.0 0.014055271987204883 0.24683975145932657 0.7600656416617296 -1.563472120204057e-06 3.476794812126405e-08 3.4408836078461595e-06 4.520505578186718e-06 0.0
0.06308401803972515 0.2682304891551918 0.7630018396573561 -2.650351021944423e-05 -8.604975979202804e-06 -1.4238669950729856e-05 2.8103564066353987e-05 0.0 0.014044657553849831 0.24685492345143067 0.7600728297143012 -9.196488444570883e-06 1.226495980891561e-05 7.72753957596081e-06 1.9866690979614647e-05 0.0
0.06305457420782545 0.26820679224055594 0.7629786231296841 -2.8821693957076215e-05 -1.6482348509986484e-05 -1.9891817609830306e-05 4.370960605615651e-05 0.0 0.014039702323774267 0.24686014661963976 0.7600691099063963 -7.262660837259764e-06 9.077450766288355e-06 -1.552983012861327e-06 8.581776270459577e-06 0.0
0.06303703474871838 0.2682007193562088 0.7629743097882132 -1.881857395241932e-05 -6.390281982927832e-06 -5.245401088822788e-06 2.070943249071716e-05 0.0 0.014035919507933616 0.2468591495859781 0.7600726135240108 -4.378093440916957e-06 5.302113339669279e-07 1.019011450375433e-06 4.228888985661849e-06 0.0
0.06303062836056 0.2682024212670789 0.7629624638876786 -6.07770354496921e-06 2.2968440249446215e-06 -7.366929730033961e-06 1.2589191067812609e-05 0.0 0.014035374909418998 0.24685606227102982 0.7600747356646268 -1.474821956709536e-07 -4.721272879930318e-06 1.42787805347053e-06 4.0938659122536126e-06 0.0
0.06301936539842976 0.2681938396276187 0.7629627212285364 -7.407796853844899e-06 -6.786860202547699e-06 -1.3037061274877582e-06 1.3841782009123444e-05 0.0 0.014034471803504641 0.2468621894166437 0.7600681893058665 7.631222323009558e-07 2.058859476508551e-06 -4.943910105384684e-06 9.499744362013913e-06 0.0
0.06300866717454424 0.26818403176877825 0.7629622762206716 -1.0156927814480795e-05 -1.1429515876969516e-05 -1.0722702153998016e-06 1.5352565143766062e-05 0.0 0.014033738917222673 0.24686836682407526 0.7600613015113923 -7.777114772099155e-08 6.903853890194199e-06 -7.676255099233782e-06 9.333732515323764e-06 0.0
0.06299297605695216 0.2681775102620639 0.7629623592192797 -1.636971495621415e-05 -8.401565168634345e-06 6.013620090873253e-07 1.6891800642848798e-05 0.0 0.014033102962286536 0.24687242326867284 0.7600567790038114 -1.2811125681674785e-06 6.750056554102071e-06 -5.338231370445907e-06 5.521654109881328e-06 0.0
0.06297518320140011 0.268174907658362 0.7629612682126283 -2.0400087164905655e-05 -3.6067859982238794e-06 -5.445154634695124e-07 1.727740128628832e-05 0.0 0.014031901392646547 0.24687695356676295 0.7600510603409137 -2.172055260130454e-06 6.086490404853343e-06 -5.43929941965509e-06 7.504751551648227e-06 0.0
0.06295626525477399 0.26816792804109707 0.7629672245164528 -2.0509618560218477e-05 -6.6071966990467274e-06 3.1130915911882408e-06 2.155431087662832e-05 0.0 0.014032809234693001 0.2468796635203809 0.7600437919573696 6.678160471688214e-07 1.4890247151614077e-06 -6.862275505221058e-06 8.026924438289628e-06 0.0
0.06293732737128598 0.26816575666901993 0.7629727311711676 -1.8229489087471275e-05 -7.813260383806789e-07 6.800757740304062e-06 1.9842790305573057e-05 0.0 0.014033082490092288 0.24688539430933165 0.7600363766731733 6.600419896794807e-07 3.842668661998949e-06 -6.41486472437524e-06 9.4384796935662e-06 0.0
0.0629270418434846 0.26816805035824154 0.7629715308923296 -1.0409484556918361e-05 2.2779956239177872e-06 -1.0020173373412996e-07 1.0560927217956051e-05 0.0 0.014033148007063229 0.2468857661083773 0.7600357352284436 4.6914055732255093e-07 1.28354954306207e-06 -2.0020862412788003e-06 6.569392963011099e-07 0.0
0.06291652340531965 0.2681691757866504 0.7629609404948275 -8.968484515339795e-06 1.1351205566926972e-06 -9.343853766813183e-06 1.4670883945242869e-05 0.0 0.014034305750172225 0.24688876120709294 0.7600334167558441 9.125293220868565e-07 3.033208979596957e-06 -1.856966632035759e-06 3.62791632485908e-06 0.0
0.06290373242987367 0.2681674542002917 0.7629557648205004 -1.1070060619621203e-05 -1.0212187009283347e-06 -8.671181224668199e-06 1.4381695785752287e-05 0.0 0.014038702005754952 0.24689037836344124 0.7600314851692296 3.938271374625595e-06 1.6808000254294394e-06 -1.200790388153096e-06 5.494967892208926e-06 0.0
0.06288140867257148 0.26814118277392374 0.7629409368183349 -2.1552997371608818e-05 -2.3190366763129446e-05 -1.4386099251496281e-05 3.724553415531927e-05 0.0 0.014042703691398359 0.24689857873093018 0.7600267413132602 4.526337928361846e-06 7.12863451775081e-06 -4.161163084761443e-06 1.0265955802873313e-05 0.0
