0.06350280656872154 0.278043456333917 0.76369765186364 0.0 0.0 0.0 0.0 0.0 -0.017010417622164015 0.2790247800118875 0.7629753758859151 0.0 0.0 0.0 0.0 0.0
0.06349607111389594 0.27804929889173097 0.7636835417346025 -6.735454825601561e-06 5.8425578139398304e-06 -1.4110129037514518e-05 1.6691242463407543e-05 0.0 -0.01701145300415812 0.2790195978493803 0.7629943935288422 -1.0353819941064102e-06 -5.182162507222365e-06 1.90176429271105e-05 1.93636581110403e-05 0.0
0.0634930525614218 0.2780388912849781 0.7636843257390815 -3.01855247412941e-06 -1.0407606752860232e-05 7.840044790041745e-07 1.0864833196342835e-05 0.0 -0.017012402560889334 0.2790323304119131 0.7629860779976972 -9.495567312133024e-07 1.2732562532813407e-05 -8.315531144997834e-06 1.6095679697987998e-05 0.0
0.06346725892305001 0.27800632071734643 0.7636723516938372 -2.5793638371796046e-05 -3.257056763167343e-05 -1.1974045244333986e-05 4.3238078308566854e-05 0.0 -0.017012819908469676 0.2790361581990441 0.7629858432431121 -4.1734758034206454e-07 3.827787130983307e-06 -2.3475458510446856e-07 3.5272275156792127e-06 0.0
0.06340923836844613 0.2779842274033152 0.7636694628990282 -5.8791761794467304e-05 -2.2412929527282576e-05 -4.4052509403504195e-06 6.215178530721433e-05 0.0 -0.017017463613647702 0.2790382843663326 0.7629905772887928 -4.578989074204106e-06 9.270380886455381e-07 6.45248417436373e-06 6.082993636421834e-06 0.0
0.06338441401451334 0.2779688258776119 0.763657806295255 -2.5650565208833648e-05 -1.433040155267095e-05 -1.0382434588020416e-05 3.145364770090831e-05 0.0 -0.01702086740347965 0.2790351400616831 0.7629810659712025 -3.6242154080753156e-06 -2.5043808829672405e-06 -9.831656728639438e-06 1.1435471446796607e-05 0.0
0.06328885779687239 0.2779012633944329 0.7636144917163532 -8.619025998411806e-05 -6.015549758222349e-05 -4.235063235271289e-05 0.00012471528176711497 0.0 -0.01702218932952749 0.279036530742414 0.7629699327731754 -1.5150549570340074e-06 -6.499509201350403e-08 -1.0964937800001264e-05 1.1765182888230495e-05 0.0
0.06322655220830867 0.27789005110984255 0.7636197288977291 -6.874726189483833e-05 -2.1754421804477162e-05 -1.54054124950139e-06 6.444946538684323e-05 0.0 -0.017021093151261657 0.27903782916960546 0.7629677752137408 1.481445559705933e-06 3.118071857944382e-06 -5.372225703469918e-06 1.9010612388144608e-06 0.0
0.0631670632289087 0.27789740079864345 0.7636212329798205 -5.9272344578480926e-05 8.010528172868919e-06 4.24632945647625e-06 5.650523493534887e-05 0.0 -0.01701654795363414 0.2790302598207309 0.7629647055793188 4.91351471374686e-06 -5.361825293324767e-06 -1.4335141390643021e-06 9.141822580310352e-06 0.0
0.06312881222564692 0.2778923698691158 0.7636318993261939 -3.642091989115099e-05 3.6891623783878097e-06 1.5880952883478594e-05 3.9606906653922735e-05 0.0 -0.017012490610578978 0.279020894628207 0.7629635118017097 5.179363608641456e-06 -8.38597454004652e-06 -1.671023165776148e-06 1.1053927635461122e-05 0.0
0.0630970741621622 0.27788225237097675 0.7636371810301936 -2.7186830138224153e-05 -6.438391803374333e-06 9.567562182554696e-06 3.567703654725058e-05 0.0 -0.017012956663272787 0.2790203689115612 0.7629606795168232 3.010343596756165e-07 -3.650163263268597e-06 -4.822038113699084e-07 2.8223391156474396e-06 0.0
0.0630683160368274 0.2778706557136679 0.7636374381455248 -2.489080984166073e-05 -1.3315095038792849e-05 5.119326562105622e-07 3.16930612775017e-05 0.0 -0.01701445303538086 0.2790229276011661 0.7629544233984861 -2.7699221582153086e-06 2.6838956398960815e-06 -5.949572984532996e-06 6.2934928415501044e-06 0.0
0.06304781034338834 0.27785035179793394 0.763628030920274 -2.0679021831786124e-05 -2.5708476398726398e-05 -1.3778374930135704e-05 2.7865388768903536e-05 0.0 -0.017015367329999812 0.27902252596356986 0.7629520981914182 -2.1573337611219343e-06 1.920705397359852e-06 -5.287795434699261e-06 2.998748943098979e-06 0.0
0.06304180898626408 0.27784141174948024 0.763619491328925 -1.4048148506281862e-05 -1.677696528598699e-05 -1.3860427489866934e-05 1.547214491464022e-05 0.0 -0.017015618183395947 0.2790215429830328 0.7629516626010192 -5.336661857491703e-07 3.4547223064328746e-07 -8.548905513203201e-07 1.2060081582067033e-06 0.0
0.06303856938170344 0.27782802248109467 0.7636128886777748 -7.789489403898066e-07 -6.823710617310654e-06 -4.798060757183542e-06 1.4085119921029187e-05 0.0 -0.017015996574896004 0.27902085250494 0.7629472666754852 3.9572571377869906e-07 -1.730159411698711e-06 -2.4699087683405423e-06 4.113268661615315e-06 0.0
0.06302964772146888 0.2778125379106524 0.7636088688759554 -6.847844701541648e-06 -1.2405605399745974e-05 -3.4161856671042844e-06 1.912117907244298e-05 0.0 -0.017010642404245623 0.2790188663166117 0.7629464424722384 5.3595677987255445e-06 -3.5249223257185307e-06 -1.283523641286967e-06 6.013272462055767e-06 0.0
0.06302194678937689 0.2778072720928747 0.7636105917972041 -7.927562191863708e-06 -7.4444784505772004e-06 3.5484354473982505e-06 9.767716153208075e-06 0.0 -0.01700291558566933 0.27900978887708433 0.7629397274337958 8.238444161799227e-06 -8.449959628879337e-06 -5.753850687647182e-06 1.3661278641018552e-05 0.0
0.06301420371544704 0.277802965283185 0.7636031883224298 -9.891606879007298e-06 -3.837552128248054e-06 -4.517976679170906e-06 1.0748508688267947e-05 0.0 -0.016992689677431214 0.2789878748887999 0.7629216709434327 1.0480225836767589e-05 -2.0342749909099268e-05 -1.7463168821135896e-05 2.9995947863785992e-05 0.0
0.0629982081947343 0.2777952617986747 0.7635919579777508 -1.612880008456926e-05 -6.494131875991019e-06 -1.1796300596590618e-05 2.1094437906898648e-05 0.0 -0.016990328322135425 0.2789733493769029 0.762902686633859 3.987065700940209e-06 -1.797091221000861e-05 -2.1264533407213515e-05 2.4546295088529846e-05 0.0
0.06295289274324439 0.2777869174577286 0.7635868533362844 -4.163884049178938e-05 -8.753303963171022e-06 -8.721297018528665e-06 4.69011308989285e-05 0.0 -0.016982122869358914 0.2789550287561572 0.7628762777493274 6.094683633092822e-06 -1.8407292150999568e-05 -2.6570688215761243e-05 3.235478269473168e-05 0.0
0.06292589274867143 0.277772619622109 0.7635851416750749 -3.333337073145102e-05 -1.384831973170276e-05 -2.5041659767494987e-06 3.093771527609376e-05 0.0 -0.016974305495287476 0.27895517910998485 0.7628629005594555 7.0567737408283795e-06 -1.3844209337283559e-06 -1.599801752017701e-05 1.606857395585472e-05 0.0
0.06289866854518796 0.27774995399077557 0.7635714930814794 -2.8010837835641554e-05 -2.3711481302148836e-05 -1.0319745068118834e-05 3.641392234179404e-05 0.0 -0.016946311183538666 0.27890454224699535 0.7628395681442278 2.5284695316961245e-05 -3.9457400360877126e-05 -1.9731218292971652e-05 6.162212394042196e-05 0.0
0.06288593928909939 0.27773512097162817 0.7635616597475602 -1.2250736144586742e-05 -1.7875387967070383e-05 -1.0347458264582636e-05 2.2898865084243118e-05 0.0 -0.01692309691328123 0.2788403488592927 0.7628190396730548 2.7565636121609734e-05 -6.674413582081316e-05 -1.9325761116935924e-05 7.301167519725296e-05 0.0
0.06287084578762969 0.27771401310527566 0.7635532511930231 -9.23413956247481e-06 -1.9047250950675383e-05 -9.228155615733279e-06 2.7237064831877897e-05 0.0 -0.016847303223238186 0.2786478916799369 0.7627529089175442 7.0454137914001e-05 -0.00018309038523589837 -6.003477928543523e-05 0.00021473857556393854 0.0
0.06285008459949327 0.27766955322309983 0.7635155957293718 -1.7456286465739483e-05 -4.039391653635854e-05 -3.432757777675348e-05 6.179200838634765e-05 0.0 -0.01679347126143323 0.2784728046528848 0.762702193155649 6.355387681535502e-05 -0.00019964137676081 -6.030688294805178e-05 0.00019418185267446384 0.0
0.06281707900650642 0.2775187076293863 0.7633628215028511 -3.42941315602141e-05 -0.00013879580260527452 -0.00014001377114925313 0.00021648070813964318 0.0 -0.01661561215242087 0.27769734419034875 0.7624083707978588 0.00016117338257157975 -0.0007001513175568325 -0.00026306158548872893 0.0008372673591639062 0.0
0.06278520434167505 0.2773825883677743 0.7632193744257033 -3.800858928389964e-05 -0.00015601328837418503 -0.000163453376987603 0.00020462254616536584 0.0 -0.016509199195816258 0.27700871605226557 0.7621137498929392 0.0001304110389394728 -0.000778308763075233 -0.0003270246922629208 0.0007790565722309344 0.0
0.06275242261596721 0.27726459797031966 0.7631214942883177 -3.3783189572007484e-05 -0.00013184484734416333 -0.00011707463008486326 0.00015122426668642255 0.0 -0.0163737049196489 0.2761652199243738 0.761659704946525 0.00013173521824453777 -0.0008673770363768025 -0.00045616777549611643 0.0009452664875837435 0.0
0.06264737147770758 0.2769012245808407 0.7628430394034036 -9.425450149213304e-05 -0.00032230150506647187 -0.00024369796778524156 0.0004653031939488294 0.0 -0.015954259055398014 0.27368633603176046 0.7600426869139191 0.00037343497327231383 -0.0022523651703572445 -0.0014731867280083546 0.0029732474466438886 0.0
0.06249935728644765 0.2766108964754602 0.7626609583147422 -0.0001495913232138532 -0.00032074938636103486 -0.0002023427376470837 0.0003896443719955667 0.0 -0.01558725903666257 0.2703940157235021 0.7575000641488984 0.0004079486189797828 -0.0033739903799502075 -0.002574156008834609 0.004237678692298971 0.0
0.06242580932080405 0.276529431084078 0.762637088780743 -9.801365849209284e-05 -0.00012229041585267418 -4.448853098727825e-05 0.00010299867236242178 0.0 -0.01591325440084484 0.2686596409262488 0.7557608847013927 -0.00020183474504919217 -0.00223050961386297 -0.002105864643769076 0.002474144144939277 0.0
0.06234441696906608 0.27646255984853707 0.7625913448379227 -7.525752627717923e-05 -3.410832586595263e-05 -1.449108786423373e-05 0.00010138677420326735 0.0 -0.016494902235265962 0.26709851369465215 0.7537094593136346 -0.0006488056796025171 -0.001450432082738574 -0.001987734401206684 0.0025162660179698206 0.0
0.062323441503305085 0.27643357072648056 0.7625645496302589 -1.582714861813578e-05 6.022817326439558e-06 -9.35150644463328e-06 6.280061950283161e-05 0.0 -0.017200784048604967 0.2664736739730605 0.7521676904473852 -0.0008274319492931774 -0.00042447969806524283 -0.001457573796849777 0.0019135604895224433 0.0
0.06232620807390641 0.27643069794500275 0.7625052027245491 1.7566883827652616e-05 1.7085254104626233e-05 -4.686160443387025e-05 6.148497181527584e-05 0.0 -0.017954283541963607 0.26577630518765855 0.7510218431511081 -0.0008217137751462316 -0.00030338378837596174 -0.0009761869668071368 0.001570002634704899 1.0
0.06232558172380758 0.2764506582093935 0.7624552707677579 8.336109128147251e-06 3.1487951585501333e-06 -7.166804838716021e-05 4.255736342677254e-05 0.0 -0.01840469463229224 0.2654937446373574 0.7505049557074609 -0.0004481091126009164 -0.00030010137946146317 -0.00047648542515502644 0.0006941418195384892 1.0
0.06232807961991772 0.2764640914493326 0.7624305718219129 -6.278419959957126e-06 -1.7651618499269227e-05 -5.701717399107589e-05 3.0484199368909377e-05 0.0 -0.01851540358164208 0.26533212023987707 0.7502762571856809 -1.4810634713577868e-05 -0.00039365626860321155 -0.000250053384365291 0.0002743618879629257 1.0
0.062326870281680505 0.2764558411314357 0.7624328681562793 -9.223827289491011e-06 -5.0548040730513015e-06 8.670513148224443e-06 1.1187745236950668e-05 0.0 -0.018379442186886568 0.2651920518077184 0.7501788486696884 0.000223682187677821 -0.00024985423675745336 -9.049203739702749e-05 0.00025783045810785733 1.0
0.06232222406917029 0.27645810231120815 0.7624252070536868 -6.612034956461984e-06 5.719802854120537e-06 1.3267343156973452e-05 7.249659444820823e-06 0.0 -0.01809973798898011 0.26479078182518134 0.7500780760331457 0.00030464117755655905 -0.00031674085072616815 -6.916080653602804e-05 0.0004873220138879473 1.0
0.06232029557392018 0.27646684035000574 0.7624146841841076 -6.263048009996915e-06 2.8796018922003165e-06 -7.88887838553444e-06 1.6174869531961e-05 0.0 -0.01801937227750438 0.2646229156143033 0.7500728062287502 0.00011873553332987719 -0.0002635214635718509 -0.00012373412939562108 0.00020353315671007037 1.0
0.06231539055114112 0.2764780368944647 0.7623934025728412 -4.5985942888124146e-07 1.3971283652758419e-05 -2.2853029370898454e-05 2.3352503430488502e-05 0.0 -0.017969923975627033 0.2644922185945654 0.7500648150255644 -2.3684188085538733e-05 -0.00011637674029068147 -4.5848729482352805e-05 0.00010471587052019544 1.0
0.06231058308664537 0.27647865327011534 0.7623833056478998 -3.1467627358367907e-06 7.425873929912311e-06 -2.0691678998659777e-05 1.105747369625556e-05 0.0 -0.01796865169244875 0.2644565876883796 0.7500799955981684 -8.018434145488733e-05 -3.7799112235437234e-05 6.601889067924709e-06 5.320076078564346e-05 1.0
0.06230650135246988 0.2764675730145502 0.762390277779434 -4.153354906715211e-06 -7.928342144196166e-06 3.697838199437947e-06 1.3203027064035165e-05 0.0 -0.01811094442064995 0.2646167174926877 0.7502176067165555 -0.0001500438864105966 0.0002002897810241994 0.00015317594176096237 0.0002637923965348786 1.0
0.06230401888140871 0.27646208792656585 0.7623951200124527 -2.2704446853175367e-06 -1.09997145745462e-05 1.1589811177248358e-05 8.487553519086613e-06 0.0 -0.01831039154256608 0.2649050715973786 0.7502584282821739 -0.00019092444595076365 0.000320288248297725 8.530567402361918e-05 0.00035669338779468574 1.0
0.062293974439742106 0.27644185956373213 0.7623915830429582 -8.8648299274058e-06 -2.1221656422277885e-05 2.6633124264795693e-06 2.2746466596217584e-05 0.0 -0.018510471823389805 0.2651875460561846 0.7502853253716513 -0.0001885532581369368 0.0003047322407869431 3.09012989466549e-05 0.00033462353616087615 1.0
0.062272846197194254 0.27640261168556257 0.7623622477490267 -2.044509439358131e-05 -3.65488077578084e-05 -2.7844029979132627e-05 5.341950016861275e-05 0.0 -0.018651519937014117 0.26538322493214317 0.7503621521028305 -0.00013704597551232253 0.00018981607146898816 5.300312156289363e-05 0.00025409346884360114 1.0
0.06222363832261861 0.2763566287620898 0.7623215506719703 -4.757364286146295e-05 -4.704889489620616e-05 -4.64164641367584e-05 7.880128564135861e-05 0.0 -0.018740930072177506 0.2654598519813971 0.75046530373837 -8.479257949936943e-05 7.016490235939359e-05 9.834550360767045e-05 0.00015627191696566262 1.0
0.062174578918608545 0.27631896646076237 0.7623074249192259 -5.481755793712966e-05 -4.1261398773441457e-05 -2.4848901200343917e-05 6.354835173208349e-05 0.0 -0.018838118220783427 0.26556932345320705 0.7506521088381031 -6.508270728873489e-05 4.9685195473794563e-05 0.0001819926286048584 0.00024244735723898364 1.0
0.06211145157174749 0.27628622306344036 0.7622827790721456 -6.397890495619359e-05 -3.2877014238212996e-05 -1.9203987275942127e-05 7.368364628073972e-05 0.0 -0.018880782635759874 0.26565675771235686 0.7508359991790556 -4.1918433798549464e-05 7.438699820496399e-05 0.00020978985730502688 0.00021051939188368704 1.0
0.062056916013340645 0.2762825125235406 0.7622707350234468 -5.5991738194502304e-05 -3.926240470643366e-06 -7.75757970792989e-06 5.770057613877513e-05 0.0 -0.01885593968883776 0.2657611575830889 0.7511061712666067 7.181343713575828e-06 0.00012383695419610562 0.00027405943480584096 0.00028485613855041566 1.0
0.06199917980826511 0.27628018286395334 0.762250304894564 -5.402401834729524e-05 5.062815375048141e-06 -1.5425077884299835e-05 6.0944379958866234e-05 0.0 -0.018582235363330313 0.2657233177349268 0.7514995340471576 0.00024057149380945624 9.842015568014412e-06 0.0003741547435531062 0.00047926041327478534 1.0
0.06196479983241183 0.2762760363612983 0.7622359113236468 -3.497759546156004e-05 -1.1696459256972477e-06 -1.6620210486483542e-05 3.76900854117873e-05 0.0 -0.018138361823449148 0.2655884815998554 0.7518960087260752 0.00045855611237638906 -0.0001308797311301016 0.00041242697985061956 0.0006159871671156244 1.0
0.061925253484678276 0.276256189684224 0.762221703292162 -3.513546963416947e-05 -2.019637500092236e-05 -1.7565670479363224e-05 4.549141525946412e-05 0.0 -0.017430195062739334 0.26531993575889445 0.752440687309587 0.0007244240956886769 -0.0002865122137215026 0.0005350173155082453 0.0009288316506294685 1.0
0.06186515032929654 0.2761659282258115 0.7621770198388131 -5.6584768046090335e-05 -8.639104843337754e-05 -4.0876857276722544e-05 0.00011773547532372992 0.0 -0.01618263006713794 0.2647942966445555 0.753227816371919 0.0012219238277076578 -0.0005282365718930874 0.000767616019071441 0.0015637481427403037 1.0
0.061817036151752554 0.2760728265437437 0.7621201424801463 -5.3680344196774985e-05 -0.00010678697589800956 -5.783833702761432e-05 0.00012112650283919775 0.0 -0.01491453656804617 0.26419942262583207 0.7539597189940332 0.001343643058662261 -0.0006237135995337813 0.0007788638420476832 0.0015960031492395495 1.0
0.061757087782722396 0.2759340875436085 0.7620151151732695 -6.198498471335553e-05 -0.0001411278376996181 -0.00010429414748940249 0.00018123779900129178 0.0 -0.013325662478783678 0.2631767525408882 0.7546105913319235 0.0015768754331215884 -0.000983108115881313 0.0006713496225525886 0.00197498066675728 1.0
0.061722472657166585 0.2758291200214167 0.7619032259383118 -3.9431710461103125e-05 -0.00011290998228259494 -0.00011879589509249436 0.0001584964496215249 0.0 -0.011108477376860654 0.2615062705096645 0.7554202011554307 0.002138947166215049 -0.0016241511584622918 0.0007601095532663531 0.002894515261939688 1.0
0.06167717702428238 0.27569802811233757 0.7617782815908847 -3.976098567958498e-05 -0.00012020896061554177 -0.00012780520575489932 0.00018581199858674273 0.0 -0.0094457899868892 0.26030251017202893 0.7561428445336665 0.001811650284525591 -0.0013867752738450506 0.0007207325208989436 0.002215543619098452 1.0
0.06163647358945107 0.275577777745727 0.7616666261528928 -3.7309985426422473e-05 -0.00011469468941637376 -0.00011190862115016528 0.00017059838672245405 0.0 -0.007381461561287682 0.2584806843207528 0.7569202425724982 0.0019637359035826626 -0.0017227857821526203 0.0007583002346075742 0.0027996192502256676 1.0
0.061587527484173336 0.2754492477248133 0.7615673865675763 -4.8597406304280174e-05 -0.0001249844093171279 -9.489180425948938e-05 0.00016854755533965603 0.0 -0.005696061532458052 0.25644874148734165 0.7575308884927411 0.0017107825740636476 -0.0019947328844255267 0.0006518457681079467 0.00274354255449351 1.0
0.06149637759130529 0.2752299402377978 0.7614052775305531 -8.859247956117373e-05 -0.00021019842448813993 -0.00014688243082664628 0.00028709028065809506 0.0 -0.004060763497287891 0.25382586463987994 0.7579356639824175 0.001589131949304063 -0.0025636373890135034 0.0004275808156790508 0.003124991189983426 1.0
0.061452072494087184 0.2751437730715059 0.7613461940522304 -5.826176186137496e-05 -0.00011927093330419016 -7.960361910716005e-05 0.0001182347491283916 0.0 -0.0029270846142187353 0.251948619597291 0.7583013773326818 0.0011431000819055199 -0.0020758345500717077 0.0003123008688537891 0.0022245112268187255 1.0
0.06140132218190939 0.2750818137656773 0.7612940711534785 -4.8869131399478906e-05 -5.973670233589663e-05 -4.951497546649512e-05 8.734296885764517e-05 0.0 -0.0019020505255388153 0.25040023008554285 0.7585983964605088 0.000993619929826885 -0.0015710259407274371 0.00027185105290222745 0.001837445132008333 1.0
0.061374838259163275 0.2750578116052389 0.7612619651898479 -2.291783638742166e-05 -7.389417017097428e-06 -2.415448399817895e-05 5.084694852186249e-05 0.0 -0.0012346156985779055 0.2493254886651018 0.7589033115321889 0.0006898004205796616 -0.0009800674511847088 0.00031163323294798996 0.001342020254378116 1.0
0.061341456543634126 0.27502880108638716 0.7612270409011724 -2.5971429221384888e-05 -1.2951799540893282e-05 -2.7321982698320942e-05 6.0626164302883756e-05 0.0 -0.0004681920403928908 0.24848928357837208 0.759146867509638 0.0006844254527377089 -0.0006510292553069147 0.00027219560400295717 0.0011521011257308897 1.0
0.06132066281669274 0.2750103135519107 0.7612048761346322 -2.0621861100286133e-05 -1.908398189436907e-05 -2.4777747233579005e-05 3.459471206271878e-05 0.0 0.0001404948021588335 0.24822422886765175 0.759203557301112 0.0006840290028891148 -0.0003103217938237213 0.00010321785696108213 0.000678774826458047 1.0
0.06130047012020961 0.2749861033064897 0.761186125599073 -2.3162870536971014e-05 -3.6492814220840045e-05 -2.6256400694456633e-05 3.178259714574743e-05 0.0 0.0006837327288143333 0.24794634839388613 0.7591290105426417 0.0005713774631508411 -0.0002729528872102108 -8.976606329973603e-05 0.0005841802323927124 1.0
0.061274519120237625 0.27493862180308576 0.7611471845321924 -2.8603276140845986e-05 -5.713920204107503e-05 -4.1994889254467295e-05 7.015721507852349e-05 0.0 0.0009414480594132423 0.24786244054343043 0.758868304838634 0.00031362736530703844 -0.0001661914403488108 -0.0002842241591662296 0.00039812700367031 1.0
0.06125604891815979 0.27489155949842387 0.7611034201129304 -1.84711479282522e-05 -4.493203823435971e-05 -3.9872892926057544e-05 6.696280847779865e-05 0.0 0.001116878934308858 0.24783032414942896 0.7585938009839843 0.0001278963662939565 -2.890897523845316e-05 -0.00031199337109325003 0.0003195849646983346 1.0
0.06125047290949448 0.2748758211121091 0.761083036569333 -8.257643367488549e-06 -2.2102577487182788e-05 -2.7433131682695584e-05 2.6276497405756046e-05 0.0 0.0013212471825884014 0.2478263349834319 0.7583212787109982 0.00015530199374193634 -3.227067190505312e-05 -0.0002796894606405189 0.00034370743453680536 1.0
0.06124136497199852 0.2748622301738313 0.7610574902975619 -5.291809884596169e-06 -7.116121262491487e-06 -2.2120985730641682e-05 2.794655085895755e-05 0.0 0.001548745180434796 0.24782360072815807 0.7581045271138847 0.00021235033305354637 -1.2332349130920453e-05 -0.00019593412036760693 0.00031227878264421314 1.0
0.061235590977820845 0.2748561779204884 0.7610410782825995 -5.328024176953998e-06 -8.424156593636583e-07 -1.4402806640823522e-05 2.1090750576818474e-05 0.0 0.0018247495024209734 0.24776563050850997 0.7578991685902728 0.00031642228843429155 -5.194313676924853e-05 -0.00017243955998709086 0.00035117921128908743 1.0
0.06121835431260328 0.2748394969556914 0.7610165019862736 -1.4844928903878705e-05 -1.0972226810869876e-05 -1.9614132956027236e-05 3.4271570947131564e-05 0.0 0.001997825313489599 0.24765301054595626 0.757765201306705 0.0002202394409464753 -9.437901805521597e-05 -0.00012940101192529318 0.00024314355263906615 1.0
0.061187598903762616 0.274813640299441 0.7609908169231422 -3.181214691216906e-05 -2.820366466677198e-05 -2.681732256034599e-05 4.683420068964481e-05 0.0 0.0021846028272492803 0.247471429223299 0.7576287493829164 0.0001792700069396236 -0.00019638425252063181 -0.0001309485760870165 0.0002940304319438454 1.0
0.061167290911666644 0.2748094049531204 0.7609759870644515 -2.642039210789828e-05 -1.45713347942643e-05 -2.0546431095714654e-05 2.5719982983254854e-05 0.0 0.0023339779358769012 0.24730117701821303 0.7575380003672759 0.00012003508393330995 -0.00017770963886526008 -0.0001071835164746108 0.00024759755612998246 1.0
0.06114893599072414 0.2748069201379955 0.7609647921704985 -1.8375636333837195e-05 -1.9543314790501092e-06 -1.1246509567867326e-05 2.097539397736841e-05 0.0 0.0028386868151160163 0.24708911746042983 0.7574878225322859 0.00043820848272614686 -0.00020461898492914887 -5.685474285072761e-05 0.0005449448557118438 1.0
0.06113231413865491 0.27480240589920124 0.7609489338676478 -1.3638025149317596e-05 1.115107734362276e-06 -1.1751850699118865e-05 2.3680033379701716e-05 0.0 0.0031822206953405784 0.24678109781712879 0.7575995029279619 0.0004188018141467886 -0.0002870227269255836 9.211936306407294e-05 0.00048493713609394575 1.0
0.06112206332470671 0.27479490700902365 0.7609389857706219 -8.682323329945594e-06 -5.275530179265661e-06 -1.0617056114453226e-05 1.7371664149367714e-05 0.0 0.003473655644716736 0.2464745487637339 0.7577131794166738 0.000328337812910285 -0.00031351064351391286 0.000138765037740487 0.0004264437590009277 1.0
0.06110792946469747 0.27476869270608667 0.7609099150909043 -1.1842989088006703e-05 -2.472676238200157e-05 -2.6253666861368725e-05 4.032408774384469e-05 0.0 0.0039379590830278385 0.24619458298660657 0.757757259623649 0.0004195775316113414 -0.0002932628524828593 6.997907442907785e-05 0.0005421679350347903 1.0
0.06110309208965435 0.2747620766930076 0.7608776845406731 -7.730156070064155e-06 -1.5179442494171875e-05 -3.5654875745812545e-05 3.390040909867125e-05 0.0 0.004145298304639995 0.24608078412869375 0.7577129277854221 0.00022548959676634808 -0.00013375650080661678 -4.4199208668468465e-05 0.0002538456766914188 1.0
0.06109642970878166 0.2747489588115033 0.7608489799339354 -6.956820912488938e-06 -1.2537314382989889e-05 -3.206251545524411e-05 3.186867753185679e-05 0.0 0.004197813041328934 0.24594706295338867 0.7575741470615756 4.272030236526447e-05 -9.664948910967625e-05 -0.00016540294310450653 0.0001899344754842829 1.0
0.061075290032912295 0.27471964125587706 0.7608089657096866 -1.8241375353773593e-05 -2.3603676112752276e-05 -3.768180301744203e-05 5.3415918592756354e-05 0.0 0.004209146610152063 0.2458621970144057 0.7573207855637023 -2.2729686499703444e-05 -6.463731358120493e-05 -0.0002733053144556507 0.0002651081782354652 1.0
0.06105967851316957 0.2747076245588635 0.7607927610381289 -1.8767377167172394e-05 -1.5425244084913226e-05 -1.923838375008244e-05 2.707087730627401e-05 0.0 0.004258178354442881 0.2458118724783113 0.7570313804531852 3.488407504605371e-05 -5.5252317100098016e-05 -0.0003045805161191519 0.00031035196001229806 1.0
0.061024728556202376 0.2746729755173479 0.7607687597618169 -3.36222371611164e-05 -3.115912691002565e-05 -1.9266338889339593e-05 5.31180737712455e-05 0.0 0.004413328397438728 0.24576606176106916 0.7566251623809043 0.00013725791923736212 -5.9965201439065474e-05 -0.0003828959706300588 0.0004295253280315669 1.0
0.06098514291241967 0.2746328273307172 0.7607449488833645 -4.118426632337838e-05 -4.1686564690104776e-05 -2.1476575802430505e-05 6.201932831444711e-05 0.0 0.00464392099308408 0.24575939680419528 0.7560848299403813 0.0002715054831212628 -2.0835067074742e-05 -0.0005247868481052695 0.0005826952361586782 1.0
0.06093101904528856 0.2745921939320318 0.7607217828422818 -5.395399677949499e-05 -4.354325215121853e-05 -2.4787925450052954e-05 7.194249060511495e-05 0.0 0.004821892651968258 0.24566894081940394 0.755501884669039 0.00024158178969786178 -7.495294836188179e-05 -0.0005950692314960479 0.0006245417746576368 1.0
0.060848620078983555 0.27451568091330164 0.7606763557861329 -7.952895953537419e-05 -7.082300653326709e-05 -4.356016468717378e-05 0.00012011359777986775 0.0 0.005009093737293524 0.24566366824048919 0.7549340236245228 0.0001713104534725007 -2.0054113760206856e-05 -0.0005838807129677436 0.0005929474421203635 1.0
0.06078457379191885 0.2744713535720599 0.7606341660047539 -7.112964861934445e-05 -5.382296489805167e-05 -4.68096128813888e-05 9.007737426901781e-05 0.0 0.005406334912211696 0.2455041310133679 0.7545406814908877 0.000338859972701903 -0.0001412849850160412 -0.0004126784144658197 0.0005801193607138028 1.0
0.06070010445429085 0.27438551166075453 0.7605453787220479 -8.131320709850305e-05 -7.853147843384484e-05 -8.478694259141394e-05 0.00014753002211670923 0.0 0.005799023431471434 0.2453247518840646 0.7542424038126117 0.00040435556509905697 -0.0001889266902673642 -0.0002701393220767419 0.0005295827113286189 1.0
0.06062716499005553 0.27430616153619586 0.7604176394531398 -7.290419214354503e-05 -8.024167300477321e-05 -0.00012674172908971046 0.00016886283326322463 0.0 0.006117628207720385 0.24501309172101318 0.754134423827114 0.00035341579326533134 -0.00030800303706397315 -8.559600497729761e-05 0.0004574268039819704 1.0
0.060585398651369575 0.2742691624989609 0.7603607132235658 -4.444811250421962e-05 -4.5340944571794326e-05 -7.66848296275293e-05 8.095457988934262e-05 0.0 0.006393584670428282 0.24496105157621634 0.7538734591679592 0.0002816451622098067 -0.00011006840726408355 -0.00020529892515236978 0.0003814733319584033 1.0
0.060526748049936 0.27419212052115904 0.7602938446683553 -4.973593363648412e-05 -6.465152819896298e-05 -5.843367757944896e-05 0.00011275337980679522 0.0 0.006591621742184099 0.24500489055885927 0.7535286523977038 0.0001799773073985108 6.0854564439842004e-05 -0.00035780716973712336 0.0003999868739766384 1.0
0.060503876534113044 0.27415248675670345 0.7602682324390003 -2.7094429891448633e-05 -4.4276794132975675e-05 -2.0056751912644143e-05 5.68786575008412e-05 0.0 0.006773125739626977 0.24510723463501535 0.7531428504767653 0.00014515903699217005 0.00014814119783513222 -0.00043807765698349483 0.000440821347061914 1.0
0.060484838130616066 0.274111984532124 0.760253786049757 -1.7943527799083363e-05 -3.962121272260189e-05 -5.225784189709589e-06 4.682880684314914e-05 0.0 0.0068663310548672 0.24508234799613673 0.7527018807735715 9.958894455889639e-05 3.4411399117960855e-05 -0.000475766442057807 0.00045105448818817494 1.0
0.06046490614694595 0.2740932831386332 0.7602148225198468 -1.7304836830905138e-05 -1.911799016728272e-05 -3.111356437791433e-05 4.556259955204425e-05 0.0 0.0068008515649106635 0.24496127233716786 0.7523399689751031 -3.202059478545085e-05 -0.0001406573165737868 -0.00037787493662199193 0.0003855665168474709 1.0
0.0604536242931589 0.2740810095354356 0.7601888950758023 -1.502635464994552e-05 -1.3415684494058764e-05 -3.8319585827135314e-05 3.20529210728986e-05 0.0 0.006631277218745404 0.24484376976512914 0.7520339871488892 -0.00017660989140186946 -0.00017941714447788007 -0.0002830689754554499 0.0003669497742162099 1.0
0.060438880753688154 0.27405756238583384 0.7601427861301018 -1.4356417871861242e-05 -1.8044799584440073e-05 -5.069947506842427e-05 5.386267310371158e-05 0.0 0.006539388298794822 0.24473579077971097 0.7518070838926918 -0.0001330506100156124 -0.0001464903033961146 -0.00019424448481161508 0.00027187459045347254 1.0
0.0604275389533033 0.27403181809490756 0.7600756514575022 -1.2490285516303292e-05 -2.6143214307751406e-05 -6.509339693229139e-05 7.172225381437357e-05 0.0 0.006546181769076088 0.24466291275077282 0.7516194219585827 -1.4916687686344953e-06 -5.242565056274803e-05 -0.00017647711663444903 0.0001998180893942735 1.0
0.06042568066413542 0.2740372300423786 0.7600266308295496 -4.960407877564927e-06 -5.78532534665758e-06 -5.6907756455975403e-05 5.128840478462631e-05 0.0 0.0065493789604179195 0.244605037017288 0.7514442322406529 4.418785000059064e-05 -2.7379867742290237e-05 -0.0001695048735492317 0.0001837505913523917 1.0
0.06042582509182754 0.274049063455826 0.7599841171364075 3.4006249606779974e-06 1.5140377882861715e-05 -3.957279668747564e-05 4.1842230676373684e-05 0.0 0.006506423805959201 0.24453830055518497 0.7513224730111546 -1.363662201149811e-06 -4.5265718842127744e-05 -0.00013740780638532552 0.00014731776200673142 1.0
0.06042903972411096 0.2740626910414974 0.7599416031981735 4.021568394795336e-06 1.8208279876861195e-05 -3.7711354214182025e-05 4.5401852946503474e-05 0.0 0.006446633901185632 0.24448912571166448 0.7512669009089741 -6.661134703971205e-05 -6.0307988596039236e-05 -7.283710835435193e-05 9.466857199260693e-05 1.0
0.06042712177818926 0.2740561257067615 0.7599172432801099 -6.603106716480045e-07 2.3464308970011527e-08 -2.42575696745354e-05 2.6948194197323024e-05 0.0 0.006401896995299414 0.24449006033058407 0.7512365146420816 -8.104262070060763e-05 -1.5636246463147624e-05 -2.3843031726044977e-05 5.1668847151981425e-05 1.0
0.06040569027663485 0.2740275369168888 0.7598845053965574 -1.955047649156996e-05 -3.0168650906014614e-05 -2.7595619904914967e-05 4.66829490650741e-05 0.0 0.00644072661272683 0.24443075165128256 0.7511552558280132 1.0311124830914597e-05 -4.5972953778911034e-05 -6.402576079905196e-05 0.00010895305837667026 1.0
0.060316911102830065 0.27398029268232654 0.7598565528250508 -8.396021317224826e-05 -5.435114581496062e-05 -3.106642244852315e-05 0.0001046179312091757 0.0 0.006707422036462408 0.2439151442212729 0.7509569159956232 0.00025713278980280484 -0.00045376520846979597 -0.00018672030768270226 0.0006119243598607981 1.0
0.06025769144050264 0.2739642715351202 0.759861572677312 -7.560542869568766e-05 -2.6968196516944573e-05 -2.2428698638534634e-06 6.389335168540585e-05 0.0 0.006896161930312124 0.24362751540213196 0.7507780090270882 0.00025485659952730055 -0.00039015817520660924 -0.00021260400307929048 0.0004035800164089236 1.0
0.060197639738422654 0.2739303394216921 0.7598551661883328 -6.307945082344689e-05 -2.5434412920359943e-05 1.6883310461159907e-08 6.53362006407792e-05 0.0 0.007030856264232083 0.24332902619620303 0.750624985928909 0.00015930710414606544 -0.00032502457940080325 -0.0001760914613054521 0.0003376706514761036 1.0
0.060109900529060935 0.2739005272545953 0.7598506877920823 -7.800734369398357e-05 -2.4869260611597334e-05 -2.798888106282352e-06 9.376128797525165e-05 0.0 0.0071979374324339105 0.2429220002441844 0.7506129957119654 0.00013335058994232342 -0.0003654620109704758 -2.0473904694798018e-05 0.0004411461110367654 1.0
0.05998947170138316 0.27388153080103733 0.7598764630021531 -0.0001116569070844213 -1.808544457972142e-05 2.052778441410631e-05 0.0001272800789719689 0.0 0.009020657653518786 0.24313101361194622 0.7505673492133496 0.0015569640089913238 0.00015292559750286272 1.8884596709603188e-06 0.0018410216216920522 1.0
0.05995211456644769 0.27386948441720277 0.7598796862003478 -5.3813998440966346e-05 -1.3348175777181673e-05 8.860089627752526e-06 3.9316279386048436e-05 0.0 0.009745408279503558 0.24316310878158712 0.7505707977641323 0.0011046675458256181 0.0001559825948065459 2.0013022744617858e-05 0.0007773039302626183 1.0
0.059907760786403516 0.2738549597517931 0.7598853203866299 -3.889027653488404e-05 -1.4459335620095387e-05 3.1717162129368485e-06 4.168850672843884e-05 0.0 0.010642742544714989 0.24330194177436265 0.7505640584363095 0.0009339507603553681 0.0001540028835454493 -8.969548103778642e-06 0.0008139762102345599 1.0
0.05985384468027866 0.273841068472161 0.7598613022674433 -4.59518379168324e-05 -1.3869608191941497e-05 -2.134871550549227e-05 6.487924146348652e-05 0.0 0.01200153926974877 0.24374273602770458 0.7506957427054862 0.001203726079330078 0.0003680301910043285 9.297042248870788e-05 0.0014628395400872376 1.0
0.059843919300130166 0.27384018327899584 0.7598332941003177 -1.0759316710403234e-05 -1.9044411416225133e-06 -3.1823740178124626e-05 3.17229867088485e-05 0.0 0.012190619906259114 0.24384224659806988 0.7506863762124653 0.0002822485881649503 0.00017350522275793662 2.0271317747265927e-05 0.000282065920677125 1.0
0.05984241347637996 0.2738334533841111 0.7598182828150845 -1.99397506028345e-06 -6.910471604974714e-06 -2.2535239927033146e-05 1.3003400978648415e-05 0.0 0.012162732523635941 0.24384822040044016 0.7506484289050543 -0.0001615303556274883 -3.2051427319698786e-05 -3.807145694219443e-05 0.0 1.0
0.05983571219988279 0.27378400823795684 0.7597769473194828 -7.987130250792197e-06 -4.2879100207294875e-05 -3.45968393061479e-05 6.357084639768304e-05 0.0 0.012123325451592025 0.2439035960261013 0.7506265146573973 -0.0001405517921278524 -1.372253233133128e-05 -3.854537362880817e-05 6.180276977454761e-05 1.0
0.059858539618688325 0.27374126785513914 0.7597292344294081 1.729235136951326e-05 -4.957525794794173e-05 -4.4114846915787e-05 7.270799013449053e-05 0.0 0.012256979362331033 0.244218720457262 0.7505339704484065 0.00015176787471260527 0.0002822315293062958 -9.828661266856364e-05 0.0004190098104023503 1.0
0.05987196082664115 0.27372431546754317 0.759709627727893 2.1111977129150238e-05 -2.5552132466560763e-05 -2.6234525529532767e-05 2.69961448418501e-05 0.0 0.012269575085958797 0.24447406181213419 0.7504246222354073 3.780121816162143e-05 0.0002965030196826321 -0.00011120345516416397 0.0002540885567218164 1.0
0.059882932791501864 0.2737038122558514 0.7596903509718288 8.404692779217845e-06 -1.6374254005369963e-05 -1.647063094958013e-05 2.7440652596160652e-05 0.0 0.01222359324215334 0.2447263274797316 0.7502116638055607 9.976344004887971e-05 0.00031975728153603867 -0.00019594153201031795 0.000296419268914699 1.0
0.05988526372761395 0.2736781090763644 0.7596587765677355 6.528202288083558e-07 -1.8016198221007674e-05 -2.722662189754652e-05 4.3599530160175276e-05 0.0 0.012113702952980582 0.2450656846124961 0.7500591260160839 -5.8594564627196264e-05 0.00034817016265974263 -0.0001654179340850808 0.0004165625204113379 1.0
0.05988709798940418 0.27366911821160356 0.759635434657307 1.1989533392616367e-06 -8.267633913014732e-06 -2.3645702470899915e-05 2.6579660227159515e-05 0.0 0.011974077687794958 0.24560495247668682 0.749913578438002 -0.00024675936236694205 0.0004716498576565775 -0.0001552718104384446 0.0005767786370806415 1.0
0.0598771822550196 0.2736526161889666 0.759607931300519 -1.0553268238693163e-05 -1.6642461878424194e-05 -2.8031774759486878e-05 3.066809951385718e-05 0.0 0.01246302062664003 0.2463601199803971 0.7498875213916708 0.0003681507421725807 0.0007381715653925455 -2.8876742017540486e-05 0.0009000083805487529 1.0
0.05986428939462374 0.2736499816089939 0.7595995544618336 -1.378152759969493e-05 -8.741637479840437e-06 -1.5054200934802717e-05 1.6328567756400938e-05 0.0 0.012811695860801223 0.24672712543686318 0.7498966656684931 0.0004675631734745432 0.0004832436910258045 3.470509323051425e-05 0.000509037848635248 1.0
0.05985102209261352 0.2736492658409358 0.7595962360843337 -1.1868494041696881e-05 1.072609832156384e-06 -1.480227864949558e-06 1.4144341671588556e-05 0.0 0.013083242125664375 0.24698713073436318 0.7499588056535604 0.0003634021773355071 0.00025774683236965654 7.320933307437496e-05 0.00036273261883986254 1.0
0.059840350696801756 0.27364617676219993 0.7595968957858906 -1.126195426385594e-05 1.1473754379717348e-08 5.484381665804372e-06 1.097637377752965e-05 0.0 0.013458122372613871 0.2472293239325046 0.7501479914018557 0.0003329031487120026 0.00015224367271192575 0.00017671099709313972 0.0004910403311017403 1.0
0.0598308067677469 0.27363907789547814 0.7595914976012925 -8.354219818661042e-06 -7.669874673668679e-06 -3.588357450321807e-06 1.306443528391868e-05 0.0 0.013743597499508004 0.24742265931984714 0.7501781890434582 0.000245446502849505 0.00014585784631191757 5.763606414007449e-05 0.000367713011458064 1.0
0.0598279915491323 0.27363916839204416 0.7595880753222619 -2.5597940128754165e-06 -2.8952256395513128e-06 -6.3893276264707115e-06 4.739375646332172e-06 0.0 0.013831625507366078 0.24749297070820173 0.7501892966083212 6.72226253841983e-05 9.843939478497972e-05 -3.1378460819964907e-06 9.946052407781045e-05 1.0
0.05982514172031583 0.27363333886756624 0.7595911610886215 -1.3684805879297716e-06 -4.639272007592036e-06 1.3606430946476304e-07 6.349315128831114e-06 0.0 0.013678766673210642 0.2474759699480787 0.7501951591222955 -0.00014624114010759404 2.8995964115605035e-05 -2.4097283771158206e-05 0.00013684605957860603 1.0
0.059811378915317945 0.27361102568060286 0.7595910105496467 -1.2411536103670077e-05 -2.0577749784530486e-05 1.5800922882454002e-07 2.672693705604735e-05 0.0 0.01359470284352014 0.2474633873112818 0.7501731649018417 -0.00010831141818875892 -9.93356552723393e-06 -2.9384707276805864e-05 0.00011019425452533796 1.0
0.0597814754563576 0.2735874723899253 0.7595892135379928 -2.971359664267726e-05 -2.488509775448501e-05 2.573753857477728e-07 3.8570566657698966e-05 0.0 0.013597981099320741 0.2474542034680354 0.7501588791194423 -3.89480670306759e-05 -3.992707703629253e-05 -1.5093442807519757e-05 1.4886949374685182e-05 1.0
0.05966818117340479 0.27354828928038755 0.7595720697136068 -0.0001058738377611951 -3.9275625915724645e-05 -1.49101064945016e-05 0.00011996121490573099 0.0 0.013708929325974995 0.2473882850613321 0.7503200006041097 0.00013599249981742175 -4.863929809023116e-05 0.00015268273139536296 0.000194125452117508 1.0
0.05960174160079079 0.2735382380602838 0.7595565803597709 -8.725097012612526e-05 -1.6774175938500133e-05 -1.8521947342622125e-05 7.149523410075182e-05 0.0 0.013746898692678219 0.24740438689704017 0.7502656330442025 0.0001221606525745845 1.524745876796147e-05 1.4646321078331574e-05 8.101961406833084e-05 1.0
0.059510904325851155 0.2735123816640244 0.7595541618779399 -8.98621666194313e-05 -1.9715624900729815e-05 -6.638867106852041e-06 9.054742030788595e-05 0.0 0.013679951473908793 0.24741972425638506 0.7501903897201029 -3.806231347515854e-05 2.5491266931964315e-05 -8.954240816838222e-05 9.489763327801432e-05 1.0
0.059325943445146474 0.2733667859765388 0.7595497698368696 -0.0001664857551814895 -0.0001251874072426801 -1.546142285201529e-06 0.00023589916587507463 0.0 0.013600746020471469 0.24741302659145745 0.7501370565034995 -0.0001268765648668377 -2.2752156009514946e-06 -8.496878789086623e-05 9.411834350759652e-05 1.0
0.05914706262342098 0.27320983498614876 0.7596116213558209 -0.00018685223311907083 -0.00017291225434989594 5.582670062984376e-05 0.0002518834816686238 0.0 0.013584435044989759 0.24740046756300305 0.7501125224878745 -7.511146445204573e-05 -1.6308384013086365e-05 -4.4774989836507696e-05 3.843401020941726e-05 1.0
0.05881563826348901 0.2727953142261603 0.7598345928431129 -0.00031768878483101853 -0.0003965968522091143 0.00021034796191461515 0.0005678006264850574 0.0 0.013624768317456085 0.24738275567882193 0.7500564164944573 4.0559609352496646e-05 -2.2503626012724214e-05 -4.331661754585709e-05 6.824106958380766e-05 1.0
0.058463682230202096 0.27227004065146493 0.7603105659612107 -0.0003722278739539301 -0.000548553295200216 0.00046970920766070895 0.0007966554467318214 0.0 0.01367050730607644 0.24737062584974767 0.7500048496160702 8.186885545854318e-05 -2.0931858267337493e-05 -3.292172494829787e-05 6.831982864109368e-05 1.0
0.05786644961908147 0.2712969393554509 0.7608970156149918 -0.0005795355656786584 -0.0009457318915456982 0.0006240237242582209 0.0012810985861050617 0.0 0.013731187391608075 0.24733805967385322 0.7499787097264509 8.520006211715418e-05 -3.227873470889598e-05 -1.8435476907472323e-05 7.752598247727425e-05 1.0
0.056793330332937667 0.26969637420210546 0.7615981759168 -0.0010314330853744766 -0.0015744494778195332 0.0007253706291987319 0.002049799617844589 0.0 0.013829453968040395 0.2473236595102043 0.7500026067775345 8.701578304062993e-05 -1.083930205499838e-05 1.3313816812830467e-06 9.837333891886686e-05 1.0
0.055523696494443525 0.26793032654086424 0.7619899589926985 -0.0013263309864627573 -0.0018611208212135535 0.0004454209200533289 0.00222118821946282 0.0 0.013976398173249633 0.24731838825307895 0.7500241112218521 0.0001290251227435275 -5.300600748817581e-06 3.05554752697287e-05 0.00014969054418996058 1.0
0.05409236808009348 0.26606548315305395 0.7622884467003218 -0.0014849181938094568 -0.001925197910067683 0.00024337890865793192 0.0023532970237790858 0.0 0.014198227674825425 0.24736310383926954 0.7499605942499555 0.00021553635760613416 3.9601792564849405e-05 -4.205117455247757e-05 0.00023646890808535782 1.0
0.05223378735058927 0.2636262293994759 0.7621258959245195 -0.0018187119220927964 -0.0023394747401686666 -0.00017803402474574794 0.003062482364131394 0.0 0.014323759070227364 0.24740899069932645 0.7499006252570775 0.00015766467783670862 5.488460538051505e-05 -7.315294604968441e-05 0.00014720198744811803 1.0
0.0497859298157271 0.26045670383111685 0.7618633680730047 -0.002389562543607589 -0.0030787993036850473 -0.00033653038316229533 0.004040981286712408 0.0 0.014413064854827958 0.24745326946409166 0.7497777040653053 8.90630002607769e-05 5.0516484502393855e-05 -0.00013296132135403834 0.00015310004973226316 1.0
0.04756934794324566 0.2576058253280042 0.7618214117801229 -0.0023222545635873063 -0.0030000574263872237 -0.00010869981410450806 0.003624883889187356 0.0 0.014428647860653837 0.24747039705528207 0.7496775079266175 1.6022474077932229e-06 1.9001478523795977e-05 -0.00011614924948041362 0.0001066754976010631 1.0
0.045848146816059705 0.25545159163555636 0.7616395845455504 -0.001809948198307759 -0.0022975069883563706 -9.971462300279528e-05 0.0027140076941653255 0.0 0.01441324527711143 0.24748339617528886 0.749569891704611 -3.639342313957118e-05 2.545815304577391e-06 -0.00010174466937613291 0.00011016798641803289 1.0
0.04436097260876205 0.2537628776148706 0.7615136645420226 -0.0014003045976961575 -0.0015988998079059457 -6.523999632867758e-05 0.002251854938776227 0.0 0.014398847788908984 0.2475049060687724 0.7495105174182981 -2.3744961287481434e-05 1.29729906190168e-05 -5.352232169380172e-05 6.491380920501526e-05 1.0
0.0429708741914055 0.25220913528746025 0.7610221319260329 -0.0012305353915300957 -0.0013146517493999592 -0.00041880916823262837 0.002183047488508517 0.0 0.014400796968590885 0.2475294870178739 0.7494422344598103 1.0756881397130293e-05 2.5030053050956707e-05 -5.501044679015716e-05 6.947117121701135e-05 1.0
0.041933370309234025 0.251146603588981 0.7604003193306231 -0.0010198426581694347 -0.001020245294564492 -0.0006612181462262513 0.0016224463266673143 0.0 0.01440449705944409 0.24754070681157617 0.7494018860950421 2.2148903226805623e-05 2.071222082454972e-05 -4.2101456429094805e-05 4.514015053191006e-05 1.0
0.040919066490462994 0.25005596926641555 0.7593039600240303 -0.0010462731620591982 -0.0011263735323356215 -0.001130917033518132 0.0018007558693962193 0.0 0.01440874436204021 0.24754803626119004 0.7493731084694699 9.47483782320026e-06 9.305056929486834e-06 -2.8047997073559036e-05 2.8169851942032716e-05 1.0
0.04038189545028189 0.24954601262955123 0.7584425598686362 -0.0006689367561101196 -0.0006970114540401232 -0.0009791898475071954 0.0011631763223695444 0.0 0.014413373876489626 0.24755053283966122 0.7493470340223026 5.773846590128743e-06 7.724905910192032e-07 -2.9826226369376025e-05 2.733766686200637e-05 1.0
0.03991085504908839 0.24901096833490277 0.7574782335107688 -0.00042885802525266655 -0.0004918832271688434 -0.0009289015628967993 0.00118189933807684 0.0 0.014422863583806287 0.24754887478626492 0.749314516650336 2.4456171716740176e-06 -5.1564946549495925e-06 -3.1715448749946345e-05 3.36947833905135e-05 1.0
0.03951838186980645 0.24850533096354974 0.7564938729693563 -0.00034461371914872876 -0.0004553286724001799 -0.0009329761873372464 0.0011866068485415836 0.0 0.0144251426629621 0.24755558587034526 0.7492814533440473 1.861054610055303e-07 4.911827532257062e-06 -3.631114001244707e-05 3.4642757640194666e-05 1.0
0.03918157222436339 0.24809873787373657 0.7554651788581717 -0.0003441512559190598 -0.0004300302710594007 -0.0009751033998442368 0.0011614258029153642 0.0 0.01442528510296998 0.24756998852072104 0.7492574406623209 -2.8895028006475245e-07 1.6133946014515506e-05 -2.6241092798931132e-05 2.6827493424354373e-05 1.0
0.03892153938596592 0.2477905506304753 0.7546553347930468 -0.00029567767421025755 -0.0003501848509497559 -0.0008522450862576185 0.0009024469786358983 0.0 0.014433623345812769 0.24756120793617478 0.7492764888258548 7.0567198727207545e-06 -2.2548840556617712e-06 1.196276091788536e-05 2.285411834350746e-05 1.0
0.03862888873296946 0.24746500787015754 0.7539586889994795 -0.0002951246122511221 -0.00031265935380920943 -0.000703500214552366 0.0008022269334280029 0.0 0.014457857091506642 0.2475729100129165 0.7492653399241166 2.252760482488021e-05 6.371026559811351e-06 2.5061222677482596e-06 2.9245988735220063e-05 1.0
0.0382459089428479 0.24683499085325408 0.7539942271323085 -0.00038184577883839765 -0.0005857315313668406 -5.0216829497695854e-05 0.0007607382739645572 0.0 0.014474450564435047 0.24757582033130554 0.7492431359935742 2.116370202578077e-05 3.630651398592204e-06 -1.8265209727963778e-05 2.838262650930153e-05 1.0
0.037895973427170646 0.24631392629908785 0.7539572269190853 -0.00035047005636181915 -0.0005519985911462768 0.00011402444449084789 0.0006254640014603261 0.0 0.01449404726923426 0.24755835705941018 0.7492158681698191 2.084597414456618e-05 -1.5102506416377625e-05 -3.2292245169974514e-05 3.726561905729466e-05 1.0
0.037442386820061735 0.2458305247927306 0.7535765458725909 -0.0004533626711512984 -0.0005302470715152675 -0.0002765284766209573 0.000758037926170191 0.0 0.014507337732038775 0.24756421744241092 0.7491959959499671 1.3546511955831414e-05 -3.5465816763361913e-07 -2.816162462924355e-05 2.489787924038704e-05 1.0
0.037030218458949805 0.24543184325737757 0.753008746784357 -0.00042769930397199723 -0.0003984190722804738 -0.0006298867630588318 0.000811261909301724 0.0 0.014517509002162454 0.24757070080631444 0.7491893252360685 7.406225506544282e-06 7.983605431209896e-06 -9.405012201284968e-06 1.3388508120974205e-05 1.0
0.036574422181536954 0.24506344440704436 0.7522734545920364 -0.0004419960383185667 -0.00032086904564132947 -0.0008619239493149796 0.0009400050087707551 0.0 0.01452465466779774 0.24758144788039624 0.7491775360825867 5.383701127492719e-06 1.2774546015828383e-05 -4.346841787704438e-06 1.7481741584328997e-05 1.0
0.036194996368868304 0.24483653006342584 0.7516242501679511 -0.000380409036452718 -0.00020746276042782642 -0.0007533822714148168 0.0007849855729793588 0.0 0.014536234188772748 0.24758570774387081 0.7491682186445362 1.0987053654619383e-05 6.660989674798771e-06 -3.975527126459341e-06 1.6128319488429218e-05 1.0
0.03599260843703948 0.24485753517334236 0.7511551675087182 -0.0002168870533756043 -1.8560112246262129e-06 -0.00046423636239714596 0.0005076251975585401 0.0 0.01455495280006066 0.24758108726522007 0.7491408592632826 1.947068543288937e-05 -2.4963557289641715e-06 -2.731432952064014e-05 3.310766632972229e-05 1.0
0.035862267615984066 0.2448430619722826 0.7508209555359516 -0.00010729977325286863 8.998145966281242e-06 -0.00021662021496709062 0.0003585934640513767 0.0 0.014565330206348813 0.24759186082972642 0.7491145261594294 1.339027668516984e-05 3.961682065796334e-06 -3.133300082688035e-05 3.032672296640527e-05 1.0
0.03569949412101409 0.2447614124129245 0.7503439590395042 -0.0001229551151620258 -5.0247676609953946e-05 -0.00038531925560263873 0.000514197125156555 0.0 0.014570510773091601 0.24759454095844996 0.749103135357459 6.435920348917369e-06 2.8047912794804016e-06 -1.6713207171561564e-05 1.2666810170544696e-05 1.0
0.03558678335482794 0.2447564422958439 0.7499830394621942 -0.0001263676260902362 -4.342167568392925e-05 -0.0003961883826671176 0.0003898218485501821 0.0 0.01457434744766341 0.2475994762377662 0.7490996971339048 1.7383464689549961e-06 7.18277846633063e-06 -1.6951963211447452e-06 6.625130126489416e-06 1.0
0.03540062984990726 0.24467021099222958 0.74960274025021 -0.00019228719192769452 -0.00010175479883109883 -0.0004141905404356091 0.00041413202903854294 0.0 0.01459179991227718 0.24761508023234516 0.7491178024122984 1.3464960768551543e-05 1.4831206659358447e-05 2.0395134195188253e-05 3.0015689470719388e-05 1.0
0.03518319226487791 0.2443346007398081 0.7496339067269783 -0.000243831517137689 -0.0003211423131835751 -5.7039412696750086e-05 0.0004034757567144983 0.0 0.014606516939585567 0.2476255515397297 0.7491277277311738 1.6716991169339807e-05 1.2754047930821565e-05 1.6252587574634302e-05 2.1963558725542408e-05 1.0
0.03493055141830428 0.2439428985232764 0.7495924875900476 -0.00026097841105924977 -0.0004120536095339286 2.967055767492358e-05 0.0004730003539645417 0.0 0.014630948121201729 0.2476302406764963 0.7491492035421475 2.5793156322126998e-05 5.041477701835169e-06 2.0202300250673554e-05 3.101317556489977e-05 1.0
0.034702200551377196 0.24361343892969048 0.7495249345896952 -0.00023036871315631167 -0.0003593974206016914 -1.0445789548993011e-05 0.00040917960742526945 1.0 0.014641277826598995 0.24763197069732132 0.7491565339524447 1.4549654915912635e-05 4.5601190455645146e-07 6.605250520627189e-06 1.3279379302882293e-05 1.0
0.03464981895347803 0.24338739861019468 0.7494479592768701 -7.055095801013333e-05 -0.00024007580238038018 -8.594890180380668e-05 0.00023808577086145667 1.0 0.014632881076200302 0.24763813611575786 0.7491513307973752 -8.218155555456853e-06 4.414183164061311e-06 -6.790860852520037e-06 1.1548380787498984e-05 1.0
0.03470992610835749 0.24322116741723374 0.749359521776946 7.875015393654837e-05 -0.00012798573024554004 -0.00013822933010492567 0.00019750296274026463 1.0 0.01461734955973618 0.2476299190710656 0.7491565161413817 -2.0223016768465403e-05 -7.012931506615198e-06 -9.424250281518123e-09 1.8683071712719805e-05 1.0
0.03479136043812485 0.24313747125707788 0.7492147655595062 0.00012598141293809515 -4.036157328686024e-05 -0.00016195903492148556 0.00018940484928778626 1.0 0.014612974649863117 0.2476215687812614 0.7491644828009297 -1.0098426792281435e-05 -8.783756690058969e-06 7.561483172563997e-06 1.2575654521888466e-05 1.0
0.03489057526274149 0.2432917371930701 0.748781741260273 0.00010946657209068739 0.00013575003038785068 -0.0003981647334017569 0.0004707623539326379 1.0 0.014822123458671265 0.24762406922207958 0.7492649190394833 0.00018105562802786396 8.046838004299571e-07 9.085406633919017e-05 0.00022958714377209138 1.0
0.034957189487973536 0.24321279431860943 0.7487359538998037 5.626213311732628e-05 -3.4434840771660426e-05 -0.00011508073299423583 0.00012052483025498645 1.0 0.014582406158022195 0.2475425540883116 0.7492189239863201 -0.00014200087594483748 -6.85545665275317e-05 -1.014365455442138e-05 0.0002638443010805236 1.0
0.034974670114929746 0.24319609416754295 0.7487015617125207 -6.984091064462123e-06 -4.9071042959645476e-05 -1.9154179199806486e-05 2.171670484588372e-05 1.0 0.014376764131400979 0.2474604996234233 0.7491905524504747 -0.00024487478613122193 -9.201861771437059e-05 -3.920818166795274e-05 0.0002184273044973189 1.0
0.0349604435467734 0.24319100982012654 0.7486795786906113 -3.286757419070915e-05 -3.577674334112558e-05 2.9220622379474477e-05 3.4276828956322986e-05 1.0 0.014257113532309401 0.24740938922413386 0.7491699271210355 -0.00018257383045499777 -6.468072539185965e-05 -3.904861952778072e-05 0.0001279526645920864 1.0
0.034951156718676546 0.24320150849267144 0.748668834855856 -1.2674031823486535e-05 -4.945536708728039e-06 2.1578478041480803e-05 2.9923954674065825e-05 1.0 0.014265549325085374 0.2473988245003363 0.7491888773430883 -1.5064202823556409e-05 -1.2503326172628747e-05 6.93496820474713e-06 2.6960315681155105e-05 1.0
0.034952086813497096 0.24322683375212512 0.7486702412003751 5.4261365783163905e-06 2.9803330041740695e-05 -6.45709194672726e-06 2.0547510279885395e-05 1.0 0.01425481692109371 0.24737461608778427 0.7492268002234432 4.12922719596807e-05 -7.158720779097756e-06 4.738741140471383e-05 4.8480283350996715e-05 1.0
0.03494581843418029 0.24324386546356994 0.7486702734619093 5.551923186129025e-06 4.116460079227707e-05 -3.40025064545616e-05 7.88963801297865e-06 1.0 0.014238299349358321 0.24736027040133649 0.7492566998007474 3.345580546053327e-05 -5.1874136918939606e-06 4.9486644740739666e-05 3.702720964750575e-05 1.0
0.03488145415833938 0.24332556921788928 0.7487117064629428 -4.6992576929309e-05 8.564938573984013e-05 1.0398678590690127e-05 0.00011918370028980981 1.0 0.014211601410130356 0.2473498675982334 0.7493116789504984 -1.9683330526140902e-05 -1.2367635302914475e-05 5.830866968941481e-05 6.058700565100602e-05 0.0
0.034785055333141295 0.24342949143800266 0.7487567638968586 -0.00010033219945994609 8.932963116341796e-05 7.534841898885976e-05 0.00015022140058190236 1.0 0.014133906953198041 0.24734210695842013 0.7494118568747117 -0.00012416753091981785 -1.8815332407014927e-05 8.152654193805936e-05 0.00012474379126950233 0.0
0.03468813230694987 0.24357452511302455 0.7488102003672756 -0.00011295265846408392 0.0001517201342660308 5.633644185538866e-05 0.00018048947898925357 1.0 0.014027308284006236 0.24729873240603636 0.7495133780474956 -0.0001193177091046626 -4.0283013008991013e-05 0.00010660821074874466 0.00015589519023507278 0.0
0.03459381686650053 0.24370419950070302 0.7488380888373423 -0.00010120751874681426 0.00014042329915872414 3.290980152486374e-05 0.00016181384711446575 1.0 0.01388181394680503 0.2472528418752448 0.7496924423826762 -0.00014320791245889624 -4.8128648682963814e-05 0.00017291979170653502 0.00023471651250510706 0.0
0.03450876650047055 0.24386069782212577 0.7488971273465181 -7.987344340321008e-05 0.00015134297256117607 4.906941935520638e-05 0.00018721531313942532 1.0 0.01416861111736432 0.24696998243080506 0.7506486084769022 0.00022736274378226646 -0.0002522716962106771 0.0008584574922799564 0.001030436722084758 0.0
0.03452244209260152 0.24398517436769201 0.7489770614606689 1.0329426514940965e-05 0.00012416940985557004 7.506729455628318e-05 0.00015188097003898888 1.0 0.014949518263296931 0.2467693524490777 0.7518896620937782 0.0007717151579977635 -0.0002477370825055241 0.0013150924456363897 0.0015013334222225157 0.0
0.03456616229374703 0.2440898405378193 0.7490072200340605 5.759348510308154e-05 9.919376036794777e-05 4.2321663944571065e-05 0.00011497164074045136 1.0 0.015979626406592302 0.24660701023841322 0.7535185812902889 0.0011240981892371349 -0.00018119676963188812 0.0017034990693356035 0.0019197014353230194 0.0
0.03460756753340712 0.24424607507134397 0.7490539187015183 5.3974515376058374e-05 0.0001442663786989625 4.430502897695921e-05 0.00016738090385957937 1.0 0.01681881049739002 0.24669032672941574 0.7547779164646401 0.0009672750329209755 6.767697143705151e-05 0.0013951263382994703 0.0015125472924796914 0.0
0.03461946444167169 0.2444359175120853 0.749110325787117 1.6045099183314e-05 0.00019009454043127457 5.100214235315318e-05 0.00020112854482557334 1.0 0.017471812553058946 0.2468272320664124 0.7558032661585393 0.0006434605380503286 0.0001910255826156341 0.0009786754641153538 0.0012128267283892955 0.0
0.0346177915563317 0.24464072469783985 0.7492265972501215 -1.4088191934099424e-05 0.0002172288492124286 0.00010730265652157357 0.0002349462514296027 1.0 0.017907701782257618 0.2470611087254934 0.7567799825048277 0.0003312518078127885 0.00026909305709692244 0.0008084741030222047 0.0011101493652081501 0.0
0.0346415332491617 0.24489178792140587 0.7494367311882382 3.0363568664242994e-06 0.00025406693269668416 0.00020700728185704025 0.0003253452264400374 1.0 0.017991397719586372 0.2472551923376822 0.7574767258692077 5.540201526721856e-06 0.00021117926146574923 0.0006375701479346171 0.0007395108505356769 0.0
0.03460280264753563 0.24506578523692682 0.7496005939993895 -3.0809981135941286e-05 0.00019258369534510273 0.00019594883788850176 0.0002463706180710649 1.0 0.017865606320539226 0.24736769730359365 0.7580379181649929 -0.00015201159318245578 8.676884614969197e-05 0.0005852810211960211 0.0005734833473412511 0.0
0.03438782237639017 0.24551688092921511 0.7502962232774035 -0.00018623981737811993 0.0003968112879982015 0.0006248578795642572 0.0008462831886368937 1.0 0.017437491785986827 0.24748566820523268 0.7586756474304869 -0.0003909740769336116 7.906130394406643e-05 0.0006448965814866018 0.0007661510151372967 0.0
0.03405539826543217 0.24605324544482632 0.7511195114659688 -0.00034224854327901685 0.0005478132831883971 0.0008648147362973336 0.0010570563867586336 1.0 0.016928049713867327 0.24754568450862194 0.7591206009689162 -0.0005098744117075461 4.5635070090486264e-05 0.0005234583612965903 0.0007010216892691015 0.0
0.03350628345847697 0.2466538129488934 0.7523974034363096 -0.0005573859130939755 0.0006348754414457698 0.001283210151884955 0.0015010602509407192 1.0 0.016247095840091715 0.24760348858482872 0.759673190085231 -0.0006647097242413725 6.221433502228132e-05 0.0005254885068018186 0.0008631210153369846 0.0
0.03339876339915124 0.24685834975711296 0.7539549088128605 -0.00021342704284202694 0.00028498202940873156 0.001593480574538742 0.0015752374829465894 1.0 0.01568122912981861 0.2476049016305195 0.7600027396828559 -0.0005761631923765892 1.589328716626995e-05 0.00037466670940524663 0.000658109086880938 0.0
0.03362787473787298 0.2471559078324532 0.7550604401815214 0.000238174905232435 0.00021858750300383562 0.0012232404523615037 0.0011685629407351004 1.0 0.014982275601845148 0.2476771673508993 0.7603308643756935 -0.0006499132060494675 6.818135772697698e-05 0.00031458619565169553 0.0007720926109029199 0.0
0.03444911548185063 0.2478607444013368 0.7561030911679912 0.0008677637823238 0.0005834990320333425 0.000968676543750239 0.0014914006029382977 1.0 0.014464450349200516 0.24768299643595715 0.7604705910948817 -0.0005362189394066594 2.1190532074942216e-05 0.0001312725550591706 0.0005469172360743628 0.0
0.03623998596369947 0.24821049568883585 0.7571070199446641 0.0018060293358950028 0.00044699918664397643 0.000884151694907637 0.0020991468562206396 1.0 0.014013325260950931 0.24770281680842543 0.7605413721572789 -0.00043984814305209334 1.6681242642378058e-05 5.10985937030164e-05 0.0004477041814443494 0.0
0.0365902198145131 0.24833126409992085 0.7590799550619144 0.000731131241886842 0.00020120050637294364 0.0017923693331501 0.0020279727669339008 1.0 0.013627002712130033 0.24773097428369867 0.7605465406222646 -0.0003795246358321313 2.7203580609020027e-05 -2.887929217998148e-07 0.00039131805059889973 0.0
0.03599158941468619 0.25077084821548795 0.7595515404377511 -0.0006275062378557215 0.002069175631973009 0.0008363386348014644 0.0025091050340698847 1.0 0.013205955837323112 0.24779884645822997 0.7604969666386052 -0.00040126915748355104 5.974070322280503e-05 -5.3780204066073735e-05 0.00042772527026057087 0.0
0.0351794399746502 0.2527157888291168 0.7599336522001371 -0.0011949751912259188 0.002278106150416536 0.00037603209443041997 0.002165439663041731 1.0 0.012902274310635684 0.24786658103210785 0.760422332483229 -0.0003349913030317158 7.43925387097511e-05 -5.9664545033941065e-05 0.0003270435450801959 0.0
0.03587961594504548 0.25424326774269984 0.7608012533240023 0.00022694876060298309 0.00176394626893463 0.0006378840797568307 0.001889767435149267 1.0 0.012650024295531467 0.24795378803246854 0.7603507095897445 -0.00026018311809029095 8.93125988868722e-05 -7.458924203338651e-05 0.00026454303129899714 0.0
0.037416947229360994 0.2559902374360174 0.7619854115858198 0.001667568711469008 0.001652499259542859 0.0010813084933114841 0.0025960569733698945 1.0 0.012507554590532516 0.24804016373412485 0.7603184443543324 -0.0001596894962668273 9.288126520162812e-05 -2.640789883807872e-05 0.00017559680673749536 0.0
0.041186337958084726 0.2589093971727669 0.7609021080760736 0.004004744578545388 0.0025762325568632546 -0.0006146995985041529 0.004906048910450518 1.0 0.01238952203844404 0.24814454516108966 0.7603052120506484 -9.033077247586681e-05 9.487068785756181e-05 -1.1676378762031411e-05 0.0001576658819831718 0.0
0.04446708282908952 0.2612331257259601 0.7607816943838779 0.0039557472185866435 0.0024116722160060886 -0.0004067660983325754 0.004086762062440573 1.0 0.012320505355944521 0.24820810805884091 0.7602732202367951 -6.263697441972213e-05 6.908786745309728e-05 -1.8834211160703983e-05 0.00010179240643998471 0.0
0.04727681995426153 0.2633628709296333 0.7610399565502427 0.002867443491514307 0.0022583640099676557 0.0001137137477819209 0.0034122133214846222 1.0 0.012297219302915174 0.24823946732106386 0.7602602884024353 -3.02718150369108e-05 3.0754128687800166e-05 -1.805489718152047e-05 3.794928803146658e-05 0.0
0.04932863553362191 0.2649635858500845 0.7615775187524635 0.0017546356366698863 0.0017628722394943189 0.0004901636795656527 0.002676265125726603 1.0 0.012274329904607416 0.24826659269490411 0.7602397818175833 -2.8833599758973307e-05 1.9337207525633266e-05 -2.6483202535888374e-05 4.071802851457067e-05 0.0
0.05153050376227295 0.2670139497168891 0.7626623022623548 0.0017069831458401703 0.0017311772038721054 0.0012589203739740088 0.0032516332807789286 1.0 0.012252367523881648 0.24828919475988184 0.7602281449425189 -2.091681272871717e-05 1.6971790128072254e-05 -1.8762637307968803e-05 3.498957042734379e-05 0.0
0.052862239352902844 0.2684171277796889 0.7634017100952943 0.0013241187800391802 0.0014099939283292535 0.0010492156530759736 0.0021156410890106067 1.0 0.012239890148562135 0.2483042107639854 0.7602213800330863 -1.7789384454850268e-05 1.839504841467192e-05 -7.3272145496629406e-06 2.1671025723265006e-05 0.0
0.05419217113364181 0.2701442267936283 0.7644778356088203 0.0013492139866244529 0.0017197178926931088 0.0009693236886648107 0.0023224765982201396 1.0 0.012233734686183268 0.24831170615891582 0.7602153382420568 -6.693704481931665e-06 1.3335583175598897e-05 -1.8166715394523665e-06 8.91245151525712e-06 0.0
0.054951114874393144 0.27114484963806856 0.7651417333818583 0.001008442863564215 0.0012253421800275527 0.0004980777983246281 0.0014787012285036164 1.0 0.012235492277070983 0.24832092858473706 0.7602095351720238 -2.7834099743177495e-07 1.199309885342907e-05 -4.652886977101811e-06 1.1829744647318862e-05 0.0
0.05557493074852824 0.2719836005789305 0.7657789718106081 0.0005874281838785158 0.0007652457770965545 0.0006126476751416065 0.0012038899501575 1.0 0.01223805311330555 0.24833095182994444 0.760206060093582 7.216065255619478e-06 7.477875078373231e-06 -5.319558763234566e-06 1.1962455725796257e-05 0.0
0.05617797544919249 0.27258365352801733 0.7663467649720034 0.0005574763879336369 0.0005324451688465243 0.0005294809425535992 0.0010384703628120613 1.0 0.012240416708391329 0.24833732005934164 0.7602003442461852 5.747160689954193e-06 6.074278192688595e-06 -4.865879439485182e-06 8.239302838140524e-06 0.0
0.05682250741860422 0.2729635038360473 0.7666221831980192 0.0006435094640661293 0.0003450535907964566 0.0003187202879501945 0.0007908699184013975 1.0 0.012239549998559755 0.2483395650206301 0.7601955558596645 -1.758738748047079e-06 3.5279055856537087e-06 -6.088063673158265e-06 5.151963082743233e-06 0.0
0.05729243921562153 0.2731735952663462 0.76672099524055 0.000569442887181946 0.0002489513980347966 0.00012306870551044948 0.0005349666047975402 1.0 0.012240956718366532 0.2483406418114672 0.760190536839058 -7.198433827447701e-07 4.993519123742173e-07 -4.636358482329207e-06 5.395537144824935e-06 0.0
0.057695773172316896 0.2733417915448495 0.7667598938936168 0.00039577570496943625 0.00015514968479365563 -9.65609530339086e-07 0.0004103634889807504 1.0 0.01223949931655892 0.24833928353244308 0.7601853009740345 -1.3080230610219624e-06 -2.3691385696255757e-06 -5.021554893416968e-06 5.825410436330863e-06 0.0
0.0579729005191114 0.2733579448641548 0.7666212568706098 0.0002842058663592231 7.781003300751641e-05 -0.00010670135815758015 0.00033679351220338534 1.0 0.012239260870529022 0.24831898680518424 0.7601711873149877 -2.2830086114930782e-07 -1.8394245192915722e-05 -1.287604501085759e-05 2.4490597403066863e-05 0.0
0.05821528334200585 0.27326873420626124 0.7662080653860555 0.0001804850798776661 -0.00010890361907501677 -0.00040271926931655056 0.0004771199356877515 1.0 0.012228023318024429 0.24830012932636344 0.760156075069547 -8.99392165332518e-06 -2.1213192352449637e-05 -1.6140005155058822e-05 2.714766796782131e-05 0.0
0.058417811923834786 0.27311400085016674 0.7656054755049468 0.00019070988447020742 -0.0001523802760998495 -0.000594700518438615 0.0006577646321551073 1.0 0.012216796785636896 0.2482909547326599 0.7601450965271463 -1.2489991648788033e-05 -1.2061347175974731e-05 -1.2656525343803058e-05 1.7753524862952333e-05 0.0
0.05883329607941776 0.2730719535544884 0.7648227894080668 0.00039556117514993536 -7.543201671527658e-05 -0.0007977360953556694 0.000885325053296449 1.0 0.012206060767426776 0.24828329274312017 0.7601404330188422 -1.2064668208918947e-05 -6.2213609048402015e-06 -5.220146774413038e-06 1.3537235930805296e-05 0.0
0.059202583427974395 0.2729698239035024 0.7640080255189008 0.0004233291015240224 -8.186430925874965e-05 -0.000855955964537518 0.000901070621565588 1.0 0.012201139844171583 0.24827374452077458 0.7601376396293831 -5.774367305801328e-06 -6.2305930977512165e-06 -7.690676794718746e-07 1.164748188551008e-05 0.0
0.05942594851414634 0.27272555188398784 0.7632572875963524 0.00026623963261472247 -0.0002071879958242733 -0.0007569412141671025 0.0008154530051962096 1.0 0.012201099017804955 0.24826878907392733 0.7601329497359148 1.2296345264400117e-06 -4.155489184839996e-06 -2.5080454006841556e-06 7.211441037096031e-06 0.0
0.05963300951112142 0.27239617790082504 0.7625184022294946 0.00018647912327196374 -0.00033061435646369305 -0.0006956610040467801 0.0008368348242535816 1.0 0.012202644563420581 0.24826871250668286 0.7601284972683365 3.5002754973205547e-06 -1.3376429406646693e-06 -4.7382227213100746e-06 4.151834434487241e-06 0.0
0.059838876442889585 0.27209047917303525 0.762086015587385 0.0001617333840502042 -0.0003522845508783174 -0.0004424823848109587 0.0005757521844236854 1.0 0.012209118835017766 0.24826269552948574 0.7601231113143235 6.7448392228511414e-06 -6.301668407774624e-06 -7.017770998482424e-06 1.0308696766273137e-05 0.0
0.059995709744164225 0.2716813793701061 0.7616727382577291 0.00014440823578843796 -0.0004130150900480669 -0.00036941100966955356 0.0005939677462379743 0.0 0.012212922904667004 0.24825839504669592 0.7601200244859813 3.7198899236733706e-06 -4.753973639099357e-06 -4.371653019724926e-06 6.936687832487503e-06 0.0
0.06009816658266588 0.27136674019594875 0.7613323406236667 0.00011556398226848655 -0.0003271369844965192 -0.0003253271976590494 0.0004794928621259203 0.0 0.01221900596146196 0.24824675630634357 0.7601145783002946 5.00412714362259e-06 -1.0654999791027433e-05 -4.669667720432106e-06 1.3776231056874614e-05 0.0
0.06015344094597523 0.2711842273779199 0.761092239443766 7.858551073850845e-05 -0.00017113957880514672 -0.0002609701222178368 0.000307044575983256 0.0 0.01222737289579031 0.24823499887579045 0.7601093889298216 7.430665597509366e-06 -1.3305374433268828e-05 -4.702199613010327e-06 1.5568811930971008e-05 0.0
0.060178435072428704 0.2709609096396536 0.761077082442764 1.5811087189317847e-05 -0.00018464125674878137 -5.5805928636048076e-05 0.00021964615146483296 0.0 0.012251371618580843 0.24820258631216324 0.7600984255435702 2.2156973082120777e-05 -3.048116486472789e-05 -1.018185871014418e-05 4.157602736305286e-05 0.0
0.060155583811558284 0.2704275054966214 0.7614848579219315 -3.167328190019228e-05 -0.00048125167011514163 0.00036674091460154375 0.0006690092488126391 0.0 0.012288100208862916 0.24815515548006822 0.760091631849392 3.753950961464793e-05 -4.758289874252907e-05 -8.429389475558463e-06 6.091659819087994e-05 0.0
0.06009628655505463 0.2698340940230643 0.762054454660943 -5.631945898559491e-05 -0.0006391659287674742 0.0006231669948095045 0.0008452984702482731 0.0 0.012319618192131301 0.2481149127798367 0.7601076817054949 3.604772989195748e-05 -4.497060695838373e-05 1.2740920228937064e-05 5.34422229587076e-05 0.0
0.05997408950393775 0.26924735263000904 0.7627788018994858 -0.00011461205966672297 -0.0006516371063170544 0.0007823470043952626 0.0009237842299933571 0.0 0.01234413480236069 0.24809139836815358 0.7601263816324956 2.6273525744132424e-05 -2.64433838993611e-05 2.2162900381552216e-05 3.8039797226853665e-05 0.0
0.05983529726646523 0.26890762709206995 0.7633528157543413 -0.00014563376278012806 -0.000397554728733705 0.0006078194031103633 0.0006770937473353581 0.0 0.012359665436428522 0.24807990502302327 0.7601347571641184 1.333917714672201e-05 -7.87236716881783e-06 1.3667179838503345e-05 2.1168704314317017e-05 0.0
0.059604474553475666 0.26856379036838046 0.7640360112598504 -0.00022404519413804367 -0.00027027167814950626 0.0006104961822463156 0.0007963720417232281 0.0 0.012377812771050677 0.2480664951432485 0.7601372385408077 1.3217639454607704e-05 -6.685865830501691e-06 2.1525290254452944e-06 2.334464805767883e-05 0.0
0.059483380900600805 0.26843178834751436 0.7643739626229242 -0.00014700426275352977 -8.919918397605253e-05 0.0003356514422567117 0.000404969302992161 0.0 0.01239108634075358 0.24806622696022107 0.7601296288009292 1.2563638517674135e-05 -2.8454843022379893e-08 -1.064693927823168e-05 1.5602107964808444e-05 0.0
0.05930890124975519 0.2682740943812259 0.7647909575208411 -0.00015519438873911934 -0.00011950683437181782 0.0003530826076511416 0.0004578882834757718 0.0 0.012397928613256396 0.24807656793390145 0.7601198114281976 9.46657887454763e-06 6.983819115354306e-06 -1.4414635603682101e-05 1.5113070316874862e-05 0.0
0.05918236516331447 0.2681817113297961 0.7650613753928966 -0.0001233530767316021 -0.00012395673358585405 0.0002883442377058737 0.0003234226235037395 0.0 0.012401443463012092 0.24808227330861257 0.7601172250434322 4.891278047482443e-06 5.706048785846181e-06 -4.3825552273803175e-06 7.2066952699320866e-06 0.0
0.059089037527698896 0.26812635302386517 0.7652592856522994 -8.978149019635994e-05 -8.086497656225358e-05 0.00021063666899744088 0.0002220021007329296 0.0 0.01240358316107952 0.24808874240513476 0.7601102965618526 1.3653873925123131e-06 6.412199925116832e-06 -2.496629796148719e-06 9.618924046781402e-06 0.0
0.05902446668346464 0.2681265266889068 0.7654089466390793 -6.401876981247616e-05 -1.543448772189449e-05 0.00016238430229190972 0.0001622906684267928 0.0 0.012403043787336879 0.2480907240672399 0.760115604749587 -9.57396440492892e-07 2.203273154857578e-06 5.5850712189565e-06 6.178614168743634e-06 0.0
0.05895232587621838 0.26814012351078675 0.7655338303637069 -6.834431650746345e-05 2.4624677423588904e-05 0.0001252432259755392 0.00014163662421666316 0.0 0.012401040357718114 0.24809486910954187 0.7601084156208463 -1.9760055576093986e-06 2.00726024698667e-06 -3.7701108481981228e-06 8.187415771830567e-06 0.0
0.05888225567319133 0.2681436052332795 0.7655732869311165 -7.506865687858914e-05 7.509353915237447e-06 5.953156110269776e-05 8.999287057673549e-05 0.0 0.01240546026822458 0.24808667942847015 0.7601089328679315 4.101190734592757e-06 -7.494683313360025e-06 -1.6281046767406932e-06 9.468866245007889e-06 0.0
0.05881609010406934 0.26813705585357506 0.7655575447265245 -6.642208114262545e-05 1.000275279065192e-06 -2.8313066451809304e-05 5.911532128769208e-05 0.0 0.012408262535661456 0.24808149590672043 0.7601165727159466 3.909774577258202e-06 -5.9166750873977205e-06 5.25373536209527e-06 9.547575841859024e-06 0.0
0.0587289464251602 0.26813452378706587 0.7655575001949043 -9.326617454284282e-05 -1.663533912735744e-05 -2.377686963607982e-06 9.065867123091072e-05 0.0 0.012409091909211556 0.24808448188385984 0.7601209014490472 1.6056356387352443e-06 1.8961758763135332e-06 5.791490285443767e-06 5.432290259793541e-06 0.0
0.058665323326831637 0.2681330257055367 0.7655529166107253 -6.8314118667981e-05 -4.316779742691344e-06 -1.1405441370807283e-05 6.540924790058629e-05 0.0 0.012407344205123239 0.24809104946470315 0.7601197496713896 -1.7030758325386234e-06 7.456550720507027e-06 5.971878979531454e-07 6.6334733320683364e-06 0.0
0.0585846171437533 0.2681435915032911 0.7655658031689774 -7.49495104449137e-05 1.1249211578148122e-05 1.705604415296367e-05 8.008171099584355e-05 0.0 0.012405526293963213 0.24810305867967858 0.7601105075423435 -2.932572400681922e-06 1.3760418373013705e-05 -9.269487544250432e-06 1.5509858934232293e-05 0.0
0.0585192612518197 0.2681408774571669 0.7655632856181511 -6.552488118605885e-05 6.61763466632095e-06 1.1204031064593534e-05 6.577253080501441e-05 0.0 0.012399954475695139 0.2481207328918976 0.7600994250308182 -5.974786464512227e-06 1.858566490826259e-05 -1.2987284080488868e-05 2.1736758814887332e-05 0.0
0.05844788941356559 0.26813468029129267 0.7655689373643706 -6.942505800005362e-05 -4.522279895691413e-06 7.137708207908682e-06 7.25085953814004e-05 0.0 0.012396602129432659 0.24812872990120508 0.7600907964108398 -4.047565364523761e-06 1.0087795899487856e-05 -1.1524529254368862e-05 1.2160532052693785e-05 0.0
0.05838300456498131 0.2681464181731831 0.7655794380865238 -6.491646728770933e-05 6.026278366773745e-06 2.6059370460368127e-06 6.675804442813832e-05 0.0 0.012395768825267899 0.24813011567820137 0.760078741447772 -4.4653748711764294e-07 -3.319277285241414e-07 -1.017430290553484e-05 1.1563630694130899e-05 0.0
0.058342543950804814 0.2681571970177786 0.7655785762720625 -4.382364142429297e-05 1.1087975372158997e-05 -2.8161189624269673e-06 4.168507674490803e-05 0.0 0.012393571269451831 0.2481340132133537 0.7600726421501334 -1.233164590367481e-06 7.441631761894862e-07 -5.357826324994942e-06 8.117672000971945e-06 0.0
0.05830444507993153 0.268162835342427 0.7655604605206402 -3.5755976480790614e-05 8.787741002433915e-06 -1.5726905167336557e-05 4.222347517120354e-05 0.0 0.012387839285528812 0.24814078538580095 0.7600708639259217 -4.885571563418903e-06 5.451264472092055e-06 -1.2383506548344967e-06 9.158492053025598e-06 0.0
0.058261830193980096 0.26815665151737417 0.7655763444113896 -3.7694709429936416e-05 -3.88003659574867e-06 7.418933685910588e-06 4.6139507764103916e-05 0.0 0.012393499567687758 0.24815821888287876 0.7600666189381833 3.3420583313136464e-06 1.719982958265417e-05 -2.9247564558648973e-06 1.8588285112306596e-05 0.0
0.05826556202204073 0.26815088441188606 0.765571097437411 -4.580379637967493e-06 -8.447618239195016e-06 6.652533178616673e-07 9.796127830057919e-06 0.0 0.012401172980001375 0.2481647995580902 0.7600668585177391 8.17351934770764e-06 1.1779827304191348e-05 -6.847210878761736e-07 1.0356856947013737e-05 0.0
0.05827105089124964 0.2681496726534943 0.7655633212924201 9.583113721945035e-06 -5.677076204725673e-06 -6.8650744901481445e-06 7.380930612355433e-06 0.0 0.012405923911418582 0.2481661224906863 0.7600705165154504 6.436949719419633e-06 2.69497539472607e-06 3.124911404853659e-06 5.712803387514923e-06 0.0
0.058259795531543174 0.26813559741207327 0.7655514622814111 -5.947218941582775e-06 -1.1434399141259777e-05 -1.1070468393714068e-05 2.251868588677865e-05 0.0 0.012405211161249386 0.24817367206078286 0.7600761475977079 4.6744933870033447e-07 3.502883923380506e-06 5.652924805705853e-06 9.362493960983437e-06 0.0
0.05822512644364799 0.2681121179536472 0.7655374142264159 -3.3105142209714764e-05 -2.0596601463448847e-05 -1.5687141251220458e-05 4.5321609047756545e-05 0.0 0.01240455064221961 0.2481787705743469 0.760070439368288 -2.3172417000617996e-06 3.9649859217566615e-06 -3.8823131690198366e-06 8.365656216220601e-06 0.0
0.05813681427236835 0.26810698048910464 0.7655435453821283 -8.816659720992155e-05 -9.59941018578592e-06 6.740569824794775e-07 8.759626138488636e-05 0.0 0.012399524951525756 0.24819215793644742 0.7600642110692635 -6.342705232942527e-06 1.2789302746571121e-05 -7.325107345690354e-06 1.5236828857848898e-05 0.0
0.058101327210582566 0.26810595298456674 0.7655470705865369 -5.7541657915112184e-05 -8.508602917890923e-07 7.069516136796883e-06 3.6408555522450734e-05 0.0 0.012396842598480564 0.24819482750048213 0.7600613163379741 -3.907014286205263e-06 6.620438689372504e-06 -5.202158101640553e-06 4.7705587152971755e-06 0.0
0.05806667161415744 0.26810698066845545 0.765554275108772 -3.323014301506546e-05 3.4566958545472577e-06 1.1980213688370081e-05 3.316534333037244e-05 0.0 0.012395479595502495 0.248197648572043 0.7600588525701069 -1.9975084739139982e-07 3.0640811009039515e-06 -2.826190202306333e-06 3.711105280016439e-06 0.0
0.0580434120405487 0.2681025745468121 0.7655580456700362 -1.144049198834696e-05 -8.411072429356357e-07 3.5622258648697226e-06 2.551470107250732e-05 0.0 0.012393629881115554 0.2481987226544449 0.7600578321670093 -6.464582409837439e-07 -1.0140677229316437e-06 3.745341856664161e-07 2.607711615834019e-06 0.0
0.05801146881179929 0.2680864907192781 0.7655529336604074 -2.1704361104574845e-05 -1.5312233726550035e-05 -5.6685801210214405e-06 3.7269967796962475e-05 0.0 0.012391529921225528 0.24819832053800678 0.7600578854098702 -1.7328441510568303e-06 -1.3874087410970885e-06 1.457666078088742e-06 2.3090030105891766e-06 0.0
0.057972332322384974 0.26807796473458334 0.7655590810448788 -3.883898798065496e-05 -1.476044022805004e-05 1.0186431145096845e-06 4.001832775026458e-05 0.0 0.012390640055511859 0.24819894184246338 0.7600579035833722 -1.3584191331052204e-06 7.41905654644879e-07 3.4819180511356523e-07 1.0271701045998832e-06 0.0
0.05795589429327113 0.26807609778087305 0.7655610156392244 -2.7709242677788084e-05 -4.566013846865237e-06 2.5897146600718794e-06 1.5511323474164183e-05 0.0 0.012390168782808823 0.24819882862240872 0.7600581530009426 -6.748618900957843e-07 6.599841897419574e-07 -7.96850399641088e-07 2.4405737077307264e-07 0.0
0.0579449775593833 0.26806982077304375 0.7655550500957186 -1.4797672309194306e-05 -2.233039580318502e-06 -2.6484949006021623e-06 1.4059820231089269e-05 0.0 0.01239053075386423 0.24819919773389593 0.7600584710485621 4.199865566457514e-08 1.160466421644611e-06 9.595423835069772e-08 8.610563982150292e-07 0.0
0.05793926999929653 0.26806361597112827 0.765556454676712 5.680380502992924e-07 -4.206065897664334e-06 -3.67230568191357e-07 8.991892302180789e-06 0.0 0.012391082841833658 0.24819949958688872 0.7600587038334129 9.131336020603912e-07 -1.7579787208525893e-07 2.8511154213968905e-07 6.211057669356485e-07 0.0
0.057936885013388846 0.26805517825684894 0.765551106107812 -6.191101497366917e-08 -8.071553689029e-06 -4.23016522150327e-06 1.089357747842961e-05 0.0 0.012392500986590366 0.24820031700833192 0.7600588461488658 1.4345012283743075e-06 8.629865404188488e-07 7.2847202242372e-08 1.6422261168291127e-06 0.0
0.05793287077963325 0.2680477736821442 0.7655449604528951 -3.198631612907838e-06 -9.416383325120197e-06 -6.888260896187968e-06 9.825875074819804e-06 0.0 0.012392778394792685 0.24820033134393282 0.760059199555296 4.042929569622804e-07 5.7782726569597384e-08 3.73803769281401e-07 4.608336355245142e-07 0.0
0.057924796306069073 0.2680411471144273 0.7655413555928309 -1.043472959912392e-05 -7.967635070605943e-06 -4.5360637960358075e-06 1.0766650750358725e-05 0.0 0.01239465746440493 0.24820133567284616 0.7600593332968119 1.4525116963590265e-06 7.214666627153124e-07 2.3269781606318816e-07 2.066840759304251e-06 0.0
0.057914804788431966 0.26803552352911775 0.7655362000067819 -1.2205469361073217e-05 -4.668691150366587e-06 -3.7867483871800457e-06 1.2933048846451772e-05 0.0 0.012394599326353289 0.24820111283786245 0.7600597089067006 2.9233819636340954e-07 3.5407280653729206e-08 3.3262595543694785e-07 5.422588527387712e-07 0.0
0.05788626401899356 0.26803171524405456 0.7655275768484142 -2.5907332816684627e-05 -3.1170399806768036e-06 -8.31827733308732e-06 2.9803287801676492e-05 0.0 0.012392744622304648 0.2481995815826525 0.760060437379627 -1.7552869012977126e-06 -1.497328789401279e-06 7.177836703561264e-07 2.419441286079869e-06 0.0
0.057873792312629256 0.26803265706645846 0.76552817889496 -1.741575668077381e-05 4.448916781893261e-07 -1.327514659570764e-06 1.3316164592507795e-05 0.0 0.01239489903554002 0.24819856545840344 0.7600587340034195 1.1805612090915507e-06 -1.3618257396738392e-06 -1.285512876466455e-06 3.004186951119455e-06 0.0
0.05785807906371571 0.26803248250976075 0.7655314976720005 -1.4378860141342092e-05 7.380943085229614e-07 4.249670130376453e-06 1.4850132896731717e-05 0.0 0.01239103306714727 0.24820767987332307 0.7600625201645674 -2.7026286885388308e-06 7.569108831074787e-06 2.704400956529326e-06 1.0506864770943216e-05 0.0
0.05784783894917315 0.26802688972029187 0.7655276297928724 -8.729951895683096e-06 -4.738902496142494e-06 -1.908643883676404e-06 1.2820542388713323e-05 0.0 0.012398949019198304 0.24820892083056967 0.7600547119390508 5.987671533382204e-06 3.9155443937859005e-06 -5.697634215767782e-06 1.1404146643016718e-05 0.0
0.0578449604727006 0.2680230565090634 0.765529945604686 -1.7520663173564328e-06 -5.17458978637017e-06 1.1285410475048543e-06 5.77264073280425e-06 0.0 0.012402708915259368 0.24821182954777893 0.760053690732297 5.526605517553668e-06 2.9511221186114667e-06 -2.9921209826746984e-06 4.691816061316454e-06 0.0
0.0578429868383644 0.2680189087015594 0.7655311512873663 -4.393937353873715e-07 -5.063221170081568e-06 1.0379170603485755e-06 4.32665469067461e-06 0.0 0.012405082338136832 0.24821285824689268 0.7600536667827047 3.341551786418484e-06 7.305589239586321e-07 -4.3955186972132706e-07 2.370752217596817e-06 0.0
0.05784106264856398 0.26801323680697586 0.7655337855301024 -2.0252253376402294e-06 -5.565330629432125e-06 1.8645226796325967e-06 6.3254992058517215e-06 0.0 0.012404967993629838 0.24821447389541662 0.7600552052582121 -3.9835523043758726e-07 4.2759616285795347e-07 2.01678758417269e-06 2.4751394329494813e-06 0.0
0.05780902505369811 0.26794499577025827 0.765491944103502 -2.9339212563096768e-05 -5.897210624720558e-05 -3.541648941040695e-05 8.606994787478873e-05 0.0 0.012405169904071912 0.24821341429791655 0.760058539443929 -1.0539776334467968e-06 -1.129065046264498e-06 4.026575904550599e-06 3.714656313571818e-06 0.0
0.05780591125086125 0.2679268166526663 0.7654701691149 -1.1454362360031743e-05 -3.3611732545909126e-05 -3.0012972350282966e-05 3.123232120849772e-05 0.0 0.012402042988439851 0.24821248658419573 0.7600582519040566 -3.2619727205128403e-06 -7.552871286237882e-07 8.775816650210375e-07 3.0551004425997865e-06 0.0
0.05779807566132923 0.267914508826553 0.7654587779967488 -7.763720973633273e-06 -1.3798353155496883e-05 -1.5609404747317716e-05 1.4311534753170002e-05 0.0 0.012402950033713493 0.2482125990300256 0.7600590166822611 -1.3664955067513143e-07 4.748573648337515e-07 1.1906685113061525e-07 1.0985587670427298e-06 0.0
0.05778889864667755 0.26790833422143384 0.7654519590012026 -5.923255411592193e-06 -3.7726210049231114e-07 -4.1643938957193e-06 1.3693832192111748e-05 0.0 0.012402194511737904 0.24821065414933205 0.7600614967374518 8.73802726314229e-07 -1.946869937159757e-06 8.262471345046134e-07 3.253471661301037e-06 0.0
0.05778030151410925 0.2679071312007427 0.7654409786254236 -6.196702993188875e-06 5.627172405348851e-06 -4.124866340677561e-06 1.6621452629601255e-05 0.0 0.012401832435550935 0.2482106138005207 0.7600626215201354 -2.463080908995456e-07 -1.4777402055865643e-07 1.8510873929087672e-06 1.3639899338355681e-06 0.0
0.057770849870972814 0.26790077411832425 0.7654301661031385 -9.239770778537122e-06 -3.051581223197682e-06 -8.744443324057353e-06 1.5362789937689916e-05 0.0 0.01240054231839531 0.2482103294082505 0.7600661509912343 -1.1037979350596135e-06 -1.3757084982301638e-07 3.4264042743787863e-06 3.6374666837509217e-06 0.0
0.05773850445729388 0.2678785973296428 0.7654107041966755 -3.105097233092402e-05 -2.462648894635343e-05 -2.093738547016105e-05 4.117857930891302e-05 0.0 0.012398133248501671 0.24820884443208202 0.7600671185533145 -2.5775822763660527e-06 -1.1568807072228265e-06 1.831552252873457e-06 3.041154977409122e-06 0.0
0.057709336958438266 0.2678723000259045 0.7654013536680946 -3.4828169997965086e-05 -1.7425828424490086e-05 -1.669029108362389e-05 3.3784994891485846e-05 0.0 0.012397764731642637 0.2482055695270964 0.7600723021123532 -1.0874007441971322e-06 -3.3191655496008934e-06 4.428497612322484e-06 6.0753953180521955e-06 0.0
0.05767744714637104 0.26786404531911195 0.7653968382217389 -3.166839626718718e-05 -5.1789608288277524e-06 -3.5411024844893927e-06 3.1730381695254216e-05 0.0 0.012397379911904746 0.2482033302554781 0.7600756255182766 -3.903258020007293e-07 -2.7716625141211853e-06 3.5726862798628593e-06 4.155061664923129e-06 0.0
0.057622678577810144 0.2678639405696591 0.7654004460633113 -5.182830837458363e-05 7.604918487017844e-07 5.419542238502377e-06 5.489686749891733e-05 0.0 0.012394415431996238 0.24820134452887255 0.7600768890235017 -2.0040224467973626e-06 -2.1487151032746577e-06 1.7644611447060914e-06 3.6154611822814385e-06 0.0
0.057599536097864515 0.26786211206719934 0.7653990676894953 -2.9121984167748302e-05 1.620669082105236e-06 2.1979296967192486e-06 2.495318033370623e-05 0.0 0.012398266957287636 0.2481969671641617 0.7600727674109744 2.5854301105211256e-06 -3.911142562077003e-06 -3.7275883028737838e-06 7.192031397031847e-06 0.0
0.057573057943968595 0.2678544105106566 0.7653906292816003 -2.24652651624033e-05 -5.728760100881797e-06 -7.589342659181894e-06 2.701594595944264e-05 0.0 0.012400801771103292 0.24819329883258814 0.7600761769481374 3.325620585669441e-06 -3.66708385810606e-06 1.0628205973869408e-06 5.766348299155807e-06 0.0
0.05754629927887123 0.26784899006417573 0.7653878562191108 -2.322783108767476e-05 -8.252777763096679e-06 -6.436534002395787e-06 2.7696546935645225e-05 0.0 0.012405991313362369 0.24819541697097763 0.760076764521634 5.215767694291944e-06 1.17366531787985e-06 1.3806473076914475e-06 5.501413886135351e-06 0.0
0.057499019149712366 0.2678418842462983 0.7653998120342391 -4.414557793296313e-05 -9.098710058560514e-06 7.926600396750676e-06 5.0215298726388704e-05 0.0 0.012420950867061195 0.24820578257035006 0.7600792693440075 1.3930017795665509e-05 9.919516134827273e-06 2.8801349483378403e-06 1.8163659805953796e-05 0.0
0.057474149108294355 0.26784023707333526 0.7653929291720568 -3.151818416315948e-05 -1.8225764877760754e-06 -1.0683084049567449e-06 2.6101221770573578e-05 0.0 0.012427192332564715 0.24820909648488504 0.7600794449819843 8.937053433513291e-06 6.2361709368747565e-06 1.4277975698922549e-06 7.749371423972756e-06 0.0
0.05744068680224402 0.267879059642293 0.7653504096935393 -3.4098829317869956e-05 3.413711108141637e-05 -3.7003759218405413e-05 6.419964766152714e-05 0.0 0.012431952025871657 0.24821429551145913 0.7600761609736943 4.445588355385239e-06 5.1585589861473136e-06 -3.1975639045669056e-06 7.000497779969961e-06 0.0
0.057424661702097715 0.26790172289050007 0.7653153405533447 -1.8598062290991803e-05 3.225326403481254e-05 -4.269419134604415e-05 4.7547498526014494e-05 0.0 0.012433000908623978 0.24821522710217755 0.760075606543207 -6.552432277427978e-08 3.984834231637395e-07 -2.2313619123727994e-06 1.6982612852982386e-06 0.0
0.05739159909598756 0.2678903003095821 0.7652830400951325 -2.5067910532518187e-05 -4.098811672142365e-06 -3.8093263142572886e-05 4.606802233421632e-05 0.0 0.012433682082301969 0.24821249753336333 0.7600797993626255 -6.054788286399112e-07 -4.038886010597573e-06 3.1135496659537244e-06 5.274504331772292e-06 0.0
0.05736273841911153 0.2678541626657216 0.7652631989294088 -3.0155348002174903e-05 -4.0202841091484626e-05 -2.0491285662463516e-05 5.030713072727825e-05 0.0 0.01243288539957465 0.24820653388700062 0.7600806333712737 -1.3050330505034834e-06 -6.658329204708117e-06 2.9096370752330306e-06 6.2059605624429096e-06 0.0
0.05734750691172756 0.2678443074380511 0.7652635776920118 -1.9698517055711235e-05 -2.519560137800553e-05 4.820999624123473e-06 1.896486629041033e-05 0.0 0.012429060941759197 0.24820571435480793 0.7600777977331801 -2.633567069405319e-06 -1.6525788038784836e-06 -1.90889886233522e-06 4.485919741182646e-06 0.0
0.05733108472971844 0.26783173093686913 0.765261710958404 -1.629858442493755e-05 -1.3855078300260609e-05 6.614526757201436e-06 2.009256232205545e-05 0.0 0.012424996502211563 0.24820505897966477 0.7600747722991861 -3.3868836972577574e-06 5.278096565610684e-07 -3.6992026638122988e-06 5.180236702561856e-06 0.0
0.057328041342419006 0.26782575571543255 0.7652566265143879 -1.8166898997017632e-06 4.371055335760011e-07 -4.397122489891597e-06 8.404529698004314e-06 0.0 0.012423967777410021 0.24820496587554006 0.7600738688346799 -2.089646218344452e-06 6.772618052763942e-07 -2.4846419832018507e-06 1.37214868865196e-06 0.0
0.05731844199487263 0.26782074893586705 0.7652469063853123 -6.541412130937603e-06 3.830190039621777e-06 -1.3771166775750158e-05 1.5218831674458541e-05 0.0 0.012423271340449875 0.248202913430217 0.7600756598746985 -2.427330169656427e-07 -8.727199746842044e-07 1.2886552184983722e-06 2.8756922641083314e-06 0.0
0.057311153847661556 0.26782116692488817 0.7652416052299152 -7.136396230054434e-06 -3.52807064033482e-07 -9.443650834355651e-06 8.679057245496947e-06 0.0 0.012426771743502143 0.24820541207916041 0.7600683039818321 3.472802700670856e-06 1.2077391925382625e-06 -4.6401386248312444e-06 8.487072356359704e-06 0.0
0.057301073841243534 0.26781639524471307 0.76523625479937 -1.2530911611508327e-05 -7.455645767286181e-06 -6.844583523013028e-06 1.1840303631244484e-05 0.0 0.012431562514954383 0.24820973281335731 0.7600586114659209 5.52806196677331e-06 3.7603862337248357e-06 -9.608533482661398e-06 1.1798526881162022e-05 0.0
0.057292147822792516 0.267809632063826 0.7652331037593996 -1.015244473410575e-05 -8.923635923749219e-06 -1.7600264079342196e-06 1.2276378873965732e-05 0.0 0.012433524892424068 0.24821263232027954 0.7600553262598474 2.72546773867629e-06 3.563133154254094e-06 -6.006517648379293e-06 4.7257532113904326e-06 0.0
