0.0626653311740786 0.2794605259325512 0.7638307906436456 0.0 0.0 0.0 0.0 0.0 -0.01691977321046426 0.2796534559720696 0.7643205302571349 0.0 0.0 0.0 4.1378076424906235e-06 0.0
0.062621298876434 0.2794569228207539 0.7638292674832361 -4.4032297644602814e-05 -3.6031117973123195e-06 -1.5231604094667617e-06 4.4205719857500256e-05 0.0 -0.016914787059407823 0.2796506009039545 0.7643271230581575 4.986151056436683e-06 -2.8550681150929513e-06 6.592801022664574e-06 2.964035405126687e-06 0.0
0.06255643653815214 0.279469243910533 0.7638320575269297 -6.486233828185972e-05 1.2321089779110395e-05 2.7900436936345585e-06 6.608113592053101e-05 0.0 -0.016905328091170343 0.27964654822656937 0.7643389003383737 9.458968237480159e-06 -4.052677385124603e-06 1.177728021617419e-05 8.537361133809844e-06 0.0
0.06251182192532415 0.27945980652879104 0.7638480507374614 -4.461461282799506e-05 -9.437381741972395e-06 1.5993210531695112e-05 4.8325051836979325e-05 0.0 -0.016900183554968046 0.27964068429081873 0.7643374580606856 5.144536202296435e-06 -5.863935750638483e-06 -1.4422776880573807e-06 1.5415849311631454e-05 0.0
0.06249717053717928 0.279439977131745 0.7638673544774137 -1.3947991345644513e-05 -2.134738441440204e-05 1.9615685643361004e-05 3.131297714888438e-05 0.0 -0.0168940260266849 0.2796470166875848 0.7643307155606828 5.837691302101857e-06 6.091077510087322e-06 -7.3613441165299314e-06 7.4954879427317875e-06 0.0
0.06244527071341823 0.27944053866278445 0.7638681523062872 -5.124889672295057e-05 9.848544986159645e-07 6.998460582291542e-07 5.1908993001669564e-05 0.0 -0.016892651106893204 0.279646414479248 0.7643302389188156 1.7354583348474196e-06 8.007407004133864e-08 -1.5269004111089442e-07 2.563955703257549e-06 0.0
0.062426991861601576 0.27944488261922473 0.7638677269826554 -2.6952412759684425e-05 6.878150172101998e-06 -3.6832235841646824e-06 1.886145202009413e-05 0.0 -0.016883732950561333 0.2796427165578536 0.7643277879374716 8.166732614238117e-06 -3.961509404339483e-06 -6.789002924465009e-07 1.0263360765112669e-05 0.0
0.06243891195334494 0.2794496889580111 0.7638610579307769 8.782339057506733e-06 8.245798313942028e-06 -7.469099559409114e-06 1.401804943995031e-05 0.0 -0.016846390003230162 0.2796375204270468 0.7643434458961439 3.6442821697871665e-05 -6.464707985665764e-06 1.5533579668565835e-05 4.049707020214218e-05 0.0
0.06244845836708291 0.2794441287637218 0.7638625330612928 1.076029021414014e-05 -1.063201178332463e-06 -2.3602954672492672e-06 1.1087574749587174e-05 0.0 -0.016820328345718574 0.27963223815281973 0.7643585016859179 3.31984976100673e-05 -6.991072363211872e-06 1.955989685501506e-05 3.1436712887384e-05 0.0
0.062451434423132925 0.27944414587015726 0.7638613104307376 6.214942178892588e-06 -1.7447866709118135e-06 1.106765064625782e-06 4.546189204057058e-06 0.0 -0.016812842486905878 0.2796299442436683 0.7643682863011539 1.2665367058148761e-05 -3.455012031626143e-06 1.3052226842324985e-05 1.1348752331909106e-05 0.0
0.06245560314382609 0.27945451637356317 0.7638626524929202 4.24196895417198e-06 4.807460869863217e-06 4.278719214024502e-06 1.072773056696453e-05 0.0 -0.01681004551731327 0.2796265015056001 0.7643746718086162 -1.10052413773537e-06 -2.20753890439689e-06 4.776463902412005e-06 7.168406064004817e-06 0.0
0.062457312933659255 0.27945687039255884 0.7638676122228464 -1.8771817461571416e-06 4.301166905678404e-06 5.583636601519364e-06 5.382575030225127e-06 0.0 -0.016814150981385213 0.27963225310486667 0.7643770090376656 -9.193935354387199e-06 6.0011981386464395e-06 -1.147358465934721e-07 8.976737395583907e-06 0.0
0.06245905677907194 0.27945197423538354 0.7638843167223539 -3.967035856859441e-06 -1.4456129726827986e-06 1.4397171979742413e-05 1.7774776675352588e-05 0.0 -0.01682853136103727 0.27963409402836514 0.7643766321842217 -1.644467187853134e-05 3.2398819759574747e-06 -2.1060820276776375e-06 1.4586048309903357e-05 0.0
0.062456435473008394 0.2794447563028829 0.763898858418435 5.880465602062742e-07 -8.188414704109318e-06 1.6428381978349507e-05 1.655401184171506e-05 0.0 -0.016856395821777684 0.2796308206199232 0.764405191664448 -2.5286776148605904e-05 -2.456323012212052e-06 2.3804385350830057e-05 3.89878617382667e-05 0.0
0.06245373001307056 0.27944380621259945 0.7639040524341079 -6.585890201001654e-07 -4.354431994613378e-06 7.122024234498545e-06 5.8582894015187715e-06 0.0 -0.016862757578209115 0.2796082249557063 0.7644440994411285 -8.31606920353871e-06 -2.1332778594988217e-05 4.3282128406966067e-05 4.616565625451138e-05 0.0
0.062451567787718903 0.2794471673078976 0.763904502677042 -2.7664096805378734e-06 2.354596749635259e-06 -4.2190408594372306e-07 3.6811069518581525e-06 0.0 -0.01683620576654403 0.2795808149362597 0.7644982182777116 2.374744408768933e-05 -3.0849247079934504e-05 5.762630914568578e-05 6.560148454325811e-05 0.0
0.06245048892172999 0.2794489401118745 0.7639026373897982 -1.4216223959631664e-06 5.0444649524435036e-06 -4.954969232761703e-06 3.0685423188509766e-06 0.0 -0.016798309337188372 0.279549098542303 0.7645628662477398 4.384847176899955e-05 -3.438775121962746e-05 6.68407847961206e-05 8.158282378795546e-05 0.0
0.062441200449237275 0.2794441241340157 0.7639041396689611 -7.405565587682421e-06 -1.9030594663454842e-06 -6.026818373654247e-07 1.0894561278035552e-05 0.0 -0.016725852188336703 0.27949510631317287 0.7646597904305527 7.50616798720952e-05 -5.1388298663909186e-05 9.310931282780835e-05 0.0001324718626784214 0.0
0.06240817972511074 0.2794409397333134 0.7639066305785216 -3.0464011795942548e-05 -5.391717252523154e-06 3.730222703188878e-06 3.282943245013895e-05 0.0 -0.016593051285900266 0.27936168973533043 0.7648068011475948 0.0001294166923959007 -0.00012294584024673738 0.0001419381873815342 0.00023903742969089736 0.0
0.062339148452879044 0.27943240702950667 0.7639248310122643 -6.828528549756666e-05 -9.795206498008758e-06 1.866020700241484e-05 7.201909203125965e-05 0.0 -0.016343565776497364 0.2788001879984426 0.7649199143510051 0.0002401700539179168 -0.0005129268841283685 0.00012609423477535095 0.0006229515528659292 0.0
0.06225277151448052 0.2794226111823762 0.7639447428522909 -9.234872242622362e-05 -1.0650792876819031e-05 2.259445616820852e-05 8.96696555818658e-05 0.0 -0.015929748852866084 0.27770458761430883 0.7646792270462353 0.00040919929532157455 -0.0010895730593851742 -0.00018977594483517434 0.0011996880628665758 0.0
0.062133758813447626 0.2794062346758431 0.7639680005188879 -0.0001205789769334295 -1.5129810005828806e-05 2.4222051344505297e-05 0.00012132065633580756 0.0 -0.015414322991135994 0.2758121119656338 0.7638348547602386 0.0005354540160411875 -0.0019061054548816115 -0.0008164572217716115 0.002133305756876571 0.0
0.06206822154291899 0.27940602131003406 0.7639876869136605 -7.688584317473525e-05 -2.81123943684507e-06 2.016396651705748e-05 6.965636599899161e-05 0.0 -0.015265901568531132 0.27425824070982 0.7631145899938496 0.00022819389081834906 -0.0017702348055886681 -0.0008725881759556103 0.0017346442087051973 0.0
0.06201053615843055 0.2793943221923106 0.7639930000790673 -4.9598730038152e-05 -8.294694892904322e-06 5.530515462942889e-06 5.715932498457655e-05 0.0 -0.015183296708606898 0.272341936231858 0.7620760457303802 3.6688429079166056e-05 -0.001867701041405886 -0.001050211687763676 0.00213718941794376 0.0
0.061959056506586806 0.2793846008320505 0.7639799274252433 -4.025518469078232e-05 -9.547435762623256e-06 -1.4293694667712429e-05 5.532786699768009e-05 0.0 -0.015303098464632242 0.27032328243654946 0.7608168255875867 -0.0001686841341223506 -0.0019276919184779192 -0.0012209578323059307 0.0024121156326249926 0.0
0.06193113063639639 0.27936990637154174 0.7639540162498442 -2.6197914713238927e-05 -1.4221263006417985e-05 -2.898637869873871e-05 4.1981506541331934e-05 0.0 -0.015881814795743528 0.26835523026070895 0.7592676426703702 -0.0005715085414857932 -0.0019139070430833193 -0.0014870360967688527 0.002586154724508881 0.0
0.06192647533439363 0.2793644639267916 0.7639295956510722 -8.128548478944161e-06 -8.450887627342462e-06 -2.756153751262068e-05 2.4386062847401457e-05 0.0 -0.01648865270153431 0.26712947855251934 0.7580897286783834 -0.0006615748861272539 -0.0013191864082266812 -0.001253395196832189 0.0017966389550741425 0.0
0.06192723783140527 0.2793407573777297 0.7639010305300176 -3.2988279814062237e-07 -2.0866239618982174e-05 -2.7605892226711927e-05 3.5680664160898205e-05 0.0 -0.017107320203920938 0.2660283830995636 0.7568428354463587 -0.0006266570237649142 -0.0010351673458359502 -0.0012210492901874542 0.0017332079052465857 0.0
0.06193018796690812 0.2793272444479898 0.7638764943904074 2.101900436868377e-06 -1.617999790406243e-05 -2.2260570291658112e-05 3.0407872114542362e-05 0.0 -0.017505296805642393 0.26555259122967206 0.7560883940206615 -0.00039899145267417783 -0.00047412667157852614 -0.0007837758857669932 0.0010284593454706076 0.0
0.06193437257121297 0.2793283229283869 0.7638497115442728 5.972467563727878e-06 -2.2609032108003464e-07 -2.366649504344131e-05 2.6135892431534047e-05 0.0 -0.018149499503929283 0.26512246548354523 0.7551337706196695 -0.00054477280929495 -0.00030073996081287 -0.000806624390079762 0.0012044531394589794 0.0
0.0619303900632275 0.279312909029921 0.7638339439287528 -6.15208254854932e-06 -1.1003714451634108e-05 -1.695362182718141e-05 2.2113010942009285e-05 0.0 -0.01840768386938587 0.264876031991764 0.7547614959643941 -0.0002791754278655173 -0.00028683273272185356 -0.0004509114671514134 0.0005380912230067585 0.0
0.0619226487961398 0.27928992063057945 0.7637976660815445 -1.0622199178291449e-05 -2.1471502075979148e-05 -3.3021086684996334e-05 4.379342138455414e-05 0.0 -0.018595411180343187 0.2645811039293618 0.7542898375163272 -0.00017899222466674815 -0.00034312046959562273 -0.0004396716168749797 0.0005544009359000159 1.0
0.06193116784023739 0.27925239091580706 0.7637388067644469 5.437070706944371e-06 -3.8254992501435736e-05 -5.814356212708981e-05 7.105398981594214e-05 0.0 -0.01902494826218808 0.2641814910073153 0.7533673678056675 -0.0003897398761698045 -0.00044149935212309775 -0.000864935285578674 0.0011080090832870921 1.0
0.061911297395516124 0.27923323366794556 0.7636869524674326 -1.2732370948622394e-05 -2.6144359112018072e-05 -5.853910060510227e-05 5.867273708026624e-05 0.0 -0.019508055989079356 0.2637462294775353 0.7528837465418406 -0.0005007346740715158 -0.0004606728703592134 -0.0006211001346157804 0.0008294295489795342 1.0
0.061902151872626356 0.279218507400506 0.7636712984513458 -1.171468722185927e-05 -1.573887961423812e-05 -2.365066906377661e-05 2.2402924129137126e-05 0.0 -0.01950403688655459 0.26366420785554534 0.752909833807161 -0.00011752746410497936 -0.00016805791221703834 -8.317115613319269e-05 6.977062219261972e-05 1.0
0.06189867868075164 0.27920736325868645 0.7636552224279995 -4.973451988114248e-06 -6.035864921353738e-06 -8.877267165299974e-06 1.9194606837728227e-05 0.0 -0.019525339116059963 0.263697281055404 0.7529065436209655 2.1265552665791624e-05 9.389065152070404e-05 0.00011907390607258407 3.0781119560929424e-06 1.0
0.06189918010187313 0.2791887144600089 0.7636344014232335 1.0747700043056051e-06 -1.333504800747436e-05 -1.217445782378175e-05 2.9885848968773238e-05 0.0 -0.01960964511157164 0.26393648252585133 0.7529143320435077 -2.5663071598896884e-05 0.00028444385525050117 9.383135619763308e-05 0.00030466553893081076 1.0
0.061901506041110804 0.2791890649470698 0.763624007619868 3.880695523258257e-06 -4.401252367358223e-06 -1.0188447328620927e-05 1.1100462686695017e-05 0.0 -0.019704622538183197 0.264119439065419 0.7529208802131362 -5.201190796845864e-05 0.0002602464813876781 4.799690699796341e-05 0.00021517372621468987 1.0
0.06190265033910417 0.27918501888788877 0.763621400845552 3.227036023534415e-06 -4.10894252714806e-06 -7.958443256935135e-06 2.8873460362877057e-06 0.0 -0.01976595058515482 0.26426071131374007 0.7528962028943952 -0.00010722232019765715 0.0001329549903108545 -0.00010780006085751571 0.0001193061995887539 1.0
0.061902851802792105 0.27918091230129544 0.7636228074115522 3.3466885709478463e-07 -4.359035725228372e-06 -1.715875547756393e-06 4.612976121944432e-06 0.0 -0.019799992259356136 0.264357749945169 0.7529168956497538 -9.297422273326928e-05 4.096381740827012e-05 -7.026409204736409e-05 0.00010430742582663067 1.0
0.061860212754920374 0.27916242569154975 0.7636072175434139 -3.985001810443078e-05 -1.5383645558269166e-05 -1.107553532287427e-05 4.977509697315412e-05 0.0 -0.019969281767836276 0.26473165870887205 0.7529716548327371 -0.00014290490250080414 0.00028815672352986473 8.01174190832864e-05 0.00042938586369196746 1.0
0.06172482577575863 0.279169536446447 0.763615495253276 -0.000128269809400598 6.822025672165013e-07 5.032739233580174e-06 0.0001360572742576787 0.0 -0.020124206433746097 0.2651890563766965 0.753310910823869 -0.00013137774763453112 0.0004895710846601329 0.00034478333976818845 0.0005975643065929426 1.0
0.06167493202343093 0.2791626941033709 0.7636170344709182 -7.998987899628769e-05 -3.990817020234596e-06 2.169426025813086e-06 5.2178539484801505e-05 0.0 -0.020137968656921353 0.26551632278619397 0.7537971540277524 -5.132977376829218e-05 0.0004059939079121748 0.0005105806015526075 0.0005768535283247678 1.0
0.06161661564240319 0.2791631847225786 0.763617268420723 -5.5821786534790084e-05 2.658243719431522e-07 8.450649463834453e-07 5.26576695773744e-05 0.0 -0.019823994127078436 0.2657342021184634 0.7546609634247338 0.00027944484362308605 0.0002480192546160883 0.0008651967223898428 0.0009330008917976894 1.0
0.061575846972669476 0.27916319834848063 0.763629883608717 -2.9957181421241363e-05 2.1273501855067063e-06 1.1701836823726137e-05 4.569258838631212e-05 0.0 -0.01926746647292857 0.26569150360772437 0.75556037138207 0.0005944046629479418 -6.179611924757094e-05 0.0009585898625269142 0.0010746767410481266 1.0
0.06154965794615266 0.2791563694969255 0.7636329270985026 -1.453802914387336e-05 -6.3698520012846815e-06 5.8751409350215255e-06 3.003685125757854e-05 0.0 -0.018389693859727718 0.2655620632919794 0.7568161306706229 0.0009194631340077934 -0.00020254271178704134 0.0012245394694667111 0.0015337337967008214 1.0
0.0614788248023422 0.2791329550276052 0.7636021107358081 -5.930548528317233e-05 -2.3012065523494036e-05 -2.698265499348061e-05 7.797223166556477e-05 0.0 -0.017105220561959306 0.2653134051766851 0.7583772178177245 0.0012909456635298105 -0.0002773348269625998 0.001536255624319581 0.002034891711854933 1.0
0.06136507357522543 0.2790778954262194 0.7635402768632886 -0.00012132678055165499 -5.443286234322196e-05 -6.410762961165635e-05 0.0001404082254789582 0.0 -0.015034158092584167 0.26429762893148123 0.7600856754518034 0.0020039443708475325 -0.0008941603865496849 0.0017258374998281628 0.002869985000609664 1.0
0.061267167643238356 0.27897615243221247 0.7634270996554656 -0.00011987836829856602 -0.00010029916406484875 -0.00011365830749981256 0.00018320931878252597 0.0 -0.012906908862738927 0.26263422469463865 0.7611535471638746 0.0022275807907548902 -0.0016539015869544934 0.0011973801129963567 0.0029173624949506817 1.0
0.061196716169137674 0.2788376728335266 0.763257129606115 -7.408598169996873e-05 -0.000144117235324322 -0.00017367779751516443 0.00022742575264850514 0.0 -0.01017127637575422 0.26004738312214837 0.7620411312731737 0.0027083045748817983 -0.002617344013315739 0.0008113019340107194 0.003833934372244911 1.0
0.06115659030090372 0.2787301150095471 0.7630874446738266 -3.6650902331649696e-05 -0.00012013113141946897 -0.0001802490292657324 0.00020628373997099992 0.0 -0.008188151464506596 0.2577509050685851 0.762790975921778 0.002136931033875571 -0.002533005761849129 0.0006323653256777105 0.003169406356486693 1.0
0.06107767413040438 0.2785679148094448 0.7629098241770943 -5.6760712421289597e-05 -0.00015013313820072018 -0.0001764718899744041 0.0002520193650836982 0.0 -0.006995141437710704 0.2560269630719142 0.7633066690369132 0.001177496083494962 -0.0018127495046528412 0.000465237269348422 0.002128976021556796 1.0
0.060949015552709575 0.2784193947543872 0.7626960723848573 -0.00011949096706022646 -0.00014762923689723418 -0.00020257737596657684 0.00029203834301971875 0.0 -0.006209647720747149 0.2546251633809406 0.7635580955390127 0.0005821660370300343 -0.0012075106505463572 0.00030593971382504364 0.0016125421003886835 1.0
0.060869905460290294 0.27828287344565195 0.7625500386492898 -0.00010451256349678034 -0.00013617629002769338 -0.00015393165041413108 0.0002163842284979096 0.0 -0.005717855041239621 0.253798863947859 0.7635967127562753 0.0003403219020852114 -0.0006505862731763045 9.768353291379002e-05 0.000997901720368131 1.0
0.060838035618693984 0.2781877169129698 0.7624463361468867 -4.602020579895493e-05 -9.888846942739997e-05 -0.00010102946937547627 0.00014025987908922868 0.0 -0.004311755342811564 0.2539282193725482 0.7635618344497422 0.0012540264438916395 0.00012449692673793694 -4.080930763358413e-05 0.001410812283358777 1.0
0.06083483574548333 0.2781521955541155 0.762415746783957 7.044678840237721e-06 -3.7424008792649984e-05 -2.909528704544994e-05 4.7572230220780656e-05 0.0 -0.003990931641220678 0.2540832131466329 0.7634460125875426 0.0007060588124897333 0.0002413592228095499 -0.0001502282649840001 0.00037589654608365846 1.0
0.060820214985150334 0.27807867474043 0.7623597925379739 6.458077762692944e-06 -5.3886023926822375e-05 -3.6909459668625505e-05 9.514659734392782e-05 0.0 -0.003736288764467956 0.25425939765647615 0.763249617993497 0.00038084714890757173 0.00014308950734222303 -0.00017140114211837724 0.00032788642931951993 1.0
0.06081529969810998 0.2780298175374533 0.7622898572450578 -1.8740202178263104e-06 -5.008625403591472e-05 -6.545413633637996e-05 8.821990706370361e-05 0.0 -0.003609188149975074 0.25430777959408757 0.7632149500836806 2.2749767439805575e-05 5.703069004391742e-06 -4.2747264398184325e-05 0.000163037957755267 1.0
0.06082105293778084 0.2780084790176686 0.7622717207932288 -6.806575752139889e-06 -3.52012768758352e-05 -4.071380832426503e-05 2.5786345746847466e-05 0.0 -0.003574874309903877 0.25431928531742515 0.7632103487984256 -8.679210379044025e-05 -0.00010075151030611209 1.6391817872751986e-05 5.111618619636077e-05 1.0
0.0608148683819384 0.27799715733255104 0.7622341235547316 -1.2729839861295506e-05 -1.4192877764902242e-05 -4.2948493583684595e-05 3.640506992667528e-05 0.0 -0.0034349015714942193 0.25435958852145485 0.7632437735317629 8.614507279470053e-05 -5.671907454416771e-05 4.9406383873266285e-05 0.00014216702239167956 1.0
0.06080291674924469 0.2780048117673395 0.7622121709620258 -1.0072949117929237e-05 8.186749760093697e-06 -2.0618543267945385e-05 2.9583139682536714e-05 0.0 -0.003165920661351281 0.2544177937697762 0.7633398143538206 0.0003291078393689714 8.205784144666383e-05 9.658643448694058e-05 0.00027568123497635484 1.0
0.060778487410890564 0.2779612151282005 0.762144886100801 -2.1720795232805227e-05 -2.89166029236461e-05 -5.5189242811843714e-05 8.494922821722774e-05 0.0 -0.002457175126599479 0.2545727843948263 0.7635918204717392 0.0007708288615494364 0.00022433057754953827 0.0002316577607548911 0.0007855658226253619 1.0
0.06078096589245195 0.27792917739003287 0.7621238623800135 -3.499878180946109e-06 -3.876320466451035e-05 -3.0092157796687307e-05 3.7929643286194545e-05 0.0 -0.0019015981749521903 0.2546501441768379 0.7638383858852107 0.0005990251652422268 0.00012076421026213923 0.00025463516227977156 0.0006124922058752225 1.0
0.06078071727911472 0.27787430307622984 0.7620905316497437 1.639549041988095e-06 -6.257083572114386e-05 -3.5135263073453905e-05 6.111778569875632e-05 0.0 -0.0014685753722845365 0.2547260562819419 0.7640082633662136 0.0004774369520686656 8.039398914127136e-05 0.00018533682592309934 0.000457819054217047 1.0
0.06079439750835458 0.2778173539609252 0.7620389179242869 1.6774414613037085e-05 -5.965384283599489e-05 -4.632608320038154e-05 8.040622789331938e-05 0.0 -0.0010408991396301409 0.25474292187576314 0.7640695365133858 0.0003631212650298896 2.6916145140473734e-06 6.710933267657835e-05 0.0004322317860778246 1.0
0.06081311778202935 0.277797149919934 0.7620147380797795 2.2180259132386296e-05 -2.3683118114114453e-05 -2.5578623304101364e-05 3.782286725358316e-05 0.0 -0.00046814457585954834 0.2544371729887845 0.7640761803454867 0.000477292746700517 -0.00028197654677101337 -2.8413719011700717e-05 0.0006614261749015425 1.0
0.06081944884755512 0.27779440895051527 0.7619963188087117 8.38649105165107e-06 3.859249770391559e-06 -1.9188964369249946e-05 1.7597552148813556e-05 0.0 0.00031504077390976477 0.2537623494861597 0.7638465084083311 0.0007534090521388304 -0.0006752964998995652 -0.00022877089603111762 0.0010637365889572864 1.0
0.06082214507998614 0.27779428796964656 0.761995450495663 -4.108289325301612e-07 9.316665993125374e-06 -7.329716573499021e-07 2.404360231025659e-06 0.0 0.0008085537873267576 0.253047928197845 0.7635157224870818 0.000611565345261339 -0.0007926416294880324 -0.00034620886787269486 0.0009238920437344199 1.0
0.06082194167255124 0.27777759420410186 0.7620070249247158 -3.981495229203858e-06 -1.3338799284052886e-05 1.2103367700093839e-05 2.251952424501112e-05 0.0 0.0013623707967049393 0.2517202343475315 0.7627522731214726 0.0005741011326700822 -0.0012781774093597361 -0.0007172803617221254 0.001607261454439594 1.0
0.06081978964990615 0.27777289459328575 0.7620107323153723 -2.52142154527252e-06 -1.0525680128590483e-05 1.127027392801362e-05 6.074514062567846e-06 0.0 0.0015359761747819984 0.2509767829431045 0.7623110234665403 0.00017849365042823314 -0.0008883746653794415 -0.0005450248684492858 0.0009173153970372462 1.0
0.060816223684838626 0.2777769227151162 0.7620100153007797 -3.658461338839029e-06 -4.040545319858539e-06 -3.398833981820242e-06 3.7548134971436155e-06 0.0 0.0016669178925929325 0.2498942696659318 0.7615273651194834 4.9586786802509656e-05 -0.0009629061624473416 -0.000719993186729639 0.0013058460505801146 1.0
0.06081019737012389 0.2777717784324456 0.7620109716024195 -3.723844579146513e-06 -3.5027114495775086e-06 -4.548659894413328e-06 8.560772049358959e-06 0.0 0.001971485124732991 0.24911789813246812 0.7609108896523185 0.00023325492519082907 -0.0007605594199877492 -0.0006259362623336453 0.0010654344951993807 1.0
0.06080397000747998 0.2777725927746106 0.7620127641879993 -5.642693525550903e-06 3.422685546800753e-06 5.295439760526397e-07 7.136125264800385e-06 0.0 0.0024368601820911632 0.24841133559199893 0.7603818531661899 0.0004910004747288312 -0.0006739714049510071 -0.0005122140851354047 0.00099097770113678 1.0
0.060801842496003636 0.27777170060024736 0.7620136846397776 -3.432482298408063e-06 7.045156071254788e-07 1.1789302215131513e-06 2.4798929362845933e-06 0.0 0.0026174841701619212 0.24817541905825952 0.7602072807661309 0.0003115652734387342 -0.00027854957158394354 -0.00019771461934504098 0.0003480146840566787 1.0
0.06079686294253298 0.2777701871784128 0.7620139111540253 -3.942858965477909e-06 -2.4757910327494536e-06 2.5353790590824373e-06 4.429768532498245e-06 0.0 0.0028884587695702565 0.24784015456666664 0.7599779329146846 0.00025477396958556225 -0.000265091902461555 -0.00016181888492537854 0.00045858974384979634 1.0
0.06078873781171316 0.27776992512260795 0.7620219896554706 -7.4198028021029165e-06 -1.986261745476957e-06 7.9736275306369e-06 1.2096732561553193e-05 0.0 0.003480418146682344 0.24712123300395383 0.7595745066773265 0.0005210279807069065 -0.0006679396389962354 -0.00036150705952904235 0.001052659262646964 1.0
0.06078603334040071 0.2777695628466217 0.762027315587128 -4.143113795121758e-06 8.056291121500088e-07 6.001742590239199e-06 6.115900955027971e-06 0.0 0.0037036598956128363 0.24683500240179898 0.7594555557816487 0.0002748712762403819 -0.0004031583352266914 -0.0001873432965306469 0.0003896738707858153 1.0
0.060784524853463986 0.277771987992429 0.7620297146555096 -1.721900601392687e-06 2.4916807868041093e-06 3.048992128876757e-06 3.1830683309578013e-06 0.0 0.003944870243669958 0.24650711350098847 0.7593040750890971 0.0002319318451335015 -0.00038351178035490906 -0.00019382453113643723 0.00038959673605637804 1.0
0.06077977618737485 0.2777619429586699 0.762044003646342 -3.7496507222475467e-06 -8.396668137742956e-06 1.2112281075259727e-05 1.8060093929171017e-05 0.0 0.0043447516660624335 0.2458187635072289 0.7590282991345232 0.0003636160557816973 -0.0006036325046698346 -0.0002446237921667635 0.0008493743863724216 1.0
0.06077701089302506 0.2777557010066323 0.7620525641266681 -2.8694005372277965e-06 -7.824081059364331e-06 1.0114413421773153e-05 1.1863148770734794e-05 0.0 0.004637738704479331 0.24521592908960946 0.7588954124515844 0.0003095721591271491 -0.0006268597786914026 -0.00015120635684597646 0.0007309468894040932 1.0
0.060775765867904875 0.2777549303831455 0.7620543722668359 -1.4604135439158511e-06 -2.737111277383081e-06 2.8758869230774374e-06 1.6096361695324399e-06 0.0 0.004833489521673283 0.24496208001815498 0.7588510506265146 0.00019691067751151413 -0.0003049757875728309 -3.615970284340388e-05 0.0002913687712681574 1.0
0.0607750419958496 0.27775453731573385 0.7620553724175765 -1.1135733116509225e-06 4.873859466973178e-07 -1.4689661951372044e-07 8.574094097597902e-07 0.0 0.004968607545898622 0.2447986202950116 0.7588240880278486 0.00015201731876964475 -0.00015522277069226532 -2.4603301463187497e-05 0.00018841064433549335 1.0
0.06077368644463257 0.27774879311279876 0.7620626016475831 -1.099582187060476e-06 -3.3011501337319365e-06 5.18379469339305e-06 1.004110771564485e-05 0.0 0.005300995415538849 0.24432060044685713 0.7588331945919492 0.00029449274255846555 -0.0003733945870783469 1.6271419376856153e-05 0.0006149925350105054 1.0
0.06077329244221149 0.277748847365235 0.7620631152944276 -7.068379214353194e-08 -7.240170797878333e-07 1.521076825577717e-06 1.1008948000150159e-06 0.0 0.0053792499719551865 0.24415080747400092 0.7588364333273369 0.00010378050081718496 -0.00019089742892445356 3.0030853566239508e-05 0.00020479002397732734 1.0
0.060777945282656294 0.27776018186027046 0.7620571274170141 3.797335739167214e-06 9.390593946579045e-06 -4.45553582624506e-06 1.2416347275834262e-05 0.0 0.005557657328247015 0.24380166099215342 0.7588035995676612 0.00017044288283652614 -0.0003571288194077612 -4.6272600074923474e-05 0.0003506815848082993 1.0
0.060786126440564 0.2777569736125469 0.7620574993906467 8.077728763626872e-06 -3.0553096443016977e-07 -6.749487742019379e-07 9.580112664774079e-06 0.0 0.005610646564335969 0.24380881871594862 0.7589406167563664 8.07347528006458e-05 -9.752511437010464e-05 8.732410772517408e-05 0.00016407997468997383 1.0
0.06079245550917204 0.2777532174217182 0.7620591535468922 7.836602717980093e-06 -3.7021688633351253e-06 7.544797307160064e-07 7.4132861295396055e-06 0.0 0.005404154145172263 0.2439703526850204 0.7592037030722375 -0.0001943917610770346 0.00019125023184295587 0.0002692535895811534 0.00037362927493209044 1.0
0.060792021582514476 0.2777504170249553 0.7620545025066713 7.604612001381151e-07 -4.433420685675497e-06 -3.2322355437057784e-06 5.25424623934742e-06 0.0 0.004919269545004151 0.24416459120620188 0.7596423704678471 -0.0004985060105440811 0.0002789714655684212 0.0004555917068899142 0.0006856012174358018 1.0
0.060785883835443054 0.27775330585466457 0.7620546578473959 -7.0150126659755645e-06 6.811769351607908e-07 -1.790727187106916e-07 6.8448075322390605e-06 0.0 0.004327244342848979 0.24448544647988163 0.7601469169783472 -0.0006399764824110746 0.0003241398131171787 0.0005400196960547764 0.0008387880798121411 1.0
0.06078216803226665 0.2777515764403146 0.7620579276384724 -6.518594988511299e-06 -2.9628087891842757e-07 3.2659412547013296e-06 5.625869155989623e-06 0.0 0.003994862719248117 0.24478515641398568 0.7605600859541668 -0.00039918237699033667 0.0002831283168728779 0.0004471377832849953 0.0006114959890749442 1.0
0.06077763750193828 0.27775173224126287 0.7620505981323649 -4.8995657331391884e-06 1.5936535183544865e-06 -5.911494228297221e-06 8.112642094238911e-06 0.0 0.0037705861819584256 0.24506480708488895 0.7608992631831972 -0.0001998233690652861 0.0002720245450298959 0.0003177516266300039 0.0004743863602261338 1.0
0.06077758488496435 0.27774690202906294 0.7620530317909235 5.968951809795156e-07 -3.5108985449135923e-06 -1.356793994002442e-07 5.711952368738564e-06 0.0 0.0036244031515597626 0.24507145250210915 0.7610380872518158 -5.3221037467567e-05 6.564546985712421e-06 0.00011392830193760886 0.00022178505710806606 1.0
0.0607781447822898 0.27774571857899005 0.7620609622198165 2.4092964527499683e-06 -3.8025683690941415e-06 7.821985143790693e-06 7.828304917082305e-06 0.0 0.0038848452189779556 0.24493959489766431 0.7610815157872233 0.0002558882151306001 -0.00014415943226212528 8.402656796975875e-06 0.0002911303519173948 1.0
0.06075385258817737 0.27774555109526655 0.7620531787626266 -1.991265169412055e-05 -5.45577202386294e-07 -4.166283867527824e-06 2.5501800106608916e-05 0.0 0.004471426509560331 0.24463747900994634 0.7609805928233357 0.0005780299585920772 -0.0003297199577498973 -0.00010882665895048876 0.0006683729883426563 1.0
0.06074331599642989 0.2777517594667375 0.7620457889988481 -1.648870931091539e-05 6.151010789466048e-06 -8.815258764618383e-06 1.4942945017348953e-05 0.0 0.005019899242075681 0.24430073226875 0.7607897464705453 0.0005972366462750112 -0.0003679352638210946 -0.00018332340296736308 0.000677954496129397 1.0
0.060739438456078085 0.2777467988603906 0.7620494620806652 -6.6471438497751414e-06 -1.6255632319639117e-06 6.439974267000785e-07 6.426743569545846e-06 0.0 0.005392355305465737 0.244193099050882 0.7606638156210014 0.00040436484219311526 -0.00012975925236853806 -0.00013480283921977598 0.0003959548586843102 1.0
0.06073830786098803 0.27774696435503343 0.7620479378378335 8.066897562779945e-07 -1.5898639985471315e-06 -2.3709395284778475e-07 1.8129065321094388e-06 0.0 0.00485072280935766 0.24450560706809976 0.7609689535118722 -0.00046867657399076465 0.00031741365517696 0.0002636314389459917 0.0006803099474444563 1.0
0.060744662950283926 0.2777456787826242 0.7620521907340263 8.592881819508019e-06 -1.9495059171437016e-06 4.122668440309598e-06 8.389487453322878e-06 0.0 0.004028306578322277 0.2448824359001474 0.761388160889333 -0.000993069810480202 0.00048432671406021356 0.000490491315015842 0.0010264515576316486 1.0
0.06075408158171323 0.2777455466085798 0.7620482661114821 1.1696152798138159e-05 -9.405028526532366e-07 -5.536687134041878e-07 1.044099054042954e-05 0.0 0.003706316746588574 0.2453864237515966 0.7615934711278983 -0.000568032772427016 0.0005467497548196395 0.000312035037008561 0.0006394565624448301 1.0
0.06075781750721166 0.2777458157755043 0.7620469031133562 4.318587046101663e-06 8.829595615441069e-07 -2.6755224544031974e-06 3.3934171188137878e-06 0.0 0.004605000749975058 0.2456805474876891 0.7611549312243417 0.0008077193022319033 0.00032382643071414055 -0.00036692546293057494 0.0010008520551836053 1.0
0.06075803232396549 0.2777432330917649 0.7620497399110248 -2.470779886108112e-06 -1.426044709667738e-06 -3.4366054914179726e-08 3.6651469123882416e-06 0.0 0.005883756809832233 0.24541310082179768 0.7603358686158916 0.0015808325433979782 -0.0002730090265940588 -0.0009366155891274439 0.0015649950840499129 1.0
0.06075727412661327 0.27774507818157024 0.7620482964032492 -1.8322306631357361e-06 1.0938373957013135e-06 -7.042101531539006e-08 2.7848899209970917e-06 0.0 0.006688077549838819 0.24533313505581622 0.7601907798062326 0.0011808287875058362 -0.0002601352160593675 -0.0004288239210292932 0.0008513227478159084 1.0
0.06075632655249171 0.2777433260240237 0.7620467163958287 -2.001118079289075e-06 -1.7774286874022497e-06 -6.039980308989572e-07 2.749219896896453e-06 0.0 0.007535805653836799 0.24507407244924004 0.7601879376464764 0.0007973872454132627 -0.0002807436321985248 3.553861073645094e-05 0.0008288039550715128 1.0
0.060756129524054014 0.27774510907154526 0.7620447370327852 -9.116658915045243e-08 1.5468865986764662e-06 -2.3763230872626514e-06 2.4337597983099704e-06 0.0 0.007677275536866007 0.2450161076091023 0.7601420914784527 -2.8284096163919278e-05 -5.242888059407537e-05 0.0001693491049595785 0.00018638571653468663 1.0
0.060755894544769505 0.27774831491740787 0.762041018441016 1.188626885641031e-06 3.1770624836418265e-06 -3.6692489642052256e-06 4.840447726595396e-06 0.0 0.008027403308096861 0.24479836031478108 0.7599254401718019 5.557663255812849e-05 -0.00011502852318946992 -7.79855006707048e-05 0.00047084642419397305 1.0
0.06075599515590907 0.277748780521078 0.7620403509207935 8.213341389037317e-07 1.4170599321834236e-06 -1.9901074954496563e-06 1.0407206841811813e-06 0.0 0.008188509912230512 0.2446778039688832 0.7597970321663707 0.00016336911375959204 -8.740151427567627e-05 -0.00020555160070677935 0.00024877902686376205 1.0
0.06075638960043707 0.27774722549845027 0.7620413225545987 1.3518062339485003e-07 -1.502644251177098e-06 1.5007138202564227e-06 1.6111050280170929e-06 0.0 0.0084989046718826 0.244435930314591 0.7595087254988844 0.0004095004216107087 -0.00024026970271750667 -0.0003898024907780781 0.00046446676431554496 1.0
0.060756468889399194 0.2777482498344822 0.7620401340970726 -8.406797613446992e-08 -1.9904824434885662e-07 1.0754113052930003e-07 1.7379115991458398e-06 0.0 0.008642063657091355 0.2443166529438102 0.7593487982462733 0.00025693351492835147 -0.00018559030968979604 -0.00023273321190554047 0.00026153867054766185 1.0
0.0607563962505824 0.27775004664682224 0.7620380945887825 -1.9177279520497213e-07 1.7060898029594055e-06 -2.1327921177533234e-06 2.7563578857986597e-06 0.0 0.00900232924529733 0.24393597589635488 0.7588655246043623 0.00033526167885256325 -0.0003297703699649998 -0.0003731198077951001 0.0006897080756340173 1.0
0.060756535395808706 0.277750617631418 0.7620373741617601 1.4808670806162077e-09 9.959302400188377e-07 -1.4140196658220813e-06 9.041307805983722e-07 0.0 0.009094989858950027 0.2438168944633433 0.7586831785111089 0.00014935265477750365 -0.00018718477414571852 -0.00023706826556299174 0.00027407418728854537 1.0
0.06075232581636823 0.2777472259709722 0.7620354639686 -3.5868426231743785e-06 -2.2426037649327815e-06 -2.095617769143861e-06 5.539294958177199e-06 0.0 0.009360867880492283 0.24360756619430987 0.7583277539301191 0.00018142244124925782 -0.00017323127665548764 -0.0003223881853717153 0.0004536849157398599 1.0
0.06074639421917118 0.27774934599555134 0.7620354527936263 -6.281514722104181e-06 7.091224120950241e-07 -3.945208547236311e-07 6.595767904518314e-06 0.0 0.009821491731084623 0.24345714424314385 0.7577611621382891 0.0004434369552786641 -0.000152201503538605 -0.0005348325326344475 0.0007640188854078817 1.0
0.06074017012828585 0.27775157418534624 0.7620279658925385 -6.890141221436349e-06 2.0339468966245762e-06 -5.8324783381678485e-06 9.820374769557375e-06 0.0 0.011183692855179657 0.24377629679499 0.7570931016528444 0.0012638344058137625 0.00027085525751823056 -0.0006789737839657346 0.0015508877201021996 1.0
0.06073101928820848 0.2777272050648064 0.7620455894482616 -8.968530512914934e-06 -2.0052218537933352e-05 1.3340763321889103e-05 3.126539911127588e-05 0.0 0.011651708650281145 0.24422301523193768 0.7562953947382911 0.0007624033162189163 0.0004923893014220576 -0.0008298828611861113 0.00104764331714844 1.0
0.06071600162716916 0.27773242915357493 0.7620437688021183 -1.4282010686285967e-05 -2.062678938874459e-06 3.417970860628112e-06 1.6798748261637717e-05 0.0 0.011951634956946742 0.24473995890259673 0.7559269226379165 0.0003010911207069962 0.0005777022344071878 -0.0004590842315287729 0.0006506859111826821 1.0
0.06067485840920827 0.2777139732005044 0.762035959116369 -3.8094099612964055e-05 -1.4220098584708559e-05 -6.806721052032887e-06 4.439393508238558e-05 0.0 0.012103326043279353 0.24572835432810228 0.7550605821640467 2.510016069336141e-05 0.0009288428056828347 -0.0007419208123388562 0.0013347067706139559 1.0
0.06055370549584156 0.2776916698569489 0.7620020620933008 -0.00011400202545551414 -2.2078448692808495e-05 -3.2799452846554996e-05 0.0001281694764054482 0.0 0.012774548219892762 0.2465260421890765 0.7544805085847234 0.0004360791224461236 0.00087120323496451 -0.000587485513808224 0.0012429343372683845 1.0
0.06046695990100273 0.2776774561441268 0.761996227159004 -0.00010608994581982611 -1.6699841037943516e-05 -1.5924837306521442e-05 9.097589686733679e-05 0.0 0.013199303173401707 0.24706827431225617 0.7540759478611841 0.0005247186127916924 0.0005472725052079492 -0.00043834062291370776 0.0007749542925969538 1.0
0.06028787833308833 0.27760955204215043 0.7619536612367646 -0.0001701758079310006 -5.951761579652417e-05 -3.6870694107204145e-05 0.00019082889751263448 0.0 0.014103925104408981 0.24777665724797945 0.7535917137116777 0.0009661149730440714 0.0006070866445478604 -0.0004545895693935682 0.0011989500401128714 1.0
0.06012609707377049 0.27759608303618194 0.7619342357823865 -0.00017019751615369232 -2.804017024978587e-05 -2.2960774401842955e-05 0.000167703773905108 0.0 0.014869248750555616 0.24828461758929637 0.7533344379550583 0.0009245444099668795 0.0005115050037687159 -0.00027898912618401224 0.0010127701425330974 1.0
0.05987658696299269 0.2774506775451349 0.7621021809053122 -0.0002363487631874134 -0.00012523488524275036 0.00014515634923241395 0.0003312630913748383 0.0 0.015275236604691378 0.24845600354462422 0.7532620327158764 0.00039998844187348593 0.00019356750160909618 -7.037692971429332e-05 0.00043869456006988944 1.0
0.059580481914875444 0.2772919137133814 0.7623954208118223 -0.000295830218747944 -0.00016698828149444372 0.0003033293367108665 0.0004493144816041725 0.0 0.015370883592706658 0.24849248703608062 0.753240451389629 3.662199423651319e-05 2.4434163775018168e-05 1.82837999895553e-05 6.920583888563947e-05 1.0
0.058993245455402125 0.2768627757009567 0.763040973874436 -0.0005590621856693045 -0.0004062745996776196 0.000636789162260106 0.0009670857380981859 0.0 0.015508024979592005 0.24852095515952416 0.7531933443051065 6.8838249039867335e-06 1.3107539623600736e-05 -6.070868827179072e-05 0.00016883766202765332 1.0
0.058726769674909245 0.2765967086756793 0.7633915333363471 -0.00035783722209734557 -0.00032940294612331496 0.00045639252483055734 0.0005322099493475913 0.0 0.015573113481980112 0.248538438736823 0.7531741064854912 5.179191849948863e-05 -6.236748456435676e-06 -1.5549462701949248e-05 9.320596315425932e-05 1.0
0.057553255276598776 0.275013105615798 0.7641980894382553 -0.0010254067487403579 -0.0013988370150087056 0.0007262779272243643 0.002083523112927896 0.0 0.01579251675354778 0.24859912666704187 0.7530641817783916 0.00021547756235129763 8.113038318243837e-05 -0.00012047743176914921 0.00022451898974451784 1.0
0.056083243252181614 0.2728717274430982 0.7644351193259997 -0.0015119633754991624 -0.00222019044994478 0.0003150415152026918 0.002669813773529814 0.0 0.01592276988591752 0.24865410306736904 0.7529853685865783 0.0002521655682672031 0.00011719637746438697 -0.000122011865630592 0.00016710215446139823 1.0
0.054488153261414374 0.2704340465270604 0.7638510711314762 -0.0016964634301663132 -0.002603382640668525 -0.000536878224079496 0.0029492814705574296 0.0 0.016066738092458 0.24867058948778117 0.7529407658361198 0.00016634729993678034 2.857962493203758e-05 -4.4152980498216574e-05 0.00015052702486263703 1.0
0.052524123456070264 0.26720203283689725 0.7627353494004953 -0.0019739093616027454 -0.0032286333794149247 -0.001218909154742356 0.0039056512544083793 0.0 0.016208114709011425 0.24866005181050516 0.7529408419054218 0.00011338175110416418 -3.3559694654913786e-05 1.4712019152434336e-05 0.00014437033632453886 1.0
0.050327519466898125 0.26388036288337313 0.7617671998367146 -0.0021781048591435577 -0.003350498770169791 -0.0011730652593674013 0.0041350889012364105 0.0 0.01628155244660362 0.24865109188698345 0.7529683042532125 5.450041952990411e-05 -3.00567499786771e-05 4.3616616740942046e-05 8.078753859160548e-05 1.0
0.04828132822109411 0.26118967636951057 0.7611123449662727 -0.0020594836611456686 -0.0027391596356490734 -0.0007045240213762653 0.0034601783076564554 0.0 0.016372576891811205 0.24864922058334893 0.7529631675025314 7.635348273117718e-05 -9.790492880162224e-06 1.2091228021207849e-05 9.095628782023526e-05 1.0
0.04604694732387701 0.25868765514188125 0.7610530094514778 -0.0021445214323303073 -0.002347856453511065 1.9595874670345448e-05 0.003294257871683398 0.0 0.01649391464428477 0.24866007530990875 0.7529603689390807 0.00011150736542246833 1.305398628789058e-05 -7.471417247715281e-06 0.00011852562635272077 1.0
0.04474175819303188 0.2575641361801639 0.7614255264271435 -0.0014611992278031833 -0.0012036722335537532 0.0005946092958206772 0.0018192982200602994 0.0 0.016591951535368833 0.24866805268970138 0.7529864665223197 0.00011855084076449841 2.0111515296353423e-05 4.49229342277462e-06 0.0001061730758228956 1.0
0.04398922092486202 0.257098806766289 0.7614498519217447 -0.000687118041866386 -0.0002966815373217921 0.00020976140142503052 0.0008600261573995108 0.0 0.016663687024919528 0.2486745464582969 0.7529974603253399 7.580392814851583e-05 1.0137469912979447e-05 1.2802303069558792e-05 6.94266125660145e-05 1.0
0.04375886218398011 0.25693504533224887 0.7612056581093737 -0.00011106808526421797 -8.377614574400219e-06 -0.0002976974016238923 0.0003672947862088916 0.0 0.01670503017123047 0.2486750552821585 0.7530114512798042 4.467071700296375e-05 -2.439788423062312e-06 1.7375301601335827e-05 4.3064937475332165e-05 1.0
0.04379408309819522 0.25683767236970356 0.7608520789712228 0.00011819257297239504 -0.00011410754838066164 -0.0005399911267644783 0.00039229787212800024 0.0 0.016735540783500105 0.2486671744970763 0.7530466898686454 2.0704990733684e-05 -1.1448626736067481e-05 3.6460422551571715e-05 4.947507118175238e-05 1.0
0.043898765064747505 0.25671108909498824 0.7606989200819299 0.00011038248878763213 -0.0002316932395958187 -0.0003156452111767801 0.00022835770699181426 0.0 0.01664369347843848 0.24864487715351094 0.7530971356464973 -8.537885683990656e-05 -2.3025874249264478e-05 5.1089475781858564e-05 0.00010703766984645834 1.0
0.04391351681274554 0.25650849114389884 0.7608467336920635 -5.269350607055865e-05 -0.00033037658518634237 0.00012886652928351507 0.00021437186855151683 0.0 0.016532915282140653 0.24861137299773933 0.7531220974201216 -0.00012127066863599825 -3.42058610696616e-05 2.9709098301960603e-05 0.00011905589488366884 1.0
0.04383906205714278 0.2565182343172134 0.7607453001753113 -0.00018654154567583365 -0.00012241003848654543 9.447858270304613e-05 0.00014535817348873027 0.0 0.016490901966477966 0.24857349602592277 0.7531635062874006 -6.171329646030912e-05 -3.898301309483737e-05 3.82965614271836e-05 6.875033267682243e-05 1.0
0.04330730360138474 0.256099171428189 0.7601539474900848 -0.0005021012336411195 -0.00028023861882755813 -0.0004524296631616754 0.0008908835191461725 0.0 0.016431881637425642 0.24854344213162277 0.7532066179994852 -4.681977259930566e-05 -3.2018652778886966e-05 4.2099441052417066e-05 7.660677075609788e-05 1.0
0.042803101778548465 0.25568132265587057 0.759530288701205 -0.0005802372224499865 -0.0004128087075976406 -0.0007487667060344064 0.0009341507319597308 0.0 0.016403906137381456 0.24852017442919416 0.7532269762765024 -1.5880051873356742e-05 -2.1622270310531707e-05 2.1398034780966248e-05 4.550639079722213e-05 1.0
0.041932452788856246 0.25507720750331403 0.7590371596680078 -0.0008342621076023568 -0.0005993609455525479 -0.0006390029383485417 0.001140387609265589 0.0 0.016393727604809092 0.24850448181421636 0.7532375352911949 4.383493397872528e-07 -1.2864961199035617e-05 9.865070065759048e-06 2.1282083660456374e-05 1.0
0.04093650181172077 0.2541698334883243 0.7586252450024933 -0.0009923502284888044 -0.0008980865833577503 -0.00042331773313090807 0.0014064133671341044 0.0 0.016410821062397704 0.24848712472721265 0.753245748628 1.545620410276575e-05 -1.4259166950493083e-05 6.571589773322819e-06 2.3785161449411955e-05 1.0
0.039773581435918456 0.25292055854618584 0.7579351377232749 -0.0011459433336449593 -0.001248007070666139 -0.0005451323225676224 0.001852018310026351 0.0 0.016465206195803744 0.24848420072091537 0.7532483042420918 4.19598068927009e-05 -5.502048108021526e-06 1.518870261754954e-06 5.538076694221763e-05 1.0
0.03792529133381453 0.25068659418401334 0.7567551000167476 -0.0017565587958777572 -0.002148471269214201 -0.0010689772633486817 0.003132239815053767 0.0 0.016483810719257905 0.24846765274676388 0.7532722656200008 2.8934366109180167e-05 -1.4858411306563406e-05 1.979555208109656e-05 3.609477475808723e-05 1.0
0.03651375687233193 0.24877952086560692 0.7554500026080143 -0.0015613376427004383 -0.0020978235539016736 -0.0014120198845300389 0.002727138860059459 0.0 0.016461948170247594 0.24843265572368628 0.7533034929924859 -1.6085825833528507e-05 -3.4259004898282624e-05 3.6646212728738285e-05 4.8669897917657794e-05 1.0
0.035843956418134384 0.24753387204726418 0.7542357277069229 -0.0007839123127250984 -0.0013981424627630625 -0.0013577530955513103 0.0018273893272806193 0.0 0.01642691808000763 0.24840462903677737 0.7533162265101695 -4.884095183734478e-05 -3.3325466642818574e-05 2.042528402408e-05 4.826782650527686e-05 1.0
0.03546610892354027 0.2466504094415708 0.7529068241222566 -0.00022908195492444433 -0.0007409047081942904 -0.0013007042717016791 0.00161902381837073 0.0 0.01641772272826469 0.2483962376113789 0.7533202241135212 -2.3470027944633644e-05 -1.3176140190115176e-05 2.716154771859031e-06 1.3806741866612043e-05 1.0
0.03556135067158598 0.24594510557676963 0.7519563638651354 0.00021237431440004315 -0.0004886151180256596 -0.0009309404265430837 0.0012456882542161755 1.0 0.016380158234331983 0.24837419863844631 0.7533439751331337 -3.064983712249515e-05 -1.6008554456233628e-05 1.5379722498991654e-05 4.769957321141644e-05 1.0
0.03585511244938479 0.2454412690349449 0.75153821270524 0.0003834060884386317 -0.00042142049456066986 -0.00038934369146421 0.0007186605748259552 1.0 0.01641497836205272 0.24839758241796323 0.7533240779354672 3.2186850601705546e-05 2.0062685622865037e-05 -1.4705439590361007e-05 4.836159207013663e-05 1.0
0.03605117593186168 0.2452594717854895 0.7509503989781797 0.00018327868012542987 -0.00028132815496314644 -0.00045428200873231893 0.000599796260993233 1.0 0.016426796776583777 0.24840240149977047 0.7533253353597774 2.974278670729357e-05 1.4415219983353345e-05 -5.10780634867339e-06 1.297989694907504e-05 1.0
0.03609332223298756 0.2450734836396918 0.750604006953453 -7.26842207456771e-05 -0.0002814162557041725 -0.00037121695716945454 0.00041970286362880485 1.0 0.016441242979750133 0.24828276746283212 0.7534642545521849 1.632297550662523e-05 -0.00010234977614308057 0.00012106831989547148 0.0001795497467198657 1.0
0.03590619366056747 0.24495682389980108 0.7505421632496339 -0.00023447398854391384 -0.00012071115906884047 -0.00012225073093862773 0.0002321666637316081 1.0 0.01629584824615764 0.2481698388551662 0.753536190382816 -0.0001277053470828465 -0.00013564577078922695 0.00010313871529199825 0.00020493050663701961 1.0
0.035753911918145045 0.24488959760020762 0.750518784716653 -0.00021984748369482943 -5.6323375599459354e-05 -3.453167496969404e-05 0.0001552888542823293 1.0 0.016310115944373343 0.24813123397248504 0.7535956949097715 -3.578947894179969e-05 -6.58464313426443e-05 6.94292193154967e-05 7.011049732135659e-05 1.0
0.03581440544574645 0.24481122553923387 0.7504610156562797 1.4239883377011931e-05 -8.518382962111569e-05 -5.7871113474319055e-05 0.0001229656956837431 1.0 0.01633763058148771 0.24811428608666108 0.7536428785588684 2.6469099691359382e-05 -9.602721879474993e-06 4.0276489888567855e-05 4.9016592494915685e-05 1.0
0.035843428931625995 0.24478306938182318 0.7504514458924695 0.00012210672106331726 -4.9174881921947716e-05 -1.728486095508566e-06 4.446075129495796e-05 1.0 0.01636839895873427 0.24810728368404117 0.7536811562260842 5.064969712975522e-05 1.52405332777637e-05 2.368767158600594e-05 5.681696716116794e-05 0.0
0.035807757577326946 0.2448878097105623 0.7504866530740363 4.467730647212892e-05 9.676777408866198e-05 2.3058925268532645e-05 0.00010737455956020907 1.0 0.0162412823801214 0.24807750487409916 0.7536987406049476 -8.308104923365354e-05 -8.422813984767754e-06 8.032600645975281e-06 0.00013524189269322408 0.0
0.03575787206964309 0.24507971296531894 0.7505061918618826 -4.8516705762064914e-05 0.0002164736589152178 -9.87085651809954e-06 0.00020551495885819094 1.0 0.01592473057363302 0.24782997618952846 0.7539389454852602 -0.0003133324584741912 -0.00022617300591207612 0.00021204213016121916 0.00046149341482539533 0.0
0.03562093994666382 0.24524188747981618 0.7506959972143004 -0.00016555260693380542 0.00019033600309440024 0.0001827646022445386 0.00028517380123341946 1.0 0.01605527077730396 0.24662329528820262 0.7558915568203378 7.470004863297273e-06 -0.0011221898695598154 0.0017520867145282828 0.002289981954509454 0.0
0.03533949187486307 0.24551680550306387 0.7509369714279237 -0.0003080896593844845 0.00026618648534344183 0.00027439281236531454 0.00045703720298318363 1.0 0.016931402227902074 0.24446673271051897 0.759783927025546 0.0007965428935308987 -0.00218741706355977 0.003884522747745244 0.004565451629981406 0.0
0.035025012545037405 0.24605906518333748 0.7511564368835608 -0.00033173901242802134 0.0005037551285268977 0.0002449962232062221 0.0006662254605558177 1.0 0.01752133030457596 0.24209193791226818 0.7638814584164513 0.0008152442366651491 -0.0025883183496349517 0.004552328766900026 0.004785216475911457 0.0
0.03437057002676768 0.24689550338984423 0.7514187659904881 -0.0006060189474215476 0.0008250082569448615 0.00025386347714319714 0.0010940098429633718 1.0 0.01743004521794979 0.23996229783830658 0.767266742941247 8.742792852697485e-05 -0.0022870098447891757 0.0037310030509155167 0.003934981005704274 0.0
0.03397058523995787 0.24768971816785812 0.7517611220925676 -0.0004804142464937204 0.0008711787620284712 0.00032339491705937 0.0009607065101893062 1.0 0.016916726546644157 0.239038594072091 0.7685536285312712 -0.0006062601308162175 -0.0009780998793771836 0.0013314428829422895 0.0016725371470225905 0.0
0.033885032682039726 0.24791671837902488 0.7522462742699053 -0.0001186211223240725 0.00033786887593816495 0.00046466515585653824 0.0005299486775032825 1.0 0.01651684112010643 0.23865211480893975 0.7690273985192108 -0.0006758551472325 -8.806065690474849e-05 -0.00013004708776656439 0.0007464190858718075 0.0
0.03403489793315762 0.24831102718941156 0.7530795119940383 0.0002078972416099847 0.0002572289847658954 0.0008083830280796622 0.0009213116347852914 1.0 0.016115230192232193 0.2383482033754661 0.7692156491156973 -0.0004961544635611701 7.0416704359185355e-06 -0.00033725927839397 0.000579059732973601 0.0
0.03430044655820973 0.24831655971145 0.7542507193143759 0.00034980729675008446 -3.887063671013431e-05 0.0011995273128873663 0.0012341177306040038 1.0 0.015868172483413635 0.2382415761649449 0.769084581068314 -0.00014337994608189437 -0.00011840318873839229 -7.726340348679327e-05 0.0003008807225656607 0.0
0.0346020915063575 0.2486796229571099 0.7556872346957332 0.0003393237476356921 0.00026017104412079124 0.0014816463209792346 0.0015085108847017405 1.0 0.015755547620658106 0.2383163944938913 0.7688569156028905 4.5915965932237025e-05 -0.00010980998698626831 9.682577956731655e-05 0.00022309615466790597 0.0
0.034677278166121595 0.2491622827256152 0.7573216704470673 7.571898084517888e-05 0.0005405175299365355 0.0016627209052550206 0.0016830807179266899 1.0 0.015750115264697377 0.2384198361037382 0.7686545767141987 3.185245195298824e-05 -2.7409958538785178e-05 2.8097943070301036e-05 0.00021030312084407716 0.0
0.0347417675286213 0.25049382835242723 0.7587251620513649 -3.8241429322917334e-05 0.001329332948102619 0.001453894472336148 0.0019386121029138972 1.0 0.01574672892353694 0.23849647376933789 0.768438097997338 -2.628112104552827e-05 5.527749785503005e-05 -0.0001518954192246411 0.00026263067141074625 0.0
0.03570589742511744 0.25160999336503326 0.7597077361704432 0.0007908433525197688 0.0013040412616855774 0.0009752768239074886 0.0017892615676785675 1.0 0.015741182555906733 0.23854313738131389 0.7683012815369619 -3.683852053604415e-05 0.00010498201682007267 -0.00023218459055567367 0.000142990580354661 0.0
0.035630366762181155 0.2537402699066246 0.7604351674896356 0.0002034737639401585 0.002020348660888274 0.0006277324576357095 0.002231942674494574 1.0 0.015732203983588485 0.2385661872222141 0.7682190875917487 -2.6784165234381265e-05 2.1623018105814285e-05 -9.716532728861979e-05 7.845934827458334e-05 0.0
0.03572396984032459 0.2551323826627518 0.7622861966249723 6.449262539290206e-05 0.0015861842540716886 0.0015841220131684514 0.002339867668217873 1.0 0.015715286990113184 0.23856102586308728 0.768169044822081 -4.019066207330873e-05 -2.339624232569577e-05 -4.7692604941065885e-05 5.6466852439286826e-05 0.0
0.03627494219304369 0.2562930434400361 0.7620657209621055 0.000413566932346818 0.0010927826649883344 0.00022464975236737483 0.001305040181191603 1.0 0.015700239464081934 0.23854926912814403 0.7681412589761776 -1.721120182621112e-05 -5.724581413327342e-06 -4.238507943094474e-05 3.436262889131361e-05 0.0
0.039438813730987385 0.2573877197855861 0.7606243007662246 0.0028035768870683002 0.0009482830148480647 -0.001349487662259263 0.0035789308973551244 1.0 0.015684911463629967 0.23852272173259836 0.7681125200590155 -7.553236281322999e-06 -1.1106011072026784e-05 -3.46021123235559e-05 4.15738544305576e-05 0.0
0.04117908365373341 0.25733508560992907 0.7603238487613755 0.0023633518622240314 -5.043466156183897e-07 -0.000807764190831539 0.0018968967365749516 1.0 0.015670770915768118 0.23849790633293422 0.7680821817727711 -6.054545393561022e-06 -2.078514075229232e-05 -3.7823193565981664e-05 4.043481347438182e-05 0.0
0.04199933193809655 0.25712299422456253 0.7609659529216596 0.0011350451560562366 -0.00032267429052931497 0.0004311410014563083 0.0009602380976192685 1.0 0.015651420973819843 0.23847413412382912 0.7680581225644364 -1.7279154846247683e-05 -2.2348708790917665e-05 -3.4981828365363536e-05 3.944188212025757e-05 0.0
0.042201743438973593 0.2574083555062282 0.7613217311042996 4.2782665900003756e-06 0.00011607139804412948 0.0007268473900455211 0.00047664965484657085 1.0 0.0156350933997914 0.23846200171861662 0.7680460661159767 -1.6914065282882305e-05 -1.213759771543308e-05 -1.2924969571419015e-05 2.3497681451761917e-05 0.0
0.04243154852296864 0.25813254210379305 0.7619086389474808 -0.00032729247750354774 0.0008193499165840782 0.0008979052332076902 0.0010276701497120757 1.0 0.015631468153303095 0.23843505273359827 0.768030883924946 -5.932520352857451e-06 -2.252174472791004e-05 -1.0680981664983378e-05 3.094806916504751e-05 0.0
0.04251562148666737 0.2590482157000154 0.7626132018128021 -6.711282186989064e-05 0.0010713920659479663 0.0007935447824419203 0.001196703045002287 1.0 0.01563062790258113 0.23838713179451887 0.7679959656308342 2.6590928614629644e-07 -4.638055681274145e-05 -2.8833936195024214e-05 6.002349536563801e-05 0.0
0.04324575127459209 0.260191442651978 0.7626966155635511 0.0008404830484614074 0.0012944158908486279 -0.00010764174843718387 0.0012661226296290518 1.0 0.015622771338600495 0.2383367017036928 0.7679566346726885 -4.43019552782964e-06 -5.540616999928638e-05 -4.071886621994221e-05 6.48812980425914e-05 0.0
0.044118809551606734 0.2607664269956127 0.7628594959385017 0.0012654788119332164 0.0006869282614529345 -7.94470158240161e-05 0.0010920376206073699 1.0 0.015587245615272636 0.23826522703228417 0.7678956362095422 -3.210054902078723e-05 -7.361185338028594e-05 -6.266385843147107e-05 9.903083795703622e-05 0.0
0.0449886005013773 0.26109224302702355 0.7631352761216289 0.000931086126080673 0.00014364817119170948 0.0002719330525767043 0.0009586224463338788 1.0 0.015532583976563468 0.23821334675741734 0.7678464947872395 -5.801175862380749e-05 -5.753061564329813e-05 -5.540064884251017e-05 9.08441827033367e-05 0.0
0.04625644475500538 0.26142541143954945 0.7635702985808327 0.0011803632958812893 0.00015441422088258164 0.00047593116556000697 0.0013970533448137163 1.0 0.015458410276269992 0.23815552696175277 0.7678109168331594 -7.928115384507042e-05 -5.355010666876113e-05 -3.6044546473568615e-05 9.998813841748119e-05 0.0
0.04677006355051933 0.26151767400616505 0.7638288035997831 0.000586725071653216 8.981383525615098e-05 0.0003428632922289984 0.0006023793379417127 1.0 0.015441856629390217 0.23813350895525334 0.7678059932560745 -2.9310661922382644e-05 -2.243841479897427e-05 -2.8276605896055e-06 2.90209788904403e-05 0.0
0.047720968092727196 0.2618485077016945 0.7643018455432667 0.000762339917574096 0.0003239856592846783 0.0005014413497552621 0.0010638523073092498 1.0 0.015424219449861137 0.2380820036598424 0.7677829842541285 -7.677522798392994e-06 -4.168698904849008e-05 -1.2123181026246411e-05 5.6596416277988884e-05 0.0
0.048196872727186146 0.2619439592155449 0.7641306691757549 0.000483966872256094 0.00021882555543835402 -7.402686859761705e-05 0.0005492481105751091 1.0 0.015410308536276672 0.23806167400261688 0.7677478145743762 -3.084040687199099e-06 -2.5894327727424927e-05 -3.2750890004229294e-05 4.6361077139037886e-05 0.0
0.048609791110344754 0.26199349480159045 0.7639714606439882 0.00041600558781535054 9.547281302752864e-05 -0.00029546057362986073 0.0004361995751117559 1.0 0.01538344434345024 0.2380473730735931 0.7677057110851534 -2.1339970603728846e-05 -1.5525212766264952e-05 -4.7438913261875706e-05 5.067126121157414e-05 0.0
0.04891727237691686 0.2620848962026592 0.7637053444433205 0.0002984270176852548 3.402686225402311e-05 -0.0003213436716583649 0.00041171842791868957 1.0 0.015374184824667028 0.23799901170693163 0.7676474887172884 -1.835665293645455e-05 -4.3314001974091184e-05 -6.406910875471888e-05 7.532595227941034e-05 0.0
0.04898219366912337 0.26219470833825814 0.7633125385378711 0.00010123864373700556 9.008346771541742e-05 -0.0003856398089452723 0.00041680873048276397 1.0 0.015360872887309534 0.23796918137604506 0.7675954093228656 -1.8115049349645313e-05 -3.5665341947665324e-05 -5.6509256991979195e-05 6.207572247597557e-05 0.0
0.04893815169503722 0.26236959693754874 0.7628074711308255 -3.6522512242179866e-05 0.00017602740293323508 -0.0004679617607876206 0.0005473514034402579 1.0 0.015336763652113065 0.23794119012982784 0.767563155230021 -2.322342394331092e-05 -3.069439282721362e-05 -3.274373237024166e-05 4.9343806854932685e-05 0.0
0.04895390513893257 0.2625834958161287 0.7625089472311303 -4.6350897460958754e-05 0.00022594560919678223 -0.0003161345190051652 0.0003497312402946 1.0 0.015330313173483049 0.23793051323620062 0.7675499190586931 -6.041860027450479e-06 -1.1172053283854645e-05 -8.29136878768769e-06 1.713335556943864e-05 0.0
0.049085002368092275 0.2627312654885296 0.7622080907767186 0.00016106262419117467 0.0001901403942187516 -0.0002546184530893335 0.00036572047523892334 1.0 0.015329545494132516 0.23791547001743063 0.7675447760003918 -9.199795500394796e-07 -1.1605873026067113e-05 -2.553023962886804e-07 1.668719009644702e-05 0.0
0.049224272962558296 0.26285460778469655 0.761947063807731 0.00016036040871670188 0.00010051451275595294 -0.0002663892530616193 0.000321251685868275 1.0 0.0153309600219742 0.23790494312511665 0.7675428525266259 3.2123077371683615e-06 -6.129109843694655e-06 1.1880077361401954e-06 1.1427824464476959e-05 0.0
0.049647320490244534 0.26314658300345756 0.7612347661022528 0.0004266224569366013 0.000245398887938834 -0.0006194830001577259 0.0008770644657455273 1.0 0.015330707132402123 0.23789216216671075 0.767537739228167 1.2365867392345532e-06 -1.3434291284594986e-05 -5.9141386338141635e-06 1.3127301727003569e-05 0.0
0.04976180248966112 0.2632225396605807 0.7610551460831627 0.00019870306646299396 0.00012070273336800159 -0.0003287869496408849 0.0002488055999907396 1.0 0.015334955466944026 0.23788357890809345 0.7675351916521056 4.302450837334825e-06 -1.328491356101968e-05 -7.704210168832912e-06 9.869640297252912e-06 0.0
0.05018338840737542 0.2634365142728477 0.7604785346122396 0.0003369469436054176 0.00018745898455198266 -0.0005262311265632675 0.000698713447275769 1.0 0.015356758920957963 0.23785037686089402 0.7675275491803907 1.7455906753610315e-05 -2.9285603130562456e-05 -9.176340825777508e-06 3.982548290019027e-05 0.0
0.05052604531775163 0.26353611611841704 0.760107558837273 0.0003403082435327687 0.0001215491341996118 -0.000405061575242237 0.0005505230037761008 1.0 0.015369541733435611 0.23781665949773248 0.7674980571325974 1.542978665744354e-05 -3.6675615595285796e-05 -2.663044066001072e-05 4.802513790780008e-05 0.0
0.05067397433319845 0.26357288973513965 0.7599580931574355 0.00017805126695912604 3.653061849813376e-05 -0.0001477993227127232 0.0002122338774641438 1.0 0.015367209166700625 0.23780466160725455 0.7674895811871391 1.8016064954467754e-06 -1.7063608195400884e-05 -1.3895074212102543e-05 1.4342684145887619e-05 0.0
0.05093217922755213 0.2636205563132263 0.7597303721397934 0.00021583246571958386 2.3256717693220455e-05 -0.0001683722853689679 0.00032819190343396645 1.0 0.015358583833730932 0.23777202830903 0.7674676579117793 -1.0844233501655506e-05 -2.7237225206859214e-05 -1.910163631250794e-05 3.8464850723155864e-05 0.0
0.051251937768317005 0.26360664510711607 0.7595424794246888 0.0003008895269210145 -7.617947585916192e-06 -0.00018270229894075374 0.00038116250298928113 1.0 0.015339613617627978 0.23773972124006013 0.7674512221418132 -2.2063338713930336e-05 -3.0440110337437327e-05 -1.607622441428588e-05 4.320050310776296e-05 0.0
0.051405543452634865 0.26353151186308293 0.7595385118622675 0.00020161206259131182 -6.190720956531846e-05 -5.3723027013519826e-05 0.000190171785614423 1.0 0.015327561918347448 0.23771871479828643 0.7674621754928784 -1.6194974448490416e-05 -2.297649920474322e-05 8.424211394490011e-06 2.6865250360181528e-05 0.0
0.051566842716870565 0.26336169388237385 0.7596432071889265 0.00014413404354932053 -0.00017310883479523814 0.00012300880602943273 0.00022230789549012241 1.0 0.015310942481365003 0.2376881075382902 0.7674850391240341 -1.3913915752064567e-05 -2.899412602121188e-05 2.6026358974095052e-05 3.938861339797501e-05 0.0
0.051679202726830235 0.26323640398697934 0.7597242951036993 0.00013041809057557824 -0.00013676189643383358 7.891637306595693e-05 0.00020483203624088514 1.0 0.015307257211226008 0.2376720485313271 0.7674952300087096 -2.043095137978901e-06 -1.9938322718370478e-05 1.6159553149888916e-05 2.088065441730961e-05 0.0
0.0520164165415862 0.26336474233994583 0.7601081814788675 0.0002801934031165913 8.444707159979804e-05 0.00036669501709738416 0.0005276324134031486 1.0 0.015321453930618257 0.23764125009028306 0.7674808745318298 1.3970733157079131e-05 -2.6230019600243986e-05 -1.2266292457334697e-05 3.660627946290891e-05 0.0
0.052523203822260514 0.2639894492994484 0.7606309816754651 0.0005032991538045012 0.0006023885740996403 0.0005392258623512006 0.0009581972369540395 1.0 0.015312779887043477 0.237573640011775 0.7673928572648852 -2.036963315779273e-06 -6.203816040467251e-05 -8.397470684571947e-05 0.00011061823848541966 0.0
0.05336044654709078 0.26596515173896085 0.7622350303434512 0.0008633276637891393 0.0019011544823087435 0.0014749576415444589 0.0026682182643112005 1.0 0.015217304046408664 0.23748357021395042 0.7672092247361554 -8.482173094710832e-05 -9.550285264559102e-05 -0.00018808223741036012 0.0002271960993850178 0.0
0.055043172147373094 0.27001192700123006 0.764652652181844 0.0016402279942562908 0.004005936150054801 0.002465538946890062 0.00502617630455384 1.0 0.015144397779856112 0.23747036804189686 0.767117297403087 -9.270706364977927e-05 -3.2251327775803854e-05 -0.00012716513378352036 0.00012027110853890944 0.0
0.0569482712251791 0.2740433778606579 0.7659985789836079 0.0020054526371104425 0.004459776418888743 0.0017301170067970729 0.004683715523351933 1.0 0.015142502991733536 0.2374477460356732 0.7670873577473506 -2.153273031956432e-05 -1.2228737078170856e-05 -3.212705316429062e-05 3.0258063050214593e-05 0.0
0.05917958757273111 0.27639691891752005 0.765899188643375 0.002284295441406372 0.0027643670824490474 1.9826070060636e-05 0.003171267006509588 1.0 0.015139591066312104 0.23741094203896768 0.7670598797928994 1.000955073367858e-05 -2.295260922137853e-05 1.9538039758959554e-06 4.771786630317586e-05 0.0
0.06240255516082222 0.27797448292157156 0.7640331021549537 0.003104631399846502 0.0012808048145490955 -0.0020661930069246098 0.0040109162788238405 1.0 0.015130927946573405 0.23739198806098094 0.7670411394213202 1.1317938423259836e-05 -1.8059702456560362e-05 2.6265010331075114e-06 3.500344722348113e-05 0.0
0.0645856065569248 0.2780570774025745 0.7617256923339933 0.002417167654522008 -0.00031729045475832276 -0.0028222759269994607 0.0033221462715254195 1.0 0.015179778737973644 0.237332902530341 0.7670301198065794 4.7115615365011706e-05 -5.822166645576799e-05 -1.1213515405588403e-05 7.420319834103273e-05 0.0
0.06555374635311306 0.27680283143429846 0.7594818575824375 0.0010246610309147398 -0.0015361013488820975 -0.002507013401362478 0.0026953396110919008 1.0 0.015212105201140465 0.23731536592724317 0.7670524178242943 3.285169552123063e-05 -3.543133406196193e-05 1.5226804443337586e-06 4.063052178804385e-05 0.0
0.06588252038097452 0.27516868793281063 0.7576038882516298 8.628668000412965e-05 -0.0017221418016448967 -0.0016771579083060062 0.0024431740473081147 0.0 0.015242380508580624 0.23728345240139834 0.7670516563357171 2.2471381125917297e-05 -2.908813157119783e-05 -5.399139195197639e-06 4.407947200518808e-05 0.0
0.06606167693357126 0.27331286772268953 0.7569315969587448 -9.963360138069406e-05 -0.00167056123107993 -0.0004229948177986232 0.0020313791095849785 0.0 0.015270010413527525 0.23725849419910872 0.7670569886844131 2.72048346501566e-05 -1.774187256528598e-05 1.008810540742094e-05 3.8767937283885017e-05 0.0
0.06449869738918994 0.27106459412347667 0.7595129060040797 -0.001398457795694154 -0.0020478568184726055 0.002475602985304202 0.0037558349361881634 0.0 0.015267287356658932 0.23725861891436134 0.7670534203200423 1.272145118326546e-06 -2.6786426471894485e-06 -1.3811258667527089e-06 5.206645430463094e-06 0.0
0.06265988073450614 0.2700889264898383 0.7614578329864432 -0.0018462739854093353 -0.0010913651415487566 0.002591160321698571 0.0028894901438537308 0.0 0.015262727090986333 0.23726995397347825 0.7670511640855968 -1.265360289486498e-05 1.2827984248847424e-05 -6.606789315520832e-06 1.1546141395464508e-05 0.0
0.061952626046901584 0.2699195446630802 0.7620788154211828 -0.0008682572033333383 -3.4706942430718334e-05 0.0009530891491600325 0.0009105789598619382 0.0 0.01525581367453292 0.23727108247858417 0.7670555903639624 -9.818520189066343e-06 6.394820472479786e-06 2.1952204928007095e-06 8.200914075613706e-06 0.0
0.06167757190978454 0.26981126415742956 0.7624065013294934 -0.00019912118805671735 0.00011384147770550986 -6.991395610961575e-05 0.00037973923752540606 0.0 0.015252738036557202 0.23726927203811313 0.7670601814202515 4.866975285036264e-07 -4.061933350771278e-06 7.423506128564044e-06 6.777343667170981e-06 0.0
0.0619350037779268 0.2698349892163489 0.7625021290733106 0.0004729421101347642 7.657309469583429e-05 -0.0004780997002109132 0.0003669066979165611 0.0 0.015247613937192286 0.23727426436791962 0.7670519108435501 -2.7247490049341145e-06 2.548012388009872e-06 -2.774569406928497e-06 9.746721897427088e-06 0.0
0.06216467383834885 0.27004798825372267 0.7621617422716772 0.0005010406861802894 0.00010767054087593695 -0.0005713338072260176 0.0004978404629244 0.0 0.015238936628789161 0.23728744666970217 0.7670285981119386 -5.1912613647346425e-06 8.243702730568013e-06 -2.3986554753797733e-05 2.8298900630350143e-05 0.0
0.062183755416811044 0.27006253245120887 0.7620429292292187 3.8704765953124034e-05 -0.00011532488626941743 -9.336767873508248e-06 4.7811588959232546e-05 0.0 0.015232655947426448 0.23729179635800943 0.7670118292108491 -6.869881980339421e-06 7.728674956892268e-06 -2.1586452630727437e-05 1.958116735297304e-05 0.0
0.06209914954769319 0.27004353616632726 0.7620324866251025 -0.00036564359033607497 -0.00013883241725464119 0.0003362182650073802 7.47652534819382e-05 0.0 0.015229368554170107 0.2372939602017212 0.7670046770078947 -6.065039080161633e-06 5.071969718013316e-06 -1.0675119555517491e-05 6.8661879683899155e-06 0.0
0.06206272836343676 0.2700514278865031 0.7620243273881553 -0.0002020562587879155 3.957391288735273e-05 4.98363835745321e-05 7.031488241444157e-05 0.0 0.015230236878338936 0.2372907135380291 0.7670072623220321 7.256408292131669e-07 -3.3167802944152863e-06 4.54095649235772e-06 4.274413329616592e-06 0.0
