0.06266677089698466 0.2795935348562546 0.7649685702137063 0.0 0.0 0.0 0.0 0.0 -0.01753755554972036 0.2798193493351735 0.7630873559501433 0.0 0.0 0.0 7.058616509418074e-07 0.0
0.06264065334673974 0.27959053336250367 0.7649559938238957 -2.6117550244925125e-05 -3.0014937509315054e-06 -1.2576389810670108e-05 2.9142768849287404e-05 0.0 -0.0175346335201654 0.2798171503496638 0.7630873643329537 2.9220295549581277e-06 -2.1989855096826716e-06 8.382810334772728e-09 3.65997700042326e-06 0.0
0.06253671285042069 0.2796030526267403 0.7649489617775781 -0.00010394049631905211 1.2519264236621197e-05 -7.032046317578811e-06 0.00010492763424136561 0.0 -0.017447401290365483 0.2797935647385137 0.763116283043365 8.723222979991826e-05 -2.3585611150123142e-05 2.8918710411329762e-05 9.375243036423095e-05 0.0
0.06240220226140546 0.2796170843951471 0.7650001781161576 -0.00013451058901522983 1.4031768406808087e-05 5.121633857951835e-05 0.00014461363151286336 0.0 -0.017342448363191026 0.2797661969126997 0.7631653387364682 0.00010495292717445717 -2.7367825813973123e-05 4.905569310320601e-05 0.00012219533465171144 0.0
0.06238462512653831 0.2796119489142957 0.7650137533654597 -1.759559835656723e-05 -5.5048952220438495e-06 1.6192061068962004e-05 2.2795092176341102e-05 0.0 -0.017313856826716437 0.27975244894375784 0.7631867706554358 2.6870320926639703e-05 -1.321947764833689e-05 2.1450663570762577e-05 3.659306529912922e-05 0.0
0.06235723154814773 0.2795912201887418 0.7650283711919131 -2.2043519276548876e-05 -2.1170514948136313e-05 1.0572588507947933e-05 3.73332164479873e-05 0.0 -0.017286624340703802 0.27974540025201267 0.7631959478666765 2.442424296240178e-05 -6.704115862732272e-06 7.718393595655552e-06 2.503393832048591e-05 0.0
0.06231821005741802 0.27957428216670616 0.7650205227183754 -3.192968017505732e-05 -2.051153630498029e-05 -1.2039328891226885e-05 4.469863568162337e-05 0.0 -0.01727701120535088 0.2797463662933897 0.7631966848835424 3.7503490544901896e-06 2.6992310852028148e-06 -3.59135378419099e-06 1.447063898919935e-05 0.0
0.06226357309417541 0.27957312274635604 0.765024069523622 -6.574209793023717e-05 -1.703078919771188e-07 2.620534815334636e-07 5.31753860425396e-05 0.0 -0.017268563424654777 0.2797380673702798 0.7631981555580902 1.502643398301633e-05 -8.334650640906102e-06 2.512611680618021e-06 1.3614334976859702e-05 0.0
0.062196202051892795 0.27957118576238627 0.7650321889137507 -7.809977577148123e-05 2.0997458084071426e-06 3.5423939871974057e-06 6.393475027791681e-05 0.0 -0.017246648881127338 0.2796596659369476 0.7632406803002824 2.2395638414479208e-05 -6.966044964575424e-05 3.6188998789028466e-05 8.833157183672766e-05 0.0
0.06214197577477739 0.2795756686363539 0.7650347337309139 -7.471044998914658e-05 9.619808975891803e-06 8.491808920464067e-06 5.350673883356246e-05 0.0 -0.017134412837224906 0.2793652474503956 0.7633356220296458 0.00011407426706711398 -0.00027822830820165413 9.888985730365161e-05 0.00032881432944083217 0.0
0.062113712863427005 0.2795778305344218 0.7650307144771077 -3.301234829086773e-05 4.677237051655675e-06 3.1213247771774717e-06 3.100720625029905e-05 0.0 -0.017065196185022176 0.2792180530887271 0.7634221420633899 9.345488983342068e-05 -0.00020880171589578845 0.00010368394427637007 0.00019219874045344756 0.0
0.06209963759210344 0.27956487769783234 0.7650557189218161 2.7137045826027104e-08 -1.3342233852943448e-05 1.763055925797983e-05 3.0032188453947773e-05 0.0 -0.017133023438572526 0.2792062021429054 0.7633555908803128 -4.726065895783558e-05 -3.534572267958727e-05 -4.087093800742539e-05 8.322264475689974e-05 0.0
0.06207812761496036 0.2795854299596809 0.7650821323975405 -1.3304603378636312e-05 1.089082616005418e-05 2.8371961182998045e-05 4.112943455056687e-05 0.0 -0.017100502715556114 0.2791694209697609 0.7633303603182798 -7.300748993879232e-06 1.1337089306121068e-05 -5.832125259049687e-05 5.6555335952021054e-05 0.0
0.06205452796174962 0.27960163109237784 0.7651034563236607 -2.333758073810998e-05 1.9318163448966794e-05 2.414840111905266e-05 3.582838987971456e-05 0.0 -0.01702838321311243 0.279056706602557 0.7631842551664327 5.342957741436731e-05 -6.242541072112802e-05 -0.00015082410297320842 0.00020592413835339484 0.0
0.06198724113975357 0.27958271454992295 0.7651651984192129 -6.683630662966295e-05 -9.753606471671527e-06 5.734050431692704e-05 9.13827930140835e-05 0.0 -0.016944853239076546 0.2785343192031919 0.7629363550950193 9.516097206604103e-05 -0.00047190680219953577 -0.0002499520311990423 0.0005847255299765537 0.0
0.06192268557494631 0.27957130135287506 0.7651863147109 -7.605633699941182e-05 -1.6502583370155828e-05 3.0297979062279418e-05 7.12055136356003e-05 0.0 -0.016934609723716586 0.27754350398849853 0.7625693831074826 4.342995872764089e-05 -0.0010201731919588304 -0.0003621257191293671 0.0010531460972109219 0.0
0.06186288526846641 0.27956650756159435 0.7652005852448744 -6.532867475085127e-05 -1.0119955315346297e-05 1.1298260050020462e-05 5.9909149063835614e-05 0.0 -0.016941511962267782 0.2759670343758143 0.7618680216628774 -3.3013390622949382e-06 -0.0016363480613993103 -0.0006693008132289637 0.0017242019766613235 0.0
0.061813651134620985 0.2795669893006627 0.765211814518595 -4.71664808830127e-05 -1.080517694077491e-06 5.3442218133587115e-06 5.017926547603133e-05 0.0 -0.017112823228533813 0.2738836395876123 0.760842892796025 -0.00017374928960896643 -0.0021330952593917587 -0.0010328810528580318 0.002329441625339363 0.0
0.06177457405887726 0.2795466549727621 0.7652082428711225 -3.320303035916523e-05 -1.3661335684949412e-05 -3.912198576163394e-06 4.554225571658667e-05 0.0 -0.017534899320560654 0.27171277602936594 0.759463701457798 -0.00042728322788849533 -0.002247201460047204 -0.0014064371599584117 0.0026082023080706796 0.0
0.061663658714417334 0.27950273693577893 0.7651493921234716 -9.482061126029072e-05 -3.7963803248820454e-05 -5.3325284425082426e-05 0.00013252087483181624 0.0 -0.018431210971536965 0.26861832746341713 0.7566253750356537 -0.0008723176825686668 -0.00295882377351241 -0.0026970766447001844 0.004272220563130788 0.0
0.06161084943023849 0.2794319080199797 0.7650694683662883 -7.034115399778354e-05 -7.411838465616079e-05 -8.300756815117571e-05 0.00012085362139110554 0.0 -0.018883843120903614 0.26641821312818326 0.754513287959692 -0.0006019282893593293 -0.002373201345180927 -0.0024303412833183145 0.0031470178402393375 0.0
0.06159139201572127 0.27935868569507244 0.7649754702890559 -2.9173928388578213e-05 -8.318829037613781e-05 -9.752125605381348e-05 0.00011823057115107182 0.0 -0.019663892847598095 0.2645804034697149 0.7524902957656973 -0.0007104367449552234 -0.0017994326239770485 -0.00205591824566129 0.00276372649520932 0.0
0.06157025981625361 0.27935530337804887 0.764892701417998 -1.0874620141295308e-05 -1.4982615427769184e-05 -9.008281770270663e-05 8.49865891887807e-05 0.0 -0.02037685496429844 0.26388247456442193 0.7515684981302075 -0.0006822369993137916 -0.0006726546537819228 -0.0009203144863032609 0.001382716483898164 0.0
0.06157000645577634 0.2793514149594565 0.7648616489077561 6.4367731788421894e-06 1.0220499766436033e-05 -3.2566357281936485e-05 3.296043123697427e-05 0.0 -0.0209941982547797 0.26356244591151845 0.7509388514772658 -0.0005947074898989774 -0.00011273358702982531 -0.00035997425024075324 0.0009489310957683944 1.0
0.061576204823967536 0.2793454615338463 0.7648495277307249 9.928450528141212e-06 7.90617884831973e-06 7.517719322408593e-07 1.4851554590677158e-05 0.0 -0.0215435576216336 0.26328660277400906 0.7505137863798 -0.0005436336486313839 -0.00012278430023314295 -0.0002318927859877293 0.0007691103157355147 1.0
0.061571118710468796 0.27933640140106464 0.7648247748104008 -6.91773654069731e-06 -7.54376495397043e-06 -1.1313748416004993e-05 2.6250104950917763e-05 0.0 -0.021552237124640102 0.2630128428560134 0.7503891335823478 -8.744508672735266e-05 -0.0003330953864697202 -0.00018720965504818228 0.0002785437807050709 1.0
0.0615708687571944 0.27933121906301556 0.7648178528505934 -1.0293750713522655e-05 -1.3947566176492825e-05 -1.2372227702821992e-05 1.0447003489330512e-05 0.0 -0.02154542536806609 0.26303572505142186 0.7503765575971727 7.497427005898104e-05 -0.00022431675897371895 -0.00017985996905217259 2.6001493028761802e-05 1.0
0.06157870789708412 0.27931744701797484 0.7648120347260281 8.037111854471084e-06 -2.0567230508970298e-05 -1.2053963103317192e-05 1.4316572250233775e-05 0.0 -0.021778365073505397 0.2634949044784068 0.7504540529592881 -0.00011142078997305343 0.00036127874888297303 4.080339021449511e-05 0.0004958503623857724 1.0
0.06158367146868007 0.2793110293404922 0.7648147248972244 6.990863987414177e-06 -8.843307798469583e-06 -3.7266935899303198e-06 9.167464996720425e-06 0.0 -0.02197381650950249 0.2637946087650652 0.7504305643747256 -0.000271480693828587 0.0003956436668768287 -3.286663874506931e-05 0.0004107842013285506 1.0
0.061579633406632646 0.2792668446372271 0.7647841905481045 -2.0812289523391593e-06 -3.3431626423394384e-05 -2.48000337547958e-05 5.4145239850949815e-05 0.0 -0.022207138148502184 0.26415537167917047 0.7504656306801819 -0.00030328101852964654 0.0004550350397189743 5.2425686075653144e-05 0.00039958800536102216 1.0
0.06158966884272923 0.2792355167342495 0.7647295333678579 8.42105602492416e-06 -3.768041455634388e-05 -5.192014854993672e-05 6.498929101061693e-05 0.0 -0.02251592097086089 0.2646278114218467 0.7506680259965031 -0.0003434096839006137 0.0004450683462662977 0.00015586428864202296 0.0005900577095835965 1.0
0.06160151992461945 0.2792332468946276 0.7647072836340837 1.1888552911008025e-05 -8.825022692285736e-06 -3.452630161503323e-05 2.4373847466196447e-05 0.0 -0.02260058298448663 0.26476588744176105 0.7507988769811176 -0.00011188464899826174 0.00014502584346425728 0.00016478240510377727 0.000234045465650081 1.0
0.06161429318568228 0.2792286324966945 0.7646841141628214 1.3284788886422821e-05 1.2382446603876413e-06 -2.3327610056928794e-05 2.5105197393879492e-05 0.0 -0.022702869336802847 0.26503047526873197 0.751165719289781 -2.0786005001963755e-05 0.00018493536361066908 0.00036473596151299757 0.00044607014604374103 1.0
0.06160845847004124 0.27921061270900194 0.7646695678439793 -1.5128087962439225e-06 -9.807700877574576e-06 -8.471088455043631e-06 2.568920563392221e-05 0.0 -0.02271411573971425 0.26510592904354435 0.7513258282594752 4.104883478311671e-06 0.00010507623475216265 0.00022491645606143783 0.0001861638702740496 1.0
0.0615991473286996 0.2791812210584416 0.7646312123340454 -1.1199253705654513e-05 -2.8380482512467792e-05 -2.867509909322507e-05 5.0165743852287896e-05 0.0 -0.022704043165045044 0.26521524647689076 0.7515208854847261 1.0767882901250633e-05 0.00010987410397453635 0.00017633885994762004 0.00022232579468137962 1.0
0.061599280925094174 0.27916248482324657 0.7646182031592774 -5.506016215666392e-06 -2.6385050816013106e-05 -1.873117967738194e-05 2.2141718994825886e-05 0.0 -0.022719431800095155 0.26531161740963893 0.7516783339536207 -8.21940802193572e-06 8.84167008283235e-05 0.00012621102919727021 0.00018261122912547354 1.0
0.061588973606537825 0.27914283019561115 0.7646018439851795 -8.944119860705189e-06 -2.462509805258542e-05 -2.015513169494197e-05 2.5718026236768282e-05 0.0 -0.022760335008391783 0.26566919833382097 0.7521785495706982 -5.899940675817709e-05 0.0003450008617463081 0.0004381615634544442 0.0006121705755192035 1.0
0.06157329808166708 0.2791392018284334 0.7645967996480102 -1.2663505164491771e-05 -2.6856508635949523e-06 -6.779182466045641e-06 1.8444044046419427e-05 0.0 -0.02266029819455646 0.26580000844672047 0.7524986489634418 5.913794069789454e-05 0.00021521491047048446 0.0003993780561880532 0.000382153888681153 1.0
0.06153738917909816 0.279117042281258 0.7645755870750626 -3.294558556907446e-05 -1.3053186240682065e-05 -1.4050863485217196e-05 4.70198080975771e-05 0.0 -0.022396604480023955 0.26590609677759347 0.7529759090955036 0.00026319905269493754 9.837327192201736e-05 0.0004792863178374171 0.0005230066340828608 1.0
0.06140143722321245 0.2790146919870199 0.7644763207750593 -0.00012560584067884402 -9.165341975823664e-05 -8.943519586664887e-05 0.00019656581201425727 0.0 -0.021466168844426717 0.26604317260581395 0.7542936671145787 0.0008745867441775179 0.00011066454169024142 0.0012183085479111526 0.0016254814890277942 1.0
0.06125556880721847 0.27889777834189955 0.7643222070275077 -0.000162256159969653 -0.00013015866308267325 -0.00016050468196504892 0.00024525870827705597 0.0 -0.019349010935816317 0.26529446039994725 0.7558719261593367 0.0020743185206915445 -0.0006583483410727252 0.0016366163960273644 0.002772761236975264 1.0
0.06118602020117319 0.2788099299949691 0.7642332037097204 -9.277408126600337e-05 -0.00010602328955020715 -0.00011809169372919967 0.0001411291854204879 0.0 -0.015604457583595443 0.2632828910487859 0.7573648807310946 0.0037543245004757085 -0.0019550960479891503 0.0016317994187915947 0.004490220815162477 1.0
0.06114656755348008 0.27876407753487864 0.764199700821795 -3.1017246316648615e-05 -4.8455872977655987e-05 -3.65248519335551e-05 6.380652415141906e-05 0.0 -0.012147046349441375 0.2604703967727373 0.7583613363033801 0.0038427658497034536 -0.002965877201812115 0.0010821455379548765 0.004570138221614638 1.0
0.06111061880915522 0.27872972714939015 0.7641817311674449 -1.2687166850598127e-05 -1.7767160381286896e-05 3.788918765594827e-06 5.711835754111849e-05 0.0 -0.009109219009432885 0.25784592732774253 0.7588657403832146 0.0031750980345308694 -0.0028972041218966026 0.00042879438135299365 0.004021471064124747 1.0
0.0610451753203636 0.27870717715514315 0.7641404628707794 -4.730789157708626e-05 -7.567407440614529e-06 -1.600431599350322e-05 8.493488326824939e-05 0.0 -0.007732886429636658 0.25603216722961525 0.7591021475417459 0.001356966844600878 -0.0019369737484942787 3.0127193746821177e-05 0.0022963463026163308 1.0
0.06098418878844364 0.27871987421740824 0.7641201904344189 -7.181984219726422e-05 8.956926333227456e-06 -2.594127471521897e-05 6.309041404934729e-05 0.0 -0.007443515404624276 0.2549488062778515 0.7591883810183435 -9.372669894258509e-05 -0.0008559426949697789 -3.37546225607447e-06 0.0011238263228525356 1.0
0.060944933152291235 0.278693233762774 0.7641004265409393 -6.192128166715777e-05 -2.6645846767249797e-05 -3.562033431113495e-05 4.7832492241107804e-05 0.0 -0.007151153318634432 0.2545086184463162 0.7591626950795904 -0.00014985086854207513 -0.00013083009743974238 4.610893647786108e-05 0.0005575924439190111 1.0
0.06093519427817363 0.2786753386739182 0.7640857680926768 -1.4826272415302403e-05 -2.6609089731424753e-05 -2.3756951722982007e-05 2.6345526254799523e-05 0.0 -0.006685078325960613 0.2545037575048033 0.759207514061157 0.00044189873085657765 0.00011890753051167205 0.00010996788255147947 0.0004645188999324798 1.0
0.06091878507675077 0.2786258155000024 0.7640449421593601 -1.2026329264281526e-06 -4.9069465664818596e-05 -3.159275356398188e-05 6.696004414505916e-05 0.0 -0.00601408208317548 0.2545854468192328 0.7592441335064443 0.0009741032532528675 3.697484600922866e-05 0.00010226220104920928 0.0006698359929237386 1.0
0.06092802758770448 0.27855640464404735 0.7639725939274101 1.2618273401435538e-05 -7.14348877677274e-05 -6.699542845237813e-05 0.00010239984929276007 0.0 -0.005608493094806028 0.2546987080712215 0.7591320886551334 0.0007269511080283241 -2.4828208685107565e-05 -7.575536026468575e-05 0.0004214343695642525 1.0
0.06094185494970831 0.27854357141541486 0.7639504916913706 1.4162953167454908e-05 -2.641426981762857e-05 -3.745854205559839e-05 2.8744842820051998e-05 0.0 -0.005570995055436324 0.2547231513837939 0.7590541087700431 0.0001625159047329728 -6.780542055741809e-05 -0.00011307210493986439 8.812901384824563e-05 1.0
0.06096289029085967 0.278526923860769 0.7639284047108665 1.6984307482621862e-05 -7.258461671138314e-06 -2.117434886513814e-05 3.060043311236554e-05 0.0 -0.005490093642469346 0.2547468823379448 0.7589929519787543 -0.0001320242945582785 -3.300186093766876e-05 -9.040587873547891e-05 0.00010278395554293683 1.0
0.060977410938846954 0.27850472646234614 0.763900831446372 1.503565318660003e-05 -1.0124265467505868e-05 -1.731069538266184e-05 4.1087144472583726e-05 0.0 -0.005384913948712159 0.25474944676664824 0.7589757307995094 -4.8040199619777584e-05 -7.604564670299699e-06 -3.207815374277963e-05 0.00012899382224471415 1.0
0.06098824218838664 0.2784933577799784 0.7638857336111747 1.0818205766309485e-05 -1.2333710953489755e-05 -1.2407113090867119e-05 2.435319011094282e-05 0.0 -0.005353745735600036 0.2547222003789782 0.7589764859067246 5.4284331315744436e-05 4.2309555821631265e-06 1.2099969355757143e-05 3.9127072302791704e-05 1.0
0.060990378607932806 0.2784872690848146 0.7638805151345122 1.460240903567456e-06 -8.374349542084369e-06 -6.59320485580771e-06 5.318379932622288e-06 0.0 -0.005329048159995193 0.254739533696215 0.7589673264835828 8.589273209947589e-05 3.935843226340343e-05 1.5596402432724437e-05 1.4142593078541438e-05 1.0
0.06098720333569591 0.27848894725883566 0.7638690712436252 -5.9037186167904e-06 -4.193041940899865e-06 -1.3755298862322683e-05 1.100811571269079e-05 0.0 -0.005026306847609251 0.2548104147512652 0.7590459061943091 0.0003002231828509827 7.993934068055824e-05 6.324475255271308e-05 0.0003232596304339098 1.0
0.060966406704607415 0.2784655605568514 0.7638035070877036 -1.8405369060495906e-05 -1.9230233240567387e-05 -5.983266719927477e-05 7.468462043563943e-05 0.0 -0.004772833440622099 0.2552128147405476 0.7593557303191979 0.00027777462536123117 0.00037361303136491264 0.0002719494614198864 0.0005815491045834809 1.0
0.06095830186115182 0.27841386317019934 0.7637382613646437 -1.1856374258334172e-05 -4.673787535648981e-05 -7.078150420296968e-05 8.458857611241972e-05 0.0 -0.004984821877139801 0.2558204385677703 0.7595662885975238 -0.00014137430765955397 0.0006303358177352763 0.000264542498929769 0.0006712858811741128 1.0
0.060993934053339666 0.2783487923418652 0.7637038456733583 3.0807331832288825e-05 -7.189940087465145e-05 -4.7266252729353685e-05 7.977495023198184e-05 0.0 -0.005160973619569398 0.25631244348033844 0.7592181682167258 -0.00024287406559449614 0.0005763815364753183 -0.0002551104556925149 0.000620312704895193 1.0
0.06100467753053774 0.27832655206318935 0.7637021261595576 2.2836479246032923e-05 -3.5307788016992174e-05 -2.790925534298262e-06 2.4520879339110745e-05 0.0 -0.004839827583720305 0.25627891537274294 0.7591592750944449 0.0001772450686974301 3.919898014359323e-05 -0.00019498121762920713 0.0003312450443687467 1.0
0.06101133663493809 0.27830989978413284 0.763696548345779 1.0930317871105162e-05 -1.0721799390590667e-05 9.596760217916475e-06 1.8520791439472958e-05 0.0 -0.0041873975245937545 0.255979873689891 0.7592746454524331 0.0006542850155874136 -0.0003873907199477648 3.628192959710242e-05 0.000721830783854538 1.0
0.06100624290765015 0.27829487138519654 0.7636730140504331 -7.139102364831191e-06 -4.129031702079748e-06 -1.1924940946003661e-05 3.0499043607293134e-05 0.0 -0.003242454664676037 0.2547057002907612 0.7595019063208079 0.0010542317487556262 -0.0012837079144901971 0.0002575538049990561 0.0016157450207662319 1.0
0.06100439102838958 0.278284108127064 0.7636527238737039 -9.79488817682038e-06 -5.867617291014339e-06 -2.6481104189560204e-05 2.3064174811583772e-05 0.0 -0.0024505744955294383 0.2534894315855013 0.7595432779571801 0.000954260629437697 -0.001402246500454423 0.00016828586092548594 0.001470035605487035 1.0
0.060990920179375935 0.2782606535302814 0.7636233354424843 -1.588154312284146e-05 -2.5024093200372753e-05 -3.9424600176623346e-05 3.823469141642774e-05 0.0 -0.0017419254544284795 0.25261248469873504 0.759736718864533 0.0006869812429772225 -0.0009552867274230217 0.00020106016426230003 0.0011027182225380233 1.0
0.060948787082210076 0.27821349947566143 0.7635705692049273 -3.624045734979126e-05 -5.134873074344034e-05 -5.3264204729182185e-05 8.200948480881617e-05 0.0 -0.0005797796197467482 0.2512860695323241 0.7601556741150991 0.0009590928144327398 -0.0011202583700534604 0.0003425259504531958 0.0017989608072230881 1.0
0.06091849671740005 0.27817585511186477 0.763537364345244 -3.264303712600128e-05 -4.5912805252611936e-05 -3.654708750143069e-05 6.113450855449864e-05 0.0 -0.0001767190201196992 0.25033519449491337 0.7602263322205034 0.0005052501201125961 -0.0009164937006199541 0.00010179778520967582 0.0011054155734652711 1.0
0.06090342624404617 0.2781508579217988 0.7635001743494629 -1.996708935805713e-05 -2.5876923349614413e-05 -3.3005548018639664e-05 4.481727061139134e-05 0.0 0.0002359432090148029 0.24903477329158347 0.7599349567784017 0.0003780672276556332 -0.0012034574214216287 -0.0002366805170989289 0.0013438892620772098 1.0
0.06090229458307664 0.2781450367911974 0.763489972738038 1.0764623932031973e-06 -4.446991334343798e-06 -1.176986543792945e-05 1.2085916151762269e-05 0.0 0.0004902086118830442 0.24859772253999912 0.7597710571051501 0.00022796313308720643 -0.0006080896709893168 -0.0002610750537589796 0.0005429303978066362 1.0
0.060897561161781286 0.27813205395060664 0.7634725362654514 2.3900737220047234e-06 -4.345324979158072e-06 -1.1429918425593618e-05 2.293929059207572e-05 0.0 0.0007203766063749521 0.24826372838176347 0.759622133264284 0.0002009082875234578 -0.00032836454743696044 -0.00020143427705407574 0.0004249938146494856 1.0
0.06089316081851168 0.2781120428860635 0.7634551510370996 -1.391600241302109e-06 -1.598582074050637e-05 -1.44760356477255e-05 2.7826707492523375e-05 0.0 0.0008675568637947423 0.24803562347365918 0.759484869153149 0.00015410743875775615 -0.00011646700284788283 -0.00012486122238857322 0.00031763838489040825 1.0
0.06089963404744735 0.27807963301089755 0.7634116038366918 1.553812805872696e-06 -3.519072365267044e-05 -4.25404272456376e-05 5.3399600590918505e-05 0.0 0.0011298033671345584 0.24757317688555064 0.7591811456024925 0.00028898703967939756 -0.00037567196706355136 -0.00020366976130470018 0.0006032644593341218 1.0
0.06089900116558573 0.27806331346069396 0.7633954949283815 -2.846965756985731e-06 -2.5865020709282512e-05 -2.7624302491004648e-05 2.3742430535043994e-05 0.0 0.001382350691072542 0.24707763609101857 0.758999806245074 0.00031339159333788175 -0.0005934501913755402 -0.00017998558515888713 0.0006045536615997466 1.0
0.06085880826311104 0.27805553534768485 0.7633790446372635 -3.454155529901018e-05 -8.761040099702245e-06 -1.6065393578013045e-05 4.197584850859905e-05 0.0 0.0020599895917439307 0.24621888203861028 0.7586844422173141 0.0005929214683687643 -0.0008982484945965759 -0.0003332014021426384 0.0011012150746771813 1.0
0.06084428157241894 0.27805587595693926 0.7633790048197125 -2.3379438314296656e-05 4.341270574689523e-06 1.0157554917222244e-06 1.7005401680915998e-05 0.0 0.0023335367349011566 0.2459527054874465 0.7585762099627559 0.00040164361859660507 -0.0004577816754998789 -0.00017094953285307882 0.0004356655188639852 1.0
0.06083029194919644 0.2780556414172172 0.7633799599664436 -1.5227993243085569e-05 5.224539885156271e-06 7.448789542599794e-06 1.301500677820761e-05 0.0 0.002640643845786509 0.24551993296290278 0.7583444583820922 0.0002828706241408119 -0.00029775759537247035 -0.0001783033858770226 0.0005387403991262616 1.0
0.060821839391019095 0.2780581353413611 0.7633775932997058 -6.6491034060822065e-06 2.239850531141581e-06 -3.951675602588966e-07 9.2996510746298e-06 0.0 0.002950309397384031 0.24520991246504076 0.7581619409001312 0.00025462436541396185 -0.00024858122619302763 -0.00017689241484355613 0.0005018515107769239 1.0
0.060814943720131215 0.27805774348012186 0.7633776711468527 -2.111625889060686e-06 -2.278597751221929e-06 -2.8124610699689234e-06 6.775285737952463e-06 0.0 0.003352820168357381 0.2449002748017728 0.7579746436076084 0.0003490177682464537 -0.0002666442226791886 -0.00019106694244195932 0.0005456492722587429 1.0
0.06081112751364384 0.27805181872782714 0.7633827795693674 -1.2566701571114372e-06 -7.773463291080404e-06 7.522554872824351e-07 9.137166552555792e-06 0.0 0.0037964983745456607 0.24456824925307327 0.7577683903045919 0.0004576211839121927 -0.0003510130370165045 -0.00021793298192712986 0.0005846385271558573 1.0
0.06080945520956611 0.27804931049471104 0.7633846473443888 -3.836261177649146e-06 -3.7579552364617127e-06 3.694964652927222e-06 2.8234353201141743e-06 0.0 0.004063189282500627 0.24437240573982807 0.7576732167236031 0.0003375000915540912 -0.0002556179053173498 -0.00011173576263422163 0.00033295847511077587 1.0
0.06080782231340901 0.27804585304812274 0.7633867304822766 -4.570644167753056e-06 -3.184546906097997e-06 2.225807067934259e-06 4.799771369310622e-06 0.0 0.004459679568225431 0.24402672014598437 0.7575006896587788 0.00038895152690884805 -0.00033563298562686874 -0.00015299317252939017 0.0005599898716542572 1.0
0.06080570952075426 0.2780379172871694 0.7633867491720314 -6.150357378990293e-07 -6.42841003292511e-06 1.17832239136898e-06 8.044301754599579e-06 0.0 0.004767179885089706 0.24375926950056498 0.75738037147985 0.0002794030245703993 -0.00025080892067452104 -0.00011332386950101554 0.0004314255060985973 1.0
0.060806404501006765 0.2780342320842052 0.7633880136896055 -2.0460797566414365e-07 -4.337538250874464e-06 2.468534451698163e-07 4.2792598015298115e-06 0.0 0.005116003213621711 0.24344748160670063 0.7572515106528519 0.00033629260376342155 -0.00032363610188269307 -0.00013671908278055714 0.00048230445566101307 1.0
0.06080294343221203 0.2780335348830702 0.7633798848658827 -2.6335231772975745e-06 -6.470153451551013e-07 -7.2968193693294565e-06 8.460333191726717e-06 0.0 0.0055094078113333955 0.24308815436810957 0.7571236510458729 0.00039374750075492793 -0.0003510607463586422 -0.00012772629813881476 0.000543360385036504 1.0
0.06079858692366455 0.2780372165347969 0.763376483123335 -4.596774220030557e-06 3.6277267108541096e-06 -4.8505041367347496e-06 6.823476551854866e-06 0.0 0.005760305075244822 0.24278820646631985 0.7570075446192982 0.00029280187973283094 -0.00031894689561643336 -0.00012187489151805802 0.0004129331444550038 1.0
0.06079586064914395 0.27804224374998315 0.7633705615110928 -3.351075287213e-06 5.886034050380204e-06 -5.478848009028193e-06 8.264178485980821e-06 0.0 0.006231320803435834 0.24246268007860092 0.756879880491741 0.00042612773547982396 -0.00031572331360176425 -0.00012442274810642878 0.0005822651959285513 1.0
0.06079434490968526 0.2780459265622702 0.7633661573710558 -1.6253603704368265e-06 4.865846817010833e-06 -4.558989784350078e-06 5.9050033026899716e-06 0.0 0.006788449857632751 0.242160977953289 0.7567602324688185 0.0005493136610611653 -0.00029342989709097225 -0.00011632559581336435 0.0006476640476205816 1.0
0.06079357736998205 0.2780424995580219 0.7633687780516636 -3.7435041214974894e-07 -3.128526125905284e-06 2.3131886381405404e-06 4.298620083609985e-06 0.0 0.007531198777843233 0.24184945058266458 0.7566869690633904 0.0007576254565425065 -0.00031290200594913256 -8.540140555053425e-05 0.0008115318442420327 1.0
0.060792729700273815 0.27803553297127387 0.76337527714387 -1.8686780723580938e-07 -8.663723738446477e-06 7.3936252311881146e-06 9.627123487048679e-06 0.0 0.00814075766721364 0.2415953459088982 0.7566171034358722 0.0006672738414503644 -0.00025582344227910903 -6.019669564623627e-05 0.0006620977429508292 1.0
0.060786420548338674 0.2780208213732547 0.7633709307840598 -5.283751540163012e-06 -1.5228725680007254e-05 -1.4303883853678944e-06 1.6648252505187895e-05 0.0 0.008639130063235873 0.24125973354524527 0.7563958699622153 0.0005131761182995743 -0.00032288414730507776 -0.00019435695774464137 0.000632098476933885 1.0
0.060785695573500054 0.2780116995049721 0.7633494188475121 -2.8397689392807664e-06 -1.1269693022013081e-05 -2.0768867937375482e-05 2.3446443981247548e-05 0.0 0.00890377341318442 0.24095835065141993 0.7560437764687893 0.0002425807789744547 -0.0003145911222282641 -0.0003543077005714165 0.0005427884668020803 1.0
0.060783979690793306 0.2780007147342439 0.7633319630657917 -1.7059182912969033e-06 -9.80506267990306e-06 -2.218831569856142e-05 2.0562572725540195e-05 0.0 0.00907225437374838 0.24085216902267964 0.7558416182096582 9.85472267974744e-05 -0.0001356407673519594 -0.00026421203939277355 0.0002846719003306179 1.0
0.06078494406014278 0.277983327583014 0.7633144646367103 1.1643932039135354e-06 -1.4990813976853727e-05 -2.0184179995231443e-05 2.444004487693313e-05 0.0 0.009255176872352994 0.24089036891717244 0.7556272513736259 0.0001488784972970581 4.315928132145823e-05 -0.00021272308300846444 0.00027791341685536047 1.0
0.06077923498346067 0.2779558031470248 0.7632860134469438 -3.924622797494459e-06 -2.6219444368623974e-05 -2.5746984786486316e-05 4.021395228703075e-05 0.0 0.009682255558522387 0.24120575204730935 0.755357005700704 0.000409367659581199 0.0003242371829316967 -0.0002323460246352115 0.0005967259132604332 1.0
0.0607631680526169 0.2779348280022977 0.7632707543082262 -1.5178466066366518e-05 -2.4381934926656054e-05 -1.567474014086766e-05 3.1113854865898825e-05 0.0 0.009922450429367432 0.24140975778015505 0.7552835820133165 0.00034872646119522 0.0002794777702838522 -8.173650656961207e-05 0.00034064656439966085 1.0
0.06071143548638764 0.27784525832081686 0.7631768487873622 -4.9330659826324875e-05 -8.068288690239847e-05 -8.067032826889607e-05 0.0001377557806506219 0.0 0.01016940433902032 0.24180725951928747 0.7551825348478242 0.00027086051055712007 0.0003720124576305766 -7.604549065341425e-05 0.0004516510938194544 1.0
0.06064304214988549 0.27776080454847857 0.7630912717980916 -7.293253864249644e-05 -9.393631788890304e-05 -9.723576032468048e-05 0.00014198385348653282 0.0 0.010568844211350913 0.24254473411793498 0.7549876943229535 0.00035810783734737805 0.0006662803248435865 -0.0001835275213908494 0.0008669074786338253 1.0
0.06050017417253091 0.277700865378574 0.7630228061726962 -0.00013824751819488444 -6.907925221939864e-05 -7.94956532466444e-05 0.00016635048412078941 0.0 0.011131910052081988 0.24395808454762716 0.7540867494092806 0.0005232459207512286 0.0013514275273471235 -0.0008222812366414955 0.00178238430931893 1.0
0.060305988223395404 0.27761089466396993 0.7629612170685327 -0.00019802895434428935 -8.137787647850532e-05 -5.904857594123582e-05 0.000221806795527782 0.0 0.01196667346531887 0.2454316175186921 0.7534909135556098 0.0008258118928405314 0.0015990799928505422 -0.0007522928407075248 0.0018060679382504666 1.0
0.06004895198018651 0.27745816194322154 0.762852344356944 -0.0002599917640350057 -0.00013984252357563518 -9.30815865711149e-05 0.00032028315348336337 0.0 0.013283907999571758 0.24651595125498435 0.7531266582336597 0.0013221914989905766 0.0012297506533084136 -0.0004551262415256337 0.0017085511441382178 1.0
0.059871594582403764 0.27734139426574667 0.7627560802948304 -0.00019934368294939996 -0.0001293814134781055 -9.841531527206529e-05 0.00023636973831885871 0.0 0.013743987896685909 0.24705881002464336 0.7527211086659943 0.0006871294284186375 0.00054391423427623 -0.00032487953435511645 0.0008328709736541828 1.0
0.05962737917184618 0.2772360980596454 0.7626969817083088 -0.0002231983212412751 -0.00011097771211876221 -6.888815394050774e-05 0.00026413263205087386 0.0 0.013607853195929569 0.2472072603855949 0.7525602537071863 -0.0001565736929113384 -2.170215046861702e-05 -8.631375146355067e-05 0.0002535686124302671 1.0
0.059349400189483474 0.27711652541971865 0.7627512627587576 -0.0002639187923848022 -0.00011597237723943676 3.720591268940189e-05 0.00031218020263575703 0.0 0.013512758922199128 0.24713588446368823 0.752497709455552 -0.00032974589548189046 -0.00021836456361125632 -1.140050772680854e-05 0.00014797564897099349 1.0
0.05876210718347236 0.2767457829774272 0.762958369207897 -0.0005464771088985942 -0.0003273020025420509 0.00021012258223065982 0.0007238591610592297 0.0 0.013472068077131624 0.2471025523471097 0.7524694038275104 -0.00017428074071111312 -7.048360862841122e-05 -3.787442577829553e-05 6.691030528220175e-05 1.0
0.05719210475001737 0.2753378333444385 0.7631111669704175 -0.0014851447434033281 -0.0012940505152278495 0.00020012514116116598 0.0021115235724769917 0.0 0.01348999810697941 0.2470692684479264 0.7524514676569547 6.519545134454696e-05 7.723164551724619e-05 -7.29515194858728e-05 3.358457164444643e-05 1.0
0.055518829597213194 0.27315769115317706 0.7638511920734683 -0.001839291770979543 -0.002253865725815949 0.0006642660377441899 0.0028701037636976855 0.0 0.01351208917518633 0.24698107278836987 0.7524605837788595 0.00018284878393771606 1.7454772313611365e-05 1.1650297798569101e-05 7.357126137679925e-05 1.0
0.053426964729227075 0.26937711623070726 0.7645383250581955 -0.0021624922602122634 -0.00379371813753531 0.0007539154925051639 0.004341305317232717 0.0 0.013529454544267926 0.24685402014149693 0.7525398897184458 0.00011897026651208034 -9.552735057735229e-05 6.0071780598561675e-05 0.00016420183618461623 1.0
0.050402865499515344 0.2637284568780587 0.7652501309928375 -0.0029264824548707164 -0.005677850129986303 0.0007483318627309376 0.00644748398483629 0.0 0.013639916644995791 0.24666760166567106 0.7525716361118078 3.387175594208084e-05 -0.00020795071220487617 3.423548728569766e-05 0.00022142390936981567 1.0
0.0479772211019682 0.25913524845236097 0.7655289834442787 -0.0025797732536525487 -0.0050825490125999215 0.00032968268302970396 0.005262010951305364 0.0 0.013731797050836261 0.24649411189707265 0.752577758001976 5.425442844293776e-05 -0.00021755308311281643 2.3781143045731843e-05 0.00019402465582956654 1.0
0.04585372832845654 0.25556550548465806 0.7655480214756825 -0.0020951267036606437 -0.003625635736293277 -4.442971920641014e-05 0.004063689924255919 0.0 0.013730713234908529 0.2464004278921595 0.7526046322534139 1.7364249699894677e-05 -0.00012127718305839274 1.7754553659365594e-05 9.658415369311226e-05 1.0
0.044347974770302785 0.2537647763146346 0.7656693758466359 -0.0014423444179502592 -0.0015698162352022513 -1.9556770006548154e-05 0.0023628654532696345 0.0 0.013685053270294666 0.2463168404393777 0.7526346741730428 -5.144913925201189e-05 -6.094855785660813e-05 2.2898622468856404e-05 9.820883711972715e-05 1.0
0.043771117600835296 0.253289300103789 0.7656968108805204 -0.0005298739120812389 -3.888394912002293e-05 1.6486658137375426e-05 0.0008073392200709867 0.0 0.01366030416023219 0.24628605224352096 0.7526385419680375 -4.920913948857982e-05 -1.7666115799421606e-05 8.93521824335026e-06 4.457229327631573e-05 1.0
0.04323088733625532 0.2531068518053442 0.7653053632028441 -0.000311903599900541 0.0002133911215489848 -0.0002539194795036281 0.0006700750898336865 0.0 0.013657481071626683 0.24624355290193622 0.7526387303795309 -1.480196218229828e-05 -3.1421432261987614e-05 5.2481924705429735e-06 4.089267953463339e-05 1.0
0.042986725997363 0.2530975437294257 0.7647711929135449 -0.00027031066593590273 -0.00011500230808424465 -0.0005256175629658505 0.0005872953004837718 0.0 0.013669210679371492 0.2462200496942522 0.7526154937837453 2.417297572952191e-05 -3.2023956695912556e-05 -1.7730668668552418e-05 3.34978178356756e-05 1.0
0.04291165543171487 0.2531091320675729 0.764321614310211 -0.00020826143358676063 -0.000327973348438774 -0.0005120618947276027 0.0004629561604498041 0.0 0.01366170124968767 0.24620101384566936 0.7526103725979526 1.9200860022127928e-05 -3.090192185344759e-05 -1.672008507897318e-05 2.1677250570498408e-05 1.0
0.04291667680877427 0.2530929524748057 0.7639653515401449 -4.784607243065982e-05 -0.0002053182420704387 -0.0004035480466964282 0.00031623830289897407 0.0 0.013657757130270221 0.24618303949875905 0.7526115145567561 -3.6284477685306004e-06 -2.0799917453654797e-05 4.8684587045130074e-08 1.873764864031413e-05 1.0
0.042943437922021314 0.2530732636690511 0.7637943241630937 -1.7141586945532573e-05 -0.00011320545745272925 -0.00014655841186958125 0.00019212659419541502 0.0 0.0136656678657234 0.24616807770440455 0.7525989133990099 -5.610753045503432e-06 -1.2890638902585697e-05 -3.4268849192464114e-06 2.0264188522781215e-05 1.0
0.04295674702791602 0.2530792010286353 0.7636364141466525 3.204449342694834e-05 6.776786405585404e-05 -6.302088436588895e-05 0.00017536503141158798 0.0 0.013653211652152535 0.24616120315005396 0.7526147178908892 -1.4146752741551564e-05 -7.94521990374748e-06 1.3555626502485844e-05 2.2724749621032153e-05 1.0
0.04296596386920711 0.2529963964288009 0.7636764898593418 3.35506893850198e-05 6.048493733995346e-06 3.9260492890189004e-05 8.518707164639457e-05 0.0 0.013655988001431195 0.24615610058925494 0.7526238845329617 8.62128292044434e-07 -2.125807382975483e-06 1.1125616618907121e-05 1.0027353177211737e-05 1.0
0.04296098484028612 0.25289820514601885 0.7637565267349272 -2.8234570787155308e-05 -8.586361682860457e-05 5.9624029244014617e-05 0.00012515095578190076 0.0 0.013655079489168453 0.24615370646164736 0.7526474456053762 2.126170075573348e-06 -3.0688465557749756e-06 2.1790145191200557e-05 2.3190068151317624e-05 1.0
0.04293468771160136 0.2528262453592856 0.7638234790458248 -1.5817223280790017e-05 -7.37272471397013e-05 6.218319909831308e-05 0.00010213652762318013 0.0 0.01366572141164582 0.246121919614381 0.7526613449019308 1.0155286435963287e-05 -2.6104835623210234e-05 1.533729630996862e-05 3.7181747799249087e-05 1.0
0.04291560520263556 0.2529463921303353 0.763667101491966 -1.444467669124957e-05 9.457201547962225e-05 -0.0001347955403074784 0.00019523765318683357 0.0 0.01360554632339442 0.2460815981376976 0.7526721712244419 -4.9596339027345386e-05 -4.364673108835546e-05 1.1524018130708086e-05 7.302482445025082e-05 1.0
0.042865408310467513 0.25293120518802076 0.7635685267753406 -4.03222340458196e-05 3.810717477585917e-05 -0.0001543810294730607 0.00011741296469623837 0.0 0.013579000234301255 0.24605664763357896 0.7527138291704163 -3.9317070193893466e-05 -3.27455163054882e-05 3.429500915562474e-05 5.586674901482519e-05 1.0
0.0424153001057001 0.2526273478891566 0.7630350677807103 -0.0003937450146442388 -0.0002499284218638064 -0.0004995229380796752 0.0007489807953837083 0.0 0.013579858879578159 0.24605219272601903 0.7527370460767047 -6.8508779591117585e-06 -6.490094445991437e-06 2.7848470988157907e-05 2.2318448224048195e-05 1.0
0.04194751704683453 0.2525173006260785 0.76249851831138 -0.0005232894131536863 -0.00019295845756484508 -0.0005941205075949274 0.000744381599401677 0.0 0.013596475864720745 0.2460410719169935 0.7527557700677046 2.0031188659293332e-05 -2.4368705628972917e-06 2.213398339223177e-05 2.706885195747429e-05 1.0
0.04143275202528602 0.2521955747323513 0.7619872512666945 -0.0005579585053123033 -0.00032534258530265536 -0.0005329050560074228 0.0007737856251241985 0.0 0.013593908618775227 0.24602255561650996 0.7527728537765618 1.2198054975490715e-05 -1.2382936019401845e-05 1.4987991987198933e-05 2.7270226409712916e-05 1.0
0.04080881411676184 0.25174696727290735 0.7613942725033804 -0.000615901347205503 -0.00044362091758609666 -0.0005602172657171774 0.0009647171544813533 0.0 0.013590895920856279 0.24597982925611162 0.7527613120550782 -7.490129756386613e-07 -4.1289614898574736e-05 -9.678367596804836e-06 4.4124298603791785e-05 1.0
0.039475641968028906 0.25041556289160455 0.7602677442032384 -0.0012164058321953884 -0.0012117051695656033 -0.001023956689743928 0.00219998535242452 0.0 0.013566651634470784 0.24589146152061966 0.7527516185188434 -2.7646694567300904e-05 -9.148612958587745e-05 -1.5980290931144074e-05 9.074669373601487e-05 1.0
0.038276983467409514 0.24936893740852512 0.7586042614978863 -0.0012924226709093679 -0.0012035428342414094 -0.0016494646405276377 0.002342376917587564 0.0 0.013551710571775418 0.24580530842444068 0.752745548578241 -2.8583977203001657e-05 -9.7871132087996e-05 -8.234564404982734e-06 8.912365422675013e-05 1.0
0.0376927402272361 0.2488756476473941 0.757471937242809 -0.0007303585075870077 -0.0006433019518147622 -0.001341580798810478 0.0013264553563870707 0.0 0.013510871518335124 0.24573065143452258 0.752743910771992 -3.6022192619773594e-05 -7.93436898240263e-05 1.3957277075281232e-06 8.384597379740936e-05 1.0
0.037441309277131664 0.24858364986934953 0.7563148981717192 -0.00020920575136231244 -0.00019928567341418574 -0.0011691043535138799 0.0011830516847576803 0.0 0.013470940268483892 0.24567300229165598 0.7527493093252855 -3.903125478169367e-05 -5.377039195327796e-05 6.962402230647036e-06 7.00941859023548e-05 1.0
0.037289387418862036 0.24824542181890827 0.7550023327472438 2.917056626861096e-05 -0.0001285230452950213 -0.0011742250358078386 0.0014132732172004187 0.0 0.013440476884725008 0.24562861798852692 0.7527245124177413 -3.153440183845423e-05 -3.650801551491096e-05 -1.6861390589499383e-05 6.038056592654661e-05 1.0
0.036977687643082714 0.24732236323692902 0.7535338332996007 -0.00018466391629747204 -0.000781814129566035 -0.0013715059753776463 0.001789355445851487 0.0 0.013417236953838911 0.24559340146068862 0.7527344775629871 -2.308006679026798e-05 -2.8906070175604627e-05 1.3078578834885885e-06 4.354593725865485e-05 1.0
0.03654696037673439 0.24610132340105972 0.7522410763521076 -0.0004930680039322408 -0.0013434545709757157 -0.0013583736794752206 0.0017941063882220688 0.0 0.013417024419521523 0.2455807804008564 0.7527392592123409 3.9176375848024273e-07 -1.5409295949776988e-05 3.9954310102518995e-06 1.2794344662716028e-05 1.0
0.0360833545055571 0.24470999808846608 0.7510124921015742 -0.0006327737569821978 -0.0016141709081019715 -0.001310050069667685 0.001894989763618599 1.0 0.013413746278816231 0.2455700880626762 0.7527479839975889 1.963988762514798e-06 -1.249932901186272e-05 1.0699220041163793e-05 1.3875160675249288e-05 1.0
0.035752091112379564 0.24437569075478285 0.7505049343629853 -0.0004050526578968886 -0.0005435342251595948 -0.0006060901847520297 0.0007219778400846346 1.0 0.013404401115355418 0.24556989076169994 0.7527806233942844 -6.153364295012417e-06 -1.3814485906537378e-06 3.1503662738757794e-05 3.450581445715327e-05 1.0
0.0355575530687342 0.2444300518649221 0.7501823837580898 -0.00015358238198148158 0.00022269518161906004 -0.00017285049362330564 0.00034749134058271623 1.0 0.013067704322107387 0.245281980336212 0.752882590920341 -0.00029499192847733043 -0.0002469040589691064 9.585053245359455e-05 0.00045146101228151414 1.0
0.035189764535758956 0.24455804865144015 0.7502897202810181 -0.0002600390674053246 0.00039562562201291305 0.00015812687216034305 0.00043081434892706027 1.0 0.012679790846310787 0.24505765468310411 0.752897700684509 -0.00043047978307285905 -0.0002745509986643119 3.8208963970187694e-05 0.0004608233345546141 1.0
0.0351979264084227 0.24465617805112022 0.7503691775937271 -3.047057093466746e-05 0.00020508579777296797 0.0001353848592989676 0.00014877735251977693 1.0 0.012707090779606706 0.24506916630327782 0.7529063450016387 -7.95570903634293e-05 -4.910579508702894e-05 3.305712137273135e-06 2.1569443757725305e-05 1.0
0.03519754302058634 0.24493642480851777 0.7505555799273267 1.3852376440942453e-05 0.0001402408655411846 0.00013526125032567123 0.0003021789226402944 1.0 0.012695661493427757 0.2450674696078976 0.752920061628294 4.766492639874818e-05 4.051967473678161e-05 1.5345701379812217e-06 6.991155051655801e-07 0.0
0.035128243718718845 0.24511705277587773 0.7511294968805392 -4.773698125981146e-05 6.607378878837689e-05 0.0004602724793600296 0.0005982002103723488 1.0 0.012627092386424545 0.24495164495394736 0.7532333263209811 1.6333262524617616e-05 -4.618703150817498e-05 0.00026195501359658677 0.000360013833974438 0.0
0.034413163539490206 0.24557008951711803 0.751781762286858 -0.0006348801801680742 0.0003577566301288537 0.0006503037961662528 0.0010938288422347633 1.0 0.014807983606167861 0.2441233382702904 0.7563632679728297 0.0018842707135753615 -0.0007248862958507847 0.002776229704808768 0.003889652097346714 0.0
0.033959114743986454 0.24589210289070437 0.7526859694254259 -0.0006010890972602565 0.00043382314433090363 0.0009391968023944742 0.001058133519742678 1.0 0.01841249781481025 0.24287609532987497 0.7609174593115471 0.0036841602370421473 -0.0013261600752652286 0.004796883678470859 0.00600959943102513 0.0
0.03406687550317745 0.24593906077630084 0.7539560670887036 -3.503301143634955e-05 0.00011324221553313637 0.0012650316921141874 0.0012557830785347543 1.0 0.019953273253478294 0.24163712655072375 0.7643131460770439 0.0022497449953616513 -0.0014269684505886844 0.004108246119600067 0.003901710628446044 0.0
0.03395476647252396 0.24623923089381167 0.7548081541391075 2.10660619533876e-05 0.00020759235510540983 0.0009792069398343946 0.0009297465284319269 1.0 0.019714623211881176 0.2413106318104518 0.7650512059889697 -0.00010539568819689803 -0.0004914518187287156 0.0010889244159776297 0.000717637921755261 0.0
0.033995406138965414 0.24648891508224405 0.7553513461782949 0.00014768537413527565 0.0002396317589157372 0.0005267092182421318 0.0005907511898806178 1.0 0.01940115201295417 0.24110127944476015 0.7651894190235726 -0.0009742286457044122 -3.923149950526574e-06 -0.0005770125230905357 0.0004254449617483599 0.0
0.03392315649686284 0.24675964068130252 0.7560064819427043 -2.626641852612548e-05 0.0002923330300193889 0.0005185763623265086 0.0007098879977846049 1.0 0.019025231537619917 0.2409647939722654 0.7651938240676792 -0.0009294358960656616 8.345371471532681e-05 -0.0007718419091464267 0.0005764424102740092 0.0
0.033858046528695306 0.24809527930749384 0.7575722398299745 -0.0001367222949978451 0.001209021814237933 0.001385813704138989 0.0020609834785792432 1.0 0.018134000009292058 0.2407603908098785 0.7648982017395991 -0.0008048293673035292 -0.00013383510342350848 -0.00037625503216074947 0.0009046427155999553 0.0
0.034283815443940616 0.24876980581620528 0.7582495194702265 0.0002642944097491215 0.0009437317919598 0.0009529999242311862 0.0010968479009644356 1.0 0.017810204124518503 0.2407059961588699 0.7647377308800248 9.5700998923283e-06 -0.00020623036668438268 0.0002934632031805971 0.0002859453490258566 0.0
0.034102101837195795 0.2506598096872812 0.7591932393040574 -6.640518573232889e-06 0.001728792343769467 0.0009709770007381432 0.0020199424185789175 1.0 0.017485994747546637 0.24065925483664227 0.7645165130842507 -1.6295491161400118e-05 -0.00015814955861198957 0.0001786586199732155 0.0003759540062688981 0.0
0.03386306785081057 0.25476639087723574 0.7616224629713012 -0.0002190129885689869 0.0038655474042704127 0.0021971345353034343 0.004811428186947168 1.0 0.017231257942701347 0.240599780551457 0.7641988181735124 -0.00031130740266161784 -6.431396295440662e-05 -0.0002846340140092857 0.0004704350295892303 0.0
0.037211856414014616 0.25965852054459326 0.7613576246666396 0.002752203898682602 0.005161518695051276 0.00023911050024505464 0.006026025162560577 1.0 0.017058997643100923 0.2405272062281641 0.7638517785416709 -0.0002466878875797588 -8.709554956517996e-06 -0.0005063107387302309 0.00040161243666070583 0.0
0.042498468972230564 0.2606644449235136 0.7635202925887075 0.005479664057008619 0.0018947610400037109 0.0015934819375602394 0.005730151296921962 1.0 0.016913544134544548 0.24046029969897278 0.7636164147819746 -0.00013855828911816948 -7.101999253404802e-05 -0.00029307336275367663 0.00027257482089127567 0.0
0.04721569641458542 0.2623742750622088 0.7650602495913947 0.005509215988423001 0.0010962757618987935 0.0017000137988218372 0.005171391768583916 1.0 0.016801302308014483 0.24037642694904515 0.7634621815229 -0.00015390832809444968 -9.075451627837909e-05 -0.00016666528739731846 0.00018921179050845915 0.0
0.051227011165569776 0.26322650553653043 0.7647828208625825 0.004321492518116523 0.00037196404657471286 9.985267476896823e-05 0.004196046836779516 1.0 0.016747944228984724 0.24029485098714587 0.7633805920372828 -0.00010218507052441722 -8.946873186412591e-05 -7.513900043834782e-05 0.0001459796525993654 0.0
0.052577879908426876 0.2636363910403503 0.7643126110733651 0.0012781410683177482 0.00010454115080810373 -0.0007310760629968037 0.0015156458808428092 1.0 0.0167046260859655 0.2402615237986806 0.7633390096557823 -6.072942555511809e-06 -2.9004149920427644e-05 -5.52497626237904e-06 6.511329849297296e-05 0.0
0.053274391993239634 0.263966972550634 0.7636278481561904 -0.00021744831289740956 0.0005207219735865107 -0.000873906761659945 0.0009501932443700873 1.0 0.016710790128033972 0.24023024465369316 0.7633047241849673 -2.9420508728565187e-06 -2.3121891086368943e-05 -3.165985271687415e-05 4.561800425122891e-05 0.0
0.053736033781381955 0.26411096994040734 0.763052293593169 -8.485494192023526e-05 0.0005436435578978329 -0.0006765303451907233 0.0008123680311948743 1.0 0.01671984041733889 0.24014262638428602 0.7632817677782141 1.5479457022612455e-05 -7.325401921633423e-05 -4.2730319242248704e-05 9.029777217986354e-05 0.0
0.0534289843794637 0.2640798343038662 0.762696516358997 3.9171070082988656e-05 6.640301528181014e-05 -0.0003906022175394234 0.0004881303465192957 1.0 0.016685748819256545 0.24005833092391057 0.7632025375273309 -2.439614368118548e-05 -9.21341847498796e-05 -8.596816748589832e-05 0.00012268563990834672 0.0
0.05348663558773739 0.26419150852939827 0.7623620030597115 0.00031770628517109297 -0.00011961921839227178 6.747097747152535e-05 0.0003019146542210284 1.0 0.016667796306649205 0.23999081528960053 0.7631390522019482 -3.0691663612894624e-05 -8.027055355470667e-05 -7.546079305801321e-05 9.323740815755005e-05 0.0
0.05365573310230187 0.26436053704129153 0.7620318146326667 0.00037995313930969457 0.0002657412634420773 -0.00028979558043538663 0.00040017844555631423 1.0 0.01664437828052713 0.23992682286022698 0.7630723841776463 -2.9249736485619985e-05 -6.75102604968224e-05 -7.011010298885905e-05 9.317278772027145e-05 0.0
0.05394694048781726 0.2642649004682513 0.7619714685126114 0.0003917045287277982 -6.478677617851648e-05 -0.00021229453382998632 0.00035792012714168375 1.0 0.01658830886402289 0.23989303799943007 0.7630440972681436 -5.0967379055569e-05 -3.0913898240711703e-05 -2.921709888346438e-05 7.34999190168404e-05 0.0
0.054374501990583926 0.2640109269199441 0.7619785043056354 0.00034878598972645216 -0.0002596503016157795 -5.180787382795928e-06 0.0004744149276641463 1.0 0.016564926992556624 0.23981581041549146 0.7630434491344148 -2.9414529342179722e-05 -5.8174828864395294e-05 7.326171302188665e-06 8.124956751879751e-05 0.0
0.05475999622242573 0.2638638983786812 0.7619309962447001 0.0004183579368423633 -0.0002174079768955482 -3.574425488547686e-05 0.00042181015468852143 1.0 0.016546549412147463 0.23976188448857175 0.763080603499931 -1.2496134583566747e-05 -6.081662173222127e-05 4.445528296467111e-05 6.774200238624492e-05 0.0
0.05583513965597004 0.26533381360830766 0.7627691612890727 0.000936067632082245 0.0012075671533617965 0.0007165481495573374 0.0019868275991224435 1.0 0.016502373970286213 0.2396849770868004 0.7631737527836319 -3.618792523514521e-05 -8.14909653117542e-05 9.415422003886554e-05 0.00012710262208662918 0.0
0.05859341076245676 0.26985255616071585 0.7640433050536335 0.0025334120116963345 0.0043342377695689315 0.0013215262685825505 0.00546402205670734 1.0 0.01645909251029372 0.23957416469769466 0.7632002558280554 -4.619776783007293e-05 -0.0001094441877469124 4.1090505212195403e-05 0.00012440219481886858 0.0
0.06266982823408498 0.2744603055377037 0.7638953037697649 0.004212789297899685 0.005270276099366177 0.00019292108699692212 0.006213928136531466 1.0 0.016436583121339957 0.23950792623946632 0.7631524612323124 -2.7254377497875655e-05 -7.776806009276162e-05 -4.478169884472248e-05 8.295588225054264e-05 0.0
0.06631887088295818 0.27654883819807335 0.7617568828262745 0.004097974581822765 0.002838327915456733 -0.0020087999488886633 0.004632930070088004 1.0 0.016544451480417735 0.23938607312482868 0.7631404958704537 8.899375882978896e-05 -0.00011001973246506084 -4.217912539849685e-05 0.0001610338810146705 0.0
0.06845349065464788 0.27633096614315367 0.760169063531509 0.00239650468831701 -0.0004110094664784113 -0.0021766949303644307 0.0026116820729446865 1.0 0.016624019835616382 0.23932310502460052 0.763181650827259 0.00010377692322951461 -7.121147555402775e-05 2.3611577027871165e-05 0.00011469296197105371 0.0
0.06908590340828538 0.27540729204421943 0.7591551638358982 0.0003732413831221779 -0.0018918183582697604 -0.0013732950128373931 0.0015876305544498602 0.0 0.016661019774678792 0.23927723356081887 0.763186023156032 5.934573894560955e-05 -4.483874807222458e-05 2.3969529594897565e-05 5.660915240562015e-05 0.0
0.06902294686421602 0.2742899197167717 0.7581373282045164 -0.000643404918331667 -0.0017633839036933893 -0.0007925304379999387 0.0015684027162926788 0.0 0.01668343533579907 0.23924263980469546 0.7631821889611551 1.3672700932573887e-05 -2.5723475739108946e-05 1.3483945063885847e-05 3.834261769545076e-05 0.0
0.0688177547917518 0.2729107928447195 0.7589399217246652 -0.0005147161545803656 -0.00115059321549781 0.0009826211904221222 0.0015790267053985914 0.0 0.016675089839999605 0.23922627868930837 0.7631601767409871 -2.679170662384929e-05 -1.5551097534305326e-05 -1.6931050373025566e-05 3.240989799752865e-05 0.0
0.06826178622826287 0.2713401037230982 0.7605703934377425 -0.0003285436286481712 -0.0009507264302131935 0.0019464397977136101 0.0022891183075681837 0.0 0.016666339905286025 0.23922335633431469 0.7631424306575291 -2.4236996155130324e-05 -4.02230698883783e-06 -3.396293759463813e-05 2.100225676716314e-05 0.0
0.06733661937285317 0.27010624136662764 0.7621866432434032 -0.0005680441553322126 -0.0010347348354495375 0.0017733130815486438 0.0022445030089378827 0.0 0.016662226021589007 0.2392223487604843 0.7631310089071177 -1.960924229226051e-06 -3.6186965964356635e-07 -2.1016730037041974e-05 8.982803058798269e-06 0.0
0.06680693618176736 0.26972181889394237 0.7629077773391204 -0.0004954799518938017 -0.000553189548483211 0.000747938735252457 0.000981573783382505 0.0 0.016659222519382618 0.23922804652665036 0.7631231768545464 1.2146250250164919e-05 -4.573793406030909e-07 -8.414948230105226e-07 1.1107548134468045e-05 0.0
0.06660186980407204 0.26975574406508396 0.7632373510458269 -0.00025555681483974526 2.117018665954984e-05 0.00012463851092896954 0.00036075088385030107 0.0 0.016655102875735222 0.239236784661656 0.7631184951228485 -6.915503546602253e-07 1.0796643076586322e-05 2.673107425691843e-06 1.1221268687838044e-05 0.0
0.06685018521869396 0.2700818932857507 0.7635440568711538 0.00022367018849090868 0.00044020926100636626 -5.406666554621403e-05 0.0005406520591856958 0.0 0.016633242456783884 0.23927495474186664 0.7631254247748481 -1.9404213098187458e-05 3.3466425141363026e-05 4.915072395570891e-06 4.408459308906067e-05 0.0
0.06741550165951446 0.2704087385605974 0.7634573202793711 0.0006416715517023546 0.0003945225472257725 -0.00017442920228214723 0.000696220613710724 0.0 0.016610716462803328 0.23931632242278977 0.7630981427645263 -2.6181151543540187e-05 4.4663586860827304e-05 -2.1779539345307262e-05 5.533007523851122e-05 0.0
0.06789521128239141 0.2706362393349365 0.7631509140906084 0.0005826959942550346 0.00015265367289308673 -0.00013073012446311203 0.000576549302986675 0.0 0.016602386502085432 0.2393323697049676 0.763076271981006 -1.5275341241353986e-05 2.401742328078272e-05 -2.829626266245959e-05 2.788416005701976e-05 0.0
0.0680840020118647 0.27071518949505086 0.7630234700360953 0.00016971234488887612 -4.620753704164633e-05 -5.585515647297851e-05 0.00021890147306394638 0.0 0.01659862913990806 0.2393456901583724 0.7630618903169061 -2.552050036994681e-06 1.0557891697769025e-05 -1.91973407566878e-05 1.8591961026382062e-05 0.0
0.06818384731967772 0.27076958816861546 0.7629502190605633 -3.992004146847539e-05 -2.4539907864083027e-05 -3.652220379930012e-05 0.00014694021428994898 0.0 0.016598970515770372 0.23935087286936615 0.7630547164729153 4.159968513760891e-06 -5.619231154373008e-09 -7.409215664241768e-06 1.0141140187055774e-05 0.0
0.06822983790808711 0.27079837180254734 0.7629362335140161 -3.958489726942744e-05 4.0134472131764286e-05 -1.4499932236572075e-05 7.312348293347969e-05 0.0 0.016603278749098112 0.2393542610078285 0.7630517784800279 6.64422802874749e-06 -3.6231836303869556e-07 6.66623988824473e-07 6.9589264227743405e-06 0.0
0.06820636527369846 0.2707772246279154 0.7629971445373792 -3.470938171472066e-05 1.491190012211578e-05 9.355177346341743e-05 6.710662878222284e-05 0.0 0.01660701745394121 0.23935504321959858 0.7630537389878356 3.7472697006032343e-06 1.839402358833089e-06 5.46415961694862e-06 3.4399792192438042e-06 0.0
0.06818246961621958 0.2707699482029747 0.7630263455142513 2.2898115181671773e-05 2.3787474391823033e-05 5.7518271715156994e-05 3.143373721696232e-05 0.0 0.016606623119237426 0.2393582774796621 0.7630501399706123 -2.363487167121867e-06 6.899962520193021e-06 -1.612847469595447e-06 4.585438123995091e-06 0.0
0.06814761919793287 0.27075302828814757 0.7630560672494615 1.6031182636306424e-05 -2.857637675011905e-06 -1.25539887347101e-05 4.4339745154882144e-05 0.0 0.016608158548419624 0.23935432382634628 0.7630506033862611 -3.6972917704337094e-07 -1.4367534420713242e-06 -4.113258301935954e-06 4.658088407791465e-06 0.0
0.06813712257551656 0.27074967600806255 0.7630545142207077 -5.673628812312968e-06 -5.916612430375634e-06 -2.855463613225695e-05 1.7236139496663687e-05 0.0 0.016610371038762718 0.23934816700787698 0.7630497084973168 2.1130018414848316e-06 -7.4243641622568024e-06 -1.5355712531909923e-06 6.397004553353679e-06 0.0
0.06811470832924091 0.2707329020394564 0.7630579438113348 -2.707366653653952e-05 -1.751398408299625e-05 -1.724655797728336e-06 2.602607964442285e-05 0.0 0.016612866908496143 0.2393453005741913 0.7630475997098132 2.758518241876096e-06 -4.225122833753224e-06 -2.0104606385734474e-06 4.559751553267992e-06 0.0
0.06810471176039805 0.27073061472497556 0.7630542163856328 -9.877737397089964e-06 -2.788425758673313e-06 -6.494444434573923e-06 1.2986823992595714e-05 0.0 0.016611903635109247 0.23934258530678298 0.7630512893121287 3.2528691791168905e-07 -3.0816678276073437e-06 3.0602731869542183e-06 4.513331175630036e-06 0.0
0.06806446158032206 0.2707044927683225 0.7630526070048306 -3.773233364097758e-05 -2.402076393788572e-05 3.952291942497865e-06 4.616512977524367e-05 0.0 0.01661111302790037 0.23934146889107644 0.7630494919707532 -7.83311913948544e-07 -5.923376640470117e-07 3.754925974079228e-08 2.346856874003541e-06 0.0
0.06802545057363063 0.27068968447784963 0.7630607330214071 -4.808472090873478e-05 -2.2050110480624118e-05 1.4593137342601478e-05 4.4037462866763905e-05 0.0 0.016609253229889327 0.2393427696361535 0.763044647608847 -2.338977859414339e-06 1.848056590587015e-06 -4.32988080546604e-06 5.281666180101296e-06 0.0
0.06799598765129616 0.270686049601083 0.7630618257235479 -3.535484190350225e-05 -5.439189389813036e-06 3.863578117266414e-06 2.8340866766070528e-05 0.0 0.016608513192358478 0.23934245059502074 0.7630427434236683 -1.4276974247075341e-06 5.927846560403843e-07 -3.6162393769703087e-06 2.2541235366621926e-06 0.0
0.0679713674110021 0.27067767149136057 0.7630698176270575 -2.487066343184121e-05 -5.6716421158986634e-06 7.752097369692166e-06 2.7166451867090956e-05 0.0 0.01660240846301946 0.23934494042432242 0.7630404412854235 -4.899020227686348e-06 1.357693426250932e-06 -2.3152242640161138e-06 6.6985834479966015e-06 0.0
