0.06286024273966348 0.2794120328348246 0.7638058239010285 0.0 0.0 0.0 0.0 0.0 -0.01733057792239066 0.2797531222955306 0.7633225597522431 0.0 0.0 0.0 0.0 0.0
0.06284474222018657 0.27937719866798433 0.7638333401318326 -1.550051947690756e-05 -3.483416684024743e-05 2.751623080410326e-05 4.701944535160815e-05 0.0 -0.017344717859851724 0.27974395712843286 0.7633234339858544 -1.4139937461063457e-05 -9.16516709775772e-06 8.742336113920501e-07 1.6413486517048023e-05 0.0
0.06283006143328039 0.279333534042237 0.7638853339163533 -1.468078690618213e-05 -4.3664625747341645e-05 5.199378452069858e-05 6.946566543714222e-05 0.0 -0.017349424829845105 0.27973118459811325 0.763337629619391 -4.706969993380911e-06 -1.2772530319615782e-05 1.4195633536551178e-05 2.0928705176305326e-05 0.0
0.06281895447188154 0.27935166602179123 0.763872051286785 -1.110696139884626e-05 1.8131979554247835e-05 -1.3282629568234228e-05 2.507112925893153e-05 0.0 -0.017353895307907877 0.2797367637868088 0.7633353977816748 -4.47047806277287e-06 5.579188695536974e-06 -2.2318377161933967e-06 7.28538581930663e-06 0.0
0.06281522657038706 0.2793729781089456 0.7638666484060792 -3.9367200740770805e-06 2.3795900271328814e-05 -8.968958155470792e-06 2.2300076868709182e-05 0.0 -0.01735274811531565 0.2797377519838993 0.7633308823139572 4.7080638183706027e-07 1.8639552507518658e-06 -5.745307002209225e-06 3.427192521178747e-06 0.0
0.0628167750996641 0.27939597747904926 0.7638869873408686 1.6479436340467795e-06 2.033698103277115e-05 2.3456138033299926e-05 3.07415230015047e-05 0.0 -0.017350091809145873 0.2797381688487752 0.763331239410629 3.000126027824456e-06 -6.097660221614066e-07 1.0839589473549921e-06 3.36722224604091e-06 0.0
0.06280940171541138 0.27939256077494673 0.7639037219610888 -6.964694401907988e-06 -6.905572836012168e-06 2.5051486088979033e-05 1.8141214557855184e-05 0.0 -0.017349472898980662 0.2797438841700252 0.7633253242970913 -6.156267033294607e-08 3.584040616724007e-06 -4.3607348780126235e-06 9.013040808382481e-06 0.0
0.06279162442700532 0.279386134731305 0.7639235751439861 -1.8628878644239328e-05 -1.290603222936903e-05 2.352540298403813e-05 2.74810011529323e-05 0.0 -0.017349387283114713 0.2797457514125365 0.763327812585258 -4.624233496401171e-08 2.041528135394143e-06 2.8370962758987956e-06 2.653997199463581e-06 0.0
0.06274897273527476 0.2793835460023801 0.7639215638102534 -4.378679588789118e-05 -1.5039690290070258e-05 8.000963079652041e-06 4.257054062589248e-05 0.0 -0.017340695970576882 0.2797337724124656 0.7633316094753746 5.52470022857398e-06 -1.1785460503778512e-05 5.668191335722408e-06 1.4736460115827045e-05 0.0
0.06270688437442913 0.2793906713919645 0.7639291801408983 -4.807533299075419e-05 4.238483926212005e-06 2.874486492375864e-06 4.499111102864869e-05 0.0 -0.0173234089741518 0.27973341633303994 0.7633404817429799 1.7240469855829263e-05 -4.395347882634022e-06 1.023067997039531e-05 2.008534275920995e-05 0.0
0.06267714118066306 0.2793837812937052 0.7639284126724714 -3.391482490897693e-05 3.516139279790248e-06 -7.578234761160484e-06 2.9654249360219523e-05 0.0 -0.017315543160170307 0.2797246483211341 0.7633564067623392 1.1464771591561068e-05 -6.698901400348714e-06 1.4792778220901095e-05 1.9713213767945263e-05 0.0
0.06260129812384051 0.2793805979171796 0.7639299443917112 -6.528447358789909e-05 -1.629228222684482e-06 1.5292783485782784e-06 7.478265939765771e-05 0.0 -0.017287679039432107 0.2796434281190015 0.7633908456464883 2.5361354592591228e-05 -7.120586224919402e-05 3.3028886669416914e-05 9.153815634086315e-05 0.0
0.0625494865850996 0.27938438677446176 0.7639327238057004 -5.656240373836587e-05 1.9390820810403013e-06 5.472605106313723e-06 5.4863801718696645e-05 0.0 -0.017258321231067665 0.27950520702301423 0.763353607428903 3.0226091679565972e-05 -0.00013991109829998227 -2.4104089500086746e-05 0.00014804718754974337 0.0
0.06250577532403462 0.27938251213100795 0.7639348500498094 -4.5361875505348484e-05 -2.7078266308083117e-06 3.4998326183530055e-06 4.176104215305777e-05 0.0 -0.017253613056048108 0.2793339745113309 0.7632837166466839 9.126814129772868e-06 -0.00018279141881617626 -7.42740330276572e-05 0.0001845429063206875 0.0
0.06247428718661581 0.27938351601443484 0.7639395133320602 -3.0816127661565365e-05 7.805304125235385e-07 4.691656920509028e-06 3.133176307441273e-05 0.0 -0.017240450241239585 0.2790895444485141 0.7632015338328473 8.612866908334603e-06 -0.0002460805075865844 -9.42718101623501e-05 0.0002560822054895787 0.0
0.062457667366613734 0.2793749406221442 0.7639407975015362 -1.470791364895283e-05 -6.389804340734903e-06 9.515462045377876e-07 2.0039058509567284e-05 0.0 -0.017203249864628574 0.2788455473652073 0.7630887168910778 3.156899848646474e-05 -0.0002521560119100353 -0.00011646397348587434 0.00027353762453402976 0.0
0.06243648328687013 0.27937322765228234 0.7639381795783228 -1.5033101785437151e-05 -3.83153283097703e-06 -1.793461754086919e-06 2.1558613359965946e-05 0.0 -0.017172960736600046 0.278302299945117 0.7628608404380718 3.443965371605323e-05 -0.000497065137784848 -0.0002123068064402826 0.0005866211015332565 0.0
0.06239972265062504 0.279365599063066 0.7639316551422307 -3.498364801847301e-05 -8.130129195416531e-06 -7.60346614902756e-06 3.711804930148817e-05 0.0 -0.017128597693251188 0.27694132635488544 0.7621314765128755 4.554602693063986e-05 -0.0012792812986158904 -0.0006686345887017442 0.001544851755679229 0.0
0.06236277394682604 0.27934662607191196 0.7639190487790238 -4.502800817819676e-05 -1.6928631473888016e-05 -1.2793004705893084e-05 4.4436879491991394e-05 0.0 -0.017147670882472862 0.2746807272589579 0.7607405168921648 -6.078679230196927e-06 -0.002280181894714415 -0.0013761457165366912 0.0026667869617747826 0.0
0.062324737128278664 0.27931063709687637 0.7638815144141312 -4.064308761773697e-05 -3.4744625622650885e-05 -3.517140939492638e-05 6.345544463701981e-05 0.0 -0.017344824733100676 0.2731748125824393 0.7598002265986081 -0.0001818348140626817 -0.0018360577743957844 -0.0011592025329020834 0.0017984856192021685 0.0
0.06227485564421963 0.27928937979447 0.7637742568329322 -4.887060324036799e-05 -2.730448792998169e-05 -0.00010106999027793317 0.00012012844738325957 0.0 -0.017677442112466676 0.2705801657192404 0.758060628542312 -0.0003497185262385347 -0.0024174367594249997 -0.0016319667659522492 0.003062067400326145 0.0
0.06226216256059337 0.2792968734061673 0.7637158699477058 -1.721388570614742e-05 3.662768757855482e-06 -7.725592524919e-05 6.2503917695126e-05 0.0 -0.017969442613967407 0.26936640427178987 0.7572514997086264 -0.0003387824480991388 -0.0013751600401395699 -0.0009436271479442402 0.0015861545203854524 0.0
0.0622575231390119 0.2793079975217545 0.7636423518355611 5.754718473069646e-07 1.728460703892587e-05 -7.221010620530977e-05 7.060646212577639e-05 0.0 -0.01851766892057947 0.2677160950062079 0.7558108940040391 -0.0005164114555689752 -0.00136608981800577 -0.0012118792269979282 0.002194261207392654 0.0
0.06225527687073153 0.27930720117419544 0.7635960623984758 3.012522695749216e-06 8.010930789213906e-06 -4.3773366911145905e-05 4.845440073949605e-05 0.0 -0.018838719000012775 0.26681524434315557 0.7549624645998468 -0.00036316145849679606 -0.0009009114843759128 -0.0008925819851826714 0.0013193595388804036 0.0
0.06224078056612815 0.279249587912478 0.7635163213354206 -1.137311476844442e-05 -5.0920229105565235e-05 -6.460422678969319e-05 9.979255561725652e-05 0.0 -0.019072114689484426 0.2658658223991376 0.7540207262733444 -0.00021458308936240768 -0.0009078480372350916 -0.0009184251954165538 0.0013275904127746428 0.0
0.06223964246179727 0.2792015104325707 0.7634241679544531 -6.7756744838341835e-06 -6.348880729714133e-05 -9.01107447776395e-05 0.00010504217389448813 0.0 -0.01918845802275886 0.26498807688611736 0.7531494171454978 -8.702828185912195e-05 -0.0009016991166366428 -0.0008859405462645719 0.0012666545164901541 0.0
0.062250027047872795 0.2791948551359083 0.76336851502899 5.089091148497704e-06 -2.234710385157394e-05 -7.075016138693546e-05 5.5058548373223024e-05 0.0 -0.019286603896325742 0.264391756467523 0.7524778824250935 -6.51640505920857e-05 -0.0006533593268326582 -0.0006883779335688646 0.000879893400264065 0.0
0.06225613857420717 0.27919437156256566 0.763340441508654 7.801592073853556e-06 7.1620453268734024e-06 -3.4839816831467546e-05 2.7836306397896295e-05 0.0 -0.019368748626588488 0.26402338536327474 0.7519798435811844 -7.499360575390554e-05 -0.0004714966566624402 -0.0005481284258292503 0.000647521175685429 0.0
0.06225423567374991 0.27918607121006134 0.7633032741399098 3.4670845100648456e-06 6.943763902311469e-06 -2.3382887204072376e-05 3.8746408093829696e-05 0.0 -0.01973130382576848 0.2635971517267777 0.7511166875511504 -0.00034159357813459164 -0.00031337275953002104 -0.0007359557189997043 0.0009924012007536537 0.0
0.06224951836925915 0.27918676178075624 0.7632918597298117 -5.526072470970481e-06 3.7372073443374375e-06 -1.0174755611047643e-05 1.5611088945506935e-05 0.0 -0.01998468651356044 0.26352549853702967 0.7509437753733667 -0.0003455570876203641 -0.0001428860141273866 -0.00034967683337086986 0.00037123000812098236 1.0
0.062233598304792366 0.2791797984496438 0.7632543956956249 -1.7674226537324747e-05 -1.0458500942833829e-05 -3.1167376707556264e-05 3.786915415885753e-05 0.0 -0.020676296875242608 0.26333738136444473 0.7506475070644304 -0.0006453072523484797 -0.00010713596655385449 -0.0002072207927308787 0.000721502484203552 1.0
0.062230733991923186 0.2791680354995588 0.7632356506123686 -8.296102171740691e-06 -1.9517174542530267e-05 -3.0019753519684263e-05 2.3286942041299447e-05 0.0 -0.020743536749301364 0.26328405796224846 0.7506558856413883 -0.00020236677484769956 -9.634045533642144e-05 -9.72384952608262e-06 0.00011792002473448907 1.0
0.062233158054062813 0.2791530053728367 0.7632323549268953 4.109741360102742e-06 -1.5769189574434253e-05 -8.917689880979542e-06 1.5415755653085028e-05 0.0 -0.02071939006879535 0.26327236998989473 0.7506867207963563 7.852946778206843e-05 -2.5867993997315828e-05 7.617063483029106e-05 2.6277447650660578e-05 1.0
0.06222617388141429 0.27914218433959 0.7632286792002638 -1.4810117763929676e-06 -9.700295329445929e-06 1.6195395059120037e-06 1.3183898839653897e-05 0.0 -0.02070881220260893 0.26337126342381506 0.7507003354918425 0.00011779345919928434 9.610400655422609e-05 3.896849484057033e-05 0.00010447518381520669 1.0
0.062215139485789536 0.2791258472115186 0.7632198785281521 -1.0097973206289167e-05 -1.4964075885227963e-05 -4.188135675504924e-06 2.190668340092004e-05 0.0 -0.02071116129830535 0.2634547231396784 0.7506895565130354 4.251522405336069e-05 0.00010138190228966735 -4.2622385118289445e-05 8.934977570779386e-05 1.0
0.06220981430874398 0.27910596299745555 0.7631992724410984 -8.552394291377196e-06 -1.9163847318307487e-05 -1.9944145240688136e-05 2.9901710663004752e-05 0.0 -0.02077145631570708 0.2636733352820853 0.7506641508678816 -9.342523408584803e-05 0.00020138168372433799 -7.814367114196614e-05 0.00023106822317975415 1.0
0.06221139990433111 0.27909978291731274 0.7631953512532424 -8.287442126634319e-07 -7.841885112241135e-06 -9.59349641686239e-06 6.5925923484903135e-06 0.0 -0.020825660746713517 0.2637920508709058 0.7506308515021977 -0.00011775001466390623 0.00016029281521579036 -1.689384458480024e-05 0.00011791804865223248 1.0
0.062212340628965586 0.2790915637328128 0.7631848096840859 2.151768066087304e-06 -7.001150573076736e-06 -1.2077746747506488e-05 1.2801828329459128e-05 0.0 -0.020899952319453005 0.2639338432222193 0.7505795684463662 -0.00012198032762563349 0.00011735002321365495 -6.390452342978819e-05 0.00017919843444777028 1.0
0.06221286047919394 0.2790893659962622 0.7631737919927415 3.4190555414341167e-06 -1.8640524018450688e-06 -8.196203452762207e-06 1.2206898398274805e-05 0.0 -0.020941190704992667 0.26400090832837825 0.7505917916425032 -2.381908001237109e-06 6.924782568373e-05 2.4839509179840026e-05 7.90506254056563e-05 1.0
0.06221024453667784 0.2790746206088345 0.7631554140532636 -1.992040448144126e-06 -1.1816221481300192e-05 -1.557155304283311e-05 2.384432348521242e-05 0.0 -0.021057142238525676 0.2641515023949411 0.7507010749409274 -9.01049311039778e-05 0.00012195500088955528 0.00010766755483914218 0.00021677091406966233 1.0
0.062213089090890135 0.27906945082143503 0.7631513575447787 -1.9368706993931395e-07 -8.138492646810953e-06 -7.599010252106787e-06 7.0964943199539115e-06 0.0 -0.021115172420497496 0.2642271659686635 0.7507454827251662 -6.889484326404012e-05 9.378383744894821e-05 7.608159832006578e-05 0.00011301522330265683 1.0
0.06220947090462835 0.2790553089207118 0.763143664410696 -3.225843702513939e-06 -1.4454574131782922e-05 -7.203841656653411e-06 1.535627384818817e-05 0.0 -0.021145216895735987 0.2642890288140221 0.750778107119648 -3.392359202399454e-05 6.787012302597992e-05 3.765670890445186e-05 6.624117239322318e-05 1.0
0.062199921685683245 0.27904993138891954 0.7631370772333436 -8.531769275196561e-06 -7.4763033015399885e-06 -5.880038494601649e-06 1.3993744330895543e-05 0.0 -0.021158975038186197 0.2643362872800475 0.750848169577564 -1.0420354506457532e-05 5.3550416357008645e-05 5.014526079287636e-05 8.763494175975362e-05 1.0
0.06219082335744127 0.279050858103385 0.7631267200093262 -9.965697225433786e-06 1.769949068370855e-06 -8.149481098797684e-06 1.3591084534992473e-05 0.0 -0.02119020431085991 0.26442499411214715 0.7509747721282871 -1.8642466041323082e-05 7.101071845407478e-05 0.00010749953425679172 0.0001606322433558216 1.0
0.06217573293214267 0.2790476524950815 0.7631185518363091 -1.5150891174164947e-05 -6.021974677637452e-07 -9.972951594957196e-06 1.727649510499807e-05 0.0 -0.021226692538139077 0.2645004876052786 0.7510744795049733 -3.6468747245176574e-05 8.305803548631913e-05 0.00011120532740448749 0.00013366776365915885 1.0
0.06213190957040717 0.2790430601577378 0.7631055640643072 -4.045980309535702e-05 -3.7188115955168465e-06 -1.3384290344586846e-05 4.5589787584350174e-05 0.0 -0.021284027531959356 0.2646783908856995 0.7512636434007184 -6.196632979847347e-05 0.00016851558284146728 0.0001900423927886954 0.00025618945196181225 1.0
0.0620896025094607 0.2790414745497799 0.7631137575689155 -4.646121825319796e-05 -3.6728377338956613e-06 4.346930927066762e-06 4.439052877021332e-05 0.0 -0.021316267187526543 0.26480153788474803 0.7515201073261178 -4.9266510775201125e-05 0.0001530161311554761 0.00026152304590774743 0.0002938657697182883 1.0
0.06203688914631937 0.27902588213301976 0.7631206046701493 -5.3560547990557956e-05 -1.3956734305851396e-05 1.0740189960356082e-05 5.396183133135855e-05 0.0 -0.021224975280403287 0.26510678489172185 0.7524569990311328 7.876522621917085e-05 0.000276566408944697 0.0008480183829295057 0.000981482020476408 1.0
0.06200986669430192 0.2790226981421465 0.7631110269338324 -3.1836620405812896e-05 -7.475394980499271e-06 -5.002584570909825e-06 2.9484975023714156e-05 0.0 -0.021094908592056327 0.26532414683114464 0.7529635599220044 0.00014897500529016265 0.0002455094113119999 0.0006678891192332861 0.0005906910482049818 1.0
0.06196293921584254 0.27902537080827117 0.7630887426789202 -3.900803723171811e-05 2.9591394717509785e-06 -2.2617857237734994e-05 5.124708527508646e-05 0.0 -0.020623242614634687 0.2656413840386024 0.7539485244406902 0.00044751711471893425 0.000303197897766854 0.0009353213410495606 0.0010979951652429923 1.0
0.061908940412898766 0.27901669437531273 0.7630749658961813 -5.013297305599099e-05 -4.399021450956679e-06 -2.0543736250562964e-05 5.790757981755673e-05 0.0 -0.019792147223273784 0.265918590750066 0.7551959233109721 0.0008317054875650784 0.00028507065322150906 0.0012157975266718169 0.0015467929374229073 1.0
0.06186925030377084 0.27900592787923156 0.7630692949700917 -4.4451546540182115e-05 -1.0644126738384756e-05 -8.754022139544754e-06 4.109044085819753e-05 0.0 -0.019063383565458315 0.2658837862353546 0.7559344945342237 0.0008217963801335834 2.2180786209848426e-06 0.0008348463595525599 0.0010565145131359894 1.0
0.06176268245325426 0.2789891606134196 0.7630620777874149 -9.938051856868501e-05 -1.7572999982803536e-05 -3.7601932807162165e-06 0.00010636410796187127 0.0 -0.016949155096440648 0.26523494042788054 0.7572133954869691 0.0019309175754978292 -0.0006117574710162002 0.0011452548099406131 0.0025035350304759194 1.0
0.061642432999638605 0.2789752835953509 0.7630562896614453 -0.00012635141487508415 -1.6694056791633157e-05 -1.0667781045889427e-06 0.00012365309784295148 0.0 -0.014595665215093378 0.26420394495753186 0.7580770933232484 0.0024691225677519863 -0.0011084088371610004 0.0009306629391479862 0.002763696044994614 1.0
0.061520386334052414 0.2789596775173206 0.7630581324979402 -0.0001303765872085581 -1.6296613764022605e-05 1.2308129805182548e-06 0.0001225793035975775 0.0 -0.011363365765653876 0.26249982084093476 0.7595627427192821 0.0032544064331186287 -0.001729081768832025 0.0013895844944539408 0.00392592330917876 1.0
0.061392594479688575 0.2789394964442851 0.7630665697296188 -0.0001275322834705397 -1.7388337201215203e-05 6.213729847871555e-06 0.00012749966598008103 0.0 -0.006495098601095271 0.25876089312689954 0.7615209303191894 0.004766114315523511 -0.0035679079350373344 0.0019161287101783003 0.006415049725704167 1.0
0.06129414176796295 0.27886226813656134 0.763019438486848 -0.0001001889704723182 -6.875329934220578e-05 -3.8996270836139794e-05 0.00013516294312114583 0.0 -0.003981787412230925 0.2562084289988228 0.7625699515387482 0.003088081031280166 -0.0029979353834288314 0.001348113696297078 0.0038268906601019318 1.0
0.06118961637918204 0.2787586000210376 0.7628262407612699 -9.353499135100591e-05 -0.00010904955844365518 -0.0001790703911669703 0.00024305637479615544 0.0 -0.0033058267655514716 0.2546941381865527 0.7638946190226568 0.0006798085065949465 -0.0016490793277466873 0.0012267160698849367 0.0019895803622908582 1.0
0.06117243520771268 0.2786920877440901 0.7627485530385093 -2.374095809311028e-05 -8.261314793425614e-05 -0.00012164878752375622 0.0001070286826866571 0.0 -0.0029216072982620675 0.2544227814308349 0.7640336195357182 -0.00024267375046084917 -7.64236228621522e-05 0.00017521798255919576 0.0005011750698200193 1.0
0.061154015666846674 0.27863957968693065 0.7627148357905813 -1.0533650872434463e-05 -5.231931141927156e-05 -4.272255574163675e-05 5.788807965143996e-05 0.0 -0.0020544532079061232 0.2547268618946589 0.7638681011785584 0.0004018240800182801 0.0007309318407385443 -0.00031381345702137097 0.0010337867294027193 1.0
0.061137687321212004 0.27861875538548625 0.7626973228565204 -9.306152619731789e-06 -1.2996852743969718e-05 4.890959223961119e-06 3.3936249405064657e-05 0.0 -0.0018697525436776107 0.25496634616790514 0.7635460664761907 0.00038754362583886984 0.0005375531371830798 -0.0004826282254696674 0.00046437604556904535 1.0
0.06112801170590489 0.2786041090435433 0.7626796932465275 -1.2654962876498604e-05 -1.8282940427738846e-06 8.811566901631362e-06 2.9105459803044733e-05 0.0 -0.0017491591879524823 0.25506063163255455 0.7634543118408155 0.0005184198986796728 -5.384732075883842e-05 -8.656849855771429e-05 6.386317837293095e-05 1.0
0.06112525094598184 0.27859071165175564 0.7626621338688988 -1.0635252189750564e-05 -9.581339342296064e-06 -1.1816219942811207e-05 2.1254109045893663e-05 0.0 -0.0014935544550019057 0.255167772772754 0.763424418629776 0.000477740619435116 -0.0002862727202474608 0.00010027633462348154 0.00030025605875549054 1.0
0.061124103533503456 0.2785781786224681 0.7626619910002352 -5.283292080699792e-06 -2.014728806641838e-05 -1.9561910287674497e-05 8.72639453793723e-06 0.0 -0.0008944154165109876 0.2553730287889826 0.7634936670837214 0.0003965462003170644 8.369758987695e-05 0.00016029187897213695 0.0006606814360187218 1.0
0.06112535989266687 0.2785738545883136 0.7626663964208635 5.935706446060033e-07 -1.1609526353520153e-05 -1.0731454290581528e-05 8.748135886341992e-06 0.0 -0.0006760223623905155 0.25544161298920354 0.7635363254537397 0.00022835282378815555 0.00011775583343844216 0.0001413158380684284 0.0002639855668435244 1.0
0.06112099092031592 0.278570033134758 0.7626603103953513 2.355473851775621e-06 -3.5831367194710134e-06 4.4126129434136874e-06 7.875695838497704e-06 0.0 -0.0005155653917069045 0.25555004144844745 0.7634967721663256 0.00019881047357547365 0.00019650330399963146 -0.0001071353218875849 0.00014132846603890107 1.0
0.06112435046408609 0.27858423949125327 0.76265878970541 4.203855923160446e-07 1.2718056749431254e-05 -1.490583290457236e-07 1.529491479878606e-05 0.0 -0.0004053661412451148 0.2556272232561726 0.7634810813188289 9.755692997329352e-05 0.00012403994793002806 -8.042324687369122e-05 0.00015625864337515843 1.0
0.06113141002063049 0.27861737791792324 0.7626655854675681 6.252757347603153e-06 3.5057212953395355e-05 4.5508451475376695e-06 3.424613696653711e-05 0.0 -0.00017383457494716552 0.25571810572479775 0.7635271695756353 0.000109132866042045 7.616690544084086e-05 2.731736827374517e-06 0.00026698803445433144 1.0
0.061126765735345215 0.27862908875063236 0.7626692130467964 -1.4938171737712137e-06 1.9202808124924397e-05 3.799283966214904e-06 1.3514522936605002e-05 0.0 0.000299317037566223 0.25584044696646185 0.7636720247439901 0.0004475356701371251 0.00010915125919852802 0.0001515789541393219 0.000503436985002683 1.0
0.06112207481871006 0.2786426663154946 0.7626710755053288 -5.125422840506127e-06 1.1865831362248252e-05 3.0414290691448787e-06 1.327229504650153e-05 0.0 0.0010721951955681229 0.25603322677630147 0.7639243810196086 0.0008253244281586093 0.00019764863473427884 0.000271873189651062 0.0008266758891135941 1.0
0.06111698325074975 0.2786334045516473 0.7626927865189213 -6.561556074372689e-06 -1.007164514965339e-05 1.9994777358645575e-05 2.4749911528460835e-05 0.0 0.001798731534209612 0.25625476891820237 0.7641123261576203 0.0008427346014551374 0.00023878527384777365 0.00023681078511496404 0.0007936570471894853 1.0
0.06111187218769087 0.2786215498305539 0.7627178083168943 -5.982788214656713e-06 -1.727620545044272e-05 2.6403017400452886e-05 2.9075567334702128e-05 0.0 0.002044033044453539 0.2566077384918567 0.7643035701840657 0.00031033447493784296 0.0003385182440271378 0.00018586402740053436 0.00045884209733736744 1.0
0.0611119137000237 0.27861618643037356 0.7627032455167114 -4.866510811898426e-07 -9.336146347288663e-06 -7.346859423759291e-06 1.5027677446474172e-05 0.0 0.0023578343709370216 0.25629875727771073 0.7644135966265729 0.0001938593771951491 -0.00019427248063367484 9.352178369225664e-05 0.00044984681951869775 1.0
0.06109654099588778 0.2786347688275091 0.7626616667281612 -1.0889320261646382e-05 1.8661510265409312e-05 -4.22675814284882e-05 4.6575749667858424e-05 0.0 0.0030523041619292222 0.254723833638967 0.7642491867838593 0.0005380007536259021 -0.0014851912265846923 -0.00015437454690580144 0.001733809680690487 1.0
0.06103893609207902 0.27862244184495427 0.7626411925868315 -5.2767407395807286e-05 -3.2118676456747083e-07 -3.310112756961712e-05 6.445764931334483e-05 0.0 0.003809540523810531 0.2525450188889249 0.7638548762911024 0.0007935986642553861 -0.0023610419226548877 -0.00041099971304060177 0.002377400490296156 1.0
0.06101404417153144 0.278605158382077 0.7626480735755589 -3.814749733895158e-05 -1.727296125745425e-05 4.1083887991028773e-07 3.099935818717248e-05 0.0 0.004314463675205814 0.25035051350395565 0.7630730039424436 0.000657639738478088 -0.00244418266573294 -0.0007813885206234192 0.002351998175829273 1.0
0.06098033358139273 0.2785791905444809 0.7626153111492796 -3.342237546097215e-05 -2.9178957333044497e-05 -1.7757423030914524e-05 5.120888704947179e-05 0.0 0.004543630519666662 0.24875469639791195 0.7619688981012871 0.0002992723489876072 -0.001702978523012688 -0.0011258757173199909 0.0019261709756819778 1.0
0.06092323368407624 0.27857539911780294 0.7625894026976354 -5.0169448519891834e-05 -1.3112084966519513e-05 -2.174347704367454e-05 6.487671575657323e-05 0.0 0.00485551291065874 0.24751915321803203 0.7609366265966295 0.0001913567656566113 -0.0010277607442860253 -0.0011072309380517622 0.0016561520959443134 1.0
0.06088199080010465 0.27857732970771815 0.7625910775096011 -4.26746397111677e-05 3.588966113781771e-06 -4.89053012105396e-06 4.242872418018806e-05 0.0 0.0050262862803869286 0.2468693379584938 0.7603689226403292 9.396942358996254e-05 -0.0004231652791164553 -0.0006153981447411211 0.0009132591950355866 1.0
0.06085811757419588 0.27857792774860457 0.7625908407617141 -2.553679682057432e-05 7.76134430981519e-06 -2.1664344539001043e-06 2.143587417305915e-05 0.0 0.005129529186693167 0.24635536083420767 0.7599712509631511 0.00012109378261055843 -0.0003843784704351663 -0.0002941506513352873 0.000629633531216403 1.0
0.0608472867875091 0.2785662475135001 0.7625988003229283 -1.1132311077978953e-05 -6.1933458836370325e-06 8.86730865574848e-06 1.80029903581363e-05 0.0 0.005824185373178962 0.24567725612096583 0.7596489204298512 0.0006586563649895133 -0.0007010989503515362 -0.00020518415690799578 0.0010254293689072821 1.0
0.06084607926201771 0.2785599657350293 0.762592286981356 9.928563174518939e-07 -1.230503451520569e-05 6.574928925885034e-07 1.0970745841009211e-05 0.0 0.006553440648782979 0.24509286033433086 0.7593964947438532 0.0008243469843326423 -0.0007341115501179535 -0.0002206242192190095 0.0009880395654206008 1.0
0.06083974050031654 0.278554679627993 0.762580757778608 4.155052811700356e-07 -8.950724755901444e-06 -1.2669088527099071e-05 1.3126500660761963e-05 0.0 0.007758834137263061 0.24378490100282332 0.7586999270621263 0.0012048936575272656 -0.0013054366629087605 -0.0006876542164092239 0.001879837767145022 1.0
0.060820081117812855 0.27855209669049724 0.7625818345368692 -2.0742724968196853e-05 -3.4071368483908547e-06 -8.375600905656011e-06 1.966326414479008e-05 0.0 0.008526644556947263 0.2433005784147369 0.7584593590840134 0.0008998511538248722 -0.0007186644809233779 -0.00044058810795608147 0.000967676267846673 1.0
0.06079638179318993 0.2785268934863476 0.7625710880580362 -3.0212409221269556e-05 -1.8753846079448854e-05 -8.265163126572935e-06 3.641758862527565e-05 0.0 0.009217702444489847 0.24319781366476825 0.7585142230364921 0.0006573932768104401 -0.0001058239743937752 1.8150320109809517e-06 0.0006636209403189086 1.0
0.06078369842166328 0.27849306664935836 0.7625305009519331 -1.7541875072633415e-05 -3.443501678236604e-05 -3.397095718531803e-05 5.442735009649471e-05 0.0 0.00960944745274378 0.2430323109217878 0.7584854806421962 0.00030397232164183996 4.36064269705072e-05 9.805820131274451e-05 0.00044092407950410673 1.0
0.06077686885453904 0.27848529716531817 0.7625260385583383 -5.901206329989691e-06 -1.596719839082121e-05 -1.367019111434596e-05 1.1738586354700588e-05 0.0 0.009832242880061064 0.24299314030827773 0.7584459308009057 0.00013787745959294737 4.886371419473223e-05 3.124831745698019e-05 0.00025330394120385256 1.0
0.060762716419892206 0.278478918676544 0.7625246829163785 -8.45137029759622e-06 -5.194554873740846e-06 -2.677622327376881e-07 1.3716144277513316e-05 0.0 0.010207920255494095 0.2430403222151078 0.7583932355445554 0.00033184809883928803 2.3581884359849352e-05 -5.8955668668530235e-05 0.0003753884636971827 1.0
0.06075277692102246 0.2784768126232145 0.7625256393278445 -8.550776268667464e-06 2.8272342655321407e-06 4.4037180463778795e-06 1.1758064779035168e-05 0.0 0.01045889413938322 0.24326572356530285 0.7582843525395132 0.0003141443586707806 0.0001320945161401789 -0.00016298912094214323 0.0003341081803151275 1.0
0.06074629580004615 0.2784802979975894 0.7625274982374284 -8.12448189912907e-06 6.350906470837911e-06 5.740450836127017e-06 8.301041821537592e-06 0.0 0.01077162584160705 0.24356379695812044 0.7581430184793911 0.0003771687153641222 0.00023500201595893794 -0.00020155105627716756 0.00046872361881650725 1.0
0.060737109738614195 0.2784711378816409 0.7625290960010267 -1.0238491076142847e-05 -7.2285497850769944e-06 2.4820449677417784e-06 1.1908135911220307e-05 0.0 0.01096802565196601 0.2440343450954322 0.7579201388548096 0.00021887301477174206 0.0005266385174317564 -0.00018490628836296565 0.0005489204799239186 1.0
0.0607333679376015 0.2784670658830049 0.7625258316145492 -4.738389471047038e-06 -9.909642495822891e-06 -6.605408447170594e-06 6.238058272171966e-06 0.0 0.010995146457833505 0.24435993822373706 0.7581563486047349 4.11511820945093e-05 0.0003875685027697713 0.00017973403086389152 0.00041102913129677416 1.0
0.06072433118942932 0.278460048359889 0.762516135311713 -6.84344641848611e-06 -8.802054004873776e-06 -1.2473427814090474e-05 1.551012675600448e-05 0.0 0.011008893082199902 0.24447126149475096 0.7583530610742408 -4.4420011062631915e-05 0.00011226730188266691 0.0002578359835341285 0.00022181471475645734 1.0
0.06068630461658532 0.27845620915839614 0.7625120895811297 -3.422539016209345e-05 -3.1567846308074447e-06 -4.113057547385388e-06 3.8129528127443315e-05 0.0 0.011124392234893019 0.24464212366471452 0.7584053867278597 7.0932082518606e-05 9.982344588895352e-05 0.00013023240625195358 0.00020808723782801854 1.0
0.06065485388842042 0.2784582456892189 0.762520679587635 -3.7750856267949424e-05 1.9945212422800375e-06 6.960589685343443e-06 3.354882322066656e-05 0.0 0.011362991047984822 0.2447422429858866 0.7584235729867029 0.00025098965918377166 7.45903645644972e-05 7.809573575891455e-06 0.00027061227354719167 1.0
0.06063740902230816 0.27846327599097814 0.7625205548460595 -2.199557163163379e-05 6.7557491965214976e-06 4.199553372182981e-06 1.7206398168772432e-05 0.0 0.01160895284242103 0.24480431977009887 0.7584558078101923 0.00029118562933262677 7.403485353852625e-05 -3.004831488175852e-05 0.0002548263762068158 1.0
0.060630891840756124 0.27846133358274017 0.7625240486535916 -5.026531174109853e-06 5.075076167755752e-07 4.3744935436622165e-06 7.176207977826025e-06 0.0 0.01175440546679161 0.2448918738770406 0.758430189068895 0.0001977750621348799 0.00010604967390532628 -5.9204434157218434e-05 0.00016411618635205468 1.0
0.06062498894489868 0.278459067970108 0.7625266356697251 1.2379133067008616e-07 -3.809749511650132e-06 2.2723092168156057e-06 7.807105713057049e-06 0.0 0.012093014764047038 0.24503707849844514 0.758320507285813 0.00028342328326384374 0.0001637694872404351 -9.795891444805153e-05 0.00038121487347485625 1.0
0.0606239317999576 0.27845562575828325 0.7625291073232237 2.1451004290893537e-06 -4.600283870904276e-06 8.571349970831265e-07 4.7092500966362685e-06 0.0 0.012292741565715424 0.24513800542271474 0.7580711405751048 0.00020222366802546865 0.00011136271394578167 -0.0001994240599781627 0.0003486388730540958 1.0
0.060623082438517106 0.27845369108714313 0.7625269146823752 -2.0716563281106542e-06 -3.400114910451748e-06 -2.527583683279782e-06 2.3003939409558336e-06 0.0 0.01251836305377648 0.24529435497938146 0.7578274031448639 0.00021189890172145943 0.0001433762448675271 -0.00027398421903499014 0.0003591181352423359 1.0
0.06062396172264484 0.2784612641949809 0.7625139395419364 -3.1313178404320075e-06 6.826243637525492e-06 -1.1388730527449939e-05 1.4882878388939926e-05 0.0 0.01308659512335655 0.24555727746431014 0.7575998679133324 0.000521028748949423 0.00025638880373458743 -0.0002518439517544005 0.0006603812448257087 1.0
0.06062187003556893 0.2784601425809675 0.7625087261436717 -2.127693588827358e-06 2.6836898716428883e-06 -7.666245017662113e-06 6.422792523240834e-06 0.0 0.01320600371401004 0.24563734653348965 0.7575282608554358 0.00023467445124968975 0.000115541114286684 -8.033824125302139e-05 0.00017927107913550595 1.0
0.06060124365565981 0.2784538904637027 0.7624886343879476 -1.783235091980374e-05 -5.185232151947643e-06 -1.8756917336116944e-05 2.8645640150216812e-05 0.0 0.013490978243874489 0.24575635443851837 0.7573046476267881 0.00023622157600686232 9.639834118394886e-05 -0.00015618461806263023 0.0003558597787095311 1.0
0.0605906943436938 0.27845854936082404 0.7624840588296623 -1.4648489833055732e-05 8.166532005660486e-07 -7.233430148871041e-06 1.3372829130144286e-05 0.0 0.013517433130826123 0.24576460864760816 0.7572318707440276 3.323757202253422e-05 7.464722052694702e-06 -8.775736999891182e-05 9.497568748512809e-05 1.0
0.060579503740151926 0.2784572806867325 0.7624834882522277 -1.2103057010628302e-05 -5.216998406564889e-07 5.951368179278594e-07 1.0433389316207591e-05 0.0 0.013488864551682182 0.24576426631277998 0.7571028185096899 -5.571730046044642e-05 -2.027226256211887e-05 -0.0001247062743576419 0.00013076795786541278 1.0
0.06055709538850953 0.2784504497148631 0.7624897947536534 -1.923775961921386e-05 -5.732415350494892e-06 8.094668797240391e-06 2.4247930171279766e-05 0.0 0.013404089695440996 0.24575721248489907 0.7568844866854962 -0.00011636912330951246 -1.7501072207550968e-05 -0.00022096315387445673 0.00023174754004744088 1.0
0.060535226640274505 0.27843781796694556 0.7624899311124734 -2.1656845252735067e-05 -1.204912293807101e-05 2.892953238824253e-06 2.6107955150514328e-05 0.0 0.013313408935318431 0.2458118673466339 0.7565743021755593 -8.034254534982561e-05 5.986269641405964e-05 -0.00031676406688536246 0.0003264892586921324 1.0
0.06049093730842498 0.2784210297283044 0.7624802236139265 -4.148105149303716e-05 -1.7460390089571758e-05 -9.253183861447053e-06 4.788903478963902e-05 0.0 0.01341239834741732 0.24606380709740086 0.7561805565960928 0.00010172820495009833 0.00024786493203895945 -0.0004060629740539127 0.00048342068607520796 1.0
0.060443584792572155 0.27841616581971357 0.7624783423644262 -5.090516682823721e-05 -8.857083759308303e-06 -6.203504580944108e-06 4.7469059206314726e-05 0.0 0.01345635471899719 0.24617288667870615 0.755980139984528 7.29415414906649e-05 0.00016218841470853272 -0.0002467422511159105 0.00022580892638918843 1.0
0.06035408003062073 0.2784180081533133 0.7624899915504286 -8.702889018099828e-05 2.6479863787578745e-06 7.45132604437949e-06 8.996228589524415e-05 0.0 0.013826172930346015 0.24665002377196962 0.7555028563391983 0.00036337439972004447 0.0004340630428405132 -0.00041995913905964116 0.0007617023288407242 1.0
0.06026529329762165 0.2784230286501285 0.7625053832472419 -9.353075309339597e-05 8.829157447590027e-06 1.8716867613037876e-05 9.14435130108951e-05 0.0 0.014152338845042653 0.24698408308628528 0.7551973668678513 0.00035967295528432805 0.00037628070767345423 -0.0003178024919577479 0.0005830078349269847 1.0
0.060209133944221546 0.2784055920181785 0.7624996316637658 -6.372400323144112e-05 -1.2456291604060833e-05 1.0772052944029577e-06 5.8357759219352904e-05 0.0 0.014192134727463898 0.2469201922910789 0.7550945728262713 9.358935691942793e-05 -7.320126021195755e-06 -0.00012785410279097603 0.00011370297063654818 1.0
0.06013652518017158 0.2783948407895968 0.7624915427567334 -6.406349658166985e-05 -1.552803013341624e-05 -9.562695871023452e-06 7.246265755566668e-05 0.0 0.014381281075118114 0.24687990187958486 0.754971708262249 0.00010608385526972574 -0.00012329194553215383 -8.59025651321583e-05 0.00020870362157931653 1.0
0.06000301112347303 0.2783811787803442 0.7624744180833051 -0.00011889741446063923 -1.708890885277146e-05 -2.1018597322590344e-05 0.00013666253995791975 0.0 0.01460516954543299 0.24691121265023083 0.7548948970860302 0.00017842994219434077 -4.181561962112117e-05 -5.964910272531995e-05 0.0002652411724402096 1.0
0.05990865474632298 0.27837200564499887 0.7624734574699813 -0.00010828816993327721 -1.0722122592242239e-05 -7.1528882845629085e-06 9.767844453050821e-05 0.0 0.01460037872942663 0.24693072341997818 0.7547879457649694 3.887528163566369e-05 2.9105294622925205e-05 -9.691836680662976e-05 0.000118558334894177 1.0
0.05970661506056862 0.27833553874590616 0.7624725087895156 -0.00019147896248699099 -2.9797178716703423e-05 2.2388025426496554e-06 0.00019929422579208138 0.0 0.01444968376996116 0.24687466855484289 0.7546627543002538 -0.00013537009776037564 -2.99319483736612e-06 -0.0001388702120656478 0.00017217600852483499 1.0
0.059548039602934276 0.27830780250989806 0.7624599481235946 -0.0001796619104802334 -3.041062417041999e-05 -5.904104810232292e-06 0.0001663499474853132 0.0 0.014425948619922984 0.2468922868934132 0.754623301048238 -5.410268031946773e-05 5.658484507458099e-05 -9.572462881701538e-05 6.421508208924088e-05 1.0
0.05921563408029984 0.2782817427116157 0.762500282414953 -0.00030797611300632235 -2.8262155281823327e-05 3.2725651576071956e-05 0.0003321469892830147 0.0 0.014455341933833507 0.24687975454365202 0.7546041665157608 5.219170272729393e-06 -2.1761254466792822e-05 -4.356661969553456e-06 3.967842703860979e-05 1.0
0.05894853652630172 0.2782511155574513 0.7626200299608968 -0.00029119646458120984 -3.048480140004406e-05 0.00011247057352364687 0.00029953054859998776 0.0 0.014466045904599151 0.24687048813549564 0.7546047836568884 3.212276666687689e-05 -3.887465215819132e-05 2.4177914255186974e-05 9.483812850519442e-06 1.0
0.058730950949602616 0.27818905914947606 0.7627602109023935 -0.00023074039307968138 -5.547927225279801e-05 0.00015338849784666064 0.00026131286341976335 0.0 0.014468118883626549 0.2468590728044386 0.7546090885823804 5.1352642155526364e-05 -5.41642126939013e-06 1.1553356152589709e-05 1.531521664370383e-05 1.0
0.058423440168765495 0.2780387880470159 0.7630197956832789 -0.00027874014285707825 -0.00014135805734691325 0.0002554671939138998 0.00042764019964990497 0.0 0.014474207854565553 0.2468464631404995 0.7546169729721783 8.523751367244382e-06 -6.9948437828629344e-06 7.718408001334266e-06 1.689443802572221e-05 1.0
0.058093456314684086 0.2778000360220778 0.7633100302569493 -0.00031781321274362655 -0.00024287699342314713 0.00030265222155466013 0.000507194325993566 0.0 0.014472165217170312 0.24682894747318032 0.7546299504498415 -3.243810020928396e-05 -2.1278906688978592e-05 1.6220172809126008e-06 1.766252517162008e-05 1.0
0.05765874657297259 0.2773939963939421 0.7637086624621758 -0.0004321654141289824 -0.00040734317914231655 0.00039020087127244693 0.0007140801096430332 0.0 0.014463785379695964 0.2468163717451908 0.7546406313217592 -2.287651134816691e-05 -1.775598172552488e-05 6.361240863614836e-06 2.189064085778059e-05 1.0
0.05703450545970894 0.2766478402074287 0.7640681423987818 -0.0006205815168555739 -0.0007285678835448 0.0003736283952846224 0.0010321386289682583 0.0 0.014456203071821628 0.24680346293449165 0.7546496808691061 1.3470628375001085e-06 -7.345576215083133e-06 1.3299009625464972e-05 1.6088378011938496e-05 1.0
0.05623900271901358 0.2756883680704468 0.7646304853690522 -0.0008200571492946824 -0.0009866394278352185 0.0005314831084378442 0.0013730187486989097 0.0 0.014445117994499867 0.2467931194755283 0.7546534708810738 -6.880214948626256e-06 -1.2015481874076346e-05 4.601222144521242e-06 1.6116207854884705e-05 1.0
0.055458042220035725 0.27474552563075266 0.7649734042492663 -0.0008158736537972383 -0.0010005284947831993 0.0003896579630991861 0.0012742875185130652 0.0 0.014445855538556731 0.24677333318637287 0.7546519790488012 -2.1931526990619563e-06 -1.7321328600187173e-05 -1.1154949944679086e-06 1.9872574828293494e-05 1.0
0.054565944201350414 0.2736354044143417 0.765338895886223 -0.0008791113841007717 -0.0010880499651045857 0.00034345733048392584 0.0014536355322427798 0.0 0.014513873323958681 0.2467480060225201 0.754649409010279 6.041522407610461e-05 -2.5710968974653054e-05 -3.831641241957004e-06 7.222519760091714e-05 1.0
0.053581968531347224 0.272338728326838 0.765682914069469 -0.000964317278891329 -0.0012511504591807175 0.000325488149732743 0.001676615265082831 0.0 0.01459325824566654 0.24673006620965646 0.7546503010317496 8.959457335552926e-05 -2.136632961404279e-05 1.6847275184001708e-07 8.27740448588506e-05 1.0
0.052165849540992355 0.2702324675383744 0.7659305425590657 -0.0013492036318118522 -0.001992686182170608 0.00024714823174414014 0.0025498991310524115 0.0 0.014648962806542275 0.24670804074261507 0.7546702025848717 6.855093417310495e-05 -2.1674364094488455e-05 1.85819862750135e-05 6.198743851519341e-05 1.0
0.05101257166526321 0.26841651806595246 0.7661618213893477 -0.0012539383734657978 -0.001984615362083678 0.0002269227017146657 0.0021835788495299744 0.0 0.014643248519984291 0.24665470896748215 0.7547381023899291 -2.1218705739129895e-07 -4.760907482194723e-05 6.503243270254771e-05 8.491277360719652e-05 1.0
0.04975771702279219 0.2666041654899779 0.7661048694270585 -0.0012585917129417032 -0.0018781371495150841 -1.7109612515361255e-05 0.002162058517517187 0.0 0.014604831547970031 0.24660611826500053 0.7547647006779798 -5.244758701967013e-05 -5.287085164556752e-05 4.2046690705270645e-05 7.010730834168984e-05 1.0
0.04857732366102365 0.26512815008088364 0.7661920010853717 -0.0011672284767506 -0.0014709645657997408 4.047482904259551e-05 0.001908308008379931 0.0 0.01459486442022305 0.24656756484692502 0.7547764797126935 -3.35765216025767e-05 -4.2988172176010634e-05 1.331678971105203e-05 4.124224687960611e-05 1.0
0.04684874852636315 0.2629626306868104 0.7657538638133562 -0.0016030478265173114 -0.001926591296198441 -0.0003834464322045296 0.002807380670997956 0.0 0.014659778222301236 0.24654561052113225 0.7547376040509722 5.565955668177587e-05 -2.3219443433246464e-05 -4.121971251863912e-05 7.64778989403734e-05 1.0
0.04552723511739123 0.2613689408867968 0.7655012035962071 -0.0014391117801517053 -0.0016940287919897574 -0.0003236430799563333 0.002127792846971222 0.0 0.014748957671879687 0.24654615354769094 0.7547305101951691 0.00011216429312651344 3.676622098731402e-06 -2.675063993450629e-05 9.214677547721288e-05 1.0
0.04441058548430949 0.26004989418248153 0.7651324108333836 -0.001171293969923699 -0.0013923286250403211 -0.0003626654211237749 0.0017027271144247254 0.0 0.014794084034492082 0.2465307123595693 0.7547579288324557 7.346350959637383e-05 -5.008710587272173e-06 2.033649886560517e-05 5.50740964731903e-05 1.0
0.04322582316569522 0.25864134196676897 0.7648055428824811 -0.0011275642763370194 -0.0013788226719212043 -0.0003202834256140587 0.001876571230093502 0.0 0.014738370118067647 0.24653446543675506 0.7547127481819307 -4.54094684314663e-05 1.891481324217302e-07 -2.0220024198221233e-05 6.838980086821953e-05 1.0
0.04222867073177181 0.25749825185098724 0.7646898605307556 -0.0009458069962831853 -0.0011074006787259879 -0.00011728629722826444 0.0015607147301346723 0.0 0.014745252831406081 0.24652388927953156 0.7547158893978553 -3.497546827974894e-05 -1.2455896613623874e-05 -1.223270248281122e-08 1.621217367296227e-05 1.0
0.0414228428569071 0.2566684277777532 0.7646906783852634 -0.0008097145000223371 -0.0008398787268388431 2.834432879891366e-05 0.0011479631714175274 0.0 0.014802022676061172 0.2465036006070126 0.7547849300123338 3.473107487140252e-05 -2.193534586703625e-05 5.670008665774436e-05 8.9901797390056e-05 1.0
0.04083829822534189 0.2561677356317261 0.7647812956559871 -0.0006108680834791518 -0.0005169645423982062 0.0001291808256952485 0.0007405148091359981 0.0 0.014721838633837383 0.24649852674412862 0.7547527642315742 -4.312051952550834e-05 -1.0385880080118194e-05 -9.24037932030905e-06 8.907896791373328e-05 1.0
0.040570330975563965 0.2559947828357625 0.7647836856893296 -0.0003135563121948544 -0.00020614377734788658 9.419181441265969e-06 0.000346738174986912 0.0 0.014739947988999157 0.2464855883646092 0.754778681030367 9.110615276920109e-06 -1.0197306567645663e-05 1.0938653410148534e-05 3.289284329254009e-05 1.0
0.04034219454759605 0.25588772783846303 0.7643199768163292 -0.00014632891008124348 -8.469950713704474e-06 -0.00040811013976894636 0.0005212399684009577 0.0 0.01475768643531501 0.24649407711805393 0.7547674899420894 2.072793225148767e-05 7.5006223768792165e-06 -5.8916263538125645e-06 1.984562245296047e-05 1.0
0.040346850115916426 0.2557752862751906 0.763926814469743 -3.5341159041761463e-06 -9.492330867991454e-05 -0.0005181703040358253 0.0004190262377320123 0.0 0.01478401925191306 0.24664166122200146 0.7546092598878595 2.4657278026250776e-05 0.00013085241439304143 -0.00014285408035733874 0.00021811109139684777 1.0
0.04043153528835085 0.2557166537527448 0.7636475347740737 6.689501533863572e-05 -0.00012642592970564482 -0.00035982819200191754 0.00028953550391838494 0.0 0.015003840113809569 0.24686095169952924 0.7544606101011866 0.00019378207261025137 0.00023241916151758106 -0.00017770754248050085 0.0003523708225353428 1.0
0.04048246244763975 0.2557084883191559 0.7634980634696986 5.767190277465649e-05 -5.245557805927826e-05 -0.0001295597151813176 0.0001479813555459353 0.0 0.015046673150043786 0.24688838291307555 0.75444209419858 0.00010370200915644134 7.997988394361186e-05 -4.6715399725728296e-05 5.184003489595985e-05 1.0
0.0405217038238132 0.25561268770299683 0.7634646608847555 2.4712677857118177e-05 -8.670833007848994e-05 4.006796594588286e-05 0.0001155183345026567 0.0 0.014939885409884477 0.24685912256638806 0.7544544042439569 -9.119603043145395e-05 -4.1756683386130445e-05 3.128988647411731e-05 9.52010439968282e-05 1.0
0.04052104868369862 0.25552125485789895 0.7635048973020487 -1.3092977840896284e-05 -8.386570609174011e-05 0.00010517087493485896 0.0001099706276654793 0.0 0.014927137395972769 0.24684366757647272 0.754477579952257 -8.008218263279381e-05 -6.211763812729004e-05 5.077010153867882e-05 4.6085739080985435e-05 1.0
0.040488244233463984 0.25544598719805955 0.7635635811794855 -4.177287282713417e-05 -6.945261551118365e-05 6.226116906485031e-05 9.247186095811459e-05 0.0 0.014806301534351614 0.2468281704665364 0.7545002495409451 -0.00012180535991413127 -4.0346890884410456e-05 4.499211960517192e-05 0.00012669741629283023 1.0
0.040471692894898444 0.25548386882675905 0.7635040664914826 -3.1973688695232814e-05 1.9930333712416567e-05 -8.708787856568075e-05 7.326889986328228e-05 0.0 0.01476176854871021 0.2468151775549081 0.7545175508489045 -6.0822744485916324e-05 -6.465841685496609e-07 5.466101924680689e-06 4.526492196418457e-05 1.0
0.040359938299081285 0.2553782567438181 0.7633307275682542 -8.010706066865437e-05 -6.490519338142047e-05 -0.00019023611579239302 0.00022842121583389126 0.0 0.014763727726930886 0.24682373524892243 0.754516676530502 2.141822632484983e-05 3.756540467029555e-05 -2.4250703393872058e-05 2.2353461302110423e-06 1.0
0.04004836235394296 0.2551379872226223 0.7627879084457805 -0.0002841224444759195 -0.00021693935416972846 -0.0005314978964018637 0.0006738579709008993 0.0 0.014740695288890325 0.24682470473653073 0.7545146717449384 1.684676425790564e-05 1.630053264442335e-05 -9.493150279640442e-06 2.8466748704881724e-05 1.0
0.039809678063072826 0.25502179408005293 0.7625396726768541 -0.0002845088263095379 -0.00016758798881515751 -0.0003563061598717859 0.00037613005873509683 0.0 0.014741947926203265 0.24681973465854842 0.7545238736247288 -9.806237700666801e-06 -1.6835392346963794e-05 1.3202364428080378e-05 1.1408907476528462e-05 1.0
0.03904782292712223 0.2546149387374351 0.7622341126483964 -0.0007007624024196303 -0.00038252396353537 -0.0002840494610475172 0.0008850110186897315 0.0 0.014745774302147603 0.24680809015098878 0.7545441877815998 -4.7722209896040146e-06 -1.683213749954039e-05 2.2794373092431843e-05 2.4461883795647108e-05 1.0
0.03801891775892222 0.25392669371519566 0.7618648102976472 -0.001051607860342126 -0.0006716125951927397 -0.00030657423072182397 0.0013138725882140584 0.0 0.014791341832047828 0.24681609493851256 0.7545366974904687 3.955023356250069e-05 2.3520546907679095e-06 2.285214518325371e-06 4.3133582665131376e-05 1.0
0.037318196565309776 0.25323438777314855 0.7616533435939273 -0.0008239272851279788 -0.0007414693933668012 -0.00020331429956010563 0.0010215341437345335 0.0 0.014827936692536833 0.24680477491395592 0.754548421404568 3.37105741492361e-05 -7.915138558853011e-06 8.195292532282769e-06 4.279316947745856e-05 1.0
0.03666214458698229 0.2524140465195231 0.7612324361077548 -0.0006346787607754137 -0.0008265055607224428 -0.0003770946777515117 0.001096738700761426 0.0 0.014837928270846264 0.24678016159543126 0.7545567321819986 2.2534096111384162e-05 -2.1895348646774675e-05 7.028366199137777e-06 2.704342182912399e-05 1.0
0.03581975904163895 0.25142157127955184 0.7604753392995858 -0.0007337172835945301 -0.0009803729747326468 -0.0007459262422651149 0.0015126558287499683 0.0 0.01493715098174094 0.24676236538991966 0.7545780985054994 8.285254521578266e-05 -2.023534733264478e-05 1.8063692239551603e-05 0.00010148687820083386 1.0
0.035529171793038966 0.2511288870368926 0.7601079512272063 -0.00033258188206217545 -0.00039027601073526993 -0.000513521483594575 0.0005964162813693215 0.0 0.014944080713682297 0.2467585690259262 0.7545762414319783 2.333415368799695e-05 -8.079489200477919e-06 4.183907954446112e-06 1.2933250351878522e-05 1.0
0.03531791534721942 0.25084213581542886 0.7597133987314069 -0.00016214786950434476 -0.00017183550353670125 -0.0003634967364388741 0.0004709512212379474 0.0 0.014946191872289887 0.24673956367959535 0.7545926343946351 -7.308884601845983e-07 -1.4430538113168138e-05 1.3571599559695974e-05 1.9485525937988307e-05 1.0
0.035118322259295974 0.25048132615975194 0.7592393824487234 -0.00019132945966955634 -0.00027037538592720404 -0.0004181009832657888 0.0006474412965008182 0.0 0.01495363194867704 0.24673123298321592 0.7546038473309349 -2.1874189890636187e-06 -7.999182253309408e-06 1.1341430054698122e-05 1.7729395242892728e-05 1.0
0.03498648971350287 0.2501990144889871 0.7587283331736387 -0.00013946836377966342 -0.0002957332542964763 -0.00047684084242630533 0.0006321932528207362 0.0 0.014960006091986671 0.24672727500555613 0.7546046718819425 4.042982960594458e-06 -2.737020533974497e-06 7.365755870680552e-07 9.852878187335422e-06 1.0
0.03479093138704947 0.249836863392939 0.7580279915754564 -0.00018602090369478584 -0.0003956993959834032 -0.0006800316913675379 0.0007833447835009241 0.0 0.014975091623035845 0.2467242094841236 0.7546088626726088 1.4261447569673846e-05 -4.404041705917674e-06 3.9352165880860675e-06 1.4387621832849924e-05 1.0
0.03471703700778454 0.2494976462429072 0.7571369239489257 -0.00014423249548737433 -0.0004157068544814866 -0.0009397253942256591 0.0009453569560433176 0.0 0.014978502103697588 0.2467164636880009 0.7546166442216545 1.2210165506075479e-05 -7.326574364480489e-06 6.5695173209481345e-06 1.002227459325654e-05 1.0
0.03491699569237064 0.2485876261162718 0.7555297990306189 0.00014369163697859535 -0.0008487813021030235 -0.0015737941131170586 0.0018725249823833931 0.0 0.014966149042446907 0.24671124617938325 0.7546250379742075 -3.523835581365052e-06 -5.375907152590088e-06 9.192507858457448e-06 1.7934542112732947e-05 1.0
0.03520574334418776 0.24747585564404512 0.7541868286018523 0.0003606598426567799 -0.0011121632144315205 -0.0014662843751413381 0.0017845763443393393 0.0 0.014982585192754208 0.2467055582043304 0.754636312415755 1.8559655104056095e-06 -6.055643600260682e-06 1.0977797034779505e-05 1.955732620730863e-05 1.0
0.035128284370528555 0.24667385517297302 0.7535701831516911 2.520278868879268e-05 -0.0009422354006454645 -0.0007493407399166571 0.0009922245448261051 0.0 0.014999685895987977 0.24669408348221267 0.7546499625215378 1.807761934304143e-05 -1.2078325369846704e-05 1.5776836883997956e-05 2.5185324999482754e-05 1.0
0.03489877170805651 0.24602799152107116 0.7533608189607652 -0.0002541614911804026 -0.0006494484732181833 -0.00010292562938151259 0.0006937976841022565 0.0 0.015013357434702949 0.24668808273276774 0.7546603047817753 1.8397032697749002e-05 -6.595249206986316e-06 1.0601377644649078e-05 1.8237173140300472e-05 1.0
0.03453882681927001 0.24542417916100132 0.7531346241023075 -0.00043791239893272463 -0.0004939680773269777 3.5483534151328528e-06 0.0007700485900528418 0.0 0.015016834231998446 0.24668372987101594 0.754670393681293 6.845152074725757e-06 -4.0174204950965035e-06 8.794289311451387e-06 1.102032959309939e-05 1.0
0.03421923997692684 0.2450414416977244 0.7528916865621355 -0.0004008720016958204 -0.0003247730053239357 -0.00016395826445317758 0.0005796479705104173 1.0 0.014989215286512321 0.24667814072049174 0.7546770658297056 -2.552916990431994e-05 -4.594471521743678e-06 6.6027565496879885e-06 2.903767824252017e-05 1.0
0.03414765087169618 0.24496782317806823 0.7528188720216173 -8.57061647707216e-05 -8.340475657493207e-05 -0.00019757643616972423 9.040706290872546e-05 1.0 0.014989491617354878 0.2466759625816329 0.7546820095538874 -1.2645455579034868e-05 -2.423218077486752e-06 4.444118335382074e-06 6.491907068611861e-06 1.0
0.03405805742840801 0.24490911569734503 0.7526663370604088 1.8495959924241093e-05 -7.098245492939698e-05 -0.0002755866376559608 0.00017138711031746497 1.0 0.014973711803907889 0.24655891141196382 0.7546943373906055 -1.4487707642325232e-05 -0.00010026203251869527 1.0723976509494799e-05 0.00011628729662435024 1.0
0.034063659023059974 0.24487252438287854 0.7526355256876452 5.53115362037021e-05 -3.555252535938653e-05 -6.283196881609176e-05 7.944610595419545e-05 1.0 0.01471125338650019 0.246399261817469 0.7547502460391801 -0.0002231964696019983 -0.0001700790450511276 5.108385194684676e-05 0.0003143871544816884 1.0
0.03403728508841493 0.244879441384265 0.7526569821804081 -2.674150218091577e-05 2.1044747615783094e-06 7.190991505371161e-05 3.0380585902196758e-05 1.0 0.014870414625433837 0.24643286467336484 0.75479748446805 6.654352193476403e-05 -1.417567153007574e-05 5.605754294974735e-05 0.00017438582468024704 1.0
0.03380963803613131 0.24501343268646758 0.7528699688973719 -0.00022781512253931878 8.72704141645197e-05 0.00022307143070741757 0.000325278440834752 1.0 0.014645183307517018 0.246311761948279 0.7548356643436227 -0.00014099876715902907 -7.68872831031695e-05 4.3753728426259414e-05 0.0002455881290411613 0.0
0.033762365438732074 0.24505445081662094 0.7529139496060152 -0.00013565741142979108 4.8692662611924124e-05 9.206178379418382e-05 9.232651666113607e-05 1.0 0.014617985509641088 0.24630515595770902 0.7548303657593378 -5.9938695208149486e-05 -1.0988549533102709e-05 -1.979613712064972e-06 3.762494796155023e-05 0.0
0.03367969634890917 0.2451669444631292 0.7530422204988675 -8.322153285627069e-05 0.00011378425720884333 0.00010894630410029593 0.00017593111772447507 1.0 0.01452784170549202 0.24628406195842614 0.7548061559940035 -7.842612794055202e-05 -7.412206342736318e-06 -3.363923701029772e-05 9.270326406462762e-05 0.0
0.03354775732096772 0.24553513467751592 0.7530682162345449 -9.61437287657122e-05 0.000346609693593837 2.8909887314304772e-05 0.00039232628754039267 1.0 0.014476329138243182 0.24608976812859754 0.7551492013561426 -5.564211832734202e-05 -0.00017026564596766294 0.00027979537982468104 0.0003988400413439733 0.0
0.033349016379220484 0.2466356021388076 0.7527696533334518 -0.00018158233398345085 0.001027059322363815 -0.000285941672971654 0.0011668419153993412 1.0 0.01888777665466309 0.24481129455246461 0.7604127170173975 0.0037761271706469508 -0.0011626005650163676 0.004619027988096621 0.006932246518022108 0.0
0.03311592192548165 0.2469823919853448 0.7534753317839998 -0.00023470140447777978 0.0005859425896363416 0.000511401456475344 0.0008368125440159051 1.0 0.022928244871131865 0.24350852030658654 0.765873778812756 0.0047239792029404966 -0.0014749587594574207 0.00618141097577203 0.007122588603318434 0.0
0.03301199792778565 0.2472941172584351 0.7540298578794831 -0.00014855344989537876 0.0003026112043625788 0.0006880371611814536 0.0006033453335672251 1.0 0.023459526848801374 0.24292072784690474 0.7681525721528714 0.0015374472370152735 -0.0008176178853115142 0.0033583178009615675 0.0022457578633805126 0.0
0.032973157907871586 0.24747670917798495 0.7546793592009658 -4.22977961940738e-05 8.472097070053874e-05 0.0007533062954142232 0.0006844935313916677 1.0 0.02318392785162573 0.24269454084584402 0.7687931043092009 -0.0007296795404928961 -0.0001741929071107164 0.0004142637207517967 0.0005401444315072401 0.0
0.03308036262693351 0.24754857080385673 0.755395121583278 0.00013507602370566444 -3.210271527151277e-05 0.0007275032101370456 0.0007526143056526271 1.0 0.02257821763235761 0.24237681069051145 0.7691656283699445 -0.0014930854984872058 -4.443476788983852e-05 -0.0006905641369833715 0.0010142795936171959 0.0
0.03306850460453928 0.2478134736502502 0.7558985401906513 4.0711732987210286e-05 0.00021070924958507424 0.00049953307631823 0.0005690610119287714 1.0 0.022039531842795036 0.24214541678950197 0.7692633159223022 -0.001069489336608896 -0.00011122156467489191 -0.000570244949864743 0.0007549364029365857 0.0
0.03272381373101215 0.24821374621156062 0.7566408821002417 -0.0003081870527826694 0.0004773929247082572 0.0006050512552179788 0.0008789374146950262 1.0 0.021560665574786725 0.24190587208982953 0.7692873381049904 -0.0002074674551558541 -0.00030136336861216946 0.00021069211596484066 0.0003069490846308463 0.0
0.032526314173355456 0.248771144180779 0.757408295305495 -0.0003018494669960104 0.0006520375109392065 0.0007439308329810421 0.0009951692721684752 1.0 0.021291204841063137 0.241770198904564 0.7692680961609147 0.00042918970856603285 -0.00031533500434473283 0.0007272919671329669 0.00027399339693490236 0.0
0.032990951657234306 0.2489962820330568 0.7577456048469012 0.00032854619232620556 0.0002796219737122923 0.0004885140292328507 0.0006161878599309826 1.0 0.021075294737427662 0.24169583905044026 0.7691851453812655 -7.4040772029574e-05 -0.00010282088676817863 0.0001304204970741388 0.0003192290383924913 0.0
0.03369407819050901 0.24955835030686419 0.7578916715714217 0.0007869006637518717 0.00047782302485923673 0.00011696072862174306 0.0008868723719933795 1.0 0.020880103812338634 0.24166052587368334 0.7690912903282626 -0.00038122259006141994 2.7801171425134762e-05 -0.0002656777798656154 0.000225348794380382 0.0
0.03416812191926359 0.25017370844216 0.7584538679683682 0.0006646321519065959 0.0005773272750659046 0.0004278013561296954 0.0009837080379153991 1.0 0.020653989108986893 0.24166823884907687 0.7689800149822812 -0.0002775696751373572 3.396711267039112e-05 -0.00019952367972434718 0.00023979327899493466 0.0
0.03512245794863494 0.2511554703360018 0.7594172837888055 0.0009113336743459357 0.0009419534202847595 0.0009251738962179533 0.0016723888419711871 1.0 0.02046790535763076 0.24168620124512255 0.7688751277591308 -0.00024209955507292926 1.1283705070493479e-05 -0.0001151197867301101 0.0002153843628480283 0.0
0.034680664880419404 0.25249835040313806 0.7603097074917702 -0.00028284009483274053 0.0013782902463424372 0.0010290346042724592 0.0016743514766670042 1.0 0.020268732767397577 0.24169212957412042 0.7687450355278852 -0.00021517927972718642 5.464931246267166e-06 -0.00013670004145540266 0.00023217168686988138 0.0
0.03467951947201801 0.2550826876173953 0.7608897074532956 -0.0003095698840417595 0.0025118173084409585 0.0007359008298474472 0.002621995794420439 1.0 0.020108138434161357 0.2416777320662613 0.7686319079652284 -0.00016768589969485517 -2.2731743783062114e-05 -0.00011630527457783195 0.00020227490668660693 0.0
0.036769707285845214 0.2568629114254164 0.7622140404661547 0.0016903938635325529 0.0020922597802601824 0.0011519604929109192 0.0030797911547158167 1.0 0.01992657762596971 0.2416448526873127 0.7684913527537431 -0.0001595336396243718 -3.533485896141172e-05 -0.00013717325803156777 0.00023016498179782884 0.0
0.04109322723301536 0.2591735587075381 0.7614765730837062 0.004378422694025207 0.002207354106569341 -0.00048129406262617525 0.0049315190623086405 1.0 0.01980280577959681 0.24161386645988486 0.7683710015230572 -0.00012748362781129054 -3.723364029071887e-05 -0.00012842228963605415 0.00017753580644581642 0.0
0.044180006620446584 0.26075246306071725 0.7626093852006842 0.0039334263944303316 0.0016170709639915287 0.0006192363891490881 0.0037062357893682465 1.0 0.019711216920409686 0.24158842454371934 0.7682887074414575 -9.118113236472768e-05 -2.5709959422866776e-05 -8.702775629742648e-05 0.00012311356487860607 0.0
0.04674452803579424 0.2625700308546989 0.7648419190775015 0.002800003136364208 0.0015990106212635485 0.002151813014435788 0.0037563293581032186 1.0 0.019648670695700015 0.24156203298707107 0.7682311413675831 -6.000551443868487e-05 -1.9363213999538228e-05 -5.3779320030746215e-05 8.932070330067038e-05 0.0
0.048631897329227 0.2645250384974538 0.7676965493755951 0.0015772478655973346 0.0018631271337615843 0.0031386954801729135 0.0039881126401381025 1.0 0.01960432748090291 0.2415160642255383 0.7681800846028318 -3.754775970003313e-05 -3.828828658424258e-05 -4.220993384686639e-05 8.247655119003968e-05 0.0
0.050008105249018414 0.26607301784940296 0.7700180876831983 0.0007931119027823521 0.0016917782883016535 0.002736103801519446 0.0031584480754863094 1.0 0.019589156967038664 0.24147618137354193 0.768142470038131 -1.7864115596172747e-05 -4.276460395642495e-05 -3.689447473390166e-05 5.86033759962315e-05 0.0
0.0517047318808085 0.26742791014673506 0.7720104256917459 0.0014163834961546686 0.0014555012812543036 0.00202671237417135 0.0029019488754594078 1.0 0.019561201863710773 0.24141922584453038 0.7680778815878406 -2.5055053657230714e-05 -5.7980199707002295e-05 -6.190393444775342e-05 8.735345922650988e-05 0.0
0.05338190145949498 0.2681735548886271 0.7732165934717888 0.0019484959568318613 0.0007377700509562921 0.0010096283411303165 0.0021774584099825364 1.0 0.01952143034341134 0.24137493747222946 0.7680135791796671 -4.4004519139543034e-05 -4.94999384007959e-05 -7.437914071079234e-05 8.970036159800651e-05 0.0
0.05709701859200315 0.26895037022757406 0.773836633625955 0.0037424516414592173 0.0006735514889583823 0.0002306437307108344 0.0038653272261272003 1.0 0.01948287619182524 0.24131915174154817 0.7679705541047749 -4.2481011455967036e-05 -5.249400901684718e-05 -5.105870962455574e-05 7.968824708397463e-05 0.0
0.05842678743346978 0.2693894351238304 0.7726344319928042 0.001978784525353104 0.000387745259145718 -0.0010096485990378477 0.0019106984522834396 1.0 0.019493538666586957 0.24128861837175905 0.7679676490821463 1.1772999073582716e-07 -3.256679112079426e-05 -4.9076196692988505e-06 3.215059057565771e-05 0.0
0.05969593464723641 0.26949950562048736 0.7712769476059714 0.001174674765596866 0.00018265337450574896 -0.0015143972300439015 0.001743040892173121 1.0 0.019527608339729316 0.2412066504838015 0.7679077961998578 3.8246873589905573e-05 -7.138749770403639e-05 -4.063418853989043e-05 0.00010550652957559491 0.0
0.060204289128630246 0.2692644631108753 0.769638208861793 0.00024815910324336434 -0.0001869336823007255 -0.001691033666492019 0.0017739030714121174 1.0 0.01954906935883394 0.24113126883805244 0.7678604964390224 3.574868452283527e-05 -8.157092833044578e-05 -4.951450379855582e-05 9.637467101413125e-05 0.0
0.05989479234069733 0.26870342829142285 0.7673465930100479 -0.0005316543924682232 -0.0005778938184499336 -0.002167499058674717 0.0024211550714847803 1.0 0.01953610713270743 0.24104570666024797 0.7677981108820161 -3.8846949387045556e-06 -8.892918305224192e-05 -6.611717884293322e-05 0.00010325316842440505 0.0
0.059552321216274 0.26833554724811287 0.7661602067814873 -0.0004912468332729195 -0.0004627552301296465 -0.0012654918211344054 0.0013068715374575253 1.0 0.019519558882902837 0.24100836550690996 0.7677526114662511 -2.7806902481560292e-05 -4.7387191754445275e-05 -5.599082361839248e-05 6.0775114915143367e-05 0.0
0.05942902261689699 0.26825509174492557 0.7657180127472798 -5.7689396854875875e-05 -0.00011608088014016514 -0.0003401672098825412 0.0003618781929199599 1.0 0.019519801951542636 0.24098094597912834 0.7677310253983272 -1.4261057042609878e-05 -1.9845466459227585e-05 -2.307329235164581e-05 3.4804104369035916e-05 0.0
0.059383743373714465 0.26813312913517307 0.7651064148552843 0.00021355068342846862 1.486379067406837e-05 -0.0003317869565044138 0.0006730905369866486 1.0 0.019508415780522717 0.24095875638876266 0.7676869008319095 -9.19451864739518e-06 -1.2672049540948306e-05 -3.037372330502717e-05 5.217137138116367e-05 0.0
0.05946819549974665 0.2680471481347736 0.7642279932578012 7.917012324408631e-05 -2.1648135708896032e-05 -0.0008167957628698798 0.0009266124161384521 0.0 0.019487560228093413 0.2409296586627275 0.7676322014437122 -1.1606521264638187e-05 -2.3546794894664788e-05 -4.985038821683233e-05 6.53863725413431e-05 0.0
0.05955766670356718 0.26806552356312285 0.7637620978819717 0.0001973103568016449 -4.024912438287077e-06 -0.0006317604549448829 0.0004753367056602696 0.0 0.019471732227987867 0.24092171656457678 0.7676099250022459 -1.4049873694389338e-05 -1.843831776537032e-05 -3.540595647420446e-05 2.9035475108061775e-05 0.0
0.0596076339100348 0.26810012819674167 0.7634389960050101 9.529003722859135e-06 -1.3369630416370474e-05 -0.0004987213325024394 0.0002630735200967701 0.0 0.019467536344510365 0.2409113691916475 0.7675975139820386 -8.02195886237452e-06 -1.2570045792346162e-05 -1.3171931925991956e-05 1.3507960855351818e-05 0.0
0.059428673812991016 0.26770695063357713 0.7637117287278516 -0.00023607682694564753 -0.0003650960386525889 0.00014908903437198338 0.000537314623535917 0.0 0.019453172536592837 0.24090482448435216 0.7675846655608334 -1.3538597808071622e-05 -7.442610798034344e-06 -8.823628136473987e-06 2.206673058049572e-05 0.0
0.05901474938031298 0.2669687088395977 0.7646826999113724 -0.00044129088649295304 -0.0007367157403687018 0.0010840856397992048 0.001313189894983839 0.0 0.01945063096276987 0.2409017792180558 0.7675799906019013 -2.746449727175868e-06 1.679779211982436e-07 -7.341256732687108e-07 7.891359996391268e-06 0.0
0.058413214902175284 0.2661319243363596 0.7659178005343439 -0.0006335208762031396 -0.0009155142418106113 0.0014097972701189875 0.001610880670474706 0.0 0.01944974399539877 0.24090088908238405 0.7675748642788545 1.0269379244388344e-06 -8.85627142533342e-07 -4.027357730919601e-06 3.6098837526838862e-06 0.0
0.057337376648509596 0.26508884350229694 0.767746186353052 -0.001056435136558888 -0.0010839295424397526 0.0018067070324094257 0.0023301172518661426 0.0 0.019444875675660785 0.24090463370040932 0.7675739105400323 -4.8794519013949295e-06 2.5531340717556345e-06 -5.948119721745655e-06 5.75110933460818e-06 0.0
0.05686164489129179 0.26476634158340134 0.7684144988351277 -0.000616884102053004 -0.00042661579964955944 0.0008580966000400152 0.0009145159575465533 0.0 0.01944586018360303 0.24090620729053558 0.767567809167893 -1.0590697862265915e-06 1.9680690613128365e-06 -6.770384314344628e-06 7.450910628598784e-06 0.0
0.05639972006834654 0.26451711763981856 0.7689946328902889 -0.00039357925871999694 -0.00010521848062905112 0.0004105494705264073 0.0007282449374115654 0.0 0.01944568273319234 0.24090675616897156 0.7675670151140078 4.1954695101734864e-07 1.8048817462341071e-06 -2.7716153086995585e-07 7.098291358595757e-07 0.0
0.056064321909971335 0.26437534459887757 0.7693703089020204 -0.00024066310297019643 -1.3466221812383629e-05 0.0001680946317590415 0.000568364708128673 0.0 0.019445975776142103 0.2409096777998609 0.767567248084261 4.716367284885526e-07 1.4554938540259656e-06 2.1427312390397116e-07 2.4237873273857963e-06 0.0
0.05571607034105843 0.2642550491941963 0.7697465202680455 -0.00028050710565307986 -9.830447895214635e-05 0.00029366412693572957 0.0005439387949602254 0.0 0.01944817007762967 0.2409159661447163 0.7675673089313453 1.2242893193081762e-06 5.639842411804193e-06 4.2195446915201134e-07 7.189400319905123e-06 0.0
0.05569303085345316 0.2642108997469751 0.7698090999811843 -8.166536339570656e-05 -0.00010901203136898843 0.00018045319427747406 6.445590007407749e-05 0.0 0.019451682830104886 0.2409169424048461 0.7675712860046313 4.301267428927871e-06 2.4928625066635568e-06 4.19453227925993e-06 5.462692908278819e-06 0.0
0.05573294544077466 0.2641630297785106 0.7698252680742562 1.1158867560956713e-05 -0.00011102504231644056 0.00010460476523750954 2.3138569613059433e-05 0.0 0.01944333593563915 0.2409373546979785 0.767583608635601 -6.522104091612339e-06 1.7716734913985503e-05 1.1586818684531507e-05 2.475032500518763e-05 0.0
0.055758385836244324 0.26415171764581497 0.7698115792675053 2.34535812864827e-05 -4.607333109138141e-05 2.6224850035306505e-05 7.37411601274367e-05 0.0 0.019439981737599383 0.24093276164262598 0.7675922841330912 -5.8553142478588425e-06 1.2747856679662523e-06 1.0617305894863964e-05 1.1154399742677804e-05 0.0
0.0557884930280631 0.2641431731934069 0.7697878405469588 6.69895586761451e-05 3.4272047617818664e-05 -9.476162935934877e-05 3.316745627478983e-05 0.0 0.01944192076377579 0.2409342449828722 0.7675963142534902 6.689537791951157e-07 -1.2211011933568605e-06 4.6875672935857085e-06 3.9107747973595696e-06 0.0
0.05581402099928648 0.26413391032546474 0.7697541361850317 -3.61700076238476e-06 -9.117595701768676e-06 -1.3041603031329284e-05 3.907305095844562e-05 0.0 0.01944654423030249 0.24094088231405564 0.7675955494170238 5.217948786030613e-06 3.81725124397647e-06 -1.1612426135760272e-06 8.054242144822213e-06 0.0
0.055830213329255536 0.26411609398546754 0.7697244107426209 -8.781042739703997e-06 -1.5576413623206623e-05 -1.4646402207081112e-05 3.2157435371289256e-05 0.0 0.019450736241119062 0.2409469030201989 0.7675925557996994 6.246598634805903e-06 6.423053512778697e-06 -4.959938051931514e-06 8.769064284163642e-06 0.0
0.05585169236184116 0.2641040042457203 0.7696961326485798 1.025510971609865e-05 -1.6431965333634608e-05 -1.898869897608177e-05 4.560727027085574e-05 0.0 0.019453680249382696 0.24095290803136568 0.7675886904916948 4.130249207216921e-06 7.342766643394074e-06 -5.1172842783377544e-06 7.573051880590973e-06 0.0
0.05586491351321242 0.2640917193742732 0.7696827290982272 3.72554294756241e-05 -1.0637647592591517e-05 -3.2899331441880693e-05 1.978753667437579e-05 0.0 0.019454445618989322 0.240952488224132 0.7675856887680932 1.2261157643083437e-07 1.560679406203073e-06 -2.570800375284849e-06 2.432350012569209e-06 0.0
0.05587163780435043 0.26403856162875394 0.7696501761136253 1.1705611059412409e-05 -4.752983916614921e-05 -2.8726525738222334e-05 6.267177917485705e-05 0.0 0.019451324050416316 0.24095288546288032 0.76758291258433 -4.6454983046157316e-06 -2.2865700094565205e-08 -1.3064728680864977e-06 4.5227148249586764e-06 0.0
0.05586210712720362 0.2640003065998132 0.7696188588121438 -8.957277596456614e-06 -4.276629854791372e-05 -3.386240256334866e-05 5.1754444007129626e-05 0.0 0.019449804778309068 0.24095266219129755 0.7675821352604436 -2.4648696821517407e-06 -3.0406671432736063e-06 -4.958530324027469e-07 1.9625864026426906e-06 0.0
0.055858444986897876 0.26398681694865217 0.7695850875511644 -6.833899414655035e-06 -1.9378719058922258e-05 -3.667387088340059e-05 3.5141643525242075e-05 0.0 0.019448074905977324 0.24095165012997372 0.7675822846830778 -1.4448162808505252e-06 -4.541611023438102e-07 3.30206736378454e-07 1.8297210071761576e-06 0.0
0.05585270272087673 0.26397947113949516 0.769559572848332 -6.547888638928156e-06 -3.3733299028034173e-06 -2.9108182501970824e-05 2.6483787976815447e-05 0.0 0.01944234384012854 0.24095680036029676 0.7675823204267527 -4.495124710031798e-06 5.048189096673888e-06 1.0937311464928871e-07 7.64316795461074e-06 0.0
0.055843593263837976 0.2639738560215134 0.7695500183236303 -7.588266756376051e-06 1.0816475967560839e-06 -1.0286030665838896e-05 1.5498660224976388e-05 0.0 0.019439205562601147 0.24095636496469522 0.7675822479747142 -3.5627719144651392e-06 1.596671474913725e-06 -2.0869143943361584e-07 3.402270891334899e-06 0.0
0.05583696948762034 0.2639688543255385 0.7695485154555762 -5.178023269495333e-06 -1.3311846284432369e-06 2.196916325576859e-06 8.914394410165697e-06 0.0 0.019437561278546917 0.2409561351873906 0.7675823097494022 -1.83243353016937e-06 -2.558761594901449e-07 -2.5886246622682926e-07 1.398841118192138e-06 0.0
0.05581994530672139 0.26394900122704107 0.7695474093232946 -1.5184095246940793e-05 -2.066350313921996e-05 3.266865266679384e-06 2.493014161564685e-05 0.0 0.019435781523703805 0.24095551564487308 0.7675830239792771 -1.47634917710667e-06 -1.546807326539321e-06 4.206495355284677e-07 1.962924153332724e-06 0.0
0.05581001268808385 0.26392943361578014 0.769533502893233 -1.2744518847875461e-05 -2.7484290106204545e-05 -1.295821552830932e-05 2.708166316364542e-05 0.0 0.019435550204890285 0.24095585178975315 0.7675828204597321 -1.964854178644357e-07 -2.5365917983866685e-07 -4.335897778977567e-08 7.754967901984027e-07 0.0
0.05580037402363051 0.2639031615255169 0.769516481085143 -1.0651450385995035e-05 -2.699607474071573e-05 -2.0432665993087722e-05 3.2033214241107544e-05 0.0 0.01943546828058315 0.2409560130727982 0.7675828219267775 3.429570474517541e-07 1.8558337459908884e-07 7.392464910921833e-08 6.343387631983261e-08 0.0
0.055802119339572916 0.26389094534284474 0.7694859501945591 1.5527084226753595e-06 -1.3641463294936527e-05 -3.305243097256595e-05 3.279220218688195e-05 0.0 0.01943742502036387 0.2409542675130355 0.7675811464830318 1.5312591141460873e-06 -1.013719043470161e-06 -1.4562498489054415e-06 2.923653719924506e-06 0.0
0.05580220992155115 0.2638705725751206 0.769458475602335 2.576524170164686e-06 -1.6332978062845726e-05 -3.0540245468269614e-05 3.4556552409554934e-05 0.0 0.019437319334794652 0.24095522171765968 0.7675773895782068 5.977038135162653e-08 7.904485327745503e-07 -3.7533103917131634e-06 4.121826252855506e-06 0.0
0.055806122432298766 0.26386302026269143 0.7694358817639996 4.555521356846109e-06 -7.374666166236641e-06 -2.2314542567746604e-05 2.4388082245470777e-05 0.0 0.01943719829452372 0.24095411024787297 0.7675774180236538 -1.2362797205012424e-07 -1.1171694832307136e-06 -9.893549270866666e-07 1.050378848864999e-06 0.0
