0.06303480064853469 0.2787752785960576 0.7636505761517417 0.0 0.0 0.0 0.0 0.0 -0.017443280689509025 0.2796670774235338 0.7628375837864071 0.0 0.0 0.0 0.0 0.0
0.06303446068652732 0.27877019674513764 0.763660174663406 -3.399620073646359e-07 -5.081850919963493e-06 9.598511664266063e-06 1.0866103676490338e-05 0.0 -0.017437695942943365 0.2796649928135932 0.7628347277799247 5.5847465656594375e-06 -2.084609940611326e-06 -2.856006482421236e-06 6.524680426213429e-06 0.0
0.06303258207508335 0.2787575493532213 0.7636783366346911 -1.8786114439756085e-06 -1.2647391916364992e-05 1.8161971285124423e-05 2.2211323783269982e-05 0.0 -0.0174241883110219 0.2796610280687727 0.7628314477349176 1.3507631921465951e-05 -3.9647448205060165e-06 -3.280045007048038e-06 1.5100497742817036e-05 0.0
0.06301890771228288 0.27872582664090195 0.7637472483103599 -1.3674362800461526e-05 -3.172271231932644e-05 6.891167566880352e-05 7.708526265360817e-05 0.0 -0.01732590908701281 0.27965355403727565 0.7628306151056515 9.827922400908878e-05 -7.474031497034517e-06 -8.32629266089846e-07 9.766916037402194e-05 0.0
0.06300370032409057 0.2787242946629766 0.7637474632437934 -1.5629934511959657e-05 -2.529148261545639e-06 3.1414189790390754e-06 1.5285869565593993e-05 0.0 -0.017286107809940186 0.27965821169793675 0.7628432876056612 4.4009974411161654e-05 4.3847498398339986e-06 1.2561831824528122e-05 4.473463864210381e-05 0.0
0.06296861419010111 0.2787216817426994 0.7637424255483051 -3.438430150011298e-05 -5.941550522540919e-07 -9.959456221380478e-06 3.554212326992466e-05 0.0 -0.017265079411351875 0.2796533206628724 0.7628556913030927 1.5270500684994737e-05 -4.111156530782266e-06 1.2875381783753398e-05 2.0729352359068688e-05 0.0
0.06293086973575227 0.27872949120728896 0.7637505476472697 -3.905795826244969e-05 9.135945765659046e-06 1.3454732677703957e-06 4.0708868323256645e-05 0.0 -0.017256984362606236 0.2796490502961606 0.7628650991100528 -7.747927703887877e-07 -4.921673417004955e-06 9.620726118708832e-06 1.3857313299874877e-05 0.0
0.06292119337979347 0.2787337704093259 0.7637500080482004 -1.1873055071859497e-05 4.137990733867522e-06 4.418714612229748e-06 9.473365255811313e-06 0.0 -0.01725737954269717 0.27964744377277345 0.762866262846305 -1.2578589919404e-06 -2.7392295018635536e-06 2.88156748103113e-07 4.73437070425531e-06 0.0
0.06290939582409968 0.27873188077552774 0.7637480112256797 -6.647371496232294e-06 -1.5465782123665822e-06 8.032214386537852e-07 9.716110721064773e-06 0.0 -0.01725980816914343 0.2796459556577885 0.7628661990510165 -6.9848650180380874e-06 -1.965182408131198e-06 -3.0670593895293674e-06 2.38342218194848e-06 0.0
0.06290324605703666 0.2787296904661684 0.7637448688206406 -1.8893378755356498e-06 -6.436662787787145e-06 2.579165707475914e-06 6.99196035511841e-06 0.0 -0.017266947555599356 0.27965034190865584 0.7628626241747628 -1.0631674729774798e-06 3.5628578392408588e-06 -5.50923769049194e-06 6.91594475701874e-06 0.0
0.06288138406398146 0.27872089010352846 0.7637328682588043 -1.786823377029081e-05 -1.1158804072249711e-05 -7.52309171889933e-06 2.835675539659276e-05 0.0 -0.01727112802763614 0.279639904157257 0.7628613023561437 3.9554708745840196e-06 -7.055391783226415e-06 -1.9523166042399344e-06 1.294942113575582e-05 0.0
0.06284953633304836 0.27872017277145794 0.763738974686498 -3.4190537036656576e-05 -1.3125270033728465e-06 -3.058890218407274e-06 3.164390320966897e-05 0.0 -0.0172725453355785 0.2796392297556194 0.76285895026179 -3.958208523446792e-06 -2.783700651927634e-06 -3.3393219505183026e-07 2.3751289468363393e-06 0.0
0.0628292011234857 0.27871888093397057 0.7637463427300486 -2.901740481013061e-05 -1.6872871363233174e-07 9.092078361917977e-06 2.126603217266685e-05 0.0 -0.017273470785382387 0.2796385852917 0.7628580063029251 -4.856363332550633e-07 -1.999232228121115e-06 -1.433767724523268e-07 1.10911317288358e-06 0.0
0.06281287807045934 0.2787130317519445 0.7637573965805372 -1.726486502458913e-05 -2.9454580490403533e-06 1.4160423338687175e-05 2.03484396600775e-05 0.0 -0.017274229069997423 0.2796394038461104 0.7628559189710123 -5.930491842224255e-07 1.2715133541085553e-06 -1.5491686737642631e-06 2.850046071545306e-06 0.0
0.06280089599227309 0.2787137876274816 0.7637601415848062 -7.71213248008266e-06 -4.5133796678648036e-07 4.905847961366779e-06 1.2782007343962116e-05 0.0 -0.017273898571389758 0.2796356060263262 0.7628593218517369 -1.6073270544793342e-07 -1.9337190715250898e-06 2.17933196528249e-06 5.268747705191113e-06 0.0
0.06279272663793863 0.27871277465780336 0.7637631810928761 -5.4791838261096785e-06 -9.482370161149586e-07 1.3373697540699567e-06 9.12938381842269e-06 0.0 -0.017273562978261256 0.2796393340911955 0.762855049603315 -1.0728007359278933e-07 2.5974079156875577e-06 -2.711565275671708e-06 5.450000371870437e-06 0.0
0.0627873068453761 0.2787131371264859 0.7637637669746866 -4.324018197130327e-06 8.13506892971753e-08 -1.7849333723733213e-06 5.009501194144608e-06 0.0 -0.017273930834782507 0.27964039867786866 0.762857600503607 -7.945678093540725e-07 1.6207439001924501e-06 8.607518013208127e-07 2.627060903254074e-06 0.0
0.06278504732086945 0.27871380515035116 0.7637627126289297 -4.276889627677758e-06 5.224225316819178e-07 -2.3926733159308543e-06 2.5860323579451217e-06 0.0 -0.017279544962534928 0.2796473190602778 0.7628550864072657 -4.8496968101627595e-06 5.345360295342987e-06 -1.6176185401072321e-06 9.257038574063582e-06 0.0
0.06278399779439946 0.27871316849459926 0.7637625593690217 -2.0221764434411518e-06 1.4894879063866424e-07 8.777780864208693e-07 1.3624149849597036e-06 0.0 -0.017283899680740848 0.2796485926053791 0.7628675589450737 -5.283750244969353e-06 3.5540384109476947e-06 9.981763380502006e-06 1.3568235969914904e-05 0.0
0.06278368470651984 0.2787099710044907 0.7637649214607596 1.691874107620373e-07 -3.4170585526491646e-06 2.715547635473913e-06 3.83251289511501e-06 0.0 -0.017278172635826195 0.279637723297119 0.7629038344048399 3.7771735740217104e-06 -9.518048410108846e-06 3.4724516141185776e-05 3.8045280199470227e-05 0.0
0.06277934763762041 0.2787085120352219 0.7637571223881029 -3.873943633937735e-06 -2.5782918526178246e-06 -5.356387286334437e-06 9.214412157938069e-06 0.0 -0.0172676621026429 0.2796113318704399 0.7629692863680018 1.1476748655461409e-05 -2.6889977108396015e-05 6.64497759859643e-05 7.154899129271503e-05 0.0
0.06276798596519315 0.27870368199855333 0.7637545062026286 -1.1116908692158391e-05 -4.08579899847114e-06 -4.699460678543805e-06 1.2602334822502134e-05 0.0 -0.017247757851622383 0.2795484169448969 0.7630497647182435 2.109214818671096e-05 -6.210953439130935e-05 8.56704708558746e-05 0.000104172615183081 0.0
0.0627474843178243 0.2786940927202211 0.763746403104054 -2.0845742945487782e-05 -9.230374748251868e-06 -7.713091912488936e-06 2.3851761065561767e-05 0.0 -0.01720820513937366 0.27938977535347376 0.7631199778081982 3.905227101849712e-05 -0.0001516108544320682 7.581265877794593e-05 0.000177241080269308 0.0
0.06271173852587783 0.27868570088780714 0.7637271752610382 -3.574850035783416e-05 -9.19722934161256e-06 -1.8269851184899796e-05 4.157944035720571e-05 0.0 -0.017156518682526614 0.27914797236818273 0.763170921340082 5.28600145899168e-05 -0.00024663721480238797 5.1045530334306455e-05 0.00025326239700530653 0.0
0.06267804616826778 0.27869046651064056 0.7637176676203099 -3.6736257043147796e-05 2.606969873584692e-06 -1.255049502612906e-05 3.571987727292714e-05 0.0 -0.01708625454095051 0.2787803013085134 0.7631248766683176 6.999945270984791e-05 -0.00037024888098178703 -4.162425281618327e-05 0.00037676063138286533 0.0
0.06264351221181154 0.27868533156045655 0.7637354142753251 -3.4889799504520846e-05 -1.647043691048783e-06 1.4409508576097196e-05 3.833257257292278e-05 0.0 -0.01705506727116845 0.27825002212945277 0.7630651548996226 3.950957256241845e-05 -0.0005307089825806234 -7.703805847374896e-05 0.0005345984893526319 0.0
0.06262008167410286 0.2786844966743375 0.763757062976711 -2.3308606162191518e-05 -7.07724866041379e-07 2.643737590958157e-05 3.229962575633435e-05 0.0 -0.01697540679076472 0.277310324017832 0.7627538777542343 6.755583701903465e-05 -0.0009087313629398511 -0.00028843844556934294 0.0009908344684346573 0.0
0.06258758520440078 0.2786416236770507 0.7637642187704141 -2.7743080446720095e-05 -3.703941696319578e-05 1.3799983456663089e-05 5.4253259597667734e-05 0.0 -0.017019606440303214 0.2764562307457523 0.7624918131890359 -2.7211819700408035e-05 -0.0009282727572761465 -0.0003016590506288963 0.0009061190912494322 0.0
0.06254398199103643 0.2785993797061346 0.7637572745389056 -4.117395547795915e-05 -4.9251763818985966e-05 -5.977239542706345e-06 6.175280091167495e-05 0.0 -0.017013379951358435 0.27524858869349605 0.7619146849206385 -1.4870728538160733e-05 -0.0011777789121211752 -0.0005443709626151405 0.0013176666791747827 0.0
0.06251629905799876 0.2785724952894312 0.763767378360113 -3.32062837365789e-05 -3.470773793001427e-05 3.054160283915509e-07 3.946480728533765e-05 0.0 -0.017016775435425683 0.2738161157947049 0.7610799471542625 -6.7868964994553474e-06 -0.001420002520203871 -0.0008273681448561494 0.001670882705843607 0.0
0.06249726675556799 0.27855621317665613 0.7637781584000907 -2.1382046404123758e-05 -1.507222320755228e-05 7.668978162479124e-06 2.6342297609781955e-05 0.0 -0.017133097899175026 0.27243713385997836 0.7602580478612948 -9.578534018175918e-05 -0.0014138012168037602 -0.0008746047725438544 0.0016181809463162728 0.0
0.0624799819809097 0.2785413430942513 0.7637759543470449 -1.441038009247707e-05 -7.247621151872939e-06 3.16893553789622e-06 2.3429587676314488e-05 0.0 -0.01711878113749344 0.2706312658881104 0.7589629627143697 -1.2731598004719593e-05 -0.0017430077062681776 -0.001245904627255424 0.002199696706513245 0.0
0.06244283748284791 0.2785080130125224 0.7637450249402484 -3.137814903172236e-05 -2.6213781215288065e-05 -2.413438967216101e-05 5.94135674987842e-05 0.0 -0.017228239085296002 0.26869659740153307 0.7575011591072242 -8.37451605038097e-05 -0.0019533417005443126 -0.0014778440720562215 0.0024440399617915425 0.0
0.06241566753444546 0.2784794881775157 0.7637115846838295 -3.0738043921270046e-05 -3.236854961108181e-05 -3.8566894695078044e-05 5.223599889662661e-05 0.0 -0.017442664492408416 0.2673859963160111 0.7563913950385555 -0.0002002809190539924 -0.0014460445602033803 -0.001206702287211063 0.0017427169169701201 0.0
0.06240412161840727 0.27846339201006665 0.7636867598197594 -1.7514627325106584e-05 -2.475071705917154e-05 -3.237375704532846e-05 3.0202183290952274e-05 0.0 -0.017694643800534537 0.26667130653553134 0.7556957092171455 -0.0002746418616997325 -0.0007011198737437353 -0.0006957532199951533 0.00099101854166846 0.0
0.06239646149269968 0.27844379458051616 0.7636584851340019 -6.682559313585885e-06 -1.796514068596883e-05 -2.69231156552837e-05 3.4632005124590005e-05 0.0 -0.017953379868147486 0.2658730335349064 0.7548380311379987 -0.0002737620753143547 -0.0006153207055918553 -0.0007113674576094889 0.001204366216277865 0.0
0.062381332859980314 0.2784036591390583 0.7635911906882469 -8.94429288579699e-06 -3.369094848695329e-05 -5.622970822235148e-05 8.109564090581844e-05 0.0 -0.018175902680264866 0.2652050392785564 0.7541044389286389 -0.00023331507976224019 -0.0005919261731634139 -0.000684027774510207 0.0010672302126713562 0.0
0.062367752270648905 0.278335532668703 0.7635049138135849 -1.2891991063285552e-05 -6.5520167696834e-05 -8.650997608364985e-05 0.0001122318820371105 0.0 -0.018352439832974833 0.2646479547782921 0.7534194605286553 -0.00016724769142377927 -0.0006014068436845943 -0.0007051009533531458 0.0008709738728115372 0.0
0.06238142733956282 0.2782829020930252 0.7634192660302879 7.131397070014455e-06 -6.255011193576943e-05 -9.433366800133797e-05 9.984716212843978e-05 0.0 -0.018593422422234676 0.26424530866323503 0.7527817151550718 -0.00019753273128245375 -0.0005328003168405032 -0.0007239300320682875 0.000769673368883812 0.0
0.06240554921016784 0.27825818696576204 0.7633723360793894 2.3407926106808416e-05 -3.202965241654187e-05 -5.7092458817070317e-05 5.720233216095366e-05 0.0 -0.018794305151637093 0.2639963992162274 0.7523739991309267 -0.00021375612131542218 -0.0002973527061475832 -0.00046593446329391494 0.0005363724813099292 0.0
0.0624231469452071 0.2782241401367444 0.763347961024519 2.4174535907155996e-05 -2.450165362294681e-05 -1.84168215267251e-05 4.549189859465665e-05 0.0 -0.018993840283892217 0.26381485060399723 0.7520433497407364 -0.00021158705487017964 -0.0001167524195688557 -0.0002791379725418314 0.00043049159890174273 0.0
0.062437227247378296 0.278155114719766 0.7632812920003661 1.6525094003107224e-05 -5.668900192676545e-05 -4.6888464845796745e-05 9.843433123725545e-05 0.0 -0.01938755805947237 0.26346083662569725 0.7514360863146827 -0.00037126615029565145 -0.0002804112239499965 -0.0005141510579042313 0.0007957887731126826 1.0
0.062441742712589704 0.2781176855058029 0.7632419045408345 2.311523343948407e-06 -4.6879134261504966e-05 -4.467379969574312e-05 5.6655368024777684e-05 0.0 -0.019633831382331483 0.263325701417239 0.7511091124098114 -0.0002935862597934432 -0.0002136602836336082 -0.0004178072724179545 0.00045431406928650615 1.0
0.06244498779638299 0.2780913615683259 0.7632141299550654 -2.325434427911434e-06 -3.2781990268942215e-05 -3.682957732780611e-05 3.4324272552326125e-05 0.0 -0.019830099460953866 0.2632350762119811 0.7508815956033238 -0.00020171682086305418 -0.00010679647480666104 -0.0002523964894632993 0.0002860675654243833 1.0
0.06245169959867268 0.2780713430210813 0.7631894829962114 4.360077118190654e-06 -1.933505202408622e-05 -2.705896307864332e-05 3.237923397642939e-05 0.0 -0.01993291764302068 0.2631131729772967 0.7507732358808685 -9.095529075824811e-05 -9.847262784776559e-05 -0.0001021286694875567 0.00019382441481648693 1.0
0.06245649602667132 0.27806037431985703 0.763173281911189 8.138060765683728e-06 -5.1688087134805024e-06 -1.4097686085332099e-05 2.297149235355618e-05 0.0 -0.019797422102864157 0.263008978849198 0.750767234910095 0.00013363964996849232 -8.680450239905422e-05 2.7586809893679373e-05 0.0001881618386915889 1.0
0.062453757755569425 0.278052106442319 0.7631600020209698 4.704495561246201e-07 -4.230177531655594e-06 -8.244954844578077e-06 1.5345793826677077e-05 0.0 -0.019732040931612807 0.2629447167317214 0.7507836405646869 0.00012739518308727484 -6.522557002213737e-05 5.730741440061716e-05 9.298859184687187e-05 1.0
0.06244888799122282 0.27804576106644896 0.7631546381953977 -5.306773681606109e-06 -9.326810004709189e-06 -6.560284115595184e-06 8.048688558006078e-06 0.0 -0.019706540387934565 0.2629129933760352 0.7507984035365527 3.421832992841825e-05 -4.59707595770498e-05 4.291822683080747e-06 2.8474821820760436e-05 1.0
0.06243712782627423 0.27802577298368897 0.7631354601401041 -1.2352244878142059e-05 -2.18347445292878e-05 -2.035709970670466e-05 3.0934073522313975e-05 0.0 -0.019695594873587793 0.2628856834698691 0.7508074789672168 -2.9395395000417532e-05 -3.410066977258295e-05 -2.9900406618014563e-05 3.848843394927982e-05 1.0
0.0624315894894082 0.278008536952151 0.7631172213770316 -8.455455004101888e-06 -1.8595481792568956e-05 -1.8606035391339386e-05 2.6344966447876877e-05 0.0 -0.01970041155237293 0.2628917604614911 0.7508245665492604 -2.9720051329285826e-05 2.218404775322023e-05 1.362716931249165e-05 1.9090420071773192e-05 1.0
0.06243051062148798 0.2780015010513861 0.7631005492576817 -9.30590215251926e-07 -1.0089537922302674e-05 -1.867913759208548e-05 1.7305970164268187e-05 0.0 -0.019721781128137487 0.2629470216128568 0.7508438592129988 -3.572106934914839e-05 5.178516877805438e-05 1.3910872752463839e-05 6.217301227796711e-05 1.0
0.06243178773416346 0.27799440829997113 0.7630948457100447 3.4719501377581087e-06 -5.374566445212008e-06 -7.768631532844009e-06 8.952838795154596e-06 0.0 -0.01978090578229533 0.26309411356003787 0.750878771725229 -4.3837030479244664e-05 0.00013612929671811863 3.949033479773008e-05 0.00016104990975539187 1.0
0.06243237145017901 0.27798549888572877 0.7630860293294386 2.316332506581328e-06 -5.7460921695011155e-06 -5.531301839365851e-06 1.2927516596438458e-05 0.0 -0.019996680589581227 0.2636165319153911 0.7508713859068316 -0.00017846038689050804 0.00048577929654121485 8.749455741622399e-06 0.0005643268824539611 1.0
0.06242776995367585 0.27796244446880874 0.7630755992001134 -4.131163761879622e-06 -2.015629858416533e-05 -8.01555945114742e-06 2.6254482686519684e-05 0.0 -0.020308853339770762 0.2642575397196151 0.7508241489451022 -0.00032706827379007906 0.0006875034523734264 -4.430014225011883e-05 0.00072286807766127 1.0
0.06242952818250918 0.27794592393920314 0.7630448454894015 -1.0105753611983433e-06 -2.056875014305059e-05 -2.8013741818136785e-05 3.461010616816433e-05 0.0 -0.020527796627594977 0.26476254949942235 0.7508791924285578 -0.0002644822682684615 0.0005812558392953345 2.882945777565346e-05 0.000546990036716499 1.0
0.062417278693382754 0.2779196769139113 0.763042901088745 -1.1167388341043066e-05 -2.7576673682578223e-05 -1.1213908777873749e-05 2.890469342665077e-05 0.0 -0.02063715112490828 0.2651280397318595 0.751010195465554 -0.0001192853775427605 0.00036751798351410293 0.00012779121327467557 0.0003931781628374752 1.0
0.062340305829452755 0.2778653992435276 0.7630080122151474 -6.878633895967976e-05 -5.063534120662111e-05 -2.928304795679963e-05 9.927010602911035e-05 0.0 -0.020629259156982754 0.26525403751303733 0.7510864583057562 3.483551066230531e-05 8.304579784786757e-05 0.00011011282165757246 0.0001574662761807008 1.0
0.0622350510522557 0.2778244794798632 0.7629663612010685 -0.00011128008318084831 -4.577880323997656e-05 -4.1431860182209184e-05 0.00012305465885387466 0.0 -0.020695512840098847 0.2658903812520403 0.7515083015964008 -3.689311622357711e-06 0.0004710431664108403 0.00038190578125254333 0.0007640814128984111 1.0
0.062178870223573546 0.27776407309402484 0.7629437884857201 -7.489848441064381e-05 -5.8453108970190196e-05 -2.7418887250900978e-05 8.461164959278739e-05 0.0 -0.01975690897719019 0.266492227943334 0.752892924965488 0.000799430062435491 0.0006541503176049927 0.00128656373676257 0.0017878864895126253 1.0
0.062027864359079976 0.27770144974324257 0.7628626807763488 -0.000133386003979708 -6.314171929093436e-05 -7.192697429365293e-05 0.00017870890852004996 0.0 -0.0164768175253271 0.26580610533829213 0.7554219101079728 0.0030535451304651686 -0.0003966163774753364 0.002526403571942839 0.00418763309198596 1.0
0.06176953770594967 0.277625087810163 0.7628598314705607 -0.00024388471834610364 -7.472831148559804e-05 -1.941419644865149e-05 0.000274077018685896 0.0 -0.010984443042902747 0.2623247789145943 0.7592457166268921 0.005604067633993674 -0.0032281491419386896 0.003913450093056368 0.007550698911831345 1.0
0.06157165271626521 0.27760111249956976 0.7629047979266457 -0.0002240567207040793 -3.1700947906946646e-05 4.405799342545119e-05 0.00020657040840081452 0.0 -0.0065615007758537645 0.25789023743755707 0.7610203275998118 0.005172406657239266 -0.004883972006866511 0.0023662374322607612 0.006557479579961213 1.0
0.061501837196647625 0.27759070814805586 0.7628985974911526 -9.461448653153225e-05 -6.427988741056167e-06 1.85331221877578e-05 6.405072500523324e-05 0.0 -0.00565372810345654 0.25524471160023693 0.7610142189306036 0.0014437442652264958 -0.0034228335150780992 -1.4497047459791773e-07 0.00270189922196805 1.0
0.06147976776901722 0.27757454933168024 0.7628818819750174 -3.5158384407417306e-06 -7.219874287641012e-06 -1.5342537580680657e-05 3.103669132962162e-05 0.0 -0.005213841827876789 0.25487907074367044 0.7608303844930681 -0.000415844902817028 -0.00045246254782734213 -0.0008578273595533628 0.0005435575692169551 1.0
0.06144427264248323 0.2775170942954891 0.7628090440482655 4.560467323806907e-06 -4.819212737614383e-05 -7.505433127140083e-05 0.00010603904021973049 0.0 -0.004104523214114076 0.25503821862729104 0.7605765864587203 9.303265310831542e-05 0.0010318247708119503 -0.0006919159270809154 0.0012804957329681204 1.0
0.061444972545937275 0.27739971250764367 0.7627732544009258 8.159678216644325e-06 -0.00012031358465930194 -5.97609102900388e-05 0.0001244436601873504 0.0 -0.003860740252380015 0.25515838068580954 0.7602958610468921 0.00034763925464008317 0.000827573406936907 -0.0001832582399977986 0.0004889048282609914 1.0
0.061445553444923855 0.27726348847967597 0.762643733550887 -1.8669268368203034e-05 -0.0001530536866104856 -0.00012245417703115043 0.00018167615246274482 0.0 -0.003823662878515427 0.2551319714464565 0.760238979644897 0.0005850482177264876 -8.640040129318633e-05 0.00031518511463477796 0.0 1.0
0.06147965722138697 0.2772280428270598 0.7625935331384022 9.551521617167025e-06 -6.183671103040257e-05 -5.9523774074786073e-05 7.183913035230152e-05 0.0 -0.0036880101953594463 0.25517570864267786 0.7602422135124272 0.000516890632326988 -0.0005495476061115462 0.0003134159656077982 0.00010740763280480368 1.0
0.06149375167396214 0.2772116540509552 0.7625409387804656 2.1510224310471973e-05 7.28250791488512e-07 -4.2444443030421175e-05 5.444941485863126e-05 0.0 -0.0031866153262617627 0.2552516552056958 0.7604126774130305 0.0003801264578572562 -0.00027689506438738354 7.806063327725878e-05 0.0006150480700873352 1.0
0.06151305768868406 0.27716793484595426 0.7625133729047103 2.630599799417394e-05 -1.4724046399195223e-05 -2.3606832480293207e-05 5.86088992785273e-05 0.0 -0.00258475987769875 0.25542863646334407 0.7604870915969717 0.0004253248956441573 0.00023505399399896803 3.626373564073618e-06 0.0006527767708718315 1.0
0.061519359009265834 0.2771553943145154 0.7624975132841626 6.683944970561453e-06 -1.1333551888414207e-05 -9.28944895261842e-06 2.327429868268615e-05 0.0 -0.002350699016847926 0.2553252270220279 0.7605875199249487 0.00040224280645651716 0.0001272055904387487 7.367580145628104e-05 0.00022732928698700671 1.0
0.06151633876805299 0.2771214488016968 0.7624543931174483 -7.260997641842488e-06 -3.958557323968949e-05 -3.76083612800159e-05 5.158962630176622e-05 0.0 -0.0006471251548968469 0.25310239940876583 0.7607292693200918 0.0015218360360593802 -0.001906068706955108 9.745298263601635e-05 0.002779813481081077 1.0
0.06152636342289453 0.2770941207513284 0.7623873372412411 6.61733658415367e-06 -4.2452620258316096e-05 -6.953407743226142e-05 7.246906205617009e-05 0.0 0.0012698882516947222 0.24987911552167147 0.7606296476593791 0.0019487365571416889 -0.003426088802855434 -8.132452864038664e-05 0.0038461449057073487 1.0
0.061537629745452446 0.27704446741855066 0.7623869002732785 1.2803801367193172e-05 -4.9753064426909835e-05 -2.6033340582179104e-05 5.3849375491647235e-05 0.0 0.002576920904428762 0.24784983671431124 0.7604247347397356 0.0015436053888869153 -0.0026196911213682956 -0.00021039872165713264 0.0023955119925072248 1.0
0.0615309157625578 0.2770216337902185 0.7623422765968065 8.663608546659436e-07 -2.239789820699943e-05 -2.95623179621532e-05 4.756009728894175e-05 0.0 0.0026637407460913076 0.2469928487060752 0.7595813142492237 0.00022656544156155733 -0.0009542451358746013 -0.0007883450086523215 0.0011001601313040182 1.0
0.061493393981069476 0.2769625900301216 0.7622876402055525 -3.4995070471934074e-05 -5.210154138106537e-05 -5.040211342532632e-05 8.927047051784995e-05 0.0 0.0028383527742745127 0.24594076031719117 0.7586049905051835 -0.00015960585071524063 -0.0004945707304521409 -0.001053912759217737 0.0014895112471583446 1.0
0.06146287734581547 0.2769052581034203 0.7622434898987984 -3.788198143777332e-05 -6.034682634135627e-05 -4.6099440805228365e-05 8.158306948672424e-05 0.0 0.0033823708087858243 0.24516758680371056 0.7584580879772104 0.00021411195897737677 -0.0004045090732972676 -0.00034925147430868447 0.00107533282347246 1.0
0.061455453818560456 0.276838106484166 0.7621711727673408 -1.5557016335346243e-05 -6.606125705176325e-05 -7.084194261601707e-05 9.599358042065422e-05 0.0 0.003964135157462111 0.2445235688667198 0.7582866486068707 0.0006345071536904154 -0.0006625010719090032 -3.385035468419107e-05 0.0007985510811604699 1.0
0.06145801532647952 0.2768208532136549 0.7621398512449983 5.995110801585594e-06 -2.74796614993338e-05 -4.355605740062825e-05 3.66117838298007e-05 0.0 0.004491947322140017 0.24381916738587936 0.7581876768076374 0.0008536863525329144 -0.0009986601439709393 6.082416842731261e-05 0.0008524656694913451 1.0
0.061456958008763746 0.27680837933163394 0.7621339740159033 9.010731661933094e-06 -5.736604259964596e-06 -4.530335553235445e-06 1.2954574686086742e-05 0.0 0.005076935595106064 0.24300833800768804 0.757999042949761 0.000698048907968745 -0.0009602983165342602 -0.00011455543367842094 0.0010529255204060686 1.0
0.06140536111377908 0.27672968531454173 0.7620703979363883 -4.1318038462774184e-05 -6.131864821555232e-05 -4.173557386361001e-05 0.00011356007530163132 0.0 0.005738465019481288 0.24138034287492682 0.7571054708253796 0.0005798832323222524 -0.0014698421854775216 -0.0008620944995445434 0.0019746948868284045 1.0
0.06139328827660745 0.2767171773060778 0.7620549404017389 -2.8944104105359258e-05 -2.765361002565014e-05 -2.8753288164326833e-05 2.8339317097991698e-05 0.0 0.006290887562141897 0.24040372489008133 0.7564358147066106 0.0004614279266478077 -0.0011494284241943015 -0.0009288532260338009 0.0013202039421729228 1.0
0.0613499066561662 0.27666500742021133 0.7619979503257297 -4.47470565727367e-05 -5.1449298774393045e-05 -5.328608758056925e-05 8.148805232361238e-05 0.0 0.007543043284547424 0.2389045823184876 0.7550425514005217 0.001151001430327684 -0.0014550509615254897 -0.0013668497206993306 0.002348245266269619 1.0
0.06133869569841567 0.27653416591396307 0.7618834460453309 -1.5713750880834958e-05 -0.00012205290628390452 -0.00011142573377516172 0.000175537118515124 0.0 0.008472652319769788 0.23860163134099568 0.7542324650506234 0.0010863940449995513 -0.0004334656162269983 -0.0009072858468592511 0.0013261066067162379 1.0
0.06129569625272477 0.27643643413681523 0.7618015254428316 -3.1294243099465636e-05 -0.00011395956400607951 -9.916942286139629e-05 0.0001404014035477064 0.0 0.0092087028682379 0.2391685422271316 0.7537025901218156 0.0007936837241934815 0.0006434274177745256 -0.0005049718106034803 0.0010321249984905417 1.0
0.06112624042554177 0.2763246917761345 0.7616979592706639 -0.00015042499678937583 -0.0001111318442869566 -9.935620515942917e-05 0.00022120171172665312 0.0 0.010511691969579014 0.24086604069693318 0.7532795030878411 0.0011549156808915453 0.001817498263730696 -0.000278115435526945 0.0021765887824654923 1.0
0.06106697839487111 0.2761953208668582 0.7615720342270771 -9.707308138189436e-05 -0.0001262504351999912 -0.0001200914553958379 0.00019205187896150522 0.0 0.012013911952174584 0.2426291951902368 0.7534022458976442 0.001480333724877829 0.0020082038026817076 0.00014082840838120647 0.0023739819339632902 1.0
0.06103396065779302 0.2761015630630877 0.7614996953483937 -4.0525227487317106e-05 -9.757836572891644e-05 -8.126379919448559e-05 0.00012515930716465467 0.0 0.013323919958059947 0.24529025644912064 0.754607885696852 0.0014063077953248015 0.0025548087348313845 0.001103295384139517 0.003171110256220567 1.0
0.06087638179712039 0.27605527249459355 0.7614923757887975 -0.00011981988073348404 -4.088126991437241e-05 -5.558282038353735e-06 0.00015975632935255054 0.0 0.012735612960459821 0.24650575957830492 0.7548806241092536 -0.0002907546929173246 0.0014183724657351397 0.0005686137580921249 0.0013635369585669691 1.0
0.060623780235819845 0.27592343931099916 0.7619297971089672 -0.00024175039684708798 -0.00011245296804087297 0.0003868685481508684 0.0005229973871064412 0.0 0.012075358377132143 0.2467800200293711 0.754879514291729 -0.0009230366966489361 8.089233124641305e-05 -5.528558958734322e-05 0.0006886496673813877 1.0
0.05968961825208493 0.27563350150721067 0.7633082053546093 -0.0008622413674344178 -0.000276943702657044 0.0013157177815038704 0.0016919096376787925 0.0 0.012041672929137756 0.24685706593219228 0.754918745917518 -0.0004530673405939101 -0.00023634606227016376 -0.00013920276251693062 0.00013184605416875122 1.0
0.057920570222162765 0.2745600297800119 0.7647505295354774 -0.0017722573180032643 -0.0009945483278162442 0.0016199461010119889 0.0025372249793937777 0.0 0.012060996660905283 0.2468657547868152 0.7549242364233101 7.166161306264372e-05 -0.00016113474919611753 -0.00014655870954735032 4.071282859255507e-05 1.0
0.054249847093080894 0.27022579956942844 0.7651153191626879 -0.0036035939909458805 -0.004011445162157824 0.0006281789249667168 0.005651298403277517 0.0 0.01216782837237926 0.2467730431963476 0.7549424501410504 0.00040602290577087825 1.7120251116063408e-05 4.934138641364831e-06 0.00013633800840312732 1.0
0.04873484407750342 0.26333261186989737 0.7630614528462849 -0.0055968292664011965 -0.007085550886705839 -0.0019049294413769446 0.009106658816350824 0.0 0.012401452032316764 0.24665279548800748 0.7549348725948849 0.00042963705431076364 7.357559984029808e-05 0.00013113929918420986 0.00022508693217649983 1.0
0.04477101185370617 0.2599854520564824 0.763089773803738 -0.004600790722781854 -0.0045815461510977755 -0.0008616152657830167 0.005257762563366781 0.0 0.012465118391733471 0.24652639323000114 0.7549712510879061 7.140193984420118e-05 3.986918876189077e-05 0.00013527705556901212 0.00017206534611441783 1.0
0.04399449117145075 0.2589047720180317 0.7623273889053356 -0.0011014319558064205 -0.0011200866662968816 -0.0007405374125422281 0.0013252024094031728 0.0 0.012764857889556367 0.24645254091856528 0.7549545488562753 6.241237622751634e-05 -0.00015405247531033624 -6.990268476910898e-05 0.0002924683030629152 1.0
0.04416445812641183 0.25849177160063247 0.7617941593880446 0.0009238158033255002 0.0006061255903160987 -0.00031097742873026195 0.0007218712720613693 0.0 0.01304341987098583 0.24654496809784326 0.7549373602461512 0.00027014950557394254 2.647026035895359e-05 -3.715796624875376e-05 0.0003121668685141506 1.0
0.04430366946807378 0.25837973036409967 0.7614837936820789 0.000964531563538366 0.000740343498772303 -2.1594809751006153e-05 0.0005887053693127167 0.0 0.013077906127319456 0.24652586107984684 0.7549455321915541 0.00011890775125028292 2.501697460793569e-05 2.464045591838359e-06 3.96204988255466e-05 1.0
0.04441366135082961 0.25828800119230355 0.7612769994797548 0.0002113231970324466 -8.330894428667049e-05 -0.00011615661637493055 0.00018995645945485418 0.0 0.013004404766223658 0.2465034305438395 0.7549673924969513 -8.852478793325739e-05 -1.8324258285838785e-05 1.9286367680875006e-05 6.51773148049096e-05 1.0
0.0444386000698988 0.25819833373945955 0.7612305032738473 -0.0005174974657811172 -0.0007837271077236485 -0.0001966701842603905 0.0 0.0 0.012888000342922272 0.24651477293254653 0.754990153836136 -0.0001562970607334127 -1.853221872070372e-05 2.9633310396279584e-05 0.000128976306750379 1.0
0.044366937680583175 0.25810192369143453 0.7613212916905977 -0.0005954430447416038 -0.000576199539925889 -3.440127345297829e-05 0.0002037670532684709 0.0 0.012680449891032708 0.24650524881034414 0.7549718677137788 -0.0002226717603556874 -2.3978600267024488e-05 -8.092705222650025e-06 0.0002152320325481642 1.0
0.044299777219612924 0.25807706624282606 0.7613592144987176 -9.753202352379229e-05 0.00010409784546874107 0.00019836243676586793 0.00012279865055949378 0.0 0.012696794817467237 0.24653896020204086 0.7549666359086489 -2.3694583786555332e-05 2.279732416201401e-05 -1.13904626214478e-05 3.0394903890539667e-05 1.0
0.04429010362165744 0.2581416686523615 0.7612721850690055 0.00019238161838221407 0.0001855582158881053 -0.00014809393401597445 9.299411155204006e-05 0.0 0.012686708396133643 0.24653914064878968 0.7549627976767431 6.317702705223322e-05 2.0984708019451215e-05 -1.4462858736257675e-05 2.3223221048868667e-06 1.0
0.04403132697421495 0.2579078085204912 0.7609665095281868 -0.00013725235863119303 -0.0001281936783350437 -0.0003088702349782166 0.00045972918786200707 0.0 0.01271894140980648 0.24650371843352564 0.7549879556787885 6.433486021932463e-05 -1.9772960944450216e-05 2.122007080835484e-05 6.344575009936514e-05 1.0
0.04285539547814454 0.2565181178257296 0.7602356435070677 -0.0010598568884077207 -0.0012361028090453266 -0.0007291445471928575 0.0019588600414179027 0.0 0.012938575917247957 0.24647549235798957 0.7549676019470475 0.00019193323838101478 -4.736878413102663e-05 -4.343753907693314e-06 0.00022487230094783532 1.0
0.041457479514905214 0.25452200663798363 0.7594613655643083 -0.0015192514416491366 -0.0021144592562255663 -0.0008567397786350735 0.002590391825758716 0.0 0.013094998557452544 0.24650965903626978 0.7549795132220554 0.0001777222954240917 1.9435939703558795e-05 7.930832835381419e-06 0.00016193121015007508 1.0
0.039797589802380746 0.2522905369680223 0.7584732915353637 -0.0017760783831665974 -0.0024384673709276104 -0.0009894047914653988 0.002915649049492636 0.0 0.01310063862952033 0.2464755961864669 0.7549885157393977 2.067498172402675e-05 -1.3002228725359486e-05 7.624896941925619e-06 2.540015637036019e-05 1.0
0.03898720851909259 0.25111259836525673 0.7578719092484857 -0.0009839239915115602 -0.0014159105848251074 -0.0006500846055399024 0.001551852084704106 0.0 0.01307893577613302 0.24645827535165796 0.7549947931101838 -5.697161872036644e-05 -1.740151344430496e-05 4.365398188693821e-06 2.9337072487610133e-05 1.0
0.038005740884555904 0.24979747015248627 0.7565752628183144 -0.0007631344057104028 -0.001038907667612182 -0.0011135024740005688 0.002058971407847935 0.0 0.012999086150899595 0.24641182882911083 0.7550056982886407 -9.855595181025624e-05 -4.225226250612589e-05 1.1923155171246794e-05 0.00010038374419962034 1.0
0.037469305653440955 0.24841649561653487 0.7552488218262402 -0.00041045337739561684 -0.0010938178910816225 -0.0013377023170329718 0.0020655620546077063 0.0 0.013006284478427494 0.24638308552008722 0.755026317195733 -3.0234872049216423e-05 -4.167375783428589e-05 2.057925729203033e-05 3.944049767738901e-05 1.0
0.03735821360105383 0.24765007255440896 0.7543140821881809 -9.339841217461656e-05 -0.0008121729704925686 -0.0010664019892652585 0.0012034863997066898 0.0 0.01301449231501108 0.2463849122124345 0.7550361352845155 3.388017415293076e-05 -5.582672179373436e-06 1.3121285539855326e-05 2.6987296955346755e-06 1.0
0.03725322586038218 0.24656401701773525 0.7527695729509114 -0.00010777742363682818 -0.0011119093479163623 -0.00145184180031067 0.0018252924351767868 0.0 0.01305328569945735 0.24637157887265246 0.755040388741236 7.52445223834641e-05 -1.61351162175016e-07 1.658670163925974e-06 4.2334244348182325e-05 1.0
0.03752235488457584 0.2437314980462444 0.750484169669348 0.00019391920174768504 -0.002680058435669791 -0.0021922394156534027 0.003675277790746531 0.0 0.013081816316012075 0.24625680417788956 0.7551437701380397 3.9254831730655066e-05 -9.264125642080342e-05 8.940497281504854e-05 0.00016191680878143393 1.0
0.037617957083223075 0.2429712812542904 0.7499968874063979 0.00012177818715793163 -0.001347813007505107 -0.0008733548091098511 0.0010142571671851665 0.0 0.013124573428838144 0.2462728985523616 0.7551444506390259 2.998874107185175e-05 -2.2550198944295973e-05 2.7065532642852716e-05 4.847520667258031e-05 1.0
0.036465240673951446 0.24183724781081292 0.7501450234927047 -0.0009727088209064283 -0.0009738146238652311 0.00022421744032920308 0.0014263395057388284 1.0 0.013211860904798749 0.24631198847950947 0.7551440575683973 7.240688794569688e-05 3.9138349680233876e-05 -2.889709864298694e-06 8.522469538202908e-05 1.0
0.03632859955755197 0.24138325403914182 0.7499404022556402 -0.0005337067809831337 -0.00038768179502997866 0.00012404009026639403 0.0006271456562506859 1.0 0.013214615515613905 0.24630325327280778 0.7551505335595282 1.4867462160877654e-05 1.3503638665074774e-05 -5.378934511957354e-06 1.7749445221554227e-05 1.0
0.036475802543842493 0.24060553580812796 0.7498105221699367 9.204447440688216e-05 -0.0005041193879229636 3.4103289331913634e-06 0.0008364047504697721 1.0 0.013224970089206976 0.24630867648643423 0.7551581896960432 7.0204918478252554e-06 1.0988282827538594e-05 6.206730447353786e-07 1.4029214506919142e-05 1.0
0.036482388221535975 0.24033099627841045 0.7498253988583442 0.0002015488267641197 -0.00029198623778237706 -0.00010003917311285511 0.00024734477268101556 1.0 0.013222608176864771 0.24630456945113438 0.75516358482448 -1.03331915306063e-05 -6.9147082614017726e-06 6.331698084139515e-06 7.037015405930452e-06 1.0
0.03653932421817512 0.2401179307467587 0.749822048084298 0.00019024715588169823 -0.0003492085751469338 -0.00022810506023581974 0.00016709105377132817 1.0 0.013227357773822529 0.24630771872373133 0.7551625422156912 -2.0840821073694695e-07 -1.1543365975845682e-05 7.730379039983432e-06 4.37860187992758e-06 1.0
0.03660590798958563 0.24000441468328962 0.7498432965475282 0.00010461368989838566 -0.00023016723086183364 -6.350730513875278e-05 0.00019565547489380298 1.0 0.013227748350616162 0.2463074897624419 0.755164529695929 3.2385184891882175e-06 -6.117564579210737e-06 7.894100446112971e-06 3.8466657846088375e-06 1.0
0.03669129350692727 0.239912925743659 0.7499110439817032 -2.7640699828600072e-05 4.483526030590662e-05 0.00020843681304694812 0.00010931409515252226 1.0 0.01322947463404884 0.24631057641637294 0.755160122627221 9.33298210366544e-06 1.5101302021207756e-05 -1.1837204854388622e-05 3.065799366655644e-06 1.0
0.03652653964622956 0.2397564801306835 0.7503909125300046 -0.00023710131183202706 -0.00018169286177643483 0.00045968355114678404 0.0005495004180695695 1.0 0.0132334619697517 0.2463119673923191 0.7551627813423349 7.795729992738908e-06 3.3784482512201256e-06 1.0754839094603625e-06 7.232010563155786e-06 1.0
0.03620489497541657 0.2398100858969457 0.7506559161162459 -0.0002553696520805279 1.7407186642325176e-05 0.00032210445995926624 0.00041472257909931187 1.0 0.013232859463701204 0.2463120145325839 0.7551626551747002 -5.016084162416085e-06 -2.918590014123111e-06 1.7563246814497826e-06 0.0 1.0
0.035803040207087834 0.23996337838155052 0.7508971951914599 -0.0004269826403377449 0.00011841535389230454 0.00026744647286118224 0.00048749259220412977 1.0 0.01322590945183051 0.24631034770546217 0.7551586363588206 -6.011792200631986e-06 -1.0752086047123104e-06 -2.5896342394702235e-06 8.025334887974448e-06 1.0
0.035194739030136306 0.24033864520534978 0.7513579367501628 -0.000622504192419529 0.0004073393232108314 0.0004042632106149396 0.0008451050714994988 0.0 0.013235880559931667 0.24631437824418334 0.7551618136677272 5.428118694590456e-06 2.078122804243695e-06 1.4826564270876948e-06 1.1604744189206536e-05 1.0
0.035016122957707105 0.24051042087630214 0.7515128311504934 -0.00025380313513019917 0.00025126952926070355 0.0001830748913773944 0.00031877164753210235 0.0 0.013221594158121025 0.24631511032264194 0.7551615834248994 -9.012669450950073e-06 2.196390689733682e-06 2.506089788361358e-07 1.4285123751914413e-05 1.0
0.034888670752513784 0.24066777664660552 0.7516776529233193 -6.145276287618324e-05 0.00015115032929294788 0.00013010557778667413 0.00023173978382425256 0.0 0.013219512431796018 0.24630965217209913 0.7551605743366887 -5.2969475203725146e-06 -4.354660411202883e-06 -6.188996148567221e-07 5.717360843662434e-06 1.0
0.03486331742499593 0.24078495823184637 0.7518628175934239 4.4937489414977885e-05 7.021360351981969e-05 0.00016743430336555048 0.00022528006783203552 0.0 0.013229221013850717 0.24631590932622124 0.7551601118009807 7.892784508299953e-06 3.854792684328488e-06 -9.794653918981235e-07 1.1279806598630218e-05 1.0
0.035296693987546764 0.24113652619246004 0.7520933043658302 0.0003991033903529764 0.00027503680642813205 0.0002416735462286701 0.0006203734956426912 0.0 0.013190618702528353 0.24631751303608873 0.7551680944589085 -2.9378800103150555e-05 2.6997021961395683e-06 6.998687828527985e-06 3.9821316667914686e-05 1.0
0.03558035474732933 0.24125619081092262 0.7521266636966675 0.0003515016930698022 0.00019289987183406746 6.301125237355405e-05 0.00031452314736582596 0.0 0.013179604935077888 0.2463201925578956 0.7551695481903048 -1.9911366419381734e-05 2.993572682204929e-06 3.1355255771926926e-06 1.2436960847327471e-05 1.0
0.03595534755880129 0.24148489205027013 0.7520213131921449 0.00034920921246797855 0.00023351446351555825 -8.511047671543297e-05 0.00041671344708309085 0.0 0.013176110896773277 0.2463204495023768 0.7551706742129067 -6.035911690852279e-06 8.714816981913792e-07 1.305398226822718e-06 1.7501385027993013e-06 1.0
0.03616884392936173 0.24188637384798647 0.7516584317989331 0.00019823207353124843 0.0003870717276963848 -0.0003541175794480652 0.0006026062515552562 0.0 0.013187992078689245 0.2463240034590669 0.7551676930391882 1.3374476323476763e-05 2.8094095181806685e-06 -2.6737316160658727e-06 1.2950638515165152e-05 1.0
0.03627944785251519 0.24219835545466178 0.7513535813033279 9.226757634469261e-05 0.00033039011233475956 -0.0003939840866131766 0.0004599017530054327 0.0 0.013186718997051145 0.2463257369196623 0.7551641323863448 5.154469298296755e-06 1.3508186945219918e-06 -5.149746563298828e-06 5.997553894701762e-06 1.0
0.036316224219482794 0.2426166811638457 0.7509282149878966 -1.2414990211811723e-05 0.0004107341351662798 -0.0004170362129728455 0.0005838083496225406 0.0 0.013189240090890158 0.24632912567345264 0.7551621183660011 4.615720725645602e-06 3.0660758066347545e-06 -3.0473212801703952e-06 3.6393822484434914e-06 1.0
0.03628040139304317 0.24296416711878044 0.7505586667003851 -4.057525507008099e-05 0.00036765531374991216 -0.00035593908979592666 0.0005088991244668681 0.0 0.013205751738263693 0.24633657441076193 0.7551918918897657 1.160526494346135e-05 7.885806478106854e-06 2.6003461944313342e-05 3.3753488989404497e-05 1.0
0.036298737245297495 0.2431354298697552 0.7504132307935537 3.178801036140873e-05 0.00019235114372760702 -0.00014262542301758148 0.00023542311967855188 0.0 0.013225255670316304 0.24634348582638052 0.7551955177395391 1.5743189910109897e-05 7.342788907518445e-06 1.3072436353242586e-05 2.3127940014950865e-05 1.0
0.03649977979136298 0.24351936112964867 0.7498115570047221 0.0001865909783005477 0.0002952803068310036 -0.0004930976506832706 0.0007215434840244032 1.0 0.013211106469059352 0.24633394347816182 0.7552079522785742 -5.598353153779626e-06 -6.833109752507704e-06 1.1311980912285145e-05 1.9593455054704103e-05 1.0
0.036488810621032215 0.24353225511898335 0.7498091048033101 7.55688369652351e-05 7.85109898375399e-05 -0.00012606995557940302 5.07989523308386e-05 1.0 0.013205355016025235 0.246330962296669 0.7552093858385894 -1.010803130494202e-05 -6.4905260944613254e-06 9.959046863088502e-07 6.528694773774808e-06 1.0
0.036449073534651336 0.24347050267266918 0.7497995765156145 -4.0572185085400515e-05 -6.799511920737607e-05 7.99540782524659e-06 4.051015371752672e-05 1.0 0.01320712424473047 0.246334741991138 0.7552058395944695 -2.582694779135616e-06 1.4889974566876753e-06 -6.644937673802269e-06 6.124716808073994e-06 1.0
0.03634911156919642 0.24348664559302755 0.7497671617368903 -0.00012606497613838267 -3.534507252161761e-05 2.2326263105493314e-05 0.00011236151542470742 1.0 0.013205327084005363 0.24623945984877618 0.7552263846752959 -1.7237020304426366e-06 -7.998770541742416e-05 1.453124877783725e-05 9.691800601622918e-05 1.0
0.036337374639071135 0.24347598044197086 0.7497622013276511 -6.223688817268452e-05 1.496644453090638e-08 -9.198469908023059e-07 3.751816872678439e-05 1.0 0.013170662277014068 0.24614720889816244 0.7552929758889448 -2.669529094024726e-05 -0.00010424817334066509 6.424742360918437e-05 0.00012118883530295276 1.0
0.036343717861292306 0.24347308792430944 0.7497640150431802 5.9464745807382894e-06 1.2827465285072709e-05 -9.35147639336654e-06 0.0 1.0 0.013205641035749135 0.2461571401853977 0.7552927867565674 2.3304884136919085e-05 -1.4905744149156255e-05 2.1397308974219282e-05 3.522184406473394e-05 0.0
0.036345582504734894 0.2434665533690583 0.749765586815385 3.962164757157527e-05 1.7738484708842723e-05 -2.74848699805785e-05 0.0 1.0 0.01319035991797461 0.24614470060927032 0.7552905494660307 -3.204656233994491e-06 4.458523324677025e-06 -6.294991497051736e-06 1.5306662594592348e-05 0.0
0.036342526922462946 0.24346148868961218 0.7497642728111108 2.2348848177067938e-05 1.3644222240687869e-05 -3.570713967042643e-05 2.748033942487376e-05 1.0 0.013179288612759488 0.24613589671978084 0.7552894099729855 -1.3156266532500188e-05 7.065466959151636e-06 -1.0682416427741564e-05 1.839485198600451e-05 0.0
0.03625445975096415 0.24350403079381316 0.7497295778263156 -9.452958928864085e-05 5.450980196488209e-06 1.1613558930104943e-05 9.490093211175397e-05 1.0 0.01319091144436348 0.2460528508129633 0.7555906363233684 6.746779274074338e-06 -6.561883013031065e-05 0.000251270848262218 0.00031245753310229455 0.0
0.0358061859681128 0.24389426852146426 0.7496990990003288 -0.0004210435770046394 0.00034364473046303223 -3.952621820487674e-05 0.0005924200838794059 1.0 0.014660022377833076 0.24514768569494527 0.758446672774081 0.0012639455812122787 -0.0008070502083608668 0.0025389315207955286 0.0033150919107866987 0.0
0.035120688984061184 0.24436057216001816 0.749853659761894 -0.0007195790059083123 0.000515889473455928 0.00012245420390517178 0.0008561309733933314 1.0 0.016829170855304564 0.24387780607517792 0.7625891708972287 0.0022773311761505165 -0.0013578527163349652 0.004366006383664173 0.004920103112331061 0.0
0.034790420014017144 0.2448199686815401 0.7497936495428636 -0.0004508014146272902 0.0005114984426860771 -8.31453377596585e-07 0.0005631452466516946 1.0 0.017650621239916134 0.24289132576127137 0.7654418288956968 0.0012888533101107133 -0.001176898204270569 0.003530674189229303 0.003099910099388057 0.0
0.03485466960919137 0.24503760895777066 0.7498103355326043 3.9438280510820014e-05 0.00025619622837957603 1.7041314497115284e-06 0.0002107272713043748 1.0 0.017338788853118327 0.2422581378776643 0.7672144800681646 -0.0002543145552836252 -0.0006734098458153347 0.001866623766966948 0.0017890491388713925 0.0
0.03514652638591732 0.2454935003062958 0.7498371443178722 0.0003987257617653612 0.0003509653520261994 1.2877993216220363e-05 0.0005457034592020578 1.0 0.015861178331382793 0.24139383997113606 0.7681747798309431 -0.0017745308360911914 -0.0006674348222656177 0.0005062060686074168 0.002030186996601487 0.0
0.03548814168480618 0.24584378378671057 0.7502023667443688 0.0004694086558208074 0.00033070548809138316 0.00031102203754060153 0.0006420399577038825 1.0 0.01493143021741791 0.24087798896036208 0.7682642744182893 -0.0015055189939299429 -0.00044608426792064847 -0.0003853322450525241 0.0011912158655563649 0.0
0.036070553833051446 0.2467664644549798 0.7509652378141931 0.0005698851964211307 0.0008492469793931612 0.0007560032216614537 0.0013076214359652634 1.0 0.014415999700294632 0.24050287904508275 0.768039006594271 -0.0005920910673319423 -0.0003633036245572975 -0.0004064865991632394 0.0005757622251517478 0.0
0.035803782982733796 0.2474884186176093 0.7529879667314499 -0.000197832690261834 0.0008649057889502416 0.0019527832739012565 0.002161937758487889 1.0 0.013972899263607804 0.24029153541687157 0.7676681152100894 -6.80365819794341e-06 -0.00028469045179778905 -0.0001172729441413612 0.0005746371357884884 0.0
0.03643940683243101 0.24814886389187088 0.757053590601106 0.0003401950847360856 0.0007159062304511815 0.004010449539405327 0.004165169093194148 1.0 0.01353946410683014 0.24016904897122074 0.7671922436960366 -0.00010223689993444978 -0.0001345917171201793 -0.00024374889796729146 0.0007116307182383663 0.0
0.036903084053890894 0.25003754792402927 0.7584653750129287 0.0005085900377445143 0.0016718601177445136 0.0021810475927186916 0.0024611459075287515 1.0 0.013418012590084462 0.24008737336176889 0.7669223408408187 -0.0001831066522061612 -4.9227981683113266e-05 -0.0002588041738492792 0.0003112028637670648 0.0
0.037122783668411576 0.25331649563540104 0.7592635152142947 0.00033844905425105205 0.003186643628282088 0.0006956573333900703 0.003253164522787759 1.0 0.013383639086733715 0.23998768602852436 0.7667195040043966 -0.00015722359602355707 -9.775534188710786e-05 -0.00015629858075590173 0.0001903286520324077 0.0
0.03622350389261955 0.2560952762015948 0.7618610542564962 -0.000725485507913849 0.003179116181047086 0.0017812381462270514 0.003992687874659046 1.0 0.013283736682187129 0.23988301831192108 0.7664466136025926 -0.00017270884861913323 -0.00014910703206746803 -0.00023532356204778826 0.00032976733352443996 0.0
0.03681399038461946 0.25699561026621653 0.7624113946524304 0.0001882484818582982 0.001274349634536084 0.0007395838902851347 0.001282289220080818 1.0 0.013247261230346242 0.23982665181297388 0.7663632142519285 -1.7058126380685998e-05 -6.583424795316524e-05 -0.00014758392654389723 0.00012030279087979446 0.0
0.03722375700629636 0.2580990363946877 0.7629112370434497 0.00046956239488817807 0.0006848745359138308 0.0005065207780481712 0.0011277931565447465 1.0 0.013214531017210653 0.23975824201361637 0.7662773243773452 -3.290950606851925e-05 -6.39707300122129e-05 -9.719806462188388e-05 9.720279722061158e-05 0.0
0.03909676057947324 0.2594371868481122 0.762705725185739 0.0017897555139305596 0.0008543695619151987 4.438310495804903e-06 0.0023495272071101187 1.0 0.013171590465227765 0.23966262975774974 0.7661654913103905 -6.454063359391375e-05 -7.900460321495127e-05 -0.00011960546006524225 0.00015199793689523323 0.0
0.04218227316572956 0.2599937773882486 0.761291983452778 0.0032885113256262122 0.0006272512908311661 -0.0012852912767637096 0.003564262607097569 1.0 0.01313380525408457 0.23961013373193243 0.7661084343653655 -4.3931123684751335e-05 -5.59390845107975e-05 -7.800541306444671e-05 9.898600600455646e-05 0.0
0.04382277373495106 0.2600651060704132 0.7619316631413648 0.0021502723586312444 0.0003469190818800521 -6.598094661948353e-05 0.0016917296817288282 1.0 0.013101908537237092 0.23953173424710145 0.7660367924793728 -1.1867052315273194e-05 -7.280709859581453e-05 -6.194982747411234e-05 0.00010246682808761579 0.0
0.04365407636648007 0.26077922848278473 0.7633462809495023 -9.517787745403478e-05 0.0007155234794949121 0.0015780962856279817 0.0014664708121325649 1.0 0.01305038130932125 0.23944836021400365 0.7659487957136772 -4.658121339629783e-05 -8.562689095907388e-05 -9.265733582268504e-05 0.00012996924606863667 0.0
0.04491777249044253 0.26192140587227275 0.7642979595009829 0.00041937592237908515 0.0010575322302325196 0.0015922543205755075 0.0020650617351828412 1.0 0.012971148365957327 0.2393677275033056 0.7658330970273185 -8.206353494911452e-05 -8.213590045955215e-05 -0.0001201443760594143 0.00016795933084287759 0.0
0.046500780294799746 0.2623181538525826 0.764764711901632 0.0013850294223358326 0.0005554511004186298 0.000593514406203836 0.0017516839392972368 1.0 0.012923289960061564 0.23930231461324908 0.76575977845993 -5.368619641439683e-05 -6.569032129334175e-05 -7.440922996855906e-05 0.00010707343268874807 0.0
0.04775157562218638 0.26230355737929895 0.7649435197959552 0.0015101318031861537 0.00011719934904506576 2.1556684168571563e-05 0.0012007453503017804 1.0 0.012892345444002504 0.23925885100169214 0.7657134232225302 -3.28938799476549e-05 -4.622454213168036e-05 -5.110068291434002e-05 6.736358869508271e-05 0.0
0.0500937184137698 0.26227218052678564 0.7650816460256871 0.002566586632273902 -0.000167358737497011 -0.00025041194531869254 0.0022896730813173347 1.0 0.01285612380469503 0.2391533922379591 0.7656155782791361 -2.8805285055024056e-05 -9.129483931820844e-05 -8.118854087990072e-05 0.00014999552578985126 0.0
0.051126548601102675 0.26236624221550614 0.7654832981846137 0.0014666332817827592 -0.00012362007118420335 0.0001891949801058119 0.0012249496839992296 1.0 0.012821983141934064 0.23907260472943245 0.7655246588704665 -2.8522701032262448e-05 -8.686955154883782e-05 -8.788632192643899e-05 0.0001307575881610659 0.0
0.053570103251940934 0.26228626357349266 0.7664053844410906 0.001948043720381425 -5.16141691918758e-05 0.001104358035937567 0.002520166815556007 1.0 0.01276660236852963 0.23898840756583734 0.7654122688549848 -5.24413762868942e-05 -9.115483060991904e-05 -0.00011681601530242299 0.0001468965781166508 0.0
0.05413221524328317 0.26199498392144505 0.7671664891061719 0.0007277475123918882 -0.00012451825907504693 0.001019139743904596 0.0010577283250317465 1.0 0.01278475797750402 0.2389147124888185 0.7653539854871458 -4.929050814513831e-07 -7.643037371669695e-05 -7.531213979413218e-05 9.490226888785865e-05 0.0
0.054848988253570916 0.2619869869824604 0.7672474018349239 0.0006288787673128594 -2.2317326335787382e-05 0.00021945960645061995 0.0006688377995420275 1.0 0.012877355811185284 0.23880031272028837 0.7653605989031099 8.656138352759059e-05 -0.00010389106821042636 2.32790720093996e-06 0.0001473142400156982 0.0
0.05511111688157881 0.2619517295655686 0.7671996642225879 0.0001659876603656782 -7.538461199805267e-05 -0.00019688406042742558 0.0002845572385584533 1.0 0.012901874129313356 0.2387605591898401 0.7653934687501978 5.592452161235872e-05 -5.0545282333826346e-05 5.166802641565293e-05 6.16809392588033e-05 0.0
0.05560095319599517 0.26203744704465465 0.7664538473500451 0.00036835612986509635 7.459508142888165e-05 -0.0008389569582870999 0.0009005570436669693 1.0 0.012909813682768619 0.23870854572744268 0.7653973323697791 1.2670894295011734e-05 -4.44122928748867e-05 2.3293693229482304e-05 4.7402911787909854e-05 0.0
0.05614837170782896 0.26233186846161416 0.7655143175456557 0.0006495521772485304 0.0003112884730165484 -0.0010646641763775236 0.0011713393534166063 1.0 0.01288253836913377 0.23868128042638703 0.7653723825216588 -3.804032411666395e-05 -2.8728206642518682e-05 -2.84720633520319e-05 4.7933046260576875e-05 0.0
0.05687080347726413 0.26231874660068616 0.7643486358911714 0.0007835790367687217 7.863000335986939e-05 -0.001155863443480921 0.0013014281472806086 1.0 0.012871272540139844 0.23865148535143094 0.7653479523533145 -3.361013826271803e-05 -2.28990770174134e-05 -4.2206131252306775e-05 4.1175794392796835e-05 0.0
0.057718733430958374 0.261789223675946 0.7623499705470211 0.0010079356261169128 -0.0005081363102359228 -0.0018243755326064377 0.002251879033679626 1.0 0.012825554282653 0.23861904247207125 0.7652860550840855 -4.56737439562768e-05 -3.285917459247343e-05 -7.036925420717943e-05 8.288466751875349e-05 0.0
0.05786511178491093 0.26099225535845266 0.7615002957500644 0.00017058569430259242 -0.0008957735525985149 -0.0010867210020977496 0.0012067626935483248 1.0 0.012820802999215787 0.23856262722487506 0.765234577226066 -1.3323020829277303e-06 -5.822404372541514e-05 -5.476651554341626e-05 7.584250937000503e-05 0.0
0.05777429311525208 0.2602227517819038 0.7610497383731012 -0.00015168052111591123 -0.0008834674621329734 -0.0004112052959523816 0.0008541140599390705 1.0 0.012821659922306645 0.23850640953123114 0.7651914129234958 1.2340876401508386e-05 -6.472401380028181e-05 -3.782819062682384e-05 7.151416972035529e-05 0.0
0.05784730987786585 0.25846730626777736 0.7607051097614318 -0.0001243231468489929 -0.0016387171847823045 -0.00012777166578876458 0.001786643004801693 1.0 0.01280501604303473 0.23847701434759608 0.7651595343863821 -1.1310541787970673e-05 -3.268406942173308e-05 -2.631422063780223e-05 4.5459340062185333e-05 0.0
0.05807461214509877 0.2576732766551466 0.7607625187227217 0.00018810129081382046 -0.0009847347989582656 0.00011279546331872996 0.0009088171311699756 1.0 0.01280181538675551 0.23846754206885512 0.7651418863903601 -6.0366953457976896e-06 -9.118787488592452e-06 -1.5457769035803983e-05 2.1051932959787244e-05 0.0
0.058270356771226106 0.25712316079881037 0.7608151022623298 0.0002965564654311904 -0.0004790369095284101 8.281916302149033e-05 0.0005130483961670488 1.0 0.01280571975069454 0.23844645271599782 0.7651396756419914 -5.645174124164648e-07 -9.182501547137996e-06 -5.971064797599877e-07 2.1816911106378517e-05 0.0
0.05847783228152207 0.25677124750442915 0.7609420340297407 0.00031650297424262323 -0.00022362671333497273 1.6153674653756668e-05 0.0004073614020755072 1.0 0.012794924915166839 0.2384219480662918 0.7651231346525766 -8.836048181416493e-06 -2.1240380083382346e-05 -1.1894327856353436e-05 3.1354015383288086e-05 0.0
0.058562290577923004 0.2564776233818418 0.7608222855123942 0.00012231763873657908 -0.00019095053416756547 -0.00019135253680896652 0.00038899638966412384 1.0 0.012776232003221056 0.23841335444994805 0.7651073357971621 -2.056216539073107e-05 -1.5136205711316537e-05 -2.0595312832374143e-05 2.640899340847987e-05 0.0
0.05863805798515462 0.2563068590606814 0.7607142728089922 -1.5106840674873763e-05 -0.0001728290306238633 -0.00010451297897887883 0.00020552238376253225 0.0 0.012780831509157124 0.23838291114805407 0.765095992071463 1.6158848486963798e-06 -3.146397219644009e-05 -1.5272708209046934e-05 3.148375481122402e-05 0.0
0.05866062981528787 0.2561120859168672 0.7606583661298468 -1.562924365369986e-05 -0.00026461295186741096 -0.00010047599781499268 0.0001698934992074182 0.0 0.012776379916694084 0.23834843193813124 0.7650760746879657 -2.129810947108232e-06 -3.608176140863828e-05 -2.0208215242968536e-05 4.053446585224731e-05 0.0
0.05876199125783169 0.25589499483003914 0.7605429657829386 9.347174568083868e-05 -0.0003220548345716904 -0.00010108737736667938 0.00029002947622954215 0.0 0.012737097439288535 0.23834239341780472 0.7650560152237009 -3.3496368315709826e-05 -1.0217738402292572e-05 -2.0158189155718316e-05 4.519166969930363e-05 0.0
0.05882312390136217 0.25571151763721195 0.7605320048736295 9.286036045705926e-05 -0.00015209920938896748 1.6314704438387363e-05 0.00019261101505022634 0.0 0.012693825216146405 0.23835331920541789 0.765022855041345 -4.579763835403268e-05 1.2449567679828064e-05 -3.0281328493714455e-05 5.509656597600086e-05 0.0
0.0584965953716 0.25631156834445973 0.7599780138043329 -0.000258222801029761 0.0004900733493883427 -0.0004493746611066592 0.0008671321299161815 0.0 0.012671280580199699 0.23835395022022135 0.7650098893276045 -3.1010575467288435e-05 7.686156756727711e-06 -1.6927551941773968e-05 2.634236618343313e-05 0.0
0.05803048953051167 0.2570863032390843 0.7593248321591405 -0.00049836652852476 0.000869347507338914 -0.0007013426511573625 0.0011367037443765242 0.0 0.012653002856815152 0.23835905783622707 0.7649887287793379 -1.8687780951890652e-05 7.026047218017751e-06 -1.9380199192799e-05 2.7467057046420806e-05 0.0
0.05746969409807776 0.2580534877003017 0.7585364344237607 -0.0006250695545060834 0.0010667372368134678 -0.0008660140357379348 0.0013564270473007828 0.0 0.012645502973070946 0.23835044650962325 0.764979977437973 -2.712641678381014e-06 -8.15896069848787e-06 -8.417417134895365e-06 1.5352579201795688e-05 0.0
0.05708246629750538 0.2587089671685159 0.7579985869209138 -0.0004456643341933462 0.0007558505586851493 -0.0006082059137964502 0.0009276633991735731 0.0 0.012641371267920243 0.2383525397015043 0.7649726957154619 2.700839345110716e-06 -6.449900134520803e-06 -5.122520754598204e-06 8.693046261595425e-06 0.0
0.05672164841487535 0.2592195366912998 0.7575899240218558 -0.0003171432967979497 0.000434551787135941 -0.00036373281765177015 0.0007379372151298008 0.0 0.012638822129828295 0.23835629097602137 0.7649765893041255 -2.7999940496275796e-06 2.188698038295155e-06 2.775543328152768e-06 5.582603182770741e-06 0.0
0.056327272741989017 0.2596972418397031 0.7573638390068335 -0.00031094878455728255 0.0003350501363538337 -0.00015014371827535192 0.0006783079502498253 0.0 0.01263766240957115 0.23838049817492576 0.7649848863770052 -5.418858786658272e-06 2.5214961540772452e-05 8.464249138138141e-06 2.526325758372031e-05 0.0
0.05604177625187382 0.25999676983810394 0.757428422762311 -0.0002800695901437906 0.00026359895886291494 9.913637217352774e-05 0.0004220802590537851 0.0 0.012645193061625351 0.23840694544653823 0.7650083143523129 4.830842608337033e-06 3.136792733160606e-05 2.175212715104564e-05 3.720913469621237e-05 0.0
0.055702618092278194 0.2601602064594827 0.7576598190668706 -0.00035341144058471203 0.00021797941568730888 0.00022316290943993054 0.00043069393912001277 0.0 0.012667360456949788 0.23841369021312023 0.765026803695156 2.1631393852662516e-05 1.1828170493504877e-05 2.2110170945333044e-05 2.8960255309063516e-05 0.0
0.05522657774295104 0.26030732514236254 0.7582052672006065 -0.00047816673376557253 0.00016050171572422084 0.0005196899908742886 0.0007330288311258353 0.0 0.012689098941482794 0.2384189705440234 0.7650472771025042 2.4665125563550678e-05 2.3039636558018423e-06 1.947417151710494e-05 2.9755563528711127e-05 0.0
0.054335940923631025 0.2603221379742581 0.7594054952272631 -0.0008656671630630601 4.763662066307171e-05 0.0011318303745585416 0.001506546376168283 0.0 0.012720481058539769 0.23841546593959556 0.7650581604340815 3.218973471024886e-05 -7.946081652042747e-06 1.1367776478610431e-05 3.392324995396056e-05 0.0
0.053767600771980076 0.2603042583915813 0.7601607317779618 -0.0006839807499498446 -3.5334680231354464e-05 0.0009222150178455631 0.0009603011959977072 0.0 0.012729708209193627 0.23841919390898686 0.7650684456175955 1.2977756989842624e-05 -3.777589504678607e-08 7.469267626711632e-06 1.508834159295987e-05 0.0
0.0527903501314668 0.26030632669321335 0.7613794679635906 -0.0009269151642732588 -2.757182171568562e-06 0.0011353307879405333 0.0015109516589579047 0.0 0.012726040109600706 0.23843790793610195 0.7650559878552308 -5.831411962202089e-06 1.8050840714375742e-05 -1.0669484339438004e-05 2.149197103292334e-05 0.0
0.052619552372671005 0.26028274858220724 0.7618667929883925 -0.00028975145735889033 -7.761731698875218e-06 0.0005686225040194147 0.0005662080455345769 0.0 0.012714653219682969 0.23843970093063147 0.7650504275312516 -1.6085526034119336e-05 1.0529802757268037e-05 -9.397279107814006e-06 1.3582444555818518e-05 0.0
0.0527101338780075 0.26028141705778884 0.7619305354892654 0.0001764727039854036 -3.398816793161966e-06 7.184703379268679e-06 8.637797749357903e-05 0.0 0.012710064395629316 0.23843968771938975 0.7650491721154682 -8.575850541427248e-06 9.549955296018613e-07 -1.834313531259113e-06 4.760151273508275e-06 0.0
0.05276835269438308 0.2602698150482356 0.7619437556971984 0.0002034892269634343 -4.570244484432392e-06 -0.0001386407708754453 6.069176754946873e-05 0.0 0.012713728245060448 0.2384300872069089 0.7650535991808177 4.699184057473536e-06 -1.1788380161707022e-05 5.62527506929172e-06 1.0594432514544762e-05 0.0
0.052795278719002726 0.2602803478413455 0.7619170794964895 6.0840349279541454e-05 9.988005875011333e-06 -6.561300057516766e-05 5.7873198365827785e-05 0.0 0.01271765800643164 0.23843378895275397 0.7650495470421229 8.941856257860695e-06 -1.7887804324305637e-06 8.314053821136392e-07 7.321130494431731e-06 0.0
0.05279738975292663 0.26029240404134546 0.7618986027220964 -7.143841027497334e-05 5.219350826727822e-06 4.374590494821465e-05 2.6065929333216205e-05 0.0 0.012720002277731323 0.23843388388003658 0.7650533209277818 6.386074018821308e-06 8.05706213806728e-07 2.9253377914720804e-06 4.4874783423211324e-06 0.0
0.05277483441573567 0.26029439614105543 0.7618967264503225 -9.652600714354388e-05 4.109739918213475e-06 6.095333655150919e-05 0.0 0.0 0.01271548876574479 0.23842729454869785 0.7650477247415485 -5.088258917259353e-06 -2.4792468442193206e-06 -5.0231590705356175e-06 9.095530339193026e-06 0.0
0.052763284120219994 0.2602979119762205 0.7618996610398545 -7.748115559352527e-05 2.6425813466156826e-06 8.885681227276479e-05 3.4599896820982235e-05 0.0 0.01271240345453353 0.23842706511691936 0.7650423644729831 -6.651313971476322e-06 -2.449372082531886e-07 -8.355784980416501e-06 6.860672568448953e-06 0.0
0.052754420004728665 0.2602980542708796 0.7619075078720746 4.949101424681253e-05 -3.5017222382123565e-06 -2.9372769755064542e-05 1.193696647201238e-05 0.0 0.012708384056050476 0.2384295685607184 0.7650348884810501 -5.905441248073945e-06 6.902275989677099e-07 -7.580741645201271e-06 8.629795205189083e-06 0.0
0.05274698228459538 0.2602888906492266 0.7619182626000232 1.798334113321592e-05 -8.614017693213901e-06 -1.4937103773915916e-05 1.382224578002657e-05 0.0 0.012706780965538764 0.23842918464532073 0.7650316336171832 -1.3864958991236887e-06 2.6948848648978905e-07 -3.816019569970762e-06 3.5435991712923457e-06 0.0
0.05273932164769108 0.2602875844787002 0.7619245616680083 -4.5756797788048365e-06 -4.31558050842984e-06 2.511973940572739e-06 1.028570075765053e-05 0.0 0.012704849260646111 0.23842766133716078 0.7650320558056383 -3.083500609015611e-07 -1.3159414477968599e-06 8.704852210262232e-07 2.5382960396498264e-06 0.0
0.05273012525502091 0.26028478240055136 0.761933278919955 -9.557868391534974e-06 -2.8127489624654816e-07 3.247397114962525e-06 1.261223368533546e-05 0.0 0.01270411136434561 0.23842751176997218 0.7650310200603277 -1.3188730774180623e-07 1.5154064738219896e-07 3.538534508359021e-07 1.3645885838481004e-06 0.0
0.052723068182104274 0.2602803093291925 0.7619428744091323 -1.035389733659377e-05 -3.118356149544812e-06 8.801336453287647e-06 1.271393160769369e-05 0.0 0.012703752059700963 0.23842737013929133 0.7650305008377448 -3.716077174626671e-07 -1.1007205617894595e-06 4.66158534491691e-07 6.101788125934841e-07 0.0
0.05271389571423075 0.26027543036297 0.7619405006577605 -1.098606263277227e-05 -4.813507580472854e-06 1.5043355481949403e-07 1.0958089067614702e-05 0.0 0.01270207296517857 0.2384298613772998 0.7650260856129298 -1.928282658740993e-06 1.763727743589316e-06 -4.824264400349798e-06 5.341682177492841e-06 0.0
0.05269626388991004 0.26027338496758723 0.7619430203456171 -1.5833792984081024e-05 -2.432552584861163e-06 6.727686086128315e-07 1.760559524935662e-05 0.0 0.012695894888472649 0.23843729037852496 0.7650334470395634 -5.761975266160899e-06 7.892171969453362e-06 4.527736176552891e-06 1.21139542822092e-05 0.0
0.052680059273317134 0.2602756193140001 0.7619478620719422 -1.7523724878645418e-05 1.2577818622424963e-06 4.2577244175418324e-06 1.7293402899035097e-05 0.0 0.012692643111338811 0.23843750624995777 0.7650329465120802 -4.630899253901437e-06 2.4544096222703866e-06 1.410434057002128e-06 3.555587421541521e-06 0.0
0.052668873995385335 0.2602774678523167 0.7619500836215253 -1.2670394114063617e-05 2.4023139806743485e-06 3.4645336539819827e-06 1.1555152239784012e-05 0.0 0.0126896445866422 0.23843936793866838 0.7650308976475143 -3.134625286167639e-06 8.891703337574789e-07 -1.1673219155122193e-06 3.4856725454931843e-06 0.0
