0.06323467373543387 0.2791404544954422 0.763393965164932 0.0 0.0 0.0 0.0 0.0 -0.017383876550112976 0.27957647030708205 0.7630535971870319 0.0 0.0 0.0 0.0 0.0
0.06322224600143324 0.2791176022687783 0.763391276303232 -1.2427734000633461e-05 -2.28522266639275e-05 -2.688861699962075e-06 2.6151535578843984e-05 0.0 -0.01738192071929592 0.2795741112822375 0.7630455221832002 1.955830817055443e-06 -2.3590248445226614e-06 -8.075003831709004e-06 7.884974239516044e-06 0.0
0.0631812519255743 0.2790942257223547 0.763386895218382 -4.099407585893278e-05 -2.3376546423592437e-05 -4.38108485001365e-06 4.7393787384902327e-05 0.0 -0.01737633843032182 0.27957293398815886 0.7630132983943929 5.582288974098626e-06 -1.1772940786691777e-06 -3.222378880729515e-05 3.386412366748174e-05 0.0
0.06306935642510098 0.2790889782209626 0.7633959716044716 -0.00011189550047333019 -5.2475013920805225e-06 9.076386089601485e-06 0.00011238558662695336 0.0 -0.01737203482222164 0.27958892681722475 0.7629423811480123 4.30360810018196e-06 1.5992829065891723e-05 -7.091724638064179e-05 7.2908549404984e-05 0.0
0.06293502298518705 0.27907978336232225 0.7634431612038755 -0.00013600479766861587 -8.665498283829715e-06 4.72559852217883e-05 0.00014267752729992762 0.0 -0.01736905407705854 0.2795962427779507 0.7628304728581147 2.8173634011189713e-06 8.091432449258743e-06 -0.0001120614038705719 0.00011179211115039935 0.0
0.06288600215969913 0.27907664389510284 0.7634619930906823 -4.8570661213109226e-05 -4.179594619701251e-06 2.0269497043574483e-05 5.260739060859479e-05 0.0 -0.017364719587333113 0.27957851484744256 0.7627606857350806 4.36506354549974e-06 -1.8461006971760204e-05 -7.083230460078462e-05 7.264661193915638e-05 0.0
0.06285742427921218 0.27906612170853434 0.7634818704721597 -1.4583171266830286e-05 -1.1726119687527199e-05 1.6325535677327705e-05 3.618557407276462e-05 0.0 -0.01737485867145817 0.2795777584546799 0.7627034673013705 -8.963813425824507e-06 -6.551697962677275e-06 -5.0548513285414014e-05 5.6046888259357003e-05 0.0
0.06283353325383995 0.2790525184235936 0.7634961941272039 -1.6142197802689215e-05 -1.4724227037078636e-05 1.0725843423627102e-05 3.18918068701851e-05 0.0 -0.017389678411594976 0.27958289292547645 0.7626655649767603 -1.5848151798273815e-05 5.996257155536183e-06 -3.316235408805967e-05 4.239528198789342e-05 0.0
0.06281730797642986 0.27903793805319826 0.7635029363477431 -6.273385283860923e-06 -1.8672544839492895e-05 2.2944213676824258e-06 2.532435938525752e-05 0.0 -0.01739977788765875 0.27958515700959635 0.762632426677716 -1.28451075337886e-05 4.609354406048738e-06 -2.2639938343979216e-05 3.595600441460496e-05 0.0
0.06281460395516761 0.2790411978383196 0.7634940091808683 -9.983515166141762e-06 -1.8653957530281843e-07 -9.599044813390299e-06 7.055007516263581e-06 0.0 -0.01740496959440882 0.2795870459724597 0.7626160515676905 -5.5190501052657184e-06 5.22578584528819e-06 -1.7150000192330418e-05 1.6680854991277965e-05 0.0
0.06281480706890924 0.2790491791611837 0.7634758129349779 -1.1767445815355855e-05 1.1160436472211284e-05 -1.6970816466532558e-05 1.8265601465547515e-05 0.0 -0.017408287826425665 0.2795828655216381 0.7626007714339722 -1.2013244065810354e-06 -1.6875784415459659e-06 -1.9780624429739995e-05 1.4771356417710353e-05 0.0
0.06281796174754964 0.27905041930172586 0.7634540746291908 5.454393023988902e-08 5.63455886981758e-06 -2.1056352504001635e-05 2.4619690895058167e-05 0.0 -0.017405213900929348 0.27957817106635935 0.7625982502813089 4.663884652716709e-06 -7.964485411622685e-06 -8.361147163722231e-06 7.3975465119189144e-06 0.0
0.06282460064467754 0.27905656669326834 0.7634385950837472 1.1618699128847665e-05 5.944103665086264e-06 -1.8810590554237224e-05 1.7356038960771053e-05 0.0 -0.017401746567442276 0.27957810570195313 0.7625908291957901 4.781045642098056e-06 -3.7451559937100725e-06 -4.1289362545112005e-06 7.789098732722548e-06 0.0
0.06282829451498949 0.27905056188584365 0.763421783908402 4.43284946281451e-06 -6.433367585786543e-06 -1.392339422331286e-05 1.753391846774106e-05 0.0 -0.01739582398327728 0.2795732573919321 0.7625873123710031 4.554437004544782e-06 -2.144068309952189e-06 -4.47875562194855e-06 8.599926549284972e-06 0.0
0.06283067057367127 0.2790404570334967 0.7634052848143147 1.3287488507132725e-06 -1.2907771408654905e-05 -1.4021874741562411e-05 1.98353872006386e-05 0.0 -0.017386824615743316 0.27956966658272275 0.7625901466386693 7.96404819696221e-06 -2.8525255066908238e-06 1.5885142503926886e-06 9.966974692666455e-06 0.0
0.0628386607195284 0.2790351930620602 0.763400145524642 6.525739547985713e-06 -8.067024989537918e-06 -6.076139035586806e-06 1.1378593672578083e-05 0.0 -0.017379459714238772 0.2795678378601002 0.7625912888228068 7.861506440832335e-06 -2.0805041420577573e-06 1.6609211699347319e-06 7.797952418023191e-06 0.0
0.0628430567597601 0.27902708242390956 0.7633900039116525 5.880086365066077e-06 -6.14003147948659e-06 -9.05123090435568e-06 1.2984642013960505e-05 0.0 -0.017374469892989443 0.2795662695916771 0.7625925679946334 5.178718426260621e-06 -1.5428073088463148e-06 2.2501013762524046e-06 5.128642847211148e-06 0.0
0.06284742303875515 0.27902287419345734 0.7633860090829662 4.6694494975354765e-06 -3.5153010848248815e-06 -5.2620561700727195e-06 7.6558255382231e-06 0.0 -0.017370141415272464 0.2795694250854458 0.7625956020509093 3.6969457081720454e-06 2.3279334504488777e-06 2.6392213791272657e-06 6.35539652908099e-06 0.0
0.06285669551872111 0.27901918315896773 0.7633858069150116 8.699849091294775e-06 -2.6061089190761747e-06 -6.965860518437674e-07 9.893189409773075e-06 0.0 -0.017365687890644986 0.2795668643093317 0.7625991482491422 3.999514111487093e-06 -8.154449969845132e-07 3.757883775739282e-06 6.292504894177987e-06 0.0
0.06286137035534652 0.2790184085680101 0.7633854516071045 5.900743310682693e-06 -2.3848127597224927e-07 3.426577744297469e-07 4.827436120618592e-06 0.0 -0.017362083882547178 0.27956477396078044 0.762602398660613 3.5335587541270634e-06 -2.2915437310617897e-06 2.7679341416709105e-06 5.267877460889803e-06 0.0
0.06287127620071674 0.27901708538416226 0.7633841748896648 8.732068324008994e-06 -1.769612273614386e-06 -1.383617616915647e-06 9.808957902454011e-06 0.0 -0.017359252307465423 0.2795624088857235 0.7626056352071833 3.342860755225242e-06 -3.487338378433672e-06 3.6120353849123476e-06 4.7590537928715e-06 0.0
0.06287875848455436 0.27901164862440936 0.7633843347238461 8.187014110040843e-06 -5.013888840096144e-06 -3.888983445893915e-07 9.62469149127934e-06 0.0 -0.01735760638599333 0.27956180389169705 0.7626087035452279 2.111483630223261e-06 -1.2177183009776947e-06 3.3484819947724554e-06 3.6217662943165884e-06 0.0
0.06288225758155243 0.2790096135197389 0.7633839930542481 4.343658790791088e-06 -3.1951041489326327e-06 -2.2912606149994557e-07 3.866549852257899e-06 0.0 -0.01735744435135862 0.27956445776037264 0.7626093737822465 6.775742906773644e-08 2.6208086721362627e-06 6.567754645411962e-07 2.767416927609803e-06 0.0
0.0628838033132576 0.2790103047462896 0.7633780053345853 6.830424439718051e-07 -2.6473513570607677e-07 -5.832734481822939e-06 6.054674471180519e-06 0.0 -0.017355587698449138 0.27956950262286545 0.762616762844975 1.168057893645769e-06 5.82853052147306e-06 6.051702688234904e-06 9.044425163099355e-06 0.0
0.06288002611009996 0.27900734285108925 0.7633787554870897 -3.8927494845241156e-06 -1.5919840412435662e-06 -5.67899837497051e-07 5.081468353837844e-06 0.0 -0.017355890525818107 0.2795724351794205 0.7626329003575357 1.6175679235461103e-07 4.3383529662038864e-06 1.5706875834722064e-05 1.657145048151439e-05 0.0
0.06286322269205605 0.2789790830329258 0.7633576918401324 -1.5812715397039307e-05 -2.4437528880760702e-05 -1.7487522833021608e-05 3.883762808366271e-05 0.0 -0.017372166551714304 0.2795914867659532 0.7626781957973281 -1.392173196372532e-05 1.6219270527898892e-05 4.3279406117854607e-05 5.147241036450359e-05 0.0
0.06284880543455768 0.27895905924039305 0.763320184157915 -1.703748225775147e-05 -2.4932295121713774e-05 -3.753685629335957e-05 4.569629388151691e-05 0.0 -0.01738237325351842 0.27954606660671893 0.7627889059081951 -1.3395160376641895e-05 -3.4699751001688206e-05 0.00010685583942982233 0.0001202914731118969 0.0
0.06283619068325283 0.27895628441793996 0.7633032678419888 -1.3177113181297472e-05 -7.670122947037014e-06 -2.4318534603102275e-05 2.0731074003117814e-05 0.0 -0.01739362291487468 0.2794978446425072 0.7629061724249461 -1.2241826727439293e-05 -5.553997114672023e-05 0.00012873212757434573 0.0001284670395643753 0.0
0.06282610839388443 0.27895084501552003 0.7632918219073065 -9.365930745587343e-06 -1.866004070731131e-06 -1.1293446462642281e-05 1.4986702492656324e-05 0.0 -0.017397809945191706 0.27942175334925495 0.7630440320194364 -4.6241849591614935e-06 -8.029495081512398e-05 0.0001424098753830989 0.00015522646528297212 0.0
0.06280911282375465 0.2789449838549754 0.7632869583126278 -1.4035126925239603e-05 -1.2426474946388224e-06 -1.1328083946415905e-06 1.978531622810391e-05 0.0 -0.017395803646073803 0.2793381613062006 0.7631663459164731 3.5291980163795957e-06 -8.787912629001281e-05 0.00012453568286343642 0.0001489748137102888 0.0
0.06279106761903021 0.27893937575822547 0.7632813811214162 -1.7684514181183876e-05 -4.245752812387329e-06 -8.716560973424761e-07 2.069993496700282e-05 0.0 -0.01735269017295838 0.2791479531501254 0.7632809504018777 4.0074224900399434e-05 -0.00017498384454651584 0.0001077816457758252 0.0002259944460789178 0.0
0.06276239662600532 0.2789289951922244 0.7632726822569346 -2.8780341985100082e-05 -1.2040591511581247e-05 -7.240742464318772e-06 3.039514551888536e-05 0.0 -0.017241692045793032 0.27876319434705255 0.7632405383965938 0.00010751383209670309 -0.00036742919435359 -2.7683800573708352e-05 0.0004034321838740751 0.0
0.06272615245135092 0.278909518796795 0.7632589245681236 -3.8142320982155116e-05 -2.203212461498617e-05 -1.731578307713677e-05 4.338436730518962e-05 0.0 -0.017127294808886934 0.27833622697677085 0.763089307420174 0.00012676112530137277 -0.0004568546158526171 -0.00015948282234286754 0.00046966009435629215 0.0
0.06268621933147123 0.27887339841703657 0.7632190355361048 -4.122161262933686e-05 -3.4942755619487e-05 -3.975386958728072e-05 6.73407708137184e-05 0.0 -0.017027330568076416 0.27773734712286297 0.7628386016640076 0.00010994898741897274 -0.0006054346280486602 -0.0002669996622132918 0.0006513711210155696 0.0
0.0626524083626951 0.27883897034602273 0.7631743982723913 -3.5290587044160586e-05 -3.6861731990362555e-05 -4.740715221429606e-05 6.601261788138574e-05 0.0 -0.01689121041675771 0.27669992986099445 0.7623587061939155 0.00012493304773931367 -0.0009943712558707265 -0.00047261487241433766 0.0011498297853241555 0.0
0.06264092816139902 0.27883566590388753 0.7631420886362951 -1.2909177574889934e-05 -9.25718906812808e-06 -3.722287237836939e-05 3.404882288505045e-05 0.0 -0.016791792503021454 0.2756018440989604 0.7617261482611173 9.850010318610037e-05 -0.0011468756431043785 -0.0006390311500863136 0.0012848944239993794 0.0
0.06263169018012266 0.27881592433176783 0.763115307317716 -4.478861313514514e-06 -1.1582302963471862e-05 -2.517903558896374e-05 3.364987286802138e-05 0.0 -0.01678356280789656 0.2744845037482107 0.7610599163909113 1.3859663997963352e-05 -0.0011542827736139396 -0.0006876935594525518 0.001288816607979201 0.0
0.06262012004887949 0.27878470427224755 0.7630701002107676 -7.159546622938955e-06 -2.5742637399074844e-05 -3.750885422931392e-05 5.73241955508406e-05 0.0 -0.016893736127473104 0.2733540001459367 0.7604373895783362 -0.00010754957376444464 -0.0011248265660042899 -0.0006318355107146152 0.0012887667808234482 0.0
0.06261807299319441 0.2787514749102752 0.7630205977944448 -4.347790094063743e-06 -3.544714504471455e-05 -4.819295783962424e-05 6.072059461846315e-05 0.0 -0.01699624087862212 0.2720472796169372 0.759607732108368 -0.00012859539305049548 -0.0012438306355577254 -0.0007782302301620578 0.0015595361496455755 0.0
0.06261941571925538 0.278728299745689 0.7629770448641315 -1.1574686831434725e-06 -2.9730731321735444e-05 -4.801789583048829e-05 4.7752803860986646e-05 0.0 -0.017113951880853646 0.27077419246975654 0.7587465521795906 -0.00012839226481059274 -0.0012602240931565444 -0.0008528328834957348 0.0015536521473454169 0.0
0.06261669192455047 0.2786883451153262 0.7629214599835693 -3.0716382737441724e-06 -3.893260040565162e-05 -5.6985671287911763e-05 6.753795530523059e-05 0.0 -0.017310757637750505 0.2697350474611337 0.7579868328587733 -0.0001766008165548704 -0.0010892911489515686 -0.0007914106033098351 0.0012891951736370762 0.0
0.06261753981361129 0.2786527457487776 0.7628624187893092 3.941130737393942e-07 -3.502636409244628e-05 -5.8820518415805675e-05 7.099286222288462e-05 0.0 -0.01753415147894863 0.2686097122487289 0.7569259902107165 -0.00021068125217925675 -0.0011034350045140283 -0.001023307698861864 0.001550743173578899 0.0
0.06263192402299629 0.2786252460529536 0.762805637802137 1.3384731213387758e-05 -2.6470227594267985e-05 -5.61664390761712e-05 6.436508705047346e-05 0.0 -0.01781220905499329 0.267719872576607 0.7560421628960433 -0.0002752817717653765 -0.0008938527838634109 -0.0009347419293891379 0.001309215832729684 0.0
0.06263478293854646 0.27858992397963217 0.7627425317228109 5.844115325753406e-06 -3.432019085695377e-05 -6.188431320196071e-05 7.126867433755149e-05 0.0 -0.018283134842520258 0.266449678753212 0.7546471860508385 -0.0004591709361168426 -0.0011818175984346403 -0.0013152871119293374 0.0019266729095878128 0.0
0.06263892369056617 0.2785682900386265 0.76269820861003 3.7708383377075232e-06 -2.3873979213018474e-05 -4.830627811208853e-05 5.0509391594021993e-05 0.0 -0.018587253089221694 0.2657596178990023 0.7536937057890502 -0.00036148396357088227 -0.0008208182150213901 -0.0010679170181137744 0.0012382863593257498 0.0
0.06264319980874666 0.2785479883877479 0.7626845355443361 3.7253337205569437e-06 -1.8616683567634543e-05 -1.5073697103387069e-05 2.4577195583789024e-05 0.0 -0.018906678908539764 0.26522608615497145 0.752798727358308 -0.0003067467806193108 -0.0005459632093951783 -0.0008989511125868208 0.0010562686016024573 1.0
0.06264331327361397 0.27853302617454395 0.7626658488240409 -3.9787587563327516e-07 -1.4121587357959052e-05 -1.0715702780256646e-05 2.3178462625789274e-05 0.0 -0.01923036609942269 0.2647248616842048 0.7519805986603962 -0.00029791990760414506 -0.0004268967449818832 -0.0007591797837592533 0.0010244979276447877 1.0
0.06263585937245614 0.2785161195332786 0.7626514755617754 -7.462448588481902e-06 -1.6970737845825303e-05 -1.2423387358870877e-05 2.4661861676228843e-05 0.0 -0.01939438298314092 0.2645508926471158 0.7516757994572163 -0.00017187569235469288 -0.0001661247163924713 -0.00031884101466250856 0.0004086596786754134 1.0
0.06262207716592387 0.2784606686089686 0.7625886966528875 -1.3414955083222181e-05 -4.9935100022394164e-05 -5.733114790382014e-05 8.424226469263349e-05 0.0 -0.019684679554620967 0.26432717048390475 0.7514048587235755 -0.0002493343830877069 -0.00019312649868174418 -0.0002105691271090626 0.0004353579394386386 1.0
0.06263193092027262 0.27844743799272437 0.7625600140237653 5.6438209401999855e-06 -2.560133484725513e-05 -4.4096932697950414e-05 3.462591839488529e-05 0.0 -0.019679258014708458 0.26420312723440503 0.7513963685989785 -5.0590613102726535e-05 -0.00015198384681849343 -6.3695678518614456e-06 0.00012410149453539175 1.0
0.06264885935087824 0.2784347065276324 0.7625332721524036 1.804161253797605e-05 -1.2801419887514862e-05 -3.1029513739334674e-05 3.0840196426141285e-05 0.0 -0.019620787439606296 0.26405308435081826 0.7514426388253228 6.393770934590506e-05 -0.00018822144240870713 2.683848771678661e-05 0.00017848093711303535 1.0
0.06265483792065128 0.27843006022174066 0.7625228582940272 1.2548092126527221e-05 4.429141816638749e-08 -7.233390983325932e-06 1.4296459059803713e-05 0.0 -0.019637645920763124 0.264033874825829 0.751452617515073 3.496162545921715e-05 -2.2554753488302935e-05 3.164025478886046e-05 2.1642587191239527e-05 1.0
0.06266773252488134 0.2784284420483767 0.7625159199269677 1.2540511705436494e-05 2.87852542805647e-06 1.3406034255742692e-06 1.5868993353550042e-05 0.0 -0.019674125256737018 0.2641544598804704 0.7514367855423804 -4.200189768387922e-05 0.00010168023672705044 -5.7060625427655465e-05 0.00012053287704868673 1.0
0.06272021220652299 0.2784336421380815 0.7625144675474738 4.474124691355716e-05 5.707123537380859e-06 1.1452414132865697e-06 5.246490529766808e-05 0.0 -0.019825373519828573 0.2644560733474438 0.7514369015564397 -0.00016424140838140164 0.0003060810430968174 -3.687673947621087e-05 0.00034793202045282565 1.0
0.06276960002682504 0.27841985199444486 0.7625044013344334 5.299823004910264e-05 -1.3405146730302861e-05 -1.0133183682088751e-05 5.1939979573070654e-05 0.0 -0.020136301422751714 0.26496820308877994 0.7514424854838873 -0.0003260959106113739 0.0005418482517642548 1.1054053018222116e-05 0.0005943052178938697 1.0
0.06279794948875334 0.2784081608336711 0.7624721502810877 3.535162809088962e-05 -1.7779231001911705e-05 -3.50947785721817e-05 4.441602161857233e-05 0.0 -0.020460759699354847 0.26559122318014966 0.7515657560751647 -0.0003689276966802593 0.0006449963496670137 0.00010739839616076097 0.0007176844148191958 1.0
0.06281597348497812 0.2784145326521822 0.7624503697671612 1.810075030389764e-05 3.7823703267582644e-06 -2.685162157119526e-05 2.7905472132156665e-05 0.0 -0.020690890571587846 0.266289084195915 0.7517138022075344 -0.0002357332725000515 0.0007111841252330023 0.00018549748977047747 0.0007403818503289048 1.0
0.06280839604621644 0.2783943061108232 0.7624219721228142 -1.1583844243610737e-05 -1.4597875894116552e-05 -2.951266176635488e-05 3.670668234804568e-05 0.0 -0.020684551576536963 0.2666080765508307 0.7517800231445854 1.3270897483219293e-06 0.00036426892732948247 0.00010069597089050177 0.00033356260688667907 1.0
0.06279987392408795 0.27839151863376305 0.7623910939279472 -1.742216370475412e-05 -5.17790607651512e-06 -2.8790259838345783e-05 3.3121279445930964e-05 0.0 -0.020656620959585547 0.26671228785434103 0.751848857661266 8.957282757117195e-05 6.232242786212788e-05 5.564452121447432e-05 0.00011855746642762163 1.0
0.06278516184192921 0.27839267763029496 0.7623428198949077 -1.4790710495522437e-05 1.5238033034914967e-06 -4.397666962123784e-05 4.9201321463705426e-05 0.0 -0.020622914056195877 0.26677402348393814 0.7519743877113318 8.012474347937723e-05 -2.9717150095520472e-05 9.4781933750553e-05 0.0001510829780749461 1.0
0.0627778842674258 0.27838382604669526 0.7623168965977812 -3.6373414537556536e-06 -5.923018557168963e-06 -3.030485459067615e-05 2.9018578679527215e-05 0.0 -0.020588468268415747 0.26679642947123255 0.752121075896219 2.3928080358637962e-05 -1.0284072476430881e-05 0.00014015176756421708 0.0001616031544509224 1.0
0.06277730555753401 0.278378459573923 0.762282543040461 2.03499634513367e-06 -7.384595815789174e-06 -3.284455517971182e-05 3.364893729595807e-05 0.0 -0.02026511479403184 0.2667839568605421 0.7526549363337303 0.0002420761981843649 2.3153151846774832e-05 0.0004933572493224565 0.0006118751068207597 1.0
0.06277781084865477 0.2783737306343825 0.7622734022593327 3.230485105792004e-06 -4.741033624784266e-06 -1.2036528315496638e-05 1.1450985939495533e-05 0.0 -0.020008329997903914 0.26694825121353527 0.7532140329993505 0.00028177411226865703 0.00019065036678247863 0.0006281162374180897 0.0006431178334663005 1.0
0.06277871742120857 0.27837193554834655 0.7622657886079451 1.9922232112483913e-06 -2.095669672737522e-06 -2.6718904524134566e-06 7.307152614000338e-06 0.0 -0.019698146877725895 0.2670961044334201 0.7538120568484586 0.00033003024134183935 0.00020345358189243292 0.0006402043099365545 0.0006829010382236109 1.0
0.062768484308631 0.2783656119005491 0.7622528310447101 -1.0383463548400015e-05 -6.69664185833371e-06 -9.823073796149974e-06 1.795213525019117e-05 0.0 -0.01921827465203311 0.26733448019023753 0.7547555039198363 0.0004712678401579476 0.00022749353919149717 0.0008902735080811104 0.001078679415092348 1.0
0.06275190520656522 0.2783468031138619 0.7622340389623401 -1.8497481214742566e-05 -1.5541569292377524e-05 -1.9802771642992028e-05 3.1419311883476834e-05 0.0 -0.018687234989399074 0.2672742062038383 0.7555385566069837 0.0005294096543163355 -1.5243675273431915e-05 0.0008217920682571387 0.000969843278124786 1.0
0.06272984833139085 0.27831365659979285 0.762176532440181 -2.4750221329679063e-05 -3.342807370041528e-05 -5.6486040342079985e-05 6.984304751832444e-05 0.0 -0.01791042753664757 0.26696537048960767 0.7563060781299644 0.0007500449110066278 -0.00032045144290316046 0.0007552086730678518 0.0011206779399960524 1.0
0.06272910672307748 0.2783100262665141 0.7621353628739453 -4.976752621121506e-06 -1.241293967738181e-05 -5.042721786601416e-05 4.1760208559990926e-05 0.0 -0.01694835999911727 0.2663950357660117 0.7570312554480211 0.0009751575861163471 -0.0006217088281458252 0.0007012794791333762 0.0013282432769318507 1.0
0.06273675068116731 0.27829338041177576 0.7621216294477698 1.0247354187406047e-05 -1.1984221205104524e-05 -2.0499440458038845e-05 2.1567184840551426e-05 0.0 -0.015727265728429203 0.2656208184905442 0.7577651785794587 0.001241272210309307 -0.000823480113072415 0.0007169956734797584 0.0016339122903078972 1.0
0.06274241408910293 0.27827453319425816 0.7621237636107823 1.137519209083809e-05 -1.523663031620088e-05 8.533873777452087e-06 1.9928577003561016e-05 0.0 -0.014501015098063291 0.26479542122716415 0.7586450412698161 0.0012592831383671094 -0.0008471030136059073 0.0008398992961583358 0.0017199981524331311 1.0
0.06274409111940005 0.27825923785735657 0.7621153076430642 4.192897975422726e-06 -1.499493621785961e-05 2.8229838973978504e-06 1.917407024154584e-05 0.0 -0.013218751508870776 0.26335891941634854 0.7595271405975371 0.0012815364228199715 -0.0013343639726175788 0.0009187375869136803 0.0021015969586803216 1.0
0.0627390603386353 0.27825705692881547 0.7621042149329312 -7.049324038751879e-06 -5.3739852672666194e-06 -8.57868867004951e-06 1.2133348281871805e-05 0.0 -0.012415180305867152 0.26239959360899906 0.7600791352305106 0.0008521081380940003 -0.0010636412965520895 0.0006479874473020492 0.0013933632891837992 1.0
0.0627309036073044 0.27824372328925717 0.7620857926832706 -1.2239905384315236e-05 -1.1709416731460757e-05 -2.304313316766992e-05 2.257352539195019e-05 0.0 -0.011084221320098177 0.2612128518385266 0.7606551872740225 0.001156220157966975 -0.0011374742902758156 0.0005181098836411942 0.0018352264482119364 1.0
0.06268725175263573 0.2781717450958701 0.7620068700627413 -4.107236112121583e-05 -6.360111878731998e-05 -7.856222525544079e-05 0.000115734314416772 0.0 -0.009058838412322526 0.2586111801033553 0.761192543374597 0.0019352278777441106 -0.0023676471105626134 0.0004914848714506525 0.003363687163217863 1.0
0.06265731174773422 0.27814153116739415 0.7619450127326062 -3.5312584482371536e-05 -4.3669300881048935e-05 -7.331640394040149e-05 7.823298179761754e-05 0.0 -0.008616669914990502 0.25770638461420964 0.7612614800074161 0.0008331064775465935 -0.0013286371881676097 0.0001160687263495701 0.0010779449486672764 1.0
0.06264244629134001 0.27811948332781194 0.7618940949043059 -1.7775477092542754e-05 -2.6818183722898704e-05 -5.4402840028027774e-05 5.318407500098149e-05 0.0 -0.008265255446415517 0.2569116168563252 0.7612079154337351 0.00028122040129372546 -0.0007435952462596869 -7.822228400037907e-05 0.0007316823108620731 1.0
0.06263152746159267 0.27807834517938174 0.7618440090507761 -6.888935964881467e-06 -3.259123882256104e-05 -4.4453038821124825e-05 6.548562797889385e-05 0.0 -0.007882064246407989 0.2562287231414948 0.7611463885206897 0.00016933079012624187 -0.0004976243122428388 -9.638359910607228e-05 0.0008324345017209432 1.0
0.06263379914342768 0.278056545935322 0.7618149527401635 6.0885810846876375e-06 -1.977996909782153e-05 -2.5142340018313277e-05 4.02731200034369e-05 0.0 -0.007613334728811871 0.25582529755051725 0.7610692004885936 0.000176131206522961 -0.00031251426614085345 -8.612463426287598e-05 0.0005796132727420758 1.0
0.0626342911459418 0.2780314654217685 0.7617893334477311 4.624961379535158e-06 -2.1621171152255304e-05 -1.9194372124740232e-05 3.4485038949778366e-05 0.0 -0.007400388260933853 0.2554917905708607 0.7609291970169478 0.00025012525403285543 -0.0002799078569541405 -0.00011178265510965418 0.0003584467905693397 1.0
0.06263057109674824 0.27800215922420946 0.761752605980645 -4.25666295812017e-06 -3.156386374008683e-05 -3.457456123973792e-05 4.518498624178557e-05 0.0 -0.007017033842323493 0.25515327336351673 0.7607554509664315 0.000519948280377159 -0.0004600979784590229 -0.00012394372317402907 0.0004944090131318044 1.0
0.06261123438564781 0.2779585235076358 0.7617029194214877 -2.2317114116404562e-05 -4.6179956027427965e-05 -5.452851990391056e-05 7.093257232625779e-05 0.0 -0.0065833687789712035 0.2550209039129161 0.7606773464356623 0.0005143412575710734 -0.0002911137982161201 -9.015950930725059e-05 0.0005262423154401988 1.0
0.06256121732250512 0.2778698705049817 0.7615907560801506 -4.913806115073576e-05 -8.197757905170751e-05 -0.00010739855914103336 0.00015055132217446784 0.0 -0.005563149145295525 0.25494993288843065 0.7606925556378962 0.0008615317363535543 3.218447435597094e-05 -1.82872207366473e-05 0.0009910673870751822 1.0
0.062538423807648 0.27784273231421464 0.7615474804934618 -3.288621005834247e-05 -4.462980069135762e-05 -6.488232539842508e-05 5.814687307304452e-05 0.0 -0.005406560073042757 0.2549347549094394 0.760615950554653 0.00037650288273544813 -1.4510424760708724e-05 -4.0279493172906415e-05 0.0001986844501309557 1.0
0.06251828299280839 0.2778139779890426 0.7615075319939835 -1.969446023912477e-05 -2.6146069310302177e-05 -3.770645254185143e-05 4.8265802915451085e-05 0.0 -0.005364133333012903 0.25491531533791045 0.7605460339941785 5.21430215633101e-07 -4.318149603168729e-06 -6.416229391006373e-05 4.885124683595883e-05 1.0
0.06250139548335387 0.27779240006158346 0.7614471841473824 -1.091937018977903e-05 -1.2277596951448408e-05 -4.5002409033253686e-05 6.841632041124306e-05 0.0 -0.005332790897272083 0.25493586095835014 0.7605332663038595 -0.00011551185935593987 2.182018667187585e-05 -3.71325302264164e-05 5.486050347240808e-05 1.0
0.062494434137683845 0.27775502032327537 0.7613991874433923 -3.457913300104073e-06 -2.9120350930202628e-05 -4.501177105650982e-05 6.479067419726261e-05 0.0 -0.005263755838835331 0.25492367305264774 0.7605221764664352 -1.5262933470435542e-05 -2.1749038992243297e-05 -2.371313295823815e-05 9.121428399815155e-05 1.0
0.06249529894787756 0.27772155853511327 0.7613743366642962 1.7302981661888787e-06 -3.703439303743836e-05 -3.008730435021069e-05 3.950757672264218e-05 0.0 -0.00519564193632388 0.25491993650703376 0.760512258333622 0.00010896046998123304 -1.7804310246733314e-05 -6.407648790336825e-06 6.0389084536498184e-05 1.0
0.062490417725599136 0.2776751900319714 0.761340750403323 -5.269079994760949e-06 -5.1908441149831954e-05 -3.443087746731137e-05 5.414267516587825e-05 0.0 -0.005160110219752925 0.2549174538472503 0.7605075064000302 0.0001311006244320274 3.838705068902879e-06 8.44523893135825e-06 1.3353226552222856e-05 1.0
0.06248530279843438 0.27758914273243773 0.7612304325588398 -7.927036023756617e-06 -8.609632622760554e-05 -0.00010145803002976561 0.00014325839794707064 0.0 -0.005076564932395864 0.2549004066701945 0.7605234254092167 0.00013361940672088003 -1.325568708677286e-05 1.5590402375575247e-05 0.00010472249452422579 1.0
0.062499183473201915 0.27756192253899836 0.7612009531516444 1.1164858912269484e-05 -3.7564786153746954e-05 -4.72519833344412e-05 4.520471112758905e-05 0.0 -0.005039045006913072 0.25488792853250264 0.7605407013692226 -1.5461565804481534e-05 -1.1703140160366853e-05 8.7260736374331e-06 4.2533609007516055e-05 1.0
0.06250907403900133 0.2775338048910502 0.7611947985734177 1.165359824257619e-05 -2.358771158939146e-05 -1.0107842222704701e-05 2.38825305592013e-05 0.0 -0.005009559004888991 0.254888440870437 0.7605494638074514 1.863032009891385e-05 -9.417141887633148e-07 1.2300445313260727e-05 2.8844846807736437e-05 1.0
0.06251589057718951 0.27751989452852843 0.7611720185263161 8.930153820280228e-06 -7.431631285571649e-06 -1.020908894356256e-05 2.9559341313038318e-05 0.0 -0.004849396950991032 0.2549366931917354 0.7605852739538221 0.00013684895619013596 4.6167654840724465e-05 3.439347257952362e-05 0.00016832180185914774 1.0
0.06251633626686834 0.2775315894843008 0.7611394196733094 1.5946675759014497e-06 1.3597956398645368e-05 -2.2324910300445616e-05 3.842268768629152e-05 0.0 -0.004437169706361191 0.2550693951540898 0.7606861014938745 0.0003953588812527672 0.00012789549911923322 9.218411711068975e-05 0.00044869276275775013 1.0
0.06252297852463422 0.27753178999666683 0.7611236627486108 3.39821621456927e-06 5.835680725662485e-06 -2.0190870490049463e-05 1.5751600457084206e-05 0.0 -0.003980144833802532 0.2551653207805269 0.760830767410269 0.000502258192922157 0.00012034894374982321 0.00014896756721403752 0.0004934220983180319 1.0
0.0625273995372742 0.27752597682862556 0.7611271371482528 3.071126213441187e-06 -9.26268253816409e-06 -7.365634714143421e-06 4.607260907495992e-06 0.0 -0.003788970759426283 0.2554536002636674 0.7609995665399545 0.0002677832152850075 0.00026475300919261824 0.00018027370137523694 0.00037539289003545007 1.0
0.06252913875339189 0.27751962434029803 0.7611396832525722 2.989238639627972e-06 -1.3129675415065588e-05 9.173215958609978e-06 1.671189177383968e-05 0.0 -0.003762391522179104 0.2555221965395118 0.7609769732896371 1.0400745146569551e-05 0.00011580948871109037 1.296180820346382e-05 7.633039935578544e-05 1.0
0.06252845546518623 0.27750399527226355 0.7611554704255565 1.2528549790265305e-06 -1.4573197017456248e-05 2.6827046735137874e-05 2.253469733972012e-05 0.0 -0.0035290211923716367 0.2553527557295265 0.7609741695302578 0.00011065894206046833 -0.00015535508513630995 -3.793023789024961e-05 0.0002866637787989722 1.0
0.06252497075718241 0.2774925154270077 0.7611619217404323 -3.991424700637117e-06 -1.4933586864044815e-05 1.0508169431191995e-05 1.3519347514267007e-05 0.0 -0.0032005359835328654 0.25515044669373566 0.7610424684675937 0.0002954513710592306 -0.00026184872193346973 2.7072293581296515e-05 0.0004088180624832642 1.0
0.0625185548537238 0.2774865465887914 0.7611711420955564 -7.205584712215725e-06 -4.94828409632248e-06 3.5456631738274723e-06 1.1590434707095003e-05 0.0 -0.0027433210633516785 0.25474021888206566 0.7610494046743513 0.00050431624506033 -0.0004259470518064406 2.3143905040266023e-05 0.0006060234764474695 1.0
0.06250936559069001 0.27748174133291786 0.7611721258686319 -9.618473869263096e-06 -1.1652225724713023e-06 -2.0288775906467135e-06 1.1050445918255877e-05 0.0 -0.002129484178896005 0.25405394858773767 0.7610538487365655 0.0006779233130650089 -0.0006717935148948511 2.4097193890195074e-05 0.0009123961294555323 1.0
0.062489439720805326 0.2774732243539594 0.7611583650101073 -1.8230445180154232e-05 -7.019180605307612e-06 -1.2627642459641347e-05 2.5890969715178535e-05 0.0 -0.0014565234745637983 0.25305749296509683 0.7608638373742507 0.0007043687695088096 -0.0009797619967961265 -0.0001518467706426295 0.0012211702158790247 1.0
0.06246553516624246 0.2774589602119318 0.7611407650709803 -2.4851451811204226e-05 -1.3788900434856784e-05 -1.8318282842660436e-05 3.3128345008997586e-05 0.0 -0.0010200959204311338 0.252246781745167 0.7607170137475875 0.000452641156737584 -0.0008738548362661113 -0.0001853550892176211 0.000942922066138446 1.0
0.06244391707421521 0.27744886230967136 0.7611247423495535 -2.3449484726843047e-05 -1.2772337082520502e-05 -1.7370211635023496e-05 2.8353947161791948e-05 0.0 -0.0006701680298777338 0.25149551176373214 0.7606243664073457 0.00030180123156357775 -0.000762246163160233 -0.00013238977106319003 0.0008125503342620093 1.0
0.0624246505804076 0.2774403286083376 0.7611072728497579 -1.9382364826902637e-05 -1.0166974043143566e-05 -1.668668976832422e-05 2.7024356649954447e-05 0.0 -0.00032625151539356285 0.2506424029102075 0.7604000773530372 0.00029158342216905556 -0.0007802895168322066 -0.00018629084773678564 0.0009562158877974945 1.0
0.0624116111780006 0.27743099077786953 0.7610917370878295 -1.2250598360577333e-05 -8.02855453726464e-06 -1.4421516868499398e-05 2.266648328334619e-05 0.0 -3.625257417126565e-05 0.24989468416099547 0.7601479021354907 0.0002721004885178857 -0.0007167492473303716 -0.00023672928366072298 0.0008574997554537565 1.0
0.06239919413345146 0.27741864326764715 0.761077421476987 -1.0180902494718617e-05 -1.0608201514102335e-05 -1.2421649750377391e-05 2.2894837188856795e-05 0.0 0.0003022631241002858 0.24920702321618252 0.7598658471650573 0.00034694956545178104 -0.0006941946305136375 -0.00028829161773964035 0.000802455633846668 1.0
0.062384123885273035 0.27738927794725965 0.7610513444499084 -1.3786045686153489e-05 -2.721835689920601e-05 -2.423468242915021e-05 4.1695540158611985e-05 0.0 0.0006974099699828546 0.24850062669971593 0.7594360830609589 0.00042730758231738456 -0.0007211540346954541 -0.0004235447951478637 0.0009075810417927347 1.0
0.06237872695404784 0.2773786980381978 0.7610104416163721 -8.20524540636684e-06 -1.6733142624388137e-05 -4.133721756102899e-05 4.3155258396175004e-05 0.0 0.0009508186770655553 0.24808528836800764 0.759150968819655 0.00030232153880507687 -0.00047182198762268804 -0.0003372230276030762 0.0005821945716519174 1.0
0.06237248745838913 0.2773421399889048 0.7609639440691905 -6.158299355703589e-06 -3.280816068260279e-05 -4.956023113720433e-05 5.875199669374133e-05 0.0 0.0012516689863810962 0.24759968800835683 0.7587117124651883 0.00027055925429571054 -0.0004245653636059174 -0.00039789810377678105 0.0007035454755578124 1.0
0.06237410452340878 0.2773205125879509 0.7609364043672139 1.0746473234480657e-06 -2.4509970111837492e-05 -3.296943126658709e-05 3.5549366907652936e-05 0.0 0.0015247083662326578 0.2472365410413632 0.7583388923058723 0.00026093633798373374 -0.0003649290004092586 -0.0003760679269798452 0.0005989932396482945 1.0
0.06236839809883704 0.2772925838665526 0.7609140393601087 -3.373882767153894e-06 -2.6135682761006674e-05 -2.025755517762849e-05 3.5458617196241135e-05 0.0 0.001895160406188922 0.24689153400632208 0.7579611487398796 0.00034905482552866215 -0.00035079408745621683 -0.00037921807900913524 0.0006313587496649274 1.0
0.06235895398532679 0.27727936079865695 0.7608995357972956 -9.203065217011826e-06 -1.4571123348365486e-05 -1.004416211813131e-05 2.2649349805013158e-05 0.0 0.0022540151099827493 0.24669814227228604 0.7577447752463661 0.00037433381434927657 -0.00021533562339970456 -0.00023322868864805553 0.00045920697396580827 1.0
0.06234435715395852 0.2772507785309464 0.7608816213707589 -1.601641252247485e-05 -2.4481492830288743e-05 -1.363164062319633e-05 3.638538573903423e-05 0.0 0.00268220740016169 0.24640779436570612 0.7575191641002852 0.0004399854011529582 -0.00026863422370900235 -0.0002018393441889377 0.0005562164138557918 1.0
0.062326038947795946 0.2772150189541637 0.7608425030321625 -1.9896618068796874e-05 -3.552282207376861e-05 -3.754593741479233e-05 5.652206804470267e-05 0.0 0.0029622239836302293 0.24617810991830022 0.7573625885241263 0.0003130216156558648 -0.00024260586862564874 -0.00015201643253709473 0.00041060371550965776 1.0
0.06231235618822237 0.27717136505651774 0.7607955526790283 -1.4845082506296355e-05 -4.46080407191546e-05 -5.244041093454204e-05 6.525920231867456e-05 0.0 0.0032272548084543782 0.24588769359289997 0.7571819741197342 0.00023777191183524832 -0.00027649319358616874 -0.00016237939631307745 0.0004196708914674163 1.0
0.06229969432879984 0.27711887664616386 0.7607213038110874 -1.1735159951260782e-05 -5.597711389451664e-05 -7.583838343734392e-05 9.141451965465121e-05 0.0 0.003412283183302723 0.24564320205049728 0.7570370313198246 0.0001720959448254002 -0.00027385837501553694 -0.00017081118575274125 0.00034553634188397157 1.0
0.06230573052442044 0.27708581358762635 0.7606660823775021 5.535976086133656e-06 -3.683752498266862e-05 -6.183832718406707e-05 6.526165706288476e-05 0.0 0.0036220225613835992 0.24537208062012664 0.756885088624604 0.00018491545013132047 -0.00026471653624860327 -0.00015790511893940196 0.000371346108972979 1.0
0.06232063823991425 0.27706382116186296 0.7606358263221247 1.674773963382391e-05 -2.0427116698075044e-05 -3.188048961736606e-05 3.9602215971659195e-05 0.0 0.003885625393191339 0.24510091289865046 0.7567836735604636 0.00026395500689049345 -0.00026630988629548606 -0.00011264073374740605 0.00039581952581563805 1.0
0.06233172304078274 0.2770418004682662 0.7606110965952186 1.4851073521346203e-05 -1.553147870732148e-05 -1.644447214115319e-05 3.467625991379344e-05 0.0 0.004243060057984082 0.24469346581648144 0.7566027514822442 0.000368090311033625 -0.00037970381582994115 -0.00015596911081315612 0.000566232807373942 1.0
0.06234033971142944 0.277019974261727 0.7605959105073048 8.659463434142407e-06 -2.0008515253112822e-05 -9.561392749218868e-06 2.9296301512266223e-05 0.0 0.004608912822125541 0.24433096339694355 0.7564360272731202 0.0003994950510567957 -0.000394257819859227 -0.00017625886483729986 0.0005490317008744715 1.0
0.062348280190024016 0.2769996982895618 0.7605842423209722 5.121107111992829e-06 -2.1861669852559474e-05 -1.0814442700357421e-05 2.4501507718925016e-05 0.0 0.004955464167504001 0.24389372015616054 0.7563075953579153 0.0003565456290324518 -0.00043368802378402585 -0.0001389588210770298 0.0005635753728841239 1.0
0.06235228510180698 0.27698193334196525 0.7605834296776799 1.977787901108582e-06 -2.1118551765062402e-05 -4.970867661506724e-06 1.715081841246806e-05 0.0 0.005217157121526356 0.24355819286182037 0.7562640996564626 0.00026458938670234264 -0.0003573658914447572 -5.438795875124583e-05 0.00043186185714998534 1.0
0.06235102715926008 0.2769754836909015 0.7605727062737889 -1.7278564922196654e-06 -9.331521975318982e-06 -1.225471023638487e-05 1.2999034470718301e-05 0.0 0.005511951909067496 0.24315214655248404 0.7561309033346799 0.0002564407884818034 -0.0003748399069086414 -9.863128362247645e-05 0.0005159228513911924 1.0
0.062342234223496225 0.27696397346932583 0.7605469660516716 -7.144275039283555e-06 -7.643501470907444e-06 -2.397912839630488e-05 2.953646415341645e-05 0.0 0.005766487858134902 0.24275822473227773 0.7559847631706886 0.00024653203886053127 -0.0003868588741716347 -0.00014176748643649484 0.0004993895229314495 1.0
0.06232557737342202 0.27694560869341855 0.7604774478521376 -1.6296515755494906e-05 -1.611508362205938e-05 -6.6130274732997e-05 7.399560290946275e-05 0.0 0.00631049150933911 0.24222736430664607 0.7557578505643673 0.0005052381224315755 -0.0005142465277094281 -0.00022858955660164803 0.0007852272002557218 1.0
0.06232475741890945 0.2769301534641433 0.7604429535230506 -4.911042383208877e-06 -1.782258232586158e-05 -4.847057181521335e-05 3.9067308497891746e-05 0.0 0.006822422727722344 0.24199687328972233 0.7556957015338739 0.0005685402976796201 -0.0003034051042223894 -0.0001154079587500238 0.0005754254604019613 1.0
0.06233524084882328 0.2769053425998662 0.7604222678953327 1.0839866832437609e-05 -2.5166094822434565e-05 -2.2438545218044748e-05 3.1110462860875196e-05 0.0 0.007666524387676711 0.24181599727253975 0.7557186218540755 0.0008331748853977207 -0.0001609176380202273 2.5449838311155065e-05 0.0008444196053823601 1.0
0.06234333580287987 0.2768860469351403 0.7604152982857469 1.3106182754355843e-05 -2.1530301516779855e-05 -3.059531399601208e-07 2.3071267978163107e-05 0.0 0.008184946527880791 0.24175426096197355 0.7556752664114619 0.0006077069055501199 -3.616321919368222e-05 9.199148352132788e-06 0.0005436560083385361 1.0
0.06234248270430158 0.27686885900087443 0.7604080929100666 2.6194139711828573e-06 -1.6693641879057556e-05 2.654039655729615e-06 2.0099289701776483e-05 0.0 0.008440975371284293 0.2417285153344081 0.755562225675583 0.0002583525588739937 1.1277847326123295e-05 -8.681582363562368e-05 0.0002696927849333945 1.0
0.06233409659620392 0.27684230309266405 0.760390477347594 -9.89655387804315e-06 -2.3054746878907143e-05 -1.4267455764356774e-05 3.2291999017289175e-05 0.0 0.008531003710514814 0.24175118004976592 0.7553525398882422 1.6268348477723783e-05 1.538356805313258e-05 -0.00022775400189236098 0.0002274052269606466 1.0
0.06231976320476037 0.27680891657463447 0.7603500685639485 -1.8562889990498964e-05 -3.319242687966518e-05 -4.374514332551508e-05 5.361464290148134e-05 0.0 0.00857530069105132 0.24177875653490566 0.7550900498276535 -3.756816338790759e-05 8.514046486019671e-06 -0.00029994789095252666 0.00027520049254748876 1.0
0.06229720203496952 0.2767571684645155 0.7602953954183955 -2.4678216831948728e-05 -5.1417902477055664e-05 -6.309252392770043e-05 7.941747689478296e-05 0.0 0.008633909421936887 0.24181310117574162 0.7548087128309878 5.019780638770754e-05 1.1892142940765236e-05 -0.00030693756536257345 0.0002966372244950164 1.0
0.06227158665823184 0.2767196077183321 0.7602369424301196 -2.5031677331853665e-05 -4.33843483132395e-05 -6.158698624796864e-05 7.370955501086652e-05 0.0 0.008744707951063116 0.24191537909617378 0.7545176885246905 0.00014773700289217998 0.00010085798969926253 -0.00027556936553355766 0.0003108730898198608 1.0
0.06225307063016706 0.2767060087504382 0.7602097331200953 -1.8627557283101247e-05 -1.7264052330558092e-05 -3.208550365157766e-05 3.5361512510561546e-05 0.0 0.008878082695238421 0.24201609178276218 0.7542972296670055 0.0002050186632498614 0.00010599302108102164 -0.00021228681251441201 0.0002830139054240064 1.0
0.06223614600276231 0.27669559951162725 0.7601935907873655 -1.536894915990373e-05 -3.910824908020043e-06 -9.756532068931302e-06 2.491379683167031e-05 0.0 0.009071271949043317 0.2421712118378484 0.7540642866556974 0.00019312021217976927 0.00015865208711995365 -0.0002127688134125469 0.0003395225196360024 1.0
0.062224206472047336 0.2766848553909443 0.7601862251158538 -1.0826877826365425e-05 -4.8073752568547765e-06 2.0267834628004243e-07 1.907631096045495e-05 0.0 0.009187571756868804 0.24226745427312452 0.7539005403953408 0.00012434823066173617 0.00011306680031616286 -0.00016418099165118049 0.00022723164405637404 1.0
0.06221027939011612 0.2766782241228607 0.7601814159006461 -1.2195082305335508e-05 -7.087517457455455e-06 -1.4535954941848869e-06 1.643583582366036e-05 0.0 0.009301191788681946 0.24238756806029516 0.7537073820635315 9.305490684538413e-05 0.00011158904506112884 -0.00018443297024795132 0.0002487393787846714 1.0
0.06219099307317214 0.27665356848949374 0.7601670242826788 -1.891040529933072e-05 -2.533131507176966e-05 -1.5575443669872223e-05 3.329215569483047e-05 0.0 0.00940555898113983 0.24254295699440703 0.7534533017305013 8.580177987438041e-05 0.00014088506797682533 -0.0002503145370636702 0.00031783803626826777 1.0
0.06218269459993939 0.2766363583173484 0.7601517550984137 -1.2192076285389184e-05 -2.4223358153326215e-05 -2.1007131996018876e-05 2.495961279269784e-05 0.0 0.009489312290192503 0.2427009182064358 0.7532676967369082 7.80298063925312e-05 0.00016046788866983774 -0.00021398358474920855 0.0002610147556726327 1.0
0.062179736541829025 0.2766288705442336 0.7601439932802454 -3.6945641038861905e-06 -9.492958653848758e-06 -1.2495891002300174e-05 1.0940559571009768e-05 0.0 0.009634381240109301 0.24288887828980324 0.7531102126836654 0.00013737581241932367 0.00019358291072317236 -0.0001657152898026389 0.0002797406375185606 1.0
0.062165818561307956 0.2766069821051667 0.7601259510132738 -1.0067627179792798e-05 -1.625602061421267e-05 -1.4566112165550721e-05 3.0894544067691784e-05 0.0 0.009925213974846274 0.2431930516147664 0.7529037195699436 0.00028461759713487576 0.00029481533059184635 -0.00018578701005232868 0.00046693457804927133 1.0
0.062135301349659666 0.2765648807596101 0.7600803018462867 -2.8342352178680333e-05 -3.860733792526375e-05 -4.0956395188361235e-05 7.053607799418685e-05 0.0 0.010206381012303221 0.243485113525753 0.7526645315101725 0.00031666991615863707 0.0003129098134497224 -0.00023145599401413949 0.0004811693600146584 1.0
0.06211672650596426 0.2765493683041449 0.7600402081070855 -2.4078638708450386e-05 -2.2979930543073448e-05 -4.448382082869156e-05 4.771674156376451e-05 0.0 0.010391441837668068 0.2438218611378484 0.7522141037556006 0.0002122586716700179 0.00033495728657686834 -0.0004266163703199958 0.0005828408232038634 1.0
0.06211048575889605 0.27653232288972524 0.7600229214554473 -9.878958461851138e-06 -1.6606479066380102e-05 -2.3397728793488957e-05 2.2365296852270843e-05 0.0 0.010449061119171594 0.24392720983700358 0.7521646370067617 5.708276501410631e-05 0.00014129346281162785 -0.00015024935668839145 0.00013496279529764176 1.0
0.06210779604025445 0.2765119992324237 0.7600107175149713 2.0831328473687937e-08 -1.777831346144228e-05 -9.44065871456583e-06 2.4088463562108804e-05 0.0 0.010633416154754235 0.24406301980551431 0.7521218827600644 0.00011749011094111017 9.337189371706594e-05 -1.5707110880687692e-05 0.0002193740610712625 1.0
0.0620858137549892 0.2764682026914758 0.7599725468654184 -1.402848361951921e-05 -3.7551617263579036e-05 -2.7708904671164055e-05 6.391502255047803e-05 0.0 0.01079945721031944 0.2442105289998922 0.7520446649629284 0.0001566562286809011 0.00011252911638861841 -1.0808309263419109e-05 0.0002518593488595759 1.0
0.06206464513334026 0.27642516310758725 0.7599232363536813 -2.2669836653020975e-05 -4.661012002706479e-05 -4.815180528256179e-05 6.957459564292758e-05 0.0 0.010971473558408511 0.2443559146142777 0.7519748227306945 0.00019642212706835234 0.00014901859204089163 -5.028597141059317e-05 0.00023731524023992153 1.0
0.06205157068037308 0.2764174911060632 0.7598978292140999 -1.925673859716533e-05 -1.850350145776786e-05 -3.6536681696863404e-05 2.766215021098433e-05 0.0 0.011103218472293171 0.2445231137663775 0.7519150973599159 0.00016679166548656558 0.00019054555688911452 -8.467285595741163e-05 0.00021158054062633532 1.0
0.06202593436911323 0.2763904988095415 0.7598766211543123 -2.535504631328064e-05 -2.0427292998580177e-05 -2.4315435237735114e-05 4.129355078864123e-05 0.0 0.011305407926540627 0.24472788376880386 0.7518937324271019 0.00018760842703045914 0.00021924361714188663 -6.17042236293716e-05 0.00028296708938742304 1.0
0.06199504675272637 0.27634615199752605 0.7598451481038034 -2.8789448683036886e-05 -3.601039379656378e-05 -2.4469269284124356e-05 6.507985674597007e-05 0.0 0.011517438404292844 0.244899854398926 0.7519642902080634 0.00020035466076455107 0.00018623022540598192 4.774617531957682e-05 0.00029623279941004804 1.0
0.06197064602877493 0.27631427492268607 0.7598109136961402 -2.506718142978636e-05 -3.644669310115135e-05 -2.9851941696412217e-05 5.3933799406278356e-05 0.0 0.01175281557146079 0.24509358570879416 0.7520096548590194 0.0002328365286622267 0.00017303004726619689 9.732175677746772e-05 0.000300516963186244 1.0
0.061947305969327855 0.276298614909157 0.7597835484415486 -2.3573081624471162e-05 -2.1572259944824878e-05 -3.0510031706229436e-05 3.662114321478159e-05 0.0 0.012057053444303351 0.24541107529325043 0.7521335036529202 0.00031125833332871117 0.00029933565763489773 0.0001195620259433746 0.00045605682081342844 1.0
0.06185904432907559 0.27626296306274867 0.7597505428503539 -7.911071378686232e-05 -3.2146102611555605e-05 -3.5849556844229725e-05 9.987253190195225e-05 0.0 0.01239615613967302 0.24575711226741073 0.7522067155288135 0.00034264180172302746 0.0003575888854130681 8.14993625651291e-05 0.0004952520751130516 1.0
0.06173272172471758 0.2762510709533327 0.7597396430676906 -0.00012839735902801048 -1.3083148112953708e-05 -1.4468524119087497e-05 0.00013108403930755722 0.0 0.012653042493149956 0.2460140284151684 0.7520755574178435 0.0002753206279924583 0.00028775283887572947 -0.00011132946039910746 0.0003842913983684342 1.0
0.061586686757525176 0.27622273196684755 0.7597373471294585 -0.00015591212511333188 -2.1936491750556875e-05 1.7616891854972715e-06 0.00014714194965003715 0.0 0.012896890606951879 0.24625087924012803 0.7517642970650471 0.000231715289995854 0.00023271207518874414 -0.000326568434698534 0.00045312908304164553 1.0
0.061494403092377796 0.27620228016865084 0.7597352714867112 -0.00010880722669243635 -2.4811685135744837e-05 1.8165569864913538e-06 9.350034263703761e-05 0.0 0.013107521366314772 0.2464752098301824 0.7517449424778113 0.00020001778670839996 0.00020221991922863246 -0.00011393610956158448 0.0003192597496544206 1.0
0.061387311846096596 0.27612097211717174 0.7597189243841855 -9.44167187168171e-05 -7.45902004119737e-05 -1.4064498679715688e-05 0.00013399051151428927 0.0 0.013506433536510716 0.24667300912240242 0.7520984388179862 0.00035703913111910317 0.00018096357245159762 0.00032444147082318135 0.0005616234148555654 1.0
0.061279808404623506 0.2760363220424977 0.7597278756027701 -9.321383836101667e-05 -9.145202416763171e-05 1.620700532772817e-06 0.00014124514469856516 0.0 0.013636305790296505 0.24674447220145443 0.7521917545281355 0.0001957775075500579 8.985452763513559e-05 0.0002388261857218688 0.0001860310316486792 1.0
0.0611741258065646 0.2759680293337404 0.7598694338681177 -0.00010181034896086186 -7.777120334524003e-05 0.00012240430428658516 0.00018771952682391724 0.0 0.01365150761214174 0.24674507682406743 0.7522634237677295 2.9370059206115513e-05 7.931609552401829e-06 0.0001241440766967481 5.638992449819399e-05 1.0
0.060999305729862306 0.2758349014549386 0.7601268494289375 -0.000172135939206566 -0.00012292660751897142 0.00026142637847027914 0.00033704580581110416 0.0 0.01382095485785872 0.2467979226497617 0.7523480544451733 0.00010630855347773546 2.6005348748408305e-05 3.651958218344096e-05 0.00020059922760455942 1.0
0.060684194884126096 0.2756392476740434 0.7605271027922621 -0.00031086045874296873 -0.00018733615199976336 0.000415265027532997 0.0005472029436611389 0.0 0.01405028380716757 0.24682305977797772 0.752493057083863 0.000208995557788763 2.530561774331038e-05 6.261069043555884e-05 0.0002858296545274506 1.0
0.06024529172526231 0.27531468912837104 0.7612254188214505 -0.0004501697041300889 -0.0003184368164040625 0.0006900120324427791 0.00088652057053379 0.0 0.014121045877454134 0.24688511634958035 0.752472649112638 0.0001271055194781492 7.185425886735452e-05 -1.2833838743856097e-05 9.485265619669164e-05 1.0
0.05928298894283955 0.27418446962153836 0.762256159748038 -0.0009189754897047685 -0.0010421063309635043 0.0010289999933135085 0.0018016771653311672 0.0 0.014266630322166235 0.24699757696407365 0.7524158560869979 0.00015047051681394953 0.00012450458335354933 -2.5226974178522348e-05 0.00016957803660654135 1.0
0.05764058823778585 0.27209566360509096 0.76298102660145 -0.001630169621480013 -0.0020826671377766532 0.0008274078630961895 0.0027669668499031995 0.0 0.014348070679379309 0.247023441411986 0.752419609233554 9.430462775385408e-05 5.080594954659398e-05 -2.232380427514389e-07 0.00010612148722659933 1.0
0.05553382778733895 0.269394046815057 0.7630256870147103 -0.002181719864029706 -0.0028369934942496875 0.000114821799378234 0.0034241509964475624 0.0 0.01437610434219017 0.24699800226308405 0.7524145589576006 -1.7462173947139451e-06 -3.4767785752557015e-05 -2.449820381794372e-05 3.658323985885291e-05 1.0
0.051413745592113744 0.26407831512672914 0.7618498780899554 -0.003958638518035142 -0.005129697017986226 -0.0011683596367898707 0.006785384495826103 0.0 0.014434909015286124 0.24692281462498034 0.752376342573121 3.843104901320209e-05 -9.227928069842884e-05 -1.954474026873668e-05 9.609155479580728e-05 1.0
0.046358196099962015 0.25807444721112704 0.7608679846083312 -0.005208895182716723 -0.006269500839158613 -0.0013149246838608894 0.00800090088418406 0.0 0.014555743221343554 0.2469397391768598 0.7523249532730722 0.00012785478337647114 -1.3319962542855368e-05 -3.663199387543392e-05 0.00013678087602802397 1.0
0.04378457632589607 0.25578718700204633 0.7603580912837619 -0.0032001872922671 -0.003069748523884427 -0.0006924789156548224 0.003471364789478878 0.0 0.014656674428942765 0.2469925995511876 0.7522637547378088 0.00012111243775197496 5.573245576765268e-05 -6.195126807828839e-05 0.00013154795546873734 1.0
0.04128814138666227 0.2534613316809045 0.7596756430968817 -0.002169184502402328 -0.0017363491808449136 -0.0004604330962510392 0.0032701603189143435 0.0 0.014778457462934574 0.24702647360986627 0.7522381113044454 0.00012225731032671798 6.74436156941754e-05 -4.968736940993256e-05 0.0001218831417901085 1.0
0.03963615555897735 0.2519843758441555 0.7589929921283525 -0.0012645424871570812 -0.0009058885745639689 -0.0004504287148538389 0.0025232347961359966 0.0 0.014800125634200778 0.24703114355618747 0.752223585479976 4.435826754588147e-05 2.4095928788442442e-05 -1.162786178526121e-05 3.1176172587406065e-05 1.0
0.0386625770763766 0.2511739529527022 0.7585725320616503 -0.0007160675895622393 -0.0005506960678268209 -0.00039991559129318806 0.0014071237129957134 0.0 0.014818354465173053 0.24702735113762983 0.7522202922579594 -5.347352913000664e-06 -1.8482955211932654e-05 9.582830081535555e-06 1.7217829613251856e-05 1.0
0.03714728115038458 0.24943598731355626 0.75745407494583 -0.0013934799854482276 -0.0017018843292012928 -0.0010790027543180554 0.0023945481992366405 0.0 0.014902021694201238 0.24706785806943657 0.7521153406551313 5.3875073763185476e-05 1.4740041280711774e-05 -8.583779898524251e-05 0.0001404476508133627 1.0
0.03662452179034088 0.24881647840588653 0.7567555721662538 -0.0010230470760288065 -0.0013403006124751821 -0.0009402930526578111 0.0011271256926858107 0.0 0.014849990947653864 0.24708431311968265 0.7520312701015255 -2.2541198719715945e-05 1.910627946644831e-05 -0.00010459038628582813 0.00010577902651376635 1.0
0.03637156087549418 0.24821611024053816 0.7560126980694135 -0.00039141729812121936 -0.000717200385273317 -0.0007371688311817127 0.000987807546298112 0.0 0.014826078801172432 0.2470858073436803 0.7519903948423773 -2.7353502300871626e-05 1.6109181467288622e-05 -6.142834575374268e-05 4.085980996358409e-05 1.0
0.03632952718125241 0.24797347316465815 0.7556554023588541 0.00012286783118993245 -2.95343172116401e-05 -0.0003558934977776581 0.0004026344131582678 0.0 0.014822327956194262 0.24709618494385036 0.7519647636940426 -1.1277698669618993e-05 1.0247236082123525e-05 -2.223198155524863e-05 2.5013408826830922e-05 1.0
0.036303081293731415 0.24761324912606122 0.7550255107925551 1.8382079688926845e-05 -0.0002782627800999387 -0.0005147748223372832 0.0007689716854211363 0.0 0.01478977994859248 0.24710718628382614 0.7519015394595305 -2.536691844841334e-05 6.050552375740178e-06 -3.9894291067660535e-05 7.788137436902696e-05 1.0
0.0363519648352826 0.24736731104995013 0.754528997025828 7.787453414799268e-05 -0.00019943211942237199 -0.00048457352931796606 0.0005742852784107618 0.0 0.014773377267280762 0.24711481760175444 0.7518670470877847 -2.0971244219402337e-05 5.452727414736022e-06 -3.400785973914994e-05 4.154205068517691e-05 1.0
0.0364470494509869 0.2471237713353164 0.7539774704536992 3.9775569322370204e-05 -0.0002888904321882715 -0.0005664820833222722 0.0005534403413179419 0.0 0.014784750384491915 0.24711851479902153 0.7518377894561977 1.5113602430652485e-05 6.353366196649999e-06 -3.449558929168295e-05 2.528847933559803e-05 1.0
0.0363639437305957 0.24674409181511905 0.7533933759751112 -0.00013427397058875723 -0.0004573778693188424 -0.0006557156128460996 0.0007304699648482699 0.0 0.014824735679252434 0.24712592545611878 0.7518235294282912 4.3432590285306075e-05 9.84841460580146e-06 -2.4869544052471414e-05 4.3974127314648044e-05 1.0
0.03619354401326114 0.24640787515511914 0.7527844334696988 -0.0001307917737768075 -0.0003042661321784835 -0.0005968316274690486 0.0007122683980640928 0.0 0.014836137051167942 0.24712081207819478 0.7518219827490812 1.3762718468882771e-05 -5.707831545151873e-06 2.4827074571875664e-06 1.5531774495146535e-05 1.0
0.03601224597626081 0.24618226195443768 0.7524648635334376 -0.00020501941822654711 -0.0002535695940713258 -0.0003623287071985289 0.00044071002552023325 0.0 0.014688670873758228 0.24700999853413347 0.751814662642113 -0.00012263938622511153 -9.808491038604683e-05 8.178735936840753e-07 0.00018142479920230684 1.0
0.03572601139028885 0.2458876312636562 0.7521207305900608 -0.0002798089753108701 -0.00024808732424052356 -0.00027985737410390096 0.0005137686805905631 0.0 0.014241056632305264 0.24671108441914172 0.7517834189322834 -0.0004333762992131412 -0.00028749376726823267 -2.8766284866502724e-05 0.0005407105100856415 1.0
0.03559402385179738 0.2457483426643548 0.7519233915828909 -0.0001576204840557572 -0.0001549200572309746 -0.00019915566130827915 0.00029780617009709625 0.0 0.014073915904593648 0.24665172486455242 0.7517265815605848 -0.00027583092902669267 -0.0001325499756412321 -6.208863298703116e-05 0.0001974561020237315 1.0
0.03554071816533389 0.2456311080338228 0.7517132877533961 -2.6344695803111075e-05 -9.026978486566131e-05 -0.0001753112301411152 0.00023721173314772144 0.0 0.014068836673311885 0.2466509256075686 0.7517004364082431 -2.3857224544286985e-05 2.598237673160034e-06 -3.7545110358719105e-05 3.188242156981022e-06 1.0
0.035478616412962266 0.24552512251184938 0.7514445088419484 -1.7041306659291576e-05 -9.808951590296498e-05 -0.0002721018583469003 0.0002927550083202952 1.0 0.014100804038059939 0.2466622831994385 0.7516839642453985 0.00010235900547673358 5.738858695396747e-05 -1.701426825273205e-05 4.23954247844994e-05 1.0
0.035383351361319156 0.24542204815108654 0.7512306880456054 -8.346910261852174e-05 -0.00011306765706591096 -0.00025756277617541785 0.00026177096974358506 1.0 0.014105921645955649 0.24665970479174115 0.7516731709419794 7.783777540596613e-05 3.5307939137008665e-05 -2.876458914802021e-06 3.235723703796337e-05 1.0
0.035224734890766767 0.24530368840044994 0.7509553445213635 -0.0001659586247088117 -0.00012031473884339429 -0.00028177540606141394 0.00033684714746843404 1.0 0.014074147169990295 0.24664995495600966 0.7516406605065485 -2.4491619676390787e-05 -1.3728379160561422e-05 -2.2004960629905847e-05 3.812412928696588e-05 1.0
0.03517579440239759 0.2451829335088403 0.7509903230532144 -9.83147812057188e-05 -0.00012983420865004072 -2.41965631462475e-06 0.0001328721944360389 1.0 0.014321003343893239 0.24662869004814633 0.7517573554783944 0.0001505505655472566 -5.5014961313244664e-05 9.258237946435035e-05 0.00026027155625994253 1.0
0.03524654701742312 0.24512358909956922 0.7509262173346796 4.632603230600817e-05 -7.969689031127883e-05 -1.0392186126805447e-05 0.00011097580475831248 1.0 0.014219575665879374 0.2465996586739791 0.7517052621256007 -5.9401261605000625e-05 -5.257935894551158e-05 -1.4859532340739616e-05 0.00013444910228652162 1.0
0.03527556132317767 0.24508865950375802 0.750869947636308 7.906312727444748e-05 -2.051448554560379e-05 -2.2928729050035424e-05 7.547561432620111e-05 1.0 0.014008759302288412 0.2465198134887692 0.7516631265378636 -0.00019355861594625638 -5.864502417561758e-05 -5.284260653679661e-05 0.00021629479257919478 1.0
0.035173423597379905 0.24511176913561875 0.7508716152345897 -6.0558828359319166e-05 2.8369033071734816e-05 -1.714074550278975e-05 0.0001065230632297936 1.0 0.013928034241107284 0.24650749944915654 0.7516087885124326 -0.00013992774410455147 -2.405439219658222e-05 -6.813297551069099e-05 0.00010425029054027737 1.0
0.03510600161345721 0.24513552936955457 0.7508703452517048 -0.00010043550685992282 3.7208475311532605e-05 -1.903359006751257e-05 7.153766346219229e-05 1.0 0.013859722570831245 0.24647935542530278 0.7515823286049027 -8.401515139586609e-05 -1.9815715487477787e-05 -4.1884119731750516e-05 7.904571716881752e-05 1.0
0.03502205162292734 0.24516773732259386 0.7508635941573507 -0.00011515731725783835 3.313559485468748e-05 -1.4064768431419454e-05 8.39415885601935e-05 1.0 0.013752773988521563 0.24642162648333535 0.7515656402363137 -7.915441590168734e-05 -4.675827430714573e-05 -1.3205759928714445e-05 0.00012188005559423079 1.0
0.03469958531568042 0.24526368582833327 0.7509359701482812 -0.0002995400831825049 7.934928659010325e-05 6.0865760547276695e-05 0.0003467270932861541 1.0 0.013653922363070102 0.24638316617730027 0.7515812589336732 -6.777218982596221e-05 -4.235295245452565e-05 2.7207482628170504e-05 0.00010754008746854305 1.0
0.03439635488646077 0.24545673635160328 0.7509416841116962 -0.0003194204793853977 0.00018107122309100649 4.262965061959347e-05 0.00036690535373736286 1.0 0.013429958250201627 0.24624882282887212 0.7515529053417298 -0.00018847255605079912 -0.000123900828937431 -3.923312447210028e-06 0.00026248536331789407 1.0
0.03432021291548045 0.2455153408496869 0.750942483773274 -0.0001167946506110701 9.783489531216728e-05 -1.0426261132527577e-05 9.13433596875033e-05 1.0 0.01306535338279246 0.2460730773463473 0.7514943346449927 -0.00039790366837527474 -0.00018585024000209314 -7.006003967795195e-05 0.0004075144050526321 0.0
0.0341064850550396 0.24573513819251955 0.7510066627605512 -0.00016310598515429064 0.00019007269240043842 4.717522932278718e-05 0.00029834158594023067 1.0 0.012513905974400481 0.24578024489598937 0.7514077402989798 -0.0005667436230395239 -0.00029389813256105985 -9.482986083484034e-05 0.0006329113195627419 0.0
0.03395699637995048 0.24587602552670743 0.7511747623629264 -0.00013694191348632173 0.000156079427022954 0.00015920197833249982 0.0002877840453226609 1.0 0.012377757076026863 0.2456779680580727 0.7514410976501804 -0.00022649817560556167 -0.0001449276176131098 3.7991417648549367e-06 0.0001783066524240537 0.0
0.033912460701675036 0.24596821843714142 0.7513913461838562 -4.441408116486515e-05 9.279714590734744e-05 0.00023082012379224977 0.00023683937211121985 1.0 0.012359500241817303 0.24557697257900069 0.7515870539302414 1.3058824109274836e-05 -8.227729096164445e-05 0.00014653221200228386 0.00015747681577946653 0.0
0.033761112837241654 0.24602133760802172 0.7517424147262082 -0.00013476721766680642 4.554219984379992e-05 0.000356823415479628 0.0003714891695888127 1.0 0.012852604733213601 0.2445942930654218 0.753280261499532 0.0005091472822706467 -0.0008245240955799375 0.001511976110451189 0.002018607621270891 0.0
0.0335839192478477 0.2461920078140351 0.7519988959924052 -0.00020111750564703366 0.00014371344383808056 0.00029570535709081303 0.0003658616370647317 1.0 0.014166302901759372 0.24366835376219165 0.755468605721097 0.0013158657715103563 -0.0010417514013165642 0.0023587995811737415 0.0027770438889998463 0.0
0.03348109558478386 0.24632184187040213 0.752223099296678 -0.00012420833303387847 0.00014823961530873695 0.00021182014164537445 0.0002808675166482759 1.0 0.015985010548098234 0.24256670957848755 0.7583244078254738 0.001897124457647563 -0.001188684326195941 0.003007818032573475 0.0035089144905371306 0.0
0.03345933828403193 0.2463962051999913 0.7523457082434717 -2.3771677980467625e-05 9.114738385152316e-05 0.0001061034850005292 0.00013555785889319828 1.0 0.017047574377203074 0.2419401466783693 0.7600925564847112 0.0012838457720112015 -0.0007309001171391545 0.002053368322870373 0.002146281296911951 0.0
0.03343722650575377 0.24646680381439537 0.7525491950323009 -1.179134225575108e-05 7.851028545054283e-05 0.00016056828245254615 0.00021986017780089792 1.0 0.018004875076881297 0.24125182479646748 0.7620310605361413 0.0008518593592679847 -0.0005638697117687835 0.0016874192197749588 0.0022423796960026254 0.0
0.033462251202214535 0.2465541874439731 0.7527488575043552 4.3676873397589745e-05 6.553195035215493e-05 0.00020255722976461322 0.00022749103352388768 1.0 0.018482412404584612 0.24073870447840065 0.7636256323261911 0.00034593005568346136 -0.0004005887007937233 0.0013571349949633618 0.0018132418154640103 0.0
0.03356227035508638 0.24659258312877286 0.7529556380888486 0.00010012521224359227 3.721814602196269e-05 0.000228639494055055 0.00022692211595274047 1.0 0.01857643901985055 0.24015835307113462 0.7649640794372213 -4.9682880265227846e-05 -0.0005337424684920693 0.001233321342851238 0.0014478544410857228 0.0
0.0337877658534254 0.24661609182272412 0.7532431654201972 0.0002026482768658703 2.5525880849046017e-05 0.00029928630627403923 0.00036227190010293755 1.0 0.018313933124343297 0.2397122450460339 0.7656024995722206 -0.0002737756998500647 -0.0005434932767470582 0.0008021052608061068 0.0008067798121573301 0.0
0.034041316575425674 0.24660301292151568 0.7537801620179654 0.00026650155248603933 -1.8388456906035292e-06 0.0005095210194166686 0.0005975863958876198 1.0 0.017916303919931664 0.23927784730175525 0.7659436966702892 -0.0003441953518178337 -0.0004570070777623861 0.0003648479047755483 0.0006523389367675578 0.0
0.03418103364444013 0.24659772404496896 0.754659131759942 0.0001751781353351642 -1.68797410752578e-05 0.0008674149295512162 0.0008935014756344896 1.0 0.017687692281037434 0.239078256220111 0.766048972923225 -0.00021830773684154334 -0.00024240348007611458 8.571560697595397e-05 0.0003667626177068055 0.0
0.03414474532650633 0.246946545939192 0.7554944127267652 -2.9462988713911683e-05 0.0002944557771194936 0.0009117578916992869 0.000904880414863552 1.0 0.01747440667339851 0.2389074460488616 0.7661042980633771 -0.00018185202237310893 -0.00011585585209403465 -3.1075564298680466e-05 0.00025557148101013625 0.0
0.03355834590398521 0.2477861997715955 0.7560701330677362 -0.0005660194106343504 0.000826634846053592 0.0006454685138766116 0.0011649347374940013 1.0 0.01733329976105981 0.23881707682299977 0.7660858475445501 -6.397980158654175e-05 -8.144180779416014e-05 5.876441458033273e-05 0.00017507679199227051 0.0
0.0340022545228245 0.24859448992217512 0.75672406232029 0.00018769896285906944 0.0009314196683004839 0.0005705063103793797 0.0011420407126541319 1.0 0.017242964159831346 0.23878360126628764 0.7660105699601777 -7.080342709275822e-05 -2.6858467204794972e-05 -1.4801268164993733e-05 0.00011749729793215187 0.0
0.03486951236742394 0.24901864805844728 0.7582352476223 0.0008982435100205136 0.0005328438880380308 0.0013154753111424531 0.0017836046412662713 1.0 0.017191175449677343 0.23878938892637666 0.765910198671212 -6.790794815098858e-05 -1.0489065366914492e-05 -7.637255966884198e-05 0.00011727519565058278 0.0
0.03486034511014955 0.25032022894823613 0.7593673929839557 0.0003344627188591097 0.0010857944308889777 0.0012925276791952507 0.001744851321420336 1.0 0.01717668345872307 0.23881187303828796 0.7658131244379714 -4.876409699359461e-05 1.7982737937286843e-05 -0.00012848346157430112 9.734561761627885e-05 0.0
0.035129084378755414 0.2521023692161072 0.7604680737196198 0.0002259596379290952 0.0017122222427504571 0.0011971915894234209 0.002088214887878496 1.0 0.017175516388545777 0.23882461376997585 0.7657203231634854 -1.2321165086746227e-05 9.7658311962922e-06 -0.0001033657852441244 9.774420132900238e-05 0.0
0.0348526841316148 0.2546171276041437 0.7611049754275233 -0.0003161685224398215 0.0025406720824575815 0.0006932005821818135 0.0026143771953546975 1.0 0.01716527848472649 0.2388366867671129 0.765596908729084 -1.931357739138543e-06 1.6640194911404186e-05 -0.00012238514099069793 0.0001206620520800214 0.0
0.03527086411905259 0.257186176626444 0.7631480121303855 0.00013751291468909924 0.0027810763158558627 0.0016892809727658245 0.003317182046495823 1.0 0.017145377683911705 0.23886171037410342 0.7654775702619778 -2.5967188288548873e-05 1.4397708702415686e-05 -0.00011906541129965647 0.00012628581455151854 0.0
0.03983244150963098 0.2605855894813578 0.7615506031691515 0.003999673174040208 0.0033686448070480847 -0.0010025836822524638 0.0058953892888049435 1.0 0.017136873699106398 0.2388779528087168 0.76539641203295 -1.48857921007616e-05 1.9260495901969474e-05 -9.23526776889135e-05 8.25271992874252e-05 0.0
0.04413501560757593 0.26294903190641367 0.7621720197107533 0.005132311944444756 0.0025121587315499803 -2.5372863659165953e-06 0.005009113274171684 1.0 0.017131718125241654 0.2388926078247778 0.7653320486761755 -6.590114936202106e-06 1.8201577551436442e-05 -6.529789369815419e-05 6.431119263573679e-05 0.0
0.04661432557604326 0.2642421702338553 0.7635999085093788 0.003265829030532959 0.0012523311860482543 0.0012958142798631558 0.003059567361197147 1.0 0.0171268019884526 0.23889999781205443 0.7652808103900782 -1.132983654421034e-06 1.068249811981799e-05 -4.550445880864802e-05 5.3659474112993855e-05 0.0
0.04975978088308336 0.26700523231356993 0.7661613310076094 0.002683661157820022 0.002263914464057589 0.0026719682272873793 0.004843755871884205 1.0 0.017125129329382767 0.23889888798795725 0.7652393813771706 2.5140081184068833e-06 -9.652725933506089e-07 -3.632193415237674e-05 4.2423726653891894e-05 0.0
0.05325629269561091 0.2705667709186637 0.7693071884145523 0.002905408383910396 0.0034729125377165764 0.0035268409708301375 0.006073580803513981 1.0 0.017120175516324228 0.2388483930656343 0.7651776019806734 -3.125953495163111e-06 -4.6654994987448394e-05 -5.915359785204499e-05 7.82274367609419e-05 0.0
0.05673229396075453 0.2727800551603997 0.7704916218817871 0.0032106030728578003 0.0027649793230661718 0.0017640942908228024 0.004293185656673386 1.0 0.017132007664177152 0.23878895393755423 0.765132676546577 7.50328061029235e-06 -6.542375095270089e-05 -5.620112748303941e-05 7.668373549285885e-05 0.0
0.06008351510085781 0.2737370406779721 0.7699385288282674 0.0036050749097087855 0.0012276974439392116 -0.0006527459239310995 0.0033318442617967675 1.0 0.017153015523266354 0.23874291770107348 0.765123148009915 2.0561817881766933e-05 -5.337333824152923e-05 -1.7434937136095812e-05 5.087624055044585e-05 0.0
0.062296804843588925 0.2740031857027733 0.7692368739671824 0.0027548538384563545 5.5604345674311554e-05 -0.0016202871037345956 0.0024233867397636007 1.0 0.0171576764885905 0.23872604786798005 0.7651199211961196 1.0760269050690945e-05 -1.9354851889202445e-05 3.375587136446518e-06 1.671416675950707e-05 0.0
0.06434676637830904 0.27407018766597113 0.7682824483454431 0.0018046445481843696 -0.0004234671290907952 -0.0011577367744447476 0.002336659147421506 1.0 0.017161382922503965 0.23870946534397136 0.7651210666667156 2.8797065175823203e-06 -5.650611839574724e-06 7.722076015856958e-06 1.7693797357718516e-05 0.0
0.06566072557795433 0.27407311023834996 0.7673226175524476 0.001091316302095597 -0.00014046156093432583 -0.0008420650007110676 0.001597561240173703 1.0 0.017181353182137867 0.2386725870721791 0.7651131998466529 1.4310356547936673e-05 -2.5557383079813056e-05 -4.0633984733011335e-06 4.408093536519181e-05 0.0
0.06593030024302463 0.2738568992781452 0.766237203425974 0.0003501503136885834 0.00011422347185268225 -0.0006885444267166081 0.001097922911407933 1.0 0.017230831374163393 0.2386145792204001 0.7651075375193424 4.539191503935176e-05 -5.8362603234635876e-05 -1.0569499004059868e-05 7.590990153223478e-05 0.0
0.06579619195289095 0.2736394932853977 0.7657620252598387 -0.00017410364714967727 -8.90345433309913e-06 -0.0003472899733366159 0.000555161524278017 1.0 0.017249999023921825 0.23859641972243725 0.7651090318418032 2.9848570544228757e-05 -3.651419678452922e-05 -5.698323159450993e-06 2.6601607257463557e-05 0.0
0.06543723669606386 0.27326006166787387 0.7649550918572656 -0.000392730767051804 -0.00038498317236931824 -0.0007735957378265869 0.0009517118869825543 1.0 0.017263351900851105 0.2385913765084528 0.7651030576659849 1.6132606811036952e-05 -7.269494047684952e-06 -3.774976224598685e-06 1.2760035954040207e-05 0.0
0.06522811502674641 0.27305824108324106 0.7645798361360531 -0.0002266093239783342 -0.0003079165654654172 -0.0005071321835927332 0.0005209904252396697 1.0 0.017268542944744444 0.23858726068722366 0.76509627573149 1.2711000480977617e-06 4.909981892216565e-06 -3.995408652469717e-06 1.1429926972902655e-05 0.0
0.0650801090819322 0.27263761596765845 0.7635340846788029 -7.967082627863145e-05 -0.0004052949507413542 -0.0009261443900115123 0.0010849408276120895 0.0 0.0172785871556654 0.2385599609746521 0.7650854966297714 2.1916167513298048e-06 -1.6474875706228965e-05 -1.0213044171632349e-05 3.2347683378150956e-05 0.0
0.06534422870885705 0.2718299654177766 0.7627640953682788 0.00036017192466043313 -0.0007557368116261274 -0.0009133564012052041 0.0011723293585908416 0.0 0.017291082242303617 0.238550748398824 0.7650823541449154 1.1686682852336248e-05 -1.641285596169248e-05 -5.336404882649869e-06 1.559911032748278e-05 0.0
0.06497466782190901 0.27075796225949833 0.7639404880564481 -0.00019861329726384314 -0.0011033517463723526 0.0008344411109933796 0.0016253334550628325 0.0 0.017292885626556356 0.23854955798776564 0.7650843191717855 8.386220427359563e-06 -8.613840180847807e-06 1.2070225714522502e-06 7.112932964937225e-07 0.0
0.06432173482054729 0.2696924349592717 0.7654142700023311 -0.0007154653155609714 -0.0011676375235643909 0.0017162710654328743 0.00193913562046179 0.0 0.017294984480878153 0.23854663122671244 0.7650895631294793 4.50537569591689e-06 -2.5276060703877424e-06 7.264166250113071e-06 7.160322761880298e-06 0.0
0.06390272579451432 0.26921933394492037 0.7661860596127803 -0.0006144210356361886 -0.0005827084427430741 0.0012172511835733014 0.0009989555172607212 0.0 0.017295613482322586 0.23854550126499532 0.7650914606460915 -2.2009676095205495e-06 4.0511753194749265e-06 4.471806785576907e-06 3.3416701468017332e-06 0.0
0.06333947524213399 0.26875414371772455 0.7670295996968948 -0.0006045544147040016 -0.00033992147406842343 0.0007782361420190969 0.0010891245438668107 0.0 0.01729074265049403 0.2385550169442239 0.765083933689556 -5.257827738701976e-06 9.435248966069263e-06 -7.1207662043795244e-06 1.2783015458972e-05 0.0
0.06314420286802144 0.2686268712923124 0.7672857743869991 -0.0002092347407125316 -2.8146148935822928e-05 9.957525898346691e-05 0.00037638511502280717 0.0 0.017291022359564354 0.23855340250248833 0.7650878832205172 -1.2815235680588979e-06 -3.9106612161839396e-07 -5.870856327704673e-07 3.8562445713173574e-06 0.0
0.06301087172756605 0.2685479462259918 0.7674456597487558 -2.4010160023649695e-05 -2.5135166176030587e-05 -0.00015503618210132707 0.00022191187438024018 0.0 0.017291212972421834 0.2385524710262075 0.7650900659955575 1.5284341161882007e-06 -3.7050341356856155e-06 1.791027158464141e-06 2.261113022658848e-06 0.0
0.06291784815934341 0.268500794926748 0.7675454117520925 -5.3245564351014714e-06 -8.298868123804811e-05 6.006323991001434e-05 0.00013379005877643788 0.0 0.017291636982776394 0.2385525969685817 0.7650959704915529 1.3907664811124074e-06 -8.375508045481905e-08 7.013946220903599e-06 6.069342144279114e-06 0.0
0.06288441043086997 0.2684801296805318 0.7675817461695376 -7.875221801761448e-05 -8.739031155272363e-05 0.00021704117232879832 5.572776708359238e-05 0.0 0.0172944745417038 0.23854990943493148 0.7651033994279919 2.3930995230721266e-06 -2.6037189854024024e-06 9.01451962517752e-06 8.697499392475322e-06 0.0
0.06289843041285292 0.26847816097248933 0.7675631883006592 -2.2118138891951712e-05 -3.398097235652307e-05 4.794007988464643e-05 2.9337891184916384e-05 0.0 0.0172995571932159 0.23854769126652256 0.7651125787195925 5.202256850753201e-06 -2.651114701783989e-06 9.677561026007117e-06 1.0702962545701964e-05 0.0
0.0629519869966372 0.2684761236073973 0.7675199210271918 4.081274786999368e-05 1.0520535267081067e-05 -4.343268453266204e-05 5.205596766863431e-05 0.0 0.017297344951632796 0.23855475334159734 0.7651148043982576 -1.0791078118923933e-06 6.4443209970534835e-06 2.617200282088311e-06 7.33494253593198e-06 0.0
0.06300709953513864 0.2684758917444922 0.7674726334680274 4.30247957635215e-05 -8.368349757989849e-06 -3.1640409768366254e-05 9.003628385093098e-05 0.0 0.017295109137627673 0.2385564514915168 0.765109288240605 -3.4459702048824013e-06 4.532866024892771e-06 -6.152552557149841e-06 6.331467684471328e-06 0.0
0.06302296634917359 0.2684739112924411 0.7674577327731855 4.274083460633206e-05 1.6622298115750826e-05 -5.2370622985929596e-05 1.579089250549107e-05 0.0 0.0172917299377518 0.23855693442824538 0.765106517687336 -3.980623724202793e-06 3.8689287426542184e-07 -4.744096796659814e-06 4.495436562196309e-06 0.0
0.06303913769687007 0.26847118883957605 0.7674264580540181 5.008286629111644e-06 -3.6559052352807284e-06 -2.0312033080240076e-05 3.211522408901198e-05 0.0 0.01728592647858115 0.23855812771586238 0.7651007559494555 -6.05735293360506e-06 5.215233503523733e-07 -6.349103160592664e-06 8.241295049225013e-06 0.0
0.06303171972394686 0.2684536550392525 0.7674466800877533 -1.4456522196949187e-05 -1.5470495579460877e-05 1.817507197600043e-05 3.191499961181123e-05 0.0 0.017285081387896414 0.23855723765559841 0.7650977068264665 -1.576494531982484e-06 -1.4254324602731482e-06 -2.8021433347508326e-06 3.456532861665712e-06 0.0
0.06302099502305993 0.268434226619514 0.7674673574031263 -1.3557950726567343e-05 -1.981896494652157e-05 2.4592756822092163e-05 3.0756205747898484e-05 0.0 0.01728615609150089 0.23856005309946055 0.7650935063750393 2.0238436478779607e-06 1.5232188135920011e-06 -2.5905447352960323e-06 4.797973624217077e-06 0.0
0.06300527555630539 0.26843985015957317 0.7674624298775625 -1.19574871347839e-05 1.3350948916819449e-06 -1.2106877499447056e-06 1.5367821840633088e-05 0.0 0.017289693980552513 0.2385618268041287 0.765088880336106 4.400577045994471e-06 2.730056084636236e-06 -3.7516632552668453e-06 6.269583938484264e-06 0.0
0.0629901090557265 0.268446039177677 0.7674438019045011 -1.0031935013575367e-05 9.625427393420468e-06 -2.341847038356225e-05 2.440576217084391e-05 0.0 0.017290453092914403 0.23856373424366203 0.7650858136502802 1.5418712369626875e-06 2.9466193610887984e-06 -3.8780832200495894e-06 3.828457051111902e-06 0.0
0.06298282967143116 0.2684217272752069 0.7674161571752101 -6.298725727776098e-06 -1.5322808155563158e-05 -3.5215064547514585e-05 3.905269074125146e-05 0.0 0.017291619043973683 0.2385640693316337 0.7650850770272479 7.935369799110596e-07 2.0790665535416677e-07 -1.4470100706957577e-06 1.2593386495872487e-06 0.0
0.06296628691600088 0.26837521886162613 0.7674570308211419 -1.4383338760678588e-05 -4.6211650119130915e-05 2.598088384510828e-05 6.353457786343089e-05 0.0 0.017291238817763666 0.23856736645249885 0.7650850411212549 -1.1225090738529783e-06 2.431536891192831e-06 4.6593153287888275e-07 3.1930736141579896e-06 0.0
0.0629297622376984 0.2683255594805113 0.7673883649556993 -3.303841950998971e-05 -5.8057839484975495e-05 -4.397050738083639e-05 9.238442898917533e-05 0.0 0.017296701708299778 0.23856324712853935 0.7650903948547196 3.84730414193111e-06 -3.01313821177543e-06 4.8775433232451974e-06 8.966750338750648e-06 0.0
0.0628899914373097 0.26828210059868074 0.7674174214096547 -4.449104264900549e-05 -5.0828785084699814e-05 1.526175149534851e-05 6.584638652121748e-05 0.0 0.017298700957557724 0.23857220463006376 0.765117932720144 3.487830989299922e-06 6.316306676616225e-06 2.5348183118374155e-05 2.8859833917735395e-05 0.0
0.06284619573520127 0.26832838607881987 0.7673669044407323 -4.705826000346496e-05 3.642365184677438e-05 -3.636633355560478e-05 7.97937714129518e-05 0.0 0.017290553208647415 0.23859976512559497 0.765132773899835 -6.167878062599331e-06 2.6283365441602366e-05 1.999641874685959e-05 3.271203813496836e-05 0.0
0.06283394009165262 0.2683066780941439 0.7673853120335913 -1.7912137917678584e-05 7.906264739156079e-06 2.1717144503651157e-06 3.293708988716186e-05 0.0 0.01728362770285084 0.23861027308310426 0.765123507213368 -8.647303284645787e-06 1.6933879862819683e-05 -5.285367019393117e-06 1.5293616770016943e-05 0.0
0.06281677686368067 0.26830899682935233 0.7673741719359767 -9.87878883925327e-06 2.836273920891606e-06 -4.008437956564198e-06 1.9572977290681803e-05 0.0 0.017278022618341278 0.23861487930560887 0.7651188606244789 -7.440126966753301e-06 5.714534513084374e-06 -1.0715068895352414e-05 7.971365882198649e-06 0.0
0.06280558355797246 0.2683083221697289 0.7673683301918885 -6.14561683099685e-06 -7.304919122553086e-06 -2.6703381857738387e-06 1.2896519058821535e-05 0.0 0.017275709421469103 0.23861630879004986 0.7651176647878428 -2.6157710398625473e-06 -1.6785189246320921e-06 -6.301672793516606e-06 3.7306667507494365e-06 0.0
0.06280077757880703 0.26830964828556436 0.7673581152982858 -5.252010820025187e-06 -6.727683224974756e-06 -8.12745091441609e-06 1.173151541940741e-05 0.0 0.017275098136103128 0.2386172632904659 0.7651174950834816 8.425946205638823e-07 -2.738560967143816e-06 -1.342072459743143e-07 1.553910054681822e-06 0.0
0.06279877650032469 0.2683059395949632 0.7673613128961814 -4.6522978801142676e-06 -5.339376842172909e-06 -6.439552417705594e-06 5.394496578219174e-06 0.0 0.017275048003631405 0.23861598344355472 0.7651199202904317 1.7696809243145571e-06 -2.213541998567638e-06 6.124504240983918e-06 2.173131000357872e-06 0.0
0.06279569735725082 0.2682993148923139 0.7673668161008713 -4.365817697643276e-06 -3.1529246546989112e-06 1.0677511847261013e-05 7.817844319202738e-06 0.0 0.017276841320165923 0.2386140202061576 0.7651171579347852 1.4447137276582626e-06 5.83328638662915e-07 1.9310155522579955e-06 3.7504483204888105e-06 0.0
0.06279196602547531 0.26829787796876625 0.7673684517506975 -4.151320315140658e-06 1.927049379561123e-06 1.6252571509862336e-08 5.57286485758711e-06 0.0 0.017278057922581223 0.2386117105950812 0.7651187429237802 4.77755020111149e-07 -3.1517319291395884e-07 -8.367922984171341e-07 3.24666846543465e-06 0.0
0.0627879290965722 0.26829562096099546 0.7673653720369342 -3.0603258935308516e-06 -6.720941682545753e-06 2.4074517976484255e-06 5.103774015161394e-06 0.0 0.017279170899331883 0.2386112955879534 0.7651190404171923 8.886256186163527e-07 -1.628895056821664e-06 -1.6927097137543166e-06 1.0994985589740907e-06 0.0
0.0627802372420557 0.2682974102926389 0.7673590063363608 -8.540225464767962e-06 3.7348885234510277e-06 -1.0001136916561328e-05 1.0182779688139002e-05 0.0 0.017277796908092356 0.23861596304872387 0.76511979870528 -1.2524790688732911e-06 4.035763757874168e-06 1.000637689716545e-06 4.930537905201926e-06 0.0
0.06276601186783412 0.2682969977976271 0.7673387064249245 -1.3654730219237113e-05 8.626175273411855e-07 -2.0375774938991273e-05 2.482781820403915e-05 0.0 0.017276532910195153 0.2386167258842007 0.7651197459651371 -1.6468371071001948e-06 2.308815375479248e-06 4.4037671322343095e-07 1.7338292437783281e-06 0.0
0.06276209918142384 0.2682978219880968 0.7673343248746777 -6.157407095485803e-06 8.14202936606882e-07 -9.304124549164659e-06 6.474288081552995e-06 0.0 0.017276274019499768 0.23861536450535967 0.7651220387293851 -6.874118696197814e-07 -9.144980555919771e-07 2.0249668299786046e-06 2.410274062729499e-06 0.0
0.06276000692510147 0.26829416689671254 0.7673359206773819 -1.3869854789012291e-06 -3.837265768938577e-06 3.0179409340590687e-06 3.264691503618265e-06 0.0 0.01727593045374908 0.23861648238890432 0.7651207128752407 -9.321675052928061e-08 -2.9823050182819997e-07 -6.23039190349444e-07 1.815325436092174e-06 0.0
0.06275692711694245 0.2682833160653093 0.7673466804039392 -1.1422885437792325e-06 -1.0868664939297766e-05 1.316808309935725e-05 1.6085864535704198e-05 0.0 0.01727712308304285 0.2386149459265107 0.7651184959329119 1.4569253046943354e-06 -1.747079177689965e-06 -2.6539054083465155e-06 3.005418124479218e-06 0.0
0.06275394404211242 0.26827800674053165 0.767352501403459 -2.0325551045950064e-06 -7.446081466217246e-06 9.879480393379356e-06 9.440611538194822e-06 0.0 0.01727911669731958 0.23861188069365086 0.7651189323230748 2.2636772955022303e-06 -3.074593578280184e-06 -1.512290300989419e-07 3.714857555562907e-06 0.0
