0.06257064670374408 0.27942285849604703 0.7636970772673404 0.0 0.0 0.0 0.0 0.0 -0.01744573080083787 0.27968645382263496 0.763823240620944 0.0 0.0 0.0 0.0 0.0
0.06258254890690065 0.27938473313841267 0.7637445566300778 1.1902203156569091e-05 -3.812535763436653e-05 4.74793627374126e-05 6.204430046893427e-05 0.0 -0.017450457159354588 0.2796861238456438 0.7638201834823442 -4.72635851671635e-06 -3.299769911757622e-07 -3.057138599826814e-06 6.4149427775215206e-06 0.0
0.06258820485287722 0.2793575718083208 0.7637646058625336 5.655945976568155e-06 -2.716133009184052e-05 2.0049232455798816e-05 3.423009347510514e-05 0.0 -0.017471462539179663 0.2796889653609279 0.7638130901111049 -2.1005379825075193e-05 2.841515284124352e-06 -7.093371239275115e-06 2.449390226798439e-05 0.0
0.06258309827020052 0.2793776828959336 0.7637429481597768 -5.106582676703275e-06 2.011108761279523e-05 -2.165770275674994e-05 2.9993151223292056e-05 0.0 -0.017488980722799374 0.27968758519879405 0.763809217079808 -1.7518183619710803e-05 -1.3801621338571657e-06 -3.873031296897089e-06 2.0429828378628798e-05 0.0
0.0625715210736675 0.279366188957201 0.763786138894074 -1.1508282210266427e-05 -1.0031012458372332e-05 4.233074159558794e-05 4.616905496412583e-05 0.0 -0.01749942415490605 0.2796925499030334 0.7637997895656815 -9.764895785084073e-06 4.55249920441245e-06 -9.08084181253811e-06 1.178690893758927e-05 0.0
0.0625567927814849 0.27933004731452654 0.7638548022858288 -1.4588569570297613e-05 -3.901336554111285e-05 7.247429645567787e-05 7.897975875564451e-05 0.0 -0.017511302670625967 0.2796996727774783 0.7637963932420823 -1.1936819602376621e-05 7.590202351262906e-06 -3.916207763283419e-06 1.4761601439547487e-05 0.0
0.06254264574553907 0.2792938611250561 0.7639087307943294 -1.3084782473965442e-05 -4.558394968791795e-05 6.61036553049107e-05 6.66548346595646e-05 0.0 -0.01752742159103485 0.27970968716535605 0.7637930131808395 -1.5517389826004546e-05 1.035065623067983e-05 -2.9788743144700543e-06 2.033848882781378e-05 0.0
0.06253296577597457 0.27926649032644774 0.763948719816598 -9.327627400075478e-06 -2.8064091746369563e-05 3.588485556813503e-05 4.917997606036696e-05 0.0 -0.017538287636521648 0.2797040409782927 0.7637883610784785 -1.3226817424674696e-05 -4.233110814291806e-06 -4.364508813639428e-06 1.3008452822856077e-05 0.0
0.06250647585533844 0.27924999010111473 0.7639846002101224 -2.0939281433653333e-05 -2.1027045217389437e-05 3.4234550584922955e-05 4.8366575864541623e-05 0.0 -0.01754401204744825 0.27969506714992337 0.7637597951916756 -7.35259788595048e-06 -1.0615777273458229e-05 -2.532524939648185e-05 2.955313502948672e-05 0.0
0.06249844693723925 0.2792449782392925 0.763998527690087 -1.1933508402200046e-05 1.3809258012834584e-06 5.03204890678465e-06 1.8537298604208013e-05 0.0 -0.017548582575237004 0.27967856931086243 0.7637241168245152 -5.068854430006925e-06 -1.83087777857701e-05 -3.856975189062441e-05 4.034849071909879e-05 0.0
0.06249034857940865 0.279223521340678 0.7639940417196265 -7.97746644781605e-06 -1.0282588609791798e-05 -1.0064687432123938e-05 2.22061122396224e-05 0.0 -0.0175489004386567 0.27967606467252215 0.7637121231049813 5.582142987866022e-07 -6.772480931074028e-06 -1.9513471237036678e-05 1.2497787108698371e-05 0.0
0.06247834735318471 0.27918190334333387 0.7639521429501469 -1.010605524613523e-05 -4.24830463120043e-05 -3.493824781399402e-05 5.999492449485068e-05 0.0 -0.017545532589800444 0.2796692102151305 0.7637163321050608 4.010576523570387e-06 -3.5848453058689926e-06 4.065431053433179e-06 7.278803218984709e-06 0.0
0.062489030065245046 0.27916165346854216 0.7638532331666232 7.807949092312828e-06 -3.1647981837066596e-05 -9.477958023587109e-05 0.00010279391651006874 0.0 -0.017541847986712805 0.279657985526124 0.7637337441243394 3.672902270552495e-06 -7.676064675559774e-06 2.3422989770396983e-05 2.1771000430425774e-05 0.0
0.06252242883416205 0.2791486784432237 0.763808094168019 3.276703339533457e-05 -1.555063149174127e-05 -6.387182274092098e-05 5.772982255282005e-05 0.0 -0.017543401808735846 0.2796402794272546 0.7637489883229732 -1.2466938303838594e-06 -1.658564731579342e-05 2.221638705790291e-05 2.476000463691334e-05 0.0
0.06252915723940781 0.2791432467339763 0.7637995703654169 1.5275602188121456e-05 -1.9154854034648638e-06 -1.0282635154639401e-05 9.23908412510056e-06 0.0 -0.01754262342505561 0.27963367747489964 0.7637550939926 -4.2584074690041e-07 -1.1280332781260516e-05 7.33684274450702e-06 7.945699669961961e-06 0.0
0.06253694400413255 0.27913070887823144 0.763793108440951 5.605054333438424e-06 -5.6040018180650255e-06 9.948425296828659e-06 1.6991649360684873e-05 0.0 -0.01754531372461152 0.2796410778457713 0.7637531001447456 -2.874708517504818e-06 5.168943540352234e-06 -7.648699621991107e-06 7.039772543166047e-06 0.0
0.06253723548356052 0.27912703335200817 0.7637871079388935 -2.133030761152426e-06 -4.15066263186365e-06 5.88178183427305e-06 1.010095326919557e-05 0.0 -0.017534529919460442 0.2796406605297889 0.7637526182822366 8.345317840626547e-06 4.133684823038764e-06 -6.364155914028042e-06 1.204740549992206e-05 0.0
0.0625315554803678 0.2791231173592676 0.763778428645416 -9.859963694864226e-06 -7.053119209991895e-06 -8.614786008847336e-06 9.79671846903356e-06 0.0 -0.017526460888574617 0.27964446847727675 0.7637610683658402 1.0648809501973426e-05 5.8220239683933655e-06 6.9268448790428406e-06 1.2610846643292986e-05 0.0
0.06251217331174662 0.2791172037702569 0.7637666634795012 -1.9343068822788554e-05 -7.579362068881597e-06 -2.1938056866750877e-05 2.1600164269143427e-05 0.0 -0.017524748887771984 0.27963901607089403 0.7637888346327302 4.381900240026253e-06 -5.176615787635345e-06 2.8521192836143755e-05 2.757985481977854e-05 0.0
0.06245963872910066 0.2791175540222495 0.7637706129675954 -4.6805034789759835e-05 5.504718127866953e-07 -7.12419289326612e-06 5.367503379395885e-05 0.0 -0.017500914807747146 0.279591819268803 0.7638555389459546 1.9656293975015578e-05 -4.461688988638206e-05 6.75347035689503e-05 8.491757940981898e-05 0.0
0.06242838526029944 0.2791082411925307 0.7637683189628457 -3.8151249420279726e-05 -7.024135316913398e-06 3.6398758586394777e-06 3.388483490964605e-05 0.0 -0.01747351766741435 0.27955905070582915 0.7639078836056005 2.7947563858912498e-05 -4.296731930628382e-05 6.276095835228653e-05 6.944483415056104e-05 0.0
0.06238614062090396 0.27910299525259824 0.7637680957512882 -4.2371578588123624e-05 -6.606959295824509e-06 3.2755425696676254e-06 4.040321281008664e-05 0.0 -0.01744099564227688 0.27952309947260423 0.7639638183924577 3.42044449040971e-05 -3.755044034123794e-05 5.660240358722206e-05 7.145668345018504e-05 0.0
0.06225115348048806 0.2790608068713691 0.7637306287073518 -0.00011890776035332045 -3.794887754522748e-05 -3.199899804626508e-05 0.00014646853422653583 0.0 -0.017330753019243014 0.27921431347394454 0.7639794788104215 0.00010085179568222206 -0.00026737773638674424 1.696693645084587e-05 0.0003262855430131334 0.0
0.06217039956789005 0.27904881706153367 0.7637170525952972 -9.90807666408911e-05 -2.0750324276424346e-05 -2.305881374357536e-05 8.732043747138111e-05 0.0 -0.01726156156173184 0.2789224126235277 0.7638994115634493 8.61556127686121e-05 -0.0003292157712222929 -7.706935246866507e-05 0.000320422087899694 0.0
0.062096923050040796 0.2790373866774166 0.7637115060250094 -7.728242553181172e-05 -1.140466451182714e-05 -8.837203064841697e-06 6.888695106706094e-05 0.0 -0.017167153420620133 0.27846875142623945 0.7636360696099076 9.19948546620757e-05 -0.00045859349674415637 -0.0002576412660584181 0.0005223427700732954 0.0
0.062007991454340834 0.2790083003918218 0.7637023369672742 -8.071259451836251e-05 -2.254571842410372e-05 -4.623016044529266e-06 9.379982121993972e-05 0.0 -0.01707659658312212 0.27758557957729607 0.7632145324946643 8.822880758800021e-05 -0.000844516921219072 -0.00043473554588377845 0.0009823453332720314 0.0
0.06186028342144672 0.2789347738781233 0.7636380746626984 -0.00013382840864858644 -6.614183073169765e-05 -5.163858178493646e-05 0.00018105240676360166 0.0 -0.01714325775489154 0.2756613206864702 0.7623722054708078 -4.7919593665413974e-05 -0.0018353855250397713 -0.0008211743558667766 0.0021060658658438973 0.0
0.061791630392397885 0.27884777316657905 0.7635470593375095 -8.490109654813092e-05 -9.363110421076531e-05 -9.471059948359466e-05 0.0001450783693511193 0.0 -0.01724570807406809 0.2745697678030256 0.7618366702882485 -0.00012322231981716467 -0.001384275142139096 -0.0006462884738416812 0.0012503605538671343 0.0
0.06165271677032718 0.2785920654954581 0.7631905080357482 -0.000130354937085138 -0.00024127772543627559 -0.00033184122556711055 0.000450544004537654 0.0 -0.017513889366125843 0.27082617056746583 0.7594097247126096 -0.00026784560136620126 -0.0033612952821083157 -0.0021410690202768967 0.004371032984206422 0.0
0.06162595217747263 0.27846833465776066 0.7629847843877706 -4.933940348315788e-05 -0.00016924791703874315 -0.0002711215097932587 0.00025641867528124695 0.0 -0.018355514263214818 0.26744883204930786 0.7567541173691175 -0.0007843388969664432 -0.0036689451889075683 -0.002824394644103058 0.004513286439404622 0.0
0.06162283004427089 0.2783450667838106 0.7628415402958829 1.1386995010425265e-05 -0.00011734457697212521 -0.00015599065513171136 0.00017499694640417187 0.0 -0.019507093117224917 0.26425482264122785 0.754152845222035 -0.00119744327597419 -0.003353081954508688 -0.0028228361423530564 0.004212444574791986 0.0
0.061628449235430455 0.2782982165042044 0.7627798026921411 2.014741323943183e-05 -3.611130094174451e-05 -3.810123522144896e-05 7.948641238403845e-05 0.0 -0.020067272401583305 0.2627369059122908 0.7522515988850591 -0.0007377837301513785 -0.001672774989785752 -0.002021270124697467 0.0024567385457544885 0.0
0.06162768772682367 0.2782772022136926 0.762738291369871 2.9441383472509096e-06 1.9571981046131743e-06 1.5999340521286584e-06 5.2797843677399945e-05 0.0 -0.02052082482356147 0.262270779399726 0.7509241408326285 -0.0004029331251568147 -0.00021007861981101793 -0.0011658990781122536 0.0014809211306456393 0.0
0.06161950832885482 0.2782598776112097 0.7627139547277592 -1.5735654971648665e-05 -4.597096588554462e-06 -7.222748435427294e-06 3.322950488501417e-05 0.0 -0.020663252205090576 0.2621132419603527 0.7502783906831325 -4.321874893715377e-05 0.0002764997683651556 -0.0004162777928229033 0.0007636053765850705 1.0
0.06161254503459779 0.27823223354569737 0.7626599788360625 -1.5002911227866101e-05 -3.381993031972099e-05 -6.350508020693827e-05 5.23494599664152e-05 0.0 -0.020640685548794762 0.2620884398419742 0.7499736541558593 0.00013560848845645086 0.00016325981175979785 -0.0001303620649534213 0.00025807549029764273 1.0
0.06164992090162249 0.2782153947050444 0.7625638161207995 2.1333799198236975e-05 -3.962995123252573e-05 -0.00012569495455870504 0.00010966532206924706 0.0 -0.020371384929229606 0.2620741324394379 0.7500905773276502 0.00026394160753944406 -0.0003198723311702504 -1.1854709854697645e-05 0.00030013312585548116 1.0
0.061685309210685664 0.27819935914598487 0.7625124943177659 4.956328317886236e-05 -1.5840748265172355e-05 -6.643635053176926e-05 6.324210486226197e-05 0.0 -0.020343177584380118 0.2622348567260949 0.7501407088040971 1.6319674335394697e-05 -7.039852064479176e-05 2.802227003419807e-05 0.0001531945570293243 1.0
0.06171181573825554 0.2781979317566645 0.7625050004785385 3.56937221172496e-05 -5.493184047122997e-06 -1.2269787258265604e-05 2.6260362883846977e-05 0.0 -0.020368261098093757 0.26231645163100104 0.7501304358862907 -8.760139917289773e-05 -8.829447935762395e-06 -7.743100820093015e-05 9.602620462246039e-05 1.0
0.06174462204640988 0.2781338258374501 0.7624412972987177 3.166482811919603e-05 -4.733411799921815e-05 -3.742930639926068e-05 9.544718570296973e-05 0.0 -0.02042568034098296 0.26242924636973347 0.7500883962704058 -9.215048215483975e-05 0.00018617565026970507 -0.0001034591050848039 0.00012680901850030488 1.0
0.061794751335692275 0.27809990607083324 0.7623874078431486 4.297625312608751e-05 -4.353610135272762e-05 -5.0127267626172915e-05 8.640444029862806e-05 0.0 -0.020479479734026168 0.26253271725455596 0.7500766361791438 -9.837674074720181e-05 0.00015784109853134794 -6.350503723737133e-05 0.00012876906717893856 1.0
0.061810023462947505 0.27808365796492257 0.7623734304814435 1.902782030632568e-05 -2.2765972083330676e-05 -2.3774473310888705e-05 2.3415421478219776e-05 0.0 -0.020532976749496907 0.26259512976638905 0.7500656278136659 -3.712801637924685e-05 7.429465141949661e-05 1.8130332255618734e-06 8.15358207288024e-05 1.0
0.061828267149897455 0.27806654600546843 0.7623501080243487 1.5620164618885644e-05 -1.3071691751034527e-05 -2.4897633531938982e-05 3.006432136440076e-05 0.0 -0.02060032944569716 0.26267283887316617 0.750022719234172 -2.8975600085163756e-05 6.917048017260067e-05 -3.204721761141771e-06 0.00010451250993814495 1.0
0.061829094805041056 0.2780550499793134 0.76233131644954 2.875534252713935e-06 -5.144415584375798e-06 -1.8226270234953363e-05 2.6651542714899984e-05 0.0 -0.02061165520242363 0.26270025426334903 0.7500076341998578 6.493861003557114e-06 3.504530067464215e-05 1.542847579138619e-05 3.8975030943601426e-05 1.0
0.06182928153186968 0.2780509196821192 0.7622959403710923 -4.0236642036241e-06 -1.6193596659433031e-06 -2.657715696133881e-05 3.627067390759088e-05 0.0 -0.020623824451399833 0.2627407042714024 0.7499969765272001 -1.9704615391409055e-05 4.453515798951015e-05 -1.5193116202370915e-05 4.143556968047612e-05 1.0
0.06183076715778547 0.278045853706736 0.7622901476491514 2.650276880859667e-09 -5.896012776912602e-06 -1.262612325820431e-05 5.7038482980575e-06 0.0 -0.020635208237739552 0.26276158289212903 0.7499903262535881 -8.620982524104392e-06 1.80634087028138e-05 -9.989498830714815e-06 2.4704259608547183e-05 1.0
0.06183165002272751 0.2780273286814147 0.7622954060928083 4.243248831215229e-06 -2.2125936172837787e-05 -9.83429733123737e-07 1.8464115476686517e-05 0.0 -0.020862342830698925 0.2631735464404517 0.7501082509086794 -0.00019770635420252782 0.0003601131008340917 0.00010169104809722012 0.00048169119773286455 1.0
0.06182991063636424 0.27802005710334926 0.7623009930416403 1.5937240671971332e-06 -9.355824624118279e-06 1.1417549012126968e-05 1.1315783063174697e-05 0.0 -0.021031073363351215 0.26349351196844095 0.7502329605601888 -0.00021098555631577861 0.0003888450240858456 0.00014435654854626036 0.0003981007852162423 1.0
0.06182537644420413 0.2780161026003852 0.7622978656380983 -5.435974196435549e-06 -4.385501660524807e-06 3.5031655233778717e-06 6.1121069357342596e-06 0.0 -0.02117493797510973 0.2639543353105909 0.7505869171432594 -0.00017012879790931584 0.00047562803034066257 0.000335040786963687 0.0005782064321728466 1.0
0.061816676885115114 0.2780195232748443 0.7622936473608797 -8.49737673644341e-06 3.5084983936180875e-06 -7.1447708094114734e-06 1.0096993931707408e-05 0.0 -0.021110730691024045 0.2643568424652239 0.7511808727184239 4.3838300614147706e-05 0.0004217057464086839 0.0005899540925377077 0.0007255049837912885 1.0
0.06179757619436416 0.2780096381329037 0.7622452595347001 -1.984587762620911e-05 -4.927190708140901e-06 -4.655833924832314e-05 5.2498649997999257e-05 0.0 -0.020581067217555645 0.26473172041511434 0.7524790223356973 0.0005197920704946685 0.00035015030862409777 0.0012505266777116057 0.001452895845944351 1.0
0.0617946105806228 0.27799348962840376 0.7622101633579244 -6.988357290134622e-06 -1.551967641541161e-05 -4.586020889861696e-05 4.0749589914326696e-05 0.0 -0.019568061001350733 0.2648550241481577 0.7544084150027275 0.0010499343153120395 0.00012183370745060427 0.0019571305115201995 0.0021958469019327364 1.0
0.06179516860235545 0.2779637229598213 0.76220846458649 1.6711042584896549e-06 -3.159422387610852e-05 -7.153420079936125e-06 2.7519163908998352e-05 0.0 -0.018551394558610195 0.2645921832625579 0.7560146160351298 0.0011355841065150078 -0.000256935709994688 0.001804096018255771 0.001916052636239128 1.0
0.061798795313818634 0.27792885036729426 0.7622241433303341 6.263425034344074e-06 -3.8872883256205103e-05 2.122475336113115e-05 3.8313963299667394e-05 0.0 -0.01663202959083924 0.26346334394976123 0.7585840776979174 0.0018137940251105981 -0.0010703970846017293 0.002430134501964431 0.0033571788210968573 1.0
0.06179579989196505 0.27791735118147215 0.7622220794838226 -3.0849304820553326e-08 -1.5875910989838385e-05 1.1176638693660756e-05 1.403441557628453e-05 0.0 -0.01510262494731032 0.2620778894744297 0.7600249357150791 0.001655297131836553 -0.001518549794070348 0.0016098308553856265 0.002585828970152806 1.0
0.061765988027306776 0.2778732053469552 0.7621679265451352 -2.726094720555225e-05 -3.490364616159876e-05 -4.4987557759113426e-05 7.432594003329311e-05 0.0 -0.013008760479144255 0.25914306305428436 0.7610525719071034 0.001981715977028649 -0.0028210510109888754 0.000935611725153884 0.003689504582117956 1.0
0.061759811366386475 0.27786825704581297 0.7621550013490923 -1.6090534663648584e-05 -9.811653368245522e-06 -3.2147568075565235e-05 1.729438946383624e-05 0.0 -0.012481050474367195 0.25839149563736785 0.7611109222997292 0.0007474786562875561 -0.0012563889301638023 -1.7962859308208305e-05 0.0009824517242669173 1.0
0.06171348013994481 0.2778007426095576 0.7620651423892811 -4.205864532560278e-05 -5.625614317962922e-05 -8.73363415691589e-05 0.00011767825739854523 0.0 -0.010509935991982852 0.25622407611809295 0.7615674446574658 0.0015595722050161169 -0.001731838212843953 0.00019828421307408606 0.002848452118172236 1.0
0.06168694007153916 0.27777284491468696 0.7620211022040619 -3.072405617411714e-05 -3.956256950852586e-05 -5.5766173190209144e-05 6.321204568438395e-05 0.0 -0.008911401406672431 0.254964465964277 0.7618565296085832 0.0016530297656174179 -0.0012354031346482304 0.0003145100191125909 0.002206038508742276 1.0
0.061671514645714194 0.2777626290489154 0.7619958350122398 -1.5807644271440305e-05 -1.4766036439053811e-05 -2.223360357565563e-05 2.799725473251811e-05 0.0 -0.007940942661644667 0.2540882307165635 0.7621623726520285 0.0011568246490012246 -0.0008280662854354963 0.00043564257637616053 0.0012783395819925768 1.0
0.06166063157872951 0.2777399840672634 0.7619745431800053 -6.981653026817679e-06 -1.4777493875288163e-05 -1.1250119996847998e-05 3.2492948134934496e-05 0.0 -0.007507130242283111 0.25341044885496855 0.7623146385356072 0.0005345511039949325 -0.0006578600806686517 0.0003612501394417546 0.0007787881041513107 1.0
0.06165900735045194 0.27773239112942577 0.7619677553149172 3.604258483938302e-07 -5.229062840296955e-06 -3.4836169593712497e-06 1.2524618736636813e-05 0.0 -0.007462200297741931 0.2532367544347781 0.7623101194249371 -7.421183543386166e-05 -0.00024270426061001973 -2.5741054067757348e-05 0.00018980764476808892 1.0
0.06164029988532896 0.27767639409122263 0.7619179284423658 -1.471536686221266e-05 -4.91479766145536e-05 -4.247849402313449e-05 7.740516090576569e-05 0.0 -0.007392538220225302 0.2528612041708765 0.7622163470622689 -9.549356294889918e-05 -0.0003370839140004946 -0.00016234052744490608 0.0004604388978263533 1.0
0.061617235890502914 0.2775888140193493 0.7618195630339981 -2.447428825403101e-05 -8.993975544483406e-05 -9.80094179325973e-05 0.0001321539387008875 0.0 -0.007307772454726836 0.25266170367681645 0.7620571159774132 4.640759912047767e-06 -0.00014054718711030553 -0.00024045938870027135 0.0002148092016605453 1.0
0.06161927283406825 0.2774732185555448 0.761679594031456 -8.66194052498299e-06 -0.00012726869910629818 -0.00015413715981865404 0.00018302572198722886 0.0 -0.007201593157796668 0.2525860086829348 0.7618205257326554 0.0003199909991652327 -0.0002549483177322195 -0.00020344297330058918 0.0002815737853671404 1.0
0.06165170530613491 0.2774293629948443 0.7616058843122795 3.1188129316852284e-05 -5.940648519897096e-05 -9.347636793627448e-05 9.122162525914967e-05 0.0 -0.007104095245578137 0.2525833463486965 0.7616629117075872 0.0001677236581471512 2.2305748690918097e-05 -0.00017144999003951446 0.00017625891510469026 1.0
0.06169230058203521 0.2773903709085813 0.7615409667536566 4.823314588528371e-05 -2.8522836498410625e-05 -5.795243189242775e-05 8.206216918516711e-05 0.0 -0.006404210832927296 0.2527656246906934 0.7615921321278797 0.0006101821955342491 0.00017908683035259654 -5.6164398453291994e-05 0.0007253107583442822 1.0
0.061717073758059876 0.2773528684958232 0.7614974039795301 3.402601002524041e-05 -2.2088873347523833e-05 -2.8848065998441483e-05 6.721289632599298e-05 0.0 -0.00549685011204347 0.2530117823307755 0.7616093088655151 0.0009245162954372852 0.00028341614650704433 3.1380384821104305e-05 0.0009673940312530755 1.0
0.061716322656929584 0.2773294782187886 0.7614880271673825 5.517226829867466e-07 -1.7614504714704483e-05 -4.7059609414915807e-07 2.6099174582330846e-05 0.0 -0.005346460046030365 0.2531002826286343 0.7615144499516026 0.00032872674335856085 0.00015266768758109112 -5.325264987353907e-05 0.00018699583278908305 1.0
0.06170643155505334 0.2773270144989429 0.7614780066947932 -2.0334934184149297e-05 -1.0325256087106141e-05 -7.3009129055379375e-06 1.1585445391837478e-05 0.0 -0.004960159385622658 0.25320497494200406 0.7615769034505355 0.0002714805607253565 5.3905206849824764e-05 2.9228603243255165e-05 0.00036830482464842134 1.0
0.06169643565838923 0.2773256061926036 0.7614607904222529 -1.843433955906086e-05 -5.801787161507438e-06 -2.198059228710747e-05 1.9372033064143386e-05 0.0 -0.004529558267669777 0.25326485165864654 0.7617147382430128 0.0003128219290680176 3.713935634410792e-05 0.00011692024672757443 0.0004932530674766665 1.0
0.06169092803098043 0.27731048236213474 0.7614507262201025 -5.1009425698067365e-06 -1.3781549306589563e-05 -1.8522798696982788e-05 2.156510530041566e-05 0.0 -0.004593697476851089 0.25362289484303413 0.7618121942726616 -3.133810872684453e-05 0.0002968995617233442 0.00011073666136619901 0.0003931795882831908 1.0
0.061691640856720686 0.27730536369661074 0.7614479058648818 6.280655810800373e-06 -4.740131389959431e-06 -4.158520536276446e-06 4.337416089166278e-06 0.0 -0.004632884172826578 0.2536987759089739 0.7617269103307474 -6.405337625723178e-05 0.00016433665568202772 -4.911883539778181e-05 8.928638241999606e-05 1.0
0.06169658771692592 0.2772947508325789 0.761457800188893 9.660085664424433e-06 -1.2940023525502504e-05 7.344251465685476e-06 1.4623923351959954e-05 0.0 -0.004362319092293195 0.2536985893655518 0.761566178886027 0.00025818827373767306 3.2102020837596085e-05 -0.00017966322015507027 0.0003035627117520505 1.0
0.06169691851136347 0.27728632290463356 0.7614639252696549 2.315840688820771e-06 -1.0336696252688815e-05 1.1211482286406908e-05 1.1837206772558238e-05 0.0 -0.004004101106167362 0.25355359932274535 0.7615710916396169 0.0003894929325535438 -0.00016075992463767452 -6.513448841962984e-05 0.0004209898967889382 1.0
0.06169680066933821 0.27727794567901076 0.7614710319784992 -2.3048804720663193e-06 -6.8040106825313344e-06 1.0403707960281817e-05 1.0685089080447903e-05 0.0 -0.003477611105150132 0.25317710001192745 0.761529106677054 0.0005376779549135218 -0.0004078011471996849 -3.376645732365606e-05 0.0006347239968441335 1.0
0.06169467886424544 0.2772752119340267 0.7614717253750429 -4.080107404077109e-06 -1.4535019932521198e-06 7.214664893813254e-10 3.1463320493645972e-06 0.0 -0.002316336697743357 0.2521273138580293 0.7615390492224026 0.001164868603514932 -0.0010047218648074688 4.669053978011106e-05 0.0015547117384766287 1.0
0.0616914061648035 0.27727826923362264 0.7614582876119184 -4.450869350093935e-06 2.8456556912245857e-06 -1.4622813683800993e-05 1.4020105544036914e-05 0.0 -0.0008075514011553045 0.2503857241460365 0.7616925562762017 0.0015475085121651332 -0.0017406471392704158 0.00016407315971407995 0.002327723140963859 1.0
0.06168166702882843 0.2772427463355469 0.761419049101421 -8.941098125297956e-06 -2.9334123458277443e-05 -3.8746326636641086e-05 5.425644029462201e-05 0.0 0.0012708919493822034 0.24824439953465868 0.7615335739122788 0.0020526107811219847 -0.002220225984787086 -9.740455146246957e-05 0.0029837897985970038 1.0
0.0616890305666336 0.2771851694632995 0.7613497297757419 4.748519432196531e-06 -5.865227615243956e-05 -6.978975174896412e-05 9.080805396350356e-05 0.0 0.002300324321242139 0.24629510853762823 0.7606353718909613 0.001275827206794599 -0.0021018026556425696 -0.0008434086191026461 0.0023759059407958173 1.0
0.061705898139587 0.27717384063190226 0.7613241255371332 1.77272841174988e-05 -2.65922915453215e-05 -3.773650572145397e-05 3.309418502359227e-05 0.0 0.0028320815669855633 0.24518967052443708 0.7600038830353623 0.00047085114927858103 -0.0011677288690682417 -0.0008190845867104547 0.0013635966070804494 1.0
0.061711249637258166 0.2771681865344662 0.7613180636683584 1.0362038319941282e-05 -3.4751910754729486e-06 -4.6984124513520965e-06 6.756910908209086e-06 0.0 0.0029976395626635398 0.2448127080459038 0.7597546113114525 -6.498900780411483e-05 -0.00022117070031506996 -0.00036079407194269746 0.000488417992639441 1.0
0.06171794239641877 0.2771589854290048 0.7613068170446753 6.707559087312088e-06 6.362146543424418e-07 1.3133022106333536e-06 1.770286043601097e-05 0.0 0.0030885595338329456 0.24403156877877205 0.7593118712538006 -8.852810419949683e-05 -0.00042901869727339026 -0.00031748483374155213 0.0009120043963255023 1.0
0.061718508611561244 0.2771582733722999 0.7613012771064047 -8.706192881143829e-07 4.126457225125263e-06 5.804465942023382e-08 8.222859617659178e-06 0.0 0.0032220930927639754 0.24369880159492013 0.7591317654268618 0.00015751580848183177 -0.0003867658764633204 -0.00010044441884915415 0.00044152182371496934 1.0
0.06170727793096418 0.2771461530521722 0.7612946424308615 -1.2701086074786253e-05 -1.1136793018288697e-05 -8.279351892788437e-06 1.5671593894702266e-05 0.0 0.003644908964604319 0.2431093030997688 0.7588959565341347 0.0005383115755503984 -0.0006778272156566696 -0.00015797958416070647 0.0007027563212059767 1.0
0.06169438207891264 0.27714188383627303 0.7612904983584922 -1.5518296864818612e-05 -1.3189164837296043e-05 -1.1230497317508581e-05 1.3316274775538896e-05 0.0 0.0046339316506834325 0.2422841681812309 0.7584448559975904 0.00108443588584162 -0.0009469126761938377 -0.0004703200121237601 0.0013684348254983524 1.0
0.061679256287789606 0.2771305154784991 0.7612933217074808 -1.4437589070382279e-05 -1.2856954835579235e-05 -1.8161624207117043e-06 2.0116244066680808e-05 0.0 0.006031853822496465 0.2414227872498126 0.7579739219956092 0.0014261628192930313 -0.0009451238393033902 -0.0005774475498174238 0.00173770751729481 1.0
0.061652764979231105 0.2771185914373649 0.761287751716559 -2.4177895389612486e-05 -9.134263185229521e-06 -2.4975091199095744e-07 2.950106136976016e-05 0.0 0.007183529512609379 0.24088642928867154 0.7578232016954186 0.0012843748680211428 -0.0005677182151285426 -0.00021619381646724488 0.001276202661472548 1.0
0.061608908643512324 0.27710922048113135 0.7612688945515694 -4.247662827793822e-05 -9.968626742630223e-06 -1.6305684737219064e-05 4.860461732407834e-05 0.0 0.008107078992397473 0.2407221942570286 0.7579686641895198 0.0009152392797635024 -0.0001371200114437289 0.00015662450310103475 0.000909546268859374 1.0
0.06156064976661736 0.27707816324396656 0.761252649399284 -5.008904895367598e-05 -2.770997202197448e-05 -2.0062035685529956e-05 6.007984846583389e-05 0.0 0.009794964214471708 0.24100759581807624 0.7585435147798935 0.0014342093935832332 0.0003254902920308429 0.0006031306915180833 0.0018268818118457497 1.0
0.06147113856032212 0.2770624791186618 0.7612271382755373 -8.63649053703925e-05 -1.9968272140491795e-05 -2.588723481865554e-05 9.347593756991433e-05 0.0 0.010619531157965259 0.2417251907834118 0.7576660819258308 0.0009385335886441129 0.0008241803957625768 -0.0005349291796637231 0.0014509418949530005 1.0
0.06142263767788825 0.2770032248006591 0.761166271627583 -6.024897970596059e-05 -5.3737597077812896e-05 -5.683354296659111e-05 9.881381140404529e-05 0.0 0.011421359204060823 0.24201520672902702 0.7571334679718642 0.0007755533987288766 0.00042407632618211453 -0.0007637738288359877 0.0009568502182489665 1.0
0.06143484018193084 0.27694889074398 0.7611168602493982 6.933997081355167e-06 -5.8882629975762084e-05 -5.507755340253078e-05 7.401060773957593e-05 0.0 0.01150399517783447 0.24252561299148348 0.7566336290371705 0.0001555089793102998 0.00039148937448464573 -0.0007028042226506787 0.0006964605353159701 1.0
0.06141976417079847 0.27688543062497384 0.7610278452712462 4.2728228920663595e-06 -6.551197079154164e-05 -8.453215363163631e-05 0.00010899768269657168 0.0 0.011504282036010054 0.24340758515183297 0.7562031440985245 -0.00010987486979132884 0.0007282147145766893 -0.0004644593310562943 0.0010146454380569752 1.0
0.06140563834535265 0.2768168306840835 0.7609473947188061 -7.237552052320544e-06 -6.80584113660591e-05 -8.57280241447669e-05 0.00010912641713569896 0.0 0.011764127142368224 0.24387230909584456 0.7554177170447556 0.0001182111235731463 0.0005420436338193094 -0.0006088127402398289 0.0009735328820674914 1.0
0.061343429550528406 0.2767706767320226 0.7609106100025036 -5.9742659574601084e-05 -4.819821968857438e-05 -4.345836999671708e-05 8.53165707887229e-05 0.0 0.012413197513556016 0.2441663243922191 0.7547077240230837 0.0006774518636020583 0.00032553985461284784 -0.000645164190820085 0.0009664064799347824 1.0
0.06113016523768452 0.27662488895267656 0.7607752227651766 -0.00020772866580002575 -0.0001273220029118657 -0.00011177933369925714 0.00028758586339564256 0.0 0.013033929533540342 0.24461244827392245 0.7541203717238019 0.0008414556240723737 0.0003961596515304238 -0.000626347695257142 0.0009682920336602751 1.0
0.061008702403941885 0.27657696185500563 0.7607452876285983 -0.00016800418792051677 -7.122545196124711e-05 -5.1237621178499e-05 0.00014362084101468775 0.0 0.01296788184455435 0.24465237286651303 0.753779286646886 8.629841025951219e-05 7.924917226396301e-05 -0.0004648782765475421 0.00036165423593340247 1.0
0.06095994551198916 0.2765535903523557 0.7607318224271127 -5.9686233850987807e-05 -2.6915476049633523e-05 -1.2627537890003263e-05 4.6070946641970715e-05 0.0 0.012931081981846596 0.24453211030540392 0.7537095035196086 -0.0001519443890779143 -0.00016492083849009185 -8.445219803211051e-06 0.00013122618027753392 1.0
0.06095414866952909 0.2765245246038342 0.7607518443311814 1.838959708653188e-05 -1.4059300625728767e-05 2.6859307646782542e-05 3.434008748774936e-05 0.0 0.012938198100209146 0.24444066417485447 0.7537418112016165 -0.00018720466630914334 -0.00010212960078394279 0.0001131138084668272 0.00010358739802422668 1.0
0.06095893312429148 0.276497809766456 0.7608731280935725 3.43412267617107e-05 -1.8452384108107644e-05 0.00011580328987459412 0.00013194890821249014 0.0 0.01296747813005597 0.24438221134165253 0.7537631263364483 -5.351095309350835e-06 -4.6282246505608055e-05 6.06741013286572e-05 8.297898056033989e-05 1.0
0.060771337831332956 0.27629019086830636 0.7610387328853471 -0.00014774685010429125 -0.00018282321911105803 0.0001772578806444913 0.0003263393614944175 0.0 0.01299135606357759 0.24434212869537209 0.7537660834871021 0.00011253107388716167 -3.920074547228479e-05 -4.3022591884731096e-05 3.370286431022618e-05 1.0
0.060221625915300475 0.27578800403427 0.7612845623134514 -0.0005412553527399307 -0.0004943634558125197 0.000246025961983491 0.0007761621254995889 0.0 0.012993635764816623 0.24430224533284225 0.7537573826161181 9.483944861735799e-05 4.568365541750719e-06 -5.393758903875353e-05 3.23779540711051e-05 1.0
0.058988771498991094 0.27455315423350624 0.7614630818527008 -0.0012328986457901027 -0.0012045727089708695 0.00019217663613268552 0.0017564076849737814 0.0 0.013021446047713565 0.2442146631529555 0.7537264067380184 1.8772994344820365e-05 -5.178105308636179e-05 -5.9460474154211774e-05 0.00010684576049879192 1.0
0.056760018170252696 0.271950345259744 0.761891916037369 -0.0022275288581856166 -0.002541698965212618 0.0003886817225609642 0.0034553589337930493 0.0 0.013243045159878343 0.24421576352719065 0.75363669891754 0.00014032417200324947 -5.0883900683539084e-05 -7.957463783220763e-05 0.00023893554120395667 1.0
0.05534823820128721 0.2703491385798043 0.7619235547154316 -0.001729716880244553 -0.0020070779362886945 0.00010263847516179948 0.0021733314750900317 0.0 0.013507172401697373 0.24436489610871845 0.7535649365386091 0.0002887128907173204 0.00011867117933029728 -6.44856702438754e-05 0.00031278238853899156 1.0
0.05333867100508887 0.2676053581194128 0.7610879585124937 -0.00187687560372044 -0.0025635785179517483 -0.0007487622243955909 0.0033941305376447213 0.0 0.013707183167571866 0.2444306255954153 0.7533974284672502 0.0002439172440873726 0.0001092232378050852 -0.00014849125487782804 0.0002667798580660878 1.0
0.05124438504076868 0.2646760748122259 0.7605377457951389 -0.001970099067066089 -0.0028478421656012217 -0.0007558159896763868 0.0037294744300606303 0.0 0.01380089218629987 0.2444067961234291 0.7532830983486551 0.00010609376302109192 1.449793452277723e-06 -0.00013072181881113176 0.00014711405728553575 1.0
0.048944258696625366 0.26172116590609074 0.7604218371742089 -0.002212761829593773 -0.0029348617148953677 -0.0002564008165210369 0.003764388773953658 0.0 0.01383638873082552 0.24434149540816538 0.7531940908581388 8.224165167831846e-07 -8.463936940346142e-05 -9.048990552342281e-05 0.0001166310429137644 1.0
0.04761839103123652 0.26018808571793056 0.760318275077027 -0.0015054571191755526 -0.001740378120184077 1.0405760780906337e-05 0.0019966972758465405 0.0 0.01382477843501985 0.2443007497570896 0.7531606590450765 -4.933424204695446e-05 -8.19619627710679e-05 -2.8155650385142383e-05 5.935773429818461e-05 1.0
0.04632325285748841 0.25884750304427545 0.7604554170969271 -0.0012448295850678564 -0.0011950150832836987 0.0002651524489049145 0.0018004472066053857 0.0 0.013811069626504597 0.24426538969304748 0.753160972076491 -2.5319373345380218e-05 -4.781984714258469e-05 1.2560630900588652e-05 3.556044802214172e-05 1.0
0.04556514426910931 0.2580554781589295 0.7606303045900389 -0.0007282379717702687 -0.0006561413103676238 0.0002796919363689157 0.0012184575630782516 0.0 0.013803714585178548 0.2442275848280685 0.7531443987971886 1.450499585052581e-05 -1.3222134120098684e-05 -3.141108383775983e-06 3.9930879602481935e-05 1.0
0.045205367324613124 0.25762484656953505 0.760516248018365 -0.00024621979138869025 -0.00027927584276848027 -0.0001234325208290351 0.0005435664210546175 0.0 0.013811268068082356 0.24421889176557743 0.753083629572882 2.469987305107752e-05 1.0718401751169741e-05 -5.771739027207387e-05 6.250726477342178e-05 1.0
0.045075335391645835 0.25741689633404546 0.7602631895396443 -0.0001523651515077445 -0.00032768438740114585 -0.0003744941126999499 0.00032933732825661706 0.0 0.013796700675031593 0.244206722573146 0.7530474213370192 -2.4460086549013093e-06 -1.1311855568545712e-05 -6.263970400857684e-05 4.223808970146641e-05 1.0
0.04508845032876891 0.2572957283548222 0.7600188921626279 -2.162981867341292e-05 -0.00021775912571400484 -0.0003074295625190718 0.0002707595108593758 0.0 0.013792529842568086 0.24419706931850613 0.7530341765408973 -9.417230436054524e-06 -1.5607341982193047e-05 -2.2991738690756117e-05 1.4722845519050769e-05 1.0
0.045146150342525844 0.2572294501458394 0.7598351161632466 2.3476096748187725e-05 -0.00011831896236378205 -0.00020267429139149027 0.00023225804399456358 0.0 0.013792287033523738 0.24419481877586083 0.7530236368921632 -6.036432887815066e-06 -6.8106359799261905e-06 -5.001225809572377e-06 1.1466130408878156e-05 1.0
0.04521521758940961 0.25719389329255854 0.7596634014176569 7.465959482877774e-05 -5.753937809061579e-06 -0.0001425219796545585 0.00016307526336316715 0.0 0.01378325509984819 0.244195082918517 0.7530331173157805 -1.1215885116245834e-05 5.178848331829152e-07 1.8956964289912256e-05 1.4250576810003387e-05 1.0
0.04523715974482416 0.2571587718555077 0.7596243126199539 -2.4731577703019378e-05 -6.921301927297562e-05 6.739969035844071e-06 6.535233638917852e-05 0.0 0.013780810457473027 0.24418852909752986 0.7530550060150168 -3.6998517958306586e-06 -6.261775669898734e-06 2.7634575539432322e-05 2.2928663566125843e-05 1.0
0.045249356621979916 0.2570516634218247 0.7596470316542133 8.337664344672561e-06 -8.613965813583624e-05 5.162325944923032e-05 0.0001087180133327694 0.0 0.013797158562099157 0.24418224072072012 0.7530424831340113 1.4921244111112856e-05 -7.3648936337721236e-06 -8.543176292450259e-06 2.0725026940535762e-05 1.0
0.04520956781615587 0.25691374305553966 0.7597981769965538 -3.074988114124932e-05 -0.0001332658452998692 0.0001324756842442686 0.0002119349507483546 0.0 0.01379904069056471 0.24415159855575294 0.7530214644184731 7.359188156225591e-06 -2.679524993436396e-05 -2.888609957999762e-05 3.6898746944617836e-05 1.0
0.04515868080799037 0.2568848949697578 0.7598283259831857 -4.813822680466151e-05 -5.026966007956726e-05 5.639740221504557e-05 6.938937685303922e-05 0.0 0.013789260267152425 0.24412999862220316 0.753006276720743 -9.126158334544942e-06 -2.7463209983689268e-05 -2.1946065345801764e-05 2.9035726726678857e-05 1.0
0.04514813608162751 0.25695004005336824 0.7597354245039024 -1.1198577218364222e-05 6.629194664643966e-05 -9.018941101002773e-05 0.00010294372816153588 0.0 0.01377130285633123 0.24412413281204978 0.7530188830279733 -1.9308170576981514e-05 -9.26978578946499e-06 7.118953336717615e-06 2.2221532761468516e-05 1.0
0.04511878054909258 0.2569284412844766 0.7596011986626094 -1.4127992793405576e-05 2.725635163524166e-05 -0.0001739676327290134 0.00014344885597124176 0.0 0.013776055424733282 0.2441236935725371 0.7530319761866779 -2.9696862599081556e-06 3.208129067544784e-06 1.9650916921524625e-05 1.3898431600815215e-05 1.0
0.044853061509342096 0.2565104166134356 0.7589826698890846 -0.00022317237741972703 -0.0003513249623080782 -0.0005885814001875774 0.0007927914077176753 0.0 0.013794955958781 0.24412064688588672 0.7530660587224902 1.8038839501192476e-05 2.433127351924795e-06 3.9743057675618535e-05 3.9001657058504246e-05 1.0
0.04455090124634014 0.25601816829914703 0.7586587229166737 -0.00033021094021101115 -0.0005546833251523869 -0.00043102348129034134 0.0006789989821785406 0.0 0.013812366472558004 0.24410692505043566 0.753062959150235 2.5025933958372014e-05 -1.1015981997023416e-05 6.6529112825904916e-06 2.3724338302976607e-05 1.0
0.043966060439843926 0.25528045313939984 0.7582510696475022 -0.0005814917113767191 -0.0007847898272999117 -0.00038760227832570425 0.000996259311565783 0.0 0.013822619806709154 0.244082555097035 0.7530394532604264 1.604815109529413e-05 -2.6677459395535012e-05 -2.8738202677105017e-05 3.350060791052166e-05 1.0
0.042504372677223456 0.2535513186594678 0.7570479558528291 -0.0013876024066749135 -0.0016365824469374438 -0.0010415087969019507 0.0025625370251095955 0.0 0.013823617618688552 0.2440583588117309 0.7530097108581838 -1.1122855476852443e-06 -3.0757616466795184e-05 -3.948373694899785e-05 3.900795371722862e-05 1.0
0.041501570803762974 0.25242820347021105 0.7563314281623879 -0.0012039522495576021 -0.0013280818772522145 -0.0008675014960298263 0.0017299627857657249 0.0 0.013815964991042875 0.2440444080384898 0.7529911503843949 -1.2698483107493931e-05 -1.6441620169647692e-05 -2.531801844152831e-05 2.5030814562382148e-05 1.0
0.03904480660946452 0.24958794486887595 0.7546842032385465 -0.002264701963798713 -0.0025815940766567803 -0.0015342562197859185 0.004000819871064561 0.0 0.01379331247410896 0.24401570828589436 0.7529539160371642 -2.4834783299943486e-05 -2.2878918720893083e-05 -3.033587410730386e-05 5.1221345638689155e-05 1.0
0.03772641383452569 0.24806892195684663 0.7537619221218438 -0.0015992943701724077 -0.0018483021301938063 -0.0011146325152660906 0.00231271900737768 0.0 0.013799377722399794 0.24399820666276772 0.7529343713016666 1.0833720211717246e-06 -1.7580517433639946e-05 -1.8273939913772884e-05 2.8012898705642408e-05 1.0
0.03737840167044587 0.24740939891365155 0.7527060971729518 -0.00041142663238021026 -0.0007172018476329225 -0.0010045294011807532 0.0012228353988251678 0.0 0.013790086421781133 0.24398624511394573 0.7529292513582634 -2.369262008667875e-06 -1.2073487331486523e-05 -2.6400018744690707e-06 1.5304460425595702e-05 1.0
0.03739324144466231 0.24695567208104346 0.751563549552019 0.00027701250180841533 -0.00016886641750260366 -0.001011542791240158 0.0012137502896661721 0.0 0.013795683689044703 0.24396874922289946 0.7529455337252356 6.395875763722526e-06 -1.616691286506443e-05 1.4567345777969345e-05 2.3866355649657048e-05 1.0
0.03738870641507324 0.24655304002765283 0.7506893531179937 0.0002464701497695121 -0.00018290390228167867 -0.0008981059633268792 0.001031423214077789 0.0 0.013802749488258315 0.2439620461325657 0.7529465060174276 8.839639023181062e-06 -8.685700410338163e-06 7.213612310829383e-06 1.137593602350807e-05 1.0
0.03742233511897049 0.24609242729829575 0.7499731929827255 3.15295853997297e-05 -0.0004604730740782559 -0.0007535267269527978 0.0008653594038467321 0.0 0.013804339933449055 0.24394628595004533 0.7529462112115235 2.5629514453033265e-06 -1.3392362242797871e-05 -1.5089791611288934e-07 1.5155465612811808e-05 1.0
0.03714983194745416 0.24498167585262784 0.7499564601828415 -0.0003707351295777067 -0.0011588725735570354 -7.072330575685448e-05 0.0010499500680966902 1.0 0.013807403834262797 0.24392693062929768 0.7529406221981567 5.844554948907136e-07 -1.9467745162256523e-05 -8.81551466032579e-06 1.9710931575815565e-05 1.0
0.0363821505607921 0.24436035073721601 0.7497736640022393 -0.000971828730596767 -0.0010211087826055554 -9.43529512319345e-05 0.0010682319216281575 1.0 0.013804463396111539 0.24391526027740296 0.7529453461867087 -3.85478446478809e-06 -1.551983855164312e-05 -2.392746362620738e-06 1.3956316761422725e-05 1.0
0.036012670381717786 0.2442681537477869 0.7496112930186283 -0.00049345966704391 -0.00011523091556888158 -6.786813729749695e-05 0.000406672094074848 1.0 0.013294591252886638 0.24351842979060437 0.752993755960472 -0.0004381566725179375 -0.00034145462316777323 4.359990420808335e-05 0.0006413271370395319 1.0
0.03587305265834591 0.2443367760091333 0.7495332019425225 -0.00011259433028870062 0.0002393507073864716 -0.00015457893509651308 0.00014769593398499025 1.0 0.013189483113464587 0.24339342794566948 0.7530307069989631 -0.00023563455359825445 -0.00021668800415596887 4.8310079904912775e-05 0.00019256936977770256 0.0
0.036052960022615155 0.24453744555877113 0.7497627099049877 0.00026570725611910103 0.00034728468309193263 0.00011360949711682793 0.0003749277166649153 1.0 0.013260624138335049 0.24338483644223866 0.7530981521150966 4.341168972990963e-05 -3.264936743455313e-05 6.907206602404087e-05 6.474671582562997e-05 0.0
0.03572485139677232 0.2449927652536458 0.750284019542963 -0.00011212955501573488 0.00047628380211761444 0.0005026497227279584 0.0007820842859379831 1.0 0.01525588698532977 0.24240023466927266 0.756029650760998 0.0017977222799617943 -0.0007966863135876423 0.002527878345613613 0.0036513913801054215 0.0
0.035343432816893866 0.24528541027947695 0.7514504359466717 -0.00039238335134852433 0.0002775379423747782 0.0011710879957206786 0.0012458211839184732 1.0 0.01740197914161894 0.24092258274778183 0.760231127738416 0.0024644528493567653 -0.0014981271296596761 0.004425652908163851 0.005071321368272599 0.0
0.03527582259488216 0.24551465021882315 0.7521565050291608 -0.0002548442233282555 0.00013243290754586553 0.0009393790432103098 0.0007456955864577008 1.0 0.01832291783305189 0.2392972619964588 0.7634404112376075 0.0013582018080325845 -0.0017824957936988129 0.0038729363455552814 0.003653276223101928 0.0
0.03480204126061166 0.24587936536026983 0.7539339287452755 -0.0004674070258903944 0.00031950945725969684 0.0015914406296931784 0.0018414597771210515 1.0 0.018344357222935904 0.23791789353698847 0.7655694478593508 -5.445377936150853e-05 -0.0015256562717867123 0.0022939828309775263 0.002408225596219726 0.0
0.03403410285658211 0.2467439592793573 0.7558327174304879 -0.0007027720624229427 0.000806010986097218 0.001923432902317988 0.0022788865259736786 1.0 0.017837588461604516 0.23732366180238357 0.7663213153885573 -0.0009386530290082815 -0.0006402131311107176 0.000413654600293202 0.001179161494740029 0.0
0.03436312833175928 0.24754725425685178 0.7571404969938406 0.0001471234445405865 0.0009007505196750455 0.0014560591312282947 0.0015688258806593883 1.0 0.017361749575992732 0.23705098018656945 0.7664516509324851 -0.0008257316665826812 -2.5716222871100273e-05 -0.000484400557153986 0.0006320790369030251 0.0
0.03495418470678909 0.24962185395720943 0.7591140259886404 0.000677514787585045 0.0019740592225986767 0.0018125220905244916 0.002851257345460588 1.0 0.016937189624296935 0.23688797026820077 0.7663698439036027 -0.00040077050625495533 3.845767822220148e-05 -0.0003586569233357549 0.00041125419360464133 0.0
0.034365037327033394 0.25625125373191804 0.7625537636437609 -0.00027921490977393486 0.006170733839609783 0.0032134740236522043 0.007523203524235367 1.0 0.016750547181298325 0.23677784589175385 0.7662202634211419 0.00011838903987935822 -0.00013608362183666436 0.0001327509123405858 0.00025419990283781664 0.0
0.041941813345917886 0.261309684772913 0.760764142082787 0.006343589819412925 0.006010177673043158 -0.000820242149822203 0.009416176646374683 1.0 0.016573975074304192 0.23672005411826424 0.7659667224806166 1.4695906435021992e-05 -0.0001715259335447279 4.90822182402143e-05 0.00030632330406373106 0.0
0.04765127105885562 0.26367796581469355 0.7620679257872153 0.00693855374464569 0.0030329235597330753 0.00030387272135343766 0.006209806955638623 1.0 0.016507818256929093 0.2367507376653278 0.7658087367910208 -8.384257211468092e-05 -8.15506674502215e-05 -7.195840816806489e-05 0.00017458601605728225 0.0
0.05111375306204978 0.26475918266754755 0.7632691203793717 0.004356686959853272 0.0005869094736322046 0.0010870235353311192 0.003666041527184199 1.0 0.016499810307718202 0.23677049481131462 0.7657236228054775 -6.513514430104802e-05 1.0415209727058367e-05 -8.11891761220828e-05 9.976995929507348e-05 0.0
0.054037505827626585 0.2654607839240634 0.7633099768933085 0.0025074317761399406 -0.00024648534021805686 0.0003861321683582932 0.0031374399827805146 1.0 0.016498354371333717 0.23674294710918406 0.7656534009175705 -4.472679969345591e-05 2.5809812073159487e-05 -0.00011609087703826288 7.157996259766174e-05 0.0
0.05630758382601397 0.2658270105897787 0.7627638131013451 0.0014538231333064656 -8.447054362204645e-05 -0.00034608274592533837 0.00250445639533628 1.0 0.016448679431598535 0.23671573359272444 0.7655977032729259 -5.575655349016902e-05 -2.321197560890809e-05 -7.300436898289469e-05 8.10777815344354e-05 0.0
0.05805841702293348 0.2662497705073439 0.7622488839761314 0.001124370609525597 0.0007525811764427087 -0.0005165655256146229 0.001771819469543878 1.0 0.016411359979930734 0.23666791642009227 0.76553840862212 -5.4822020635812664e-05 -5.617053993517299e-05 -6.847823695045827e-05 8.69456525087617e-05 0.0
0.05897245107774574 0.26628300959969775 0.7622676264457542 0.0010878013277592275 0.0007551558492900879 -0.00023886244152725557 0.000845257465526798 1.0 0.016363393320874647 0.23661814812770823 0.7654787441093565 -4.916176510661737e-05 -5.620464962273494e-05 -7.741386035468069e-05 8.566865809883883e-05 0.0
0.060253575116903095 0.2661692259155233 0.7623025542022149 0.0018974345566798176 -7.361284305084422e-05 -0.00017429396829345177 0.0013067810232970413 1.0 0.016321134741382137 0.23657751911276195 0.7654388926101563 -4.935897370484101e-05 -3.6594421934465146e-05 -5.9436115400254136e-05 7.3286659102086e-05 0.0
0.06096623570681198 0.26577542419674655 0.7626905166354017 0.000742595357347278 -0.0005344218239365858 0.0007836272726490367 0.0009614316034468433 1.0 0.016287051408337815 0.23654788636884033 0.765402993368781 -2.4715108308528592e-05 -1.9495589782956565e-05 -3.0354996716544437e-05 5.7697325778822864e-05 0.0
0.061381340865024885 0.2655771096740018 0.7627695506784377 0.00037448437996780593 -0.0003451994542883071 0.00022959961296530637 0.00044038847205955366 1.0 0.016279346302287674 0.23652059460563515 0.7653928680621546 -2.2817027269906055e-06 -2.3412059481312717e-05 -6.800888619937212e-06 3.0299523516356665e-05 0.0
0.0617965807748249 0.2649518656231733 0.7624016466572686 0.00039602517888183116 -0.0005643493912418232 -0.0004330651427694296 0.0008064678814102468 1.0 0.016248372132537055 0.23645623494728707 0.7653419026876848 -2.216736576953675e-05 -5.8751533346529065e-05 -3.979925948545193e-05 8.697615140055856e-05 0.0
0.062186126520233795 0.26380224396399726 0.7618896973819036 0.0003588572958568249 -0.001087653411658051 -0.0006840374447090172 0.0013481083941989246 0.0 0.01621051435338535 0.23643897346992776 0.7653020712356299 -4.006276902403907e-05 -2.9301717364865372e-05 -4.4761455106239194e-05 6.025028028655818e-05 0.0
0.06250832923712224 0.26263702629908897 0.7608444062130882 0.0003181537050987362 -0.0012421618657697333 -0.0010811609912452923 0.0016163415011376239 0.0 0.016210944401078467 0.23642319320533664 0.7653139120982939 -9.059277378544032e-06 -1.7090078694598134e-05 -1.2532275384025175e-06 1.708142544260688e-05 0.0
0.06360546914974405 0.261436228526013 0.7597477758444489 0.0009907685271385487 -0.0012799048369031704 -0.0011486911915008086 0.0019203394492645135 0.0 0.016213505479227525 0.23641851791296684 0.7653214888490507 2.888068496213574e-06 -1.7701089541407247e-06 1.3907854406449319e-05 8.075757823051714e-06 0.0
0.06433860061528358 0.26100079287638706 0.759108950273468 0.0009447678505679943 -0.0005371175054245876 -0.0007091796948779879 0.0010867658689910288 0.0 0.016209077375658812 0.23642408624479685 0.7653238630984138 1.5409442436438005e-06 9.561809874433147e-06 1.1500908599545023e-05 9.89383215777637e-06 0.0
0.06402604361425332 0.2608615450878556 0.7589935015127584 -0.0001570912169512838 -1.250405959613265e-05 -4.913621102910958e-05 0.0003452581201930994 0.0 0.016198843734457593 0.2364426796068357 0.7653239978602251 -7.0899653998576025e-06 1.9388112810298854e-05 1.918556177009461e-06 2.2118140196016628e-05 0.0
0.06331075983333992 0.2609392059497806 0.7591461385683701 -0.000862912599255368 0.00024886648674680794 0.0002884820571184706 0.0007321949292354648 0.0 0.016196145256755553 0.23644756541442896 0.7653147145674168 -6.1869756898250165e-06 6.03146306704361e-06 -1.2373480696093114e-05 8.98657332972034e-06 0.0
0.06283550772618648 0.26096455646050454 0.7593661606430105 -0.0007569550367418831 7.908562479667534e-05 0.0003348497668584482 0.0005738723045695152 0.0 0.016196904746015536 0.23645285472093594 0.7653090768126164 -4.617836520613185e-06 6.316954320364823e-07 -1.5066566618911172e-05 7.500189138794832e-06 0.0
0.06255493124930671 0.2609561789756268 0.7595330440338058 -0.0003614715436461159 -8.797682389951407e-05 0.0001746732531150801 0.0002983535917784986 0.0 0.016200107892399132 0.23645042905225558 0.7653030690952835 3.828121822302644e-06 -1.5646922113647733e-06 -5.455545474118851e-06 7.732348654213098e-06 0.0
0.06250374775977398 0.26093743280011256 0.7596395988448672 8.856672171558805e-05 -0.0001256380570979071 -1.0651348079120191e-05 8.676168959131664e-05 0.0 0.016193834361922982 0.23644335621624607 0.7652993429301287 -3.1982834562902245e-07 -9.580529904174197e-06 7.139708613357473e-07 1.0589288884838878e-05 0.0
0.062480428536068604 0.26088227942702025 0.7597143931130237 0.00021892133891938915 -0.0001124512350581708 -1.589219202036661e-05 0.00012124092366039524 0.0 0.01620222692549225 0.23643979611181082 0.7653075187699172 5.338673214927467e-06 -4.905401277832114e-06 7.581351995424979e-06 1.2223507479755882e-05 0.0
0.06246293371016349 0.2608564712488948 0.759744657955767 1.3042136646873289e-05 -2.0207179729221474e-07 2.1344041263438376e-05 5.881195463508385e-05 0.0 0.016207060283550047 0.23644194367087573 0.7653066754811607 4.827066774330634e-06 3.07606193424997e-06 2.571348842252581e-06 4.936824153674041e-06 0.0
