0.0627951703333388 0.27928566399286825 0.7646055518982555 0.0 0.0 0.0 0.0 0.0 -0.017121847313623765 0.27970411130990913 0.7640136301879328 0.0 0.0 0.0 0.0 0.0
0.06278918309398597 0.2792782157080486 0.7646171321858953 -5.987239352828189e-06 -7.448284819633333e-06 1.1580287639811893e-05 1.5014228040202899e-05 0.0 -0.017126516120686757 0.27970313637969546 0.7640132347788792 -4.668807062992164e-06 -9.749302136707882e-07 -3.954090536106847e-07 2.665477224222161e-06 0.0
0.06278029805781928 0.27926608596596914 0.7646352765250514 -8.885036166694782e-06 -1.212974207948081e-05 1.8144339156034306e-05 2.3564625055523406e-05 0.0 -0.017145069714303653 0.27970561244107306 0.7640044425941406 -1.8553593616896236e-05 2.476061377598704e-06 -8.792184738593e-06 2.276116284390425e-05 0.0
0.06277571365019548 0.27926256834279395 0.764641908727173 -4.584407623797748e-06 -3.517623175186557e-06 6.6322021216036475e-06 8.796395343863781e-06 0.0 -0.017158039464714888 0.27970058744153536 0.7640054963563143 -1.2969750411234715e-05 -5.024999537694974e-06 1.0537621737416458e-06 1.5508052217108263e-05 0.0
0.06278022511164695 0.2792590988542252 0.7646427505610148 4.604492417789997e-06 -3.0068555821120836e-06 3.152922742523395e-07 5.753200811225219e-06 0.0 -0.017179557949456227 0.27970509462243026 0.7639942058717786 -2.0628687362113137e-05 3.887705635383479e-06 -1.0337955886487347e-05 2.212848898497962e-05 0.0
0.0627784789228999 0.27925609368605725 0.7646385248661028 -1.4926805330310248e-06 -3.445707175843602e-06 -3.814310818641115e-06 5.4714448134870665e-06 0.0 -0.017185762777787703 0.27970769328715084 0.7639898549566692 -7.227630839633642e-06 3.4052251749945057e-06 -5.521014051944138e-06 8.162901164713982e-06 0.0
0.0627806941268427 0.2792558334638922 0.7646360258809171 9.495532120074444e-07 -1.1467724800489182e-06 -2.3023008495242765e-06 3.193450853517592e-06 0.0 -0.017188901295176938 0.27970801204248213 0.7639891355462581 -1.6980163354893718e-06 8.063902566497956e-07 -7.68839485957148e-07 4.038014650703445e-06 0.0
0.06278025199319012 0.2792551059586663 0.7646330511226079 -9.222082216830214e-07 -9.927589532678603e-07 -1.5815006617996116e-06 3.1422544570794795e-06 0.0 -0.017185146005257813 0.27970045030237256 0.7639828070021568 3.6760692683428825e-06 -7.475049944877727e-06 -5.31731103172352e-06 1.0247044517718388e-05 0.0
0.06277109914899591 0.27925225289640826 0.7646325535740066 -9.428575746673283e-06 -3.5524928685722633e-06 1.6196157104822975e-06 9.315673530521405e-06 0.0 -0.01717629585055749 0.2796950380403837 0.7639448882846939 9.555892921738259e-06 -7.395434931041621e-06 -3.3520472793620136e-05 3.951036952589192e-05 0.0
0.06275665249765963 0.27925507806362443 0.7646308582005794 -1.575830663798726e-05 1.2003710282067683e-06 3.341495722106492e-07 1.534842125737747e-05 0.0 -0.017161128749066182 0.27969249791255446 0.7639203764761531 1.417674686264668e-05 -3.9708157697000305e-06 -3.175675841367646e-05 2.976919254339919e-05 0.0
0.06274386324169622 0.27924704575606973 0.7646324607013153 -1.4407139937210096e-05 -5.634868411913811e-06 8.152230685694836e-07 1.5068330867327042e-05 0.0 -0.017138852670135873 0.2796860388310304 0.7639046844633669 2.1591895888924305e-05 -5.4840795983857435e-06 -1.9012581352038978e-05 2.6176560397900137e-05 0.0
0.06273924404317484 0.27924563307570804 0.7646314789373473 -5.594054246611082e-06 -3.404266406515041e-06 -7.670915680401525e-07 4.7618166143763285e-06 0.0 -0.017136061911728003 0.27968617946553676 0.7639033574467978 5.652654084395234e-06 6.182269956175036e-07 -1.249244194069144e-06 3.826118340948415e-06 0.0
0.06271602237890976 0.27924650377984866 0.7646339728546991 -1.868376973751878e-05 4.086693735459142e-07 1.478997203985847e-06 2.2984512373125528e-05 0.0 -0.017123234665388794 0.27968506409103616 0.7638972095702063 9.476071046642668e-06 -7.04032052773913e-08 1.4700908950036323e-06 1.4222216082072357e-05 0.0
0.0627022202685235 0.27924583591014474 0.7646396323118868 -1.5194432000737748e-05 5.508252079349015e-07 5.400660032105795e-06 1.6092182114317002e-05 0.0 -0.017115811894729188 0.2796857418809861 0.7638949310829031 6.3542222699248595e-06 5.084443252293662e-07 2.0025522996756078e-07 8.824322205842262e-06 0.0
0.062688153228992 0.2792394077505143 0.7646422530001223 -1.4721683706151956e-05 -5.095104858192119e-06 3.6697835210237964e-06 1.4883899405748832e-05 0.0 -0.017109316768882266 0.2796840885929268 0.763895274628956 6.294021719110163e-06 -1.706058605113705e-06 -2.162529116580735e-06 5.790853291452656e-06 0.0
0.0626837537655844 0.27924462878216727 0.764635465712275 -6.1181368339235e-06 2.7502021219328356e-06 -5.380508195718778e-06 9.449405481002386e-06 0.0 -0.017106509773405373 0.2796850280811849 0.7638983270293866 3.963836730185114e-06 3.3980507119840813e-07 -9.676407111953561e-07 4.1349086155685315e-06 0.0
0.06268482388164738 0.27924327440921093 0.764634212268264 2.1890093230958136e-06 2.2642339933739115e-07 -3.933808695688703e-06 2.4438151592632085e-06 0.0 -0.01711003497428271 0.27968695559848156 0.7638993549862115 -2.0299046203223715e-06 1.6287703814397638e-06 2.0063599864097957e-06 4.151421114535883e-06 0.0
0.06268698311305572 0.2792429343437628 0.7646309297439243 4.819992299166268e-06 -9.036101022093655e-07 -3.6978413219055856e-06 4.050135283070621e-06 0.0 -0.017119879109487122 0.279683889675323 0.7638990294399046 -1.0014672381085548e-05 -2.2983767157914526e-06 4.729374968258993e-07 1.0811211592471878e-05 0.0
0.06268781568481173 0.2792401034368009 0.7646322030276115 1.770521744397606e-06 -2.023725034790633e-06 7.834979988545211e-07 3.0576561904745257e-06 0.0 -0.01712509890064546 0.27967969548414057 0.7639016018533183 -8.438345710182672e-06 -4.092785347346519e-06 2.200082368667882e-06 6.941397036411645e-06 0.0
0.06268661879579504 0.27923156557116086 0.764622601937911 -3.2307479769228168e-06 -8.31847691732477e-06 -6.319690603758115e-06 1.2993927068253124e-05 0.0 -0.017131478258346818 0.2796784371085658 0.7638988623010049 -5.143505134027396e-06 -2.5690722270307243e-06 -2.607193529228669e-06 6.915221095009897e-06 0.0
0.06267829650963641 0.27922315731949243 0.7646094165641871 -8.469855862790564e-06 -1.0047402398865172e-05 -1.3057361771898443e-05 1.7681136423161686e-05 0.0 -0.017114741433104135 0.2796546256375597 0.7639086570060714 1.44025918215495e-05 -2.0518930407927086e-05 7.807153428702311e-06 3.0460055735022015e-05 0.0
0.06266854775520306 0.27920962022700074 0.7645950248707248 -1.1513288442418147e-05 -1.3504632732782896e-05 -1.6484524359174567e-05 2.1968409351714672e-05 0.0 -0.017010539545862322 0.27949447603462796 0.7638928316604362 9.608325782287836e-05 -0.00014352981829963746 -1.0608541350622018e-05 0.00019121715230051192 0.0
0.06264923760565505 0.2791929584688255 0.7645627633728717 -1.837352770745044e-05 -1.590513731313692e-05 -3.129031450818861e-05 4.0944269380104384e-05 0.0 -0.016738061829770615 0.2786663534180439 0.7637148933980406 0.0002638091307958567 -0.0007549457682962555 -0.00015704535806905073 0.0008877710802586982 0.0
0.06262870496142307 0.27918431079203543 0.764545545852713 -2.120394928806033e-05 -1.0574449384909771e-05 -2.103202228624638e-05 2.884276088715718e-05 0.0 -0.0165850876831528 0.2779721835369243 0.7635077907057666 0.00020357316563642767 -0.000824143379657684 -0.00022891896472669574 0.0007592374821880642 0.0
0.06260369164834946 0.27916541192623956 0.7645273852764587 -2.4788849587420703e-05 -1.609073555647435e-05 -1.6940885681111158e-05 3.533344016268244e-05 0.0 -0.01637779688968561 0.27661237276723216 0.7630498089008501 0.00020061766706040498 -0.0013262616355917425 -0.00044705981046141367 0.0014158995428181931 0.0
0.06258621699359974 0.2791415904127628 0.7644891727135913 -1.8618401058491146e-05 -2.3267639660382075e-05 -3.2819297988495694e-05 4.8559897736410045e-05 0.0 -0.01620152120621604 0.27376849121451224 0.7617516326705559 0.0001641433656165213 -0.002697572070877647 -0.0012169256136939693 0.003138951566267813 0.0
0.0625686751169745 0.27909047338003967 0.7644382042790904 -1.608203582797073e-05 -4.885027345354236e-05 -5.111301526241065e-05 7.479656710699382e-05 0.0 -0.016430480821861753 0.27100422989499595 0.7600666244355948 -0.00019302041116638384 -0.0029925184990640076 -0.0017629652506375728 0.0032967549873749702 0.0
0.06258193450295745 0.27908885174496806 0.7643945080173848 1.0298868948432732e-05 -1.346116245980971e-05 -4.894341008451622e-05 4.6166012759289425e-05 0.0 -0.016944314155865937 0.26857788968555785 0.7582838608161283 -0.0005382964205328868 -0.0025944251862560913 -0.0019069509913319832 0.0030005127056112486 0.0
0.06259450599453113 0.27908365804865565 0.7643678856430336 1.7530543337928424e-05 -1.1254645746103424e-06 -3.074133588251238e-05 2.787890125533824e-05 0.0 -0.01756276822568782 0.2668211959242004 0.7567714341441586 -0.0006826530944298569 -0.0017485110589882222 -0.0015860843715605928 0.00237758422454071 0.0
0.06260270879353132 0.2790775630484483 0.7643483617256305 1.1515093435928994e-05 6.043124995626798e-07 -1.673861563364103e-05 2.2920385718219277e-05 0.0 -0.018213757954049312 0.26537383528387964 0.7552288635947187 -0.0006847266491941998 -0.0012086022452406945 -0.0014239068848922892 0.0022518089132219604 0.0
0.06260156202377756 0.27906947168354035 0.7643403023825197 -1.2461857978597038e-06 -4.770361095442091e-06 -2.551437761180339e-06 1.2589846162516192e-05 0.0 -0.018480697274346276 0.26487274734600286 0.7544280888074404 -0.00030787105477596353 -0.0003661185618918678 -0.0007651499954701388 0.0010115358885472792 0.0
0.0625979995050337 0.27906187237645474 0.7643281354017443 -8.259564141692952e-06 -1.0753732773133591e-05 -8.470048106113858e-06 1.420681177884248e-05 0.0 -0.018545885442666377 0.2647486524449518 0.7541943850891133 2.3538846608775764e-05 -7.612898948962019e-05 -0.00017784769494595898 0.0002185122439747224 0.0
0.06259725000945354 0.2790560929751505 0.764321638605188 -4.826062437208531e-06 -1.0456363830002427e-05 -9.99212171659975e-06 8.207891427657138e-06 0.0 -0.018587014645420223 0.26462287728976275 0.753962434292645 6.785943485464337e-05 -0.00015486126867398525 -0.0001332817038891836 0.00027574550900695224 0.0
0.06259600326436858 0.2790481992852354 0.7643073267715546 -9.276309780343478e-07 -9.300965983750362e-06 -1.6075600570597395e-05 1.6596925487744894e-05 0.0 -0.01862822869927416 0.26440709264848283 0.7535186052442112 -2.665181717900029e-05 -0.0002443792868401175 -0.00039308275568071473 0.0005231208798152764 0.0
0.06258718101858683 0.2790210236286973 0.764270888847574 -4.048378314417388e-06 -2.0728129025898068e-05 -3.507266137996499e-05 4.6232287314350385e-05 0.0 -0.01862348904266547 0.2642207724811863 0.7531573546748663 -4.989630615391907e-05 -0.00030043581961526535 -0.00047701673877631576 0.0004051704538601338 0.0
0.062592713790533 0.2790138661699007 0.7642394106511579 3.436277394664783e-06 -1.3078045941234245e-05 -3.5789060767697785e-05 3.372614263222171e-05 0.0 -0.01861338349183392 0.26408092261644367 0.7528095526666653 -4.448851299068495e-05 -0.00022923769374240182 -0.00046327694903360223 0.00033685604032748177 0.0
0.06259783329609811 0.2790004196606886 0.7642218622742918 6.03913407361033e-06 -1.231724214416127e-05 -2.1254767437893233e-05 2.1404850629964375e-05 0.0 -0.018614359870151805 0.26396160598067386 0.7525038148900529 -1.9788267438756763e-05 -0.00013388293053184243 -0.0003611104681164464 0.000345431471539323 0.0
0.06259794628532038 0.27898343355144634 0.7642119355476136 1.6553378786591081e-06 -1.5067837502450064e-05 -7.386378847130977e-06 1.941532936897081e-05 0.0 -0.018616617168875242 0.263843802427087 0.7522684663871757 1.9944835443624258e-05 -3.804548057629968e-05 -0.0001718994182225125 0.00027579416783274835 1.0
0.0625933413418573 0.2789662039718579 0.7641982130472504 -4.161184695982763e-06 -1.649648488624727e-05 -8.045245133171111e-06 2.3759401381195486e-05 0.0 -0.018628690568585272 0.26377031440421 0.7521385590525027 -2.3573518075019177e-06 -4.487488056201906e-05 -7.793272080242606e-05 0.00014567778509582438 1.0
0.06258702866846617 0.27893476229986774 0.7641676698410154 -7.757605475427977e-06 -2.9812247167634797e-05 -2.5737019926712645e-05 4.414453654436996e-05 0.0 -0.01870902106517641 0.26366749287910246 0.7519559675542486 -7.518479895930723e-05 -9.833588707067126e-05 -0.00015816390964094472 0.00021615101215750855 1.0
0.06259151064481984 0.27891186353127684 0.7641213090263426 9.16021650608133e-07 -2.7348990459132154e-05 -4.9009074688165074e-05 5.155610717285544e-05 0.0 -0.018926851539076098 0.263545029727776 0.7518396538848007 -0.00020917892076513275 -0.00013121529835681114 -0.00014121786391675553 0.0002838653953924623 1.0
0.06262206783818443 0.2788948290618956 0.7640743136962532 2.8001373375166287e-05 -1.905041645453896e-05 -5.475510140646451e-05 5.8409736663376203e-05 0.0 -0.019059315925752624 0.2633837517650832 0.7517997835434382 -0.0001679354406260915 -0.00016251243966020242 -5.221385356770345e-05 0.00021188656109772102 1.0
0.06266983844619442 0.27885121010840125 0.7639750350799995 5.223545105832484e-05 -3.617186384483197e-05 -9.402985994974328e-05 0.00011782327757080984 0.0 -0.01898833790834005 0.26330519894077375 0.7517972309051679 3.9113857992501173e-05 -9.920896004939015e-05 -4.444613880974415e-06 9.992175243811219e-05 1.0
0.06268745692514559 0.27884227885468693 0.7639554155516367 2.8082770175272285e-05 -1.5979967574274788e-05 -3.5572781080979014e-05 3.087673291182709e-05 0.0 -0.018975020577344924 0.2633189599547512 0.7518065105916972 6.691533615612018e-05 7.774768818512377e-06 1.961668187171943e-05 2.162704589381807e-05 1.0
0.06269926088415376 0.27882919948548773 0.7639369135140701 9.316327574411947e-06 -1.054223207285088e-05 -1.0188147878313966e-05 2.1018424314887274e-05 0.0 -0.018996999722450475 0.263362375431701 0.7517969291037799 1.8231695606459886e-05 6.6415326602521e-05 1.958534178350896e-06 5.435229356037043e-05 1.0
0.0627015264003777 0.27881797589549906 0.7639283395309674 -4.530819418479273e-06 -9.051460209652181e-06 1.2328913226247996e-06 1.6172878733914345e-05 0.0 -0.019018914797366643 0.26340363853882276 0.7517737109011406 -2.9169887889164106e-05 6.569454019364078e-05 -2.7509845160126668e-05 5.352444591391815e-05 1.0
0.06270963900193607 0.27881214415418387 0.7639067849461721 1.066964415696147e-06 -6.042127622057806e-06 -1.4398383206291907e-05 2.5879899048308298e-05 0.0 -0.01904999626160571 0.26349333691765336 0.7517436548317844 -6.374719557952707e-05 8.027151763468898e-05 -4.8040253395658996e-05 9.572004204074438e-05 1.0
0.06271322226419143 0.27880268827624766 0.7638867426728327 5.570579350681303e-06 -8.14779482275738e-06 -2.448909242725098e-05 2.1495317387275e-05 0.0 -0.019091890772153976 0.263615004751124 0.7517261052675934 -6.549127163258119e-05 0.00010682607224666954 -2.249209510495401e-05 0.00012944322719510192 1.0
0.06271420175987287 0.27879042594334585 0.7638611928495561 6.355454785007165e-06 -1.3817555519680309e-05 -3.299059793059405e-05 2.5995038032546125e-05 0.0 -0.019127645566771503 0.26370555216290326 0.7516935665505607 -2.683156910336464e-05 9.067203804052771e-05 -2.381215085264588e-05 0.00010408634564060094 1.0
0.06271822233818952 0.2787703344305839 0.7638176818682995 5.590706958647966e-06 -2.1842215317816042e-05 -4.707213022951333e-05 5.0069611615821775e-05 0.0 -0.019178331005510845 0.26380919374225675 0.7516314602764915 -3.084627052451267e-05 0.00010368069549551148 -5.3055280937163696e-05 0.00012975634214685642 1.0
0.06272887191545201 0.27876293739533636 0.7637908262156377 8.088928841717605e-06 -8.803856458067495e-06 -2.6519817932484826e-05 3.0002414523468626e-05 0.0 -0.019228909749061055 0.2638916271430899 0.7515628981237219 -5.485403259873693e-05 8.55322298547202e-05 -7.075886640408722e-05 0.00012000817535049266 1.0
0.06273984123485737 0.278755545152873 0.763774343666126 1.1795578756519768e-05 -7.0194805257547935e-06 -1.674996109042628e-05 2.022925308235684e-05 0.0 -0.019273327991358166 0.2639554494574444 0.7515062744516635 -4.77641564038028e-05 5.985122138282756e-05 -6.452004547899767e-05 9.67407290987524e-05 1.0
0.0627369008368397 0.2787348855528983 0.7637506684044146 -2.0966883240355646e-07 -1.6582652859621143e-05 -1.7976074970850957e-05 3.135069461343064e-05 0.0 -0.019332083883633566 0.2640490727418704 0.7514491078888326 -5.532226284546304e-05 8.348782896144472e-05 -5.685349869842807e-05 0.00012216665606245598 1.0
0.06268966779822825 0.27870265117173015 0.7637510232060185 -4.247828182158086e-05 -3.1088429292129396e-05 -1.6027718451597017e-06 5.8371389000475766e-05 0.0 -0.019465298283542917 0.26443734890534953 0.7516128023563068 -0.00012370546357616896 0.00035330701166992975 0.00013727270676883272 0.00044081631174367885 1.0
0.06263053787238718 0.27866896347832526 0.7637102404919608 -6.657022381028122e-05 -3.7397380635200294e-05 -3.215766603878649e-05 7.937757809418783e-05 0.0 -0.019625301419265485 0.2656263100114529 0.7524630208146745 -0.00016796115698449444 0.0011243257066442863 0.0007886118873891916 0.0014713410866419685 1.0
0.06260544094681846 0.2786228466663614 0.7636577962272996 -3.7807392544520813e-05 -4.7241514220401723e-05 -5.636497504825285e-05 7.333632779683907e-05 0.0 -0.0193878246453434 0.2660644874094457 0.753028825323617 0.00016846910482753107 0.000694579740664537 0.0007286203028533302 0.0007828786480263644 1.0
0.0625750937142671 0.27856388072811555 0.763538211046221 -2.4850545563106783e-05 -5.85588199903835e-05 -0.00011845332269023731 0.0001357056327113169 0.0 -0.018232590479755357 0.2665918510159548 0.7546173119920625 0.0010780990499964012 0.0005057555143668399 0.0014837984364830818 0.0019644409147920303 1.0
0.06256313162431212 0.2784928417332575 0.7634805885597729 -5.422653775266241e-06 -6.949938475627943e-05 -7.775088164952681e-05 9.535138206157745e-05 0.0 -0.01600361284080652 0.2658654809023946 0.7570278890282889 0.0022631160789042806 -0.0006582737125744884 0.002383863145353635 0.0034097034853932196 1.0
0.06255619522209757 0.27843515998984814 0.7634136792366305 -4.1233810318345643e-07 -6.151669371606946e-05 -6.261059640593858e-05 8.583496969444846e-05 0.0 -0.012865521057648484 0.2635702454795185 0.759512792335288 0.003282400729197311 -0.002341054031147486 0.0026329692700002745 0.0046416117692736816 1.0
0.06250604292860434 0.27829927518458597 0.7632349344073427 -4.365023875916767e-05 -0.00012395942281115456 -0.00015268375599936833 0.00022886859888188318 0.0 -0.008317383622014918 0.25967673134859715 0.7618172794736662 0.004573488495814415 -0.004046728012313244 0.002401333875003979 0.006370563363591611 1.0
0.06244118541501108 0.2780890985294349 0.7629356260527949 -7.390839218064204e-05 -0.00020761641174357528 -0.0002899212799081471 0.0003764891097110875 0.0 -0.004960954185349756 0.25577886669765726 0.7625609480700525 0.0037099886722339144 -0.004240542586667867 0.0008894528166591263 0.005217820501457697 1.0
0.06242599736324713 0.27796878515385864 0.7628193847382126 -3.190886968069938e-05 -0.00015071795108915733 -0.0001750549615503921 0.00017005722981116659 0.0 -0.004357273027631073 0.2542768801558732 0.7627398859291659 0.0008083943183633755 -0.0018650778487995276 -0.00010008329391077047 0.0016181133271668028 1.0
0.062432530812600334 0.2778840751874447 0.7627016519769148 9.03438515752448e-06 -8.690770853569512e-05 -0.00011118241936673514 0.00013098058931163082 0.0 -0.00417927935046627 0.2534406400922984 0.7628889444381383 -0.0004569605021018657 -0.00038948899597677816 -0.00022769978876712224 0.0007841266053787792 1.0
0.06245615867304397 0.277830169419143 0.762635319089899 3.321763158197436e-05 -3.722607359587826e-05 -4.5984624777126e-05 9.761476870184143e-05 0.0 -0.004030819217187609 0.253122847976173 0.7630357065233441 -0.0003980147592725389 0.0003003397028285815 0.000148060711598303 0.0005170076653093779 1.0
0.062449131297394704 0.2777934678526774 0.7625987672971813 8.872759571087337e-06 -1.7588168326671857e-05 -8.073181192963115e-06 5.820948152007217e-05 0.0 -0.00286904851637642 0.2534019470199879 0.7629341316882131 0.0010095887206217169 0.0004215954588153725 0.000145267926985191 0.0012116702548841925 1.0
0.06242135820678132 0.27775659684478093 0.7626399648035814 -2.9489078823686116e-05 -3.03614893317639e-05 3.5435280550041764e-05 5.615428838783892e-05 0.0 -0.0027321799780697237 0.2535919081434156 0.762679388542379 0.0008301456650956387 3.762027226180396e-05 -6.817015636595902e-05 0.000280741871541122 1.0
0.06242953684552236 0.27774002815150417 0.7626228928502755 -1.2952186904849715e-05 -3.356348059382692e-05 -1.7423767466501848e-05 2.316912938491563e-05 0.0 -0.0024135808324498615 0.2536958329104286 0.7627501212264511 0.0006714760894051463 -0.0002154585632790835 3.0008796554918584e-05 0.00028270218415896425 1.0
0.062436964567489234 0.2777280028477703 0.7626209593559602 5.0331689752879355e-06 -2.201503141428343e-05 -1.780124014585859e-05 1.703001886585139e-05 0.0 -0.0021915113869764116 0.254233089991911 0.7632050562741984 0.00012211590871091717 0.0003208439701972059 0.0003263329437805762 0.0007985860377500674 1.0
0.06241737597630881 0.2776621730018458 0.7625657231060076 -6.991132006816483e-06 -5.348779776256866e-05 -4.704154795695542e-05 8.577449339249949e-05 0.0 -0.0021636278651259336 0.2547288451060858 0.7632463515617028 -0.00021605172328546156 0.000613761093844221 0.00017672926709923697 0.0005289980972835208 1.0
0.06242996014895693 0.27761284925495805 0.7624741479639495 1.0158986560150876e-05 -5.8058307294752556e-05 -0.00010253924431656496 0.00010869606944632662 0.0 -0.0017512309653841594 0.25459084672459603 0.7632134053619203 0.0002901130503660152 -6.043761139581981e-06 3.905875136392617e-08 0.000409577981204284 1.0
0.062464888431360506 0.2775894266115042 0.7624251621663787 3.317946809518067e-05 -3.1098959025539815e-05 -6.504568554026901e-05 6.297016275674309e-05 0.0 -0.0009933962963998065 0.25407657525594207 0.7632353131846241 0.0008041510938287239 -0.0005091597147476339 -5.9804500312306557e-05 0.000883645852855826 1.0
0.06247915378796094 0.27758093200946266 0.7623987506719073 1.9088825417146492e-05 -5.982646753033315e-06 -2.2744411223171913e-05 2.7778231662298927e-05 0.0 -0.0003402243348343092 0.2532271505805956 0.7631273132319294 0.0008376854482188991 -0.0009205257648121617 -0.00017139921078503412 0.0011286088794446268 1.0
0.06247779627157758 0.27754663293346576 0.7623851711083617 1.332401927595571e-06 -2.113816260751644e-05 2.515977541529364e-06 3.925466288430204e-05 0.0 0.0005023778565601373 0.2517098231757629 0.7628166703605171 0.000795009736632047 -0.0015569353435964288 -0.0003051497114063554 0.001740400373372673 1.0
0.06246384057100122 0.2775124477867274 0.7623789940046163 -1.4807173168129723e-05 -3.126052397943868e-05 1.2032435849302161e-06 4.014687862008823e-05 0.0 0.0009889042793541267 0.25067000968800324 0.762563033084556 0.0005475044869546889 -0.0011914898430602993 -0.00024261619343295894 0.0011810846381921992 1.0
0.062435093504307766 0.27746194133305363 0.7623619449050466 -3.506688381866683e-05 -5.43005641181535e-05 -1.1868862731420848e-05 5.817264278234792e-05 0.0 0.0018393042818192005 0.24943568474523314 0.7620580752998339 0.0007003271699452685 -0.0010973694895439756 -0.0004528123915550552 0.0015544667800820142 1.0
0.062416913848130404 0.277437520345252 0.7623259431279056 -2.5680855112827137e-05 -3.8086925843971585e-05 -4.328757677308669e-05 4.6961102636286067e-05 0.0 0.002420905277400264 0.24865505051829503 0.7615664297452078 0.0005884062136507627 -0.0007462765200461542 -0.0005438328703512175 0.001126062756539004 1.0
0.062402891108461554 0.2774301033351088 0.7622646647215598 -9.561245236246189e-06 -6.2168623201727696e-06 -6.792028839094764e-05 6.278526278433741e-05 0.0 0.003379393272135749 0.24755031815056525 0.7606543309046546 0.0009272771568144805 -0.0009681423821163806 -0.0008567929523436984 0.0017032811244232413 1.0
0.06239488358260307 0.27741084123994897 0.7622494386328069 -2.6352635084892134e-06 -8.00444816172362e-06 -2.6666450310950114e-05 2.7323672718010403e-05 0.0 0.003957024185954127 0.24673926435025803 0.76024721578776 0.0006928366307825569 -0.000849335057042101 -0.0005179408697314613 0.0011052748938965016 1.0
0.06237780949856966 0.27738374887645495 0.7622359082814928 -1.3250688568271178e-05 -2.2809459844726355e-05 -8.539577711233832e-06 3.3316218763556496e-05 0.0 0.004269398624159244 0.24583825577226773 0.7600848025058248 0.0003316874284495897 -0.0009287207268180315 -0.0001660432847495772 0.0009244725974702105 1.0
0.062368083692590746 0.27736417764192395 0.7622187591025277 -1.1911376360447729e-05 -2.5891267457638895e-05 -7.27165533267957e-06 2.9015917612236737e-05 0.0 0.004439914285705442 0.24521248656627773 0.7601584274133802 0.0001152486258487568 -0.0007174259904078469 0.0001427932328279499 0.000673863983636807 1.0
0.06236010860254374 0.27733707883030345 0.7621890650800884 -1.0362440499915324e-05 -2.966414005792251e-05 -2.3572143184695516e-05 4.0568587588366935e-05 0.0 0.004593510250783464 0.2447247282176694 0.7603248954633217 6.509676588269337e-05 -0.0004553086761676856 0.0002599607959856879 0.0005369780966715629 1.0
0.062348240505875126 0.2772913089147173 0.7621344193769678 -1.2256628929245627e-05 -4.516892290304414e-05 -5.57958313994406e-05 7.222964014025546e-05 0.0 0.004587660111074911 0.24461655650963035 0.7604169712428298 2.5914599655043648e-05 -0.0001245422458290153 0.00011874673225915024 0.00015684838607008455 1.0
0.06235398073219125 0.27726583837163377 0.7620897664639273 3.894438771467534e-06 -2.843261512420729e-05 -5.654064355995772e-05 5.204589880596439e-05 0.0 0.004350131867521501 0.24461996435566763 0.7605366382850232 -0.00019343982344604898 7.486894243567428e-05 5.3533881728784255e-05 0.00023379338776391098 1.0
0.06236188150295351 0.2772391465330576 0.7620538956208581 1.0002796448265351e-05 -2.4561623552825992e-05 -4.0801661218386506e-05 4.451138506741978e-05 0.0 0.004008596270194106 0.24466119920492513 0.7605814702009608 -0.0003114107530140976 5.494847043929427e-05 -2.8234293610108693e-05 0.0003732153487805345 1.0
0.06237475836849443 0.2772152210637555 0.7620217173687365 1.4302767360428832e-05 -2.2786702941949564e-05 -2.5538760069829068e-05 4.199034151284617e-05 0.0 0.003573097126316298 0.24480647493634766 0.7606568756144958 -0.0004748171982205447 0.00013354252969416868 6.717942022228254e-05 0.00045976868674172766 1.0
0.06237340491926124 0.2771989359712784 0.7620004739341372 1.1039517569145616e-06 -1.5370309946076634e-05 -1.763786515758552e-05 2.8329090347879886e-05 0.0 0.0032943296513708526 0.24490392427280286 0.7606458861626673 -0.0003281156123534037 6.731565586081084e-05 9.721178212228907e-06 0.000292610472961507 1.0
0.062376348381025105 0.2771913902002215 0.7619794242402085 1.8165731668490836e-07 -6.906051158402006e-06 -1.785242895269599e-05 2.1754503575516805e-05 0.0 0.0030078858648531805 0.24499736951308598 0.7605007343200277 -0.0002488864601944617 7.327501197662697e-05 -0.00011468456404139528 0.0003234203384803861 1.0
0.062365055472353804 0.2771726961318755 0.7619595641688168 -1.2030985701311792e-05 -1.7033598092666885e-05 -2.101724815894521e-05 2.891597526512174e-05 0.0 0.0028172287898606606 0.2448620900750203 0.7602376036330755 -0.00015535934719551053 -0.00011695618800204978 -0.00026428037378124617 0.0003673855931260881 1.0
0.062350372015862195 0.2771653195507854 0.7619557205195786 -1.67982818148671e-05 -1.1159933523276875e-05 -8.916142265508179e-06 1.8042110346043115e-05 0.0 0.00284588468199386 0.24446005477955618 0.7599012693355505 1.9320641183541697e-05 -0.0003843271811805745 -0.0003604432314632412 0.0005228582682615391 1.0
0.06233762898410416 0.27715265178325066 0.7619497431823433 -1.3158025339553775e-05 -1.1168797307887775e-05 -3.978369589708381e-06 1.7944310419860935e-05 0.0 0.002853242780724417 0.24423026012343427 0.7596681228657802 3.195747965097499e-05 -0.0003172022076776687 -0.00026460970202670344 0.00033025618118482606 1.0
0.062317017386248785 0.2771390373800718 0.7619211882122942 -1.8629904439950607e-05 -1.4460328290639433e-05 -2.415055420683247e-05 3.773355790410752e-05 0.0 0.00295769065362554 0.2439165189441652 0.7594380264219436 9.433417101602326e-05 -0.000303511153544826 -0.00021035824360627475 0.0003876628264547251 1.0
0.062285092486887676 0.2771239971007256 0.7619223775220033 -2.980338920264321e-05 -1.5276439741101115e-05 -6.4434981871421665e-06 3.6453339194135946e-05 0.0 0.0031193224377024055 0.24358977289930556 0.7592482028479497 0.00014845641505397902 -0.0002869038629694885 -0.0001566234266909812 0.00042251371270021656 1.0
0.06223709295222888 0.2771014979434426 0.761949823805192 -4.7727120216344575e-05 -2.132417744770292e-05 2.4409780904974212e-05 5.854547285730271e-05 0.0 0.0034228394957231774 0.2430332184987615 0.758951066976437 0.0002858216953695939 -0.0004943681910827021 -0.0002632688706894601 0.000699897035878952 1.0
0.06220566426932657 0.2770774484176279 0.7619747595947531 -3.6837072615765865e-05 -2.4875210721275967e-05 3.13488991706936e-05 4.730068026072787e-05 0.0 0.0037201228557731656 0.242614555288161 0.7586947206279316 0.0003056491689881313 -0.0004616179485623944 -0.000283428842396823 0.0005803065523360504 1.0
0.0621833474511278 0.2770435343630935 0.7619791582594097 -2.3643894742030565e-05 -3.3977927888845854e-05 1.2299365086171352e-05 4.053091801115847e-05 0.0 0.003961216762478259 0.24247512489282752 0.7586561624706578 0.00026302390720209814 -0.0002087783444197464 -9.385631796247329e-05 0.0002673297543459857 1.0
0.06217450605388578 0.2770096059570842 0.7619496331388679 -5.9654075199500935e-06 -3.443992823423372e-05 -2.7433846388730207e-05 4.5690734055655146e-05 0.0 0.0040783508856051314 0.24244892051460498 0.7587322447149898 0.00012765943264993377 2.1978471412577565e-06 8.54562258178067e-05 0.00014055553623811224 1.0
0.06218523919620761 0.2770013082418778 0.7619340015187371 1.3681603800678333e-05 -1.267684469180361e-05 -2.9896841945811606e-05 2.1591173231322327e-05 0.0 0.004078745215535952 0.24234718546054024 0.7588276203676928 -2.8021329660643237e-05 -6.095281594384273e-06 0.000148617428637347 0.0001491324121671748 1.0
0.06218816913010317 0.2769780283975613 0.7619174477631779 7.947720906045668e-06 -1.677186546842775e-05 -2.2626205546568478e-05 2.78468584076028e-05 0.0 0.00412720268129748 0.2421371590077509 0.7588234243690549 4.081929548868383e-06 -0.00018911740207304265 3.236539467052813e-05 0.00022252399915083208 1.0
0.062196750802151764 0.276958726037293 0.761899830843284 6.079271031150411e-06 -1.7864526677940162e-05 -1.1979768770263555e-05 2.7694871329857193e-05 0.0 0.004826520256263391 0.24163165210286325 0.7585783990014864 0.0006082082347693784 -0.0005247095625969324 -0.00024228645943745342 0.0008808291880590565 1.0
0.06218754812886695 0.27694484225239063 0.7618800511937962 -1.0191685427119452e-05 -1.5517246347257e-05 -1.2903025372709144e-05 2.6387613944011877e-05 0.0 0.005555544839059566 0.24119165860824598 0.7581989280418834 0.0008491627120597328 -0.0005574893534959817 -0.00044480495590413604 0.0009505705041777223 1.0
0.06217312877282405 0.27691646319060575 0.7618526538771206 -1.7436446601602515e-05 -2.741958062222405e-05 -2.490390872714986e-05 4.123269005163591e-05 0.0 0.006456057616714786 0.24070014475838286 0.7574036243090521 0.0009813636306912567 -0.0005072769333483094 -0.0007961946187952152 0.0012781846269660953 1.0
0.062164901846662936 0.27690087034699934 0.7618394092994019 -1.2557977365448694e-05 -2.045943382116883e-05 -1.8874040497848343e-05 2.263354005565773e-05 0.0 0.007026223649227478 0.24051061669815005 0.756989076693299 0.0006482558989817605 -0.00019626667381021624 -0.0005219537818638266 0.0007408188506190454 1.0
0.0621536944173429 0.27689284841036066 0.7618295478823787 -9.59189892543659e-06 -8.300909479184351e-06 -1.1620308028514026e-05 1.6482789618222522e-05 0.0 0.0076527984271484275 0.24023798707513092 0.7567506546695439 0.0005215444099758068 -0.00017894236924229014 -0.0002210317948894045 0.0007094171420909472 1.0
0.06214279721263699 0.27688648133721006 0.7618163151696599 -8.046119657874616e-06 -2.8711978287851562e-06 -9.277107257978137e-06 1.8130095553793818e-05 0.0 0.008133605138128662 0.24006161974337337 0.7566463251994573 0.0003987457886535737 -0.00014846818465478513 -1.5747287256560332e-05 0.0005428332715956047 1.0
0.06212174424859903 0.27685098406868625 0.7617923098619415 -1.8452026734668128e-05 -3.0500504549052863e-05 -2.1713914728768588e-05 4.83429958938939e-05 0.0 0.008570582798522654 0.24011768959568977 0.7566308842347357 0.00040793305163988266 2.0795467599196783e-05 5.771758959286345e-05 0.00043693606223713284 1.0
0.062077473023886685 0.2768073591224645 0.7617341478084299 -4.1895845899683495e-05 -4.6012537578188805e-05 -5.591127072279461e-05 8.546618056127501e-05 0.0 0.009566061208790833 0.2403727197656053 0.7565561760877059 0.0009527936294542075 0.00022710853497986418 -4.998471080439313e-05 0.0010225328183399124 1.0
0.06205554564949671 0.2767909836662947 0.7617180951922696 -3.109828086493183e-05 -2.6230319956175176e-05 -2.9813648896191887e-05 3.188208019797865e-05 0.0 0.010422101591831776 0.24065266923056708 0.7563888227878082 0.000974697929808077 0.0003179896337513711 -0.00020779035141773252 0.0009283247009579011 1.0
0.06203838638803134 0.27676612762264263 0.761698370796132 -1.767679183718184e-05 -2.2781257160691133e-05 -1.8073154735460743e-05 3.332970183573976e-05 0.0 0.012010022724378244 0.24132753248004493 0.7562966959772388 0.0015559872348412094 0.0006387675537807096 -0.00018450012389380438 0.001709360459868572 1.0
0.06202449482005979 0.27674748258808374 0.7616729363226111 -9.608038671627392e-06 -1.4094305914294968e-05 -1.77897216000984e-05 3.6466476193138516e-05 0.0 0.012265344926997804 0.24177767752312573 0.7560805932839066 0.0005236757105151625 0.0005331004595001683 -0.00019429027847246965 0.000587162057062826 1.0
0.06199334086659228 0.27670131012317084 0.7616412967179624 -2.4852631303031043e-05 -3.852364223209029e-05 -2.76569088871265e-05 6.530297378574623e-05 0.0 0.012201213206011979 0.2420293466428912 0.7561578180873532 -0.00016001936849317463 0.0002497602582020817 3.573657355930359e-05 0.00022945409465099681 1.0
0.061964153199369716 0.2766340995741396 0.7615505769948467 -3.130677891597411e-05 -6.870247640071678e-05 -8.478711508280299e-05 0.00011558514869609863 0.0 0.012296484486208762 0.242805285726805 0.756566417651229 -0.00018193373018681223 0.0006305999065369537 0.00041058540329640456 0.0008959946961567652 1.0
0.06195296851483728 0.2766045840178289 0.7615206166183032 -1.8493190593614723e-05 -4.484177906862245e-05 -5.157052219661442e-05 4.406271496634308e-05 0.0 0.012313276262241359 0.2430983461765669 0.7565728114954193 -5.0888836218844296e-05 0.0003876864250273272 0.00015415456514660095 0.00034634532384950913 1.0
0.06195083420162779 0.2765813513557412 0.7614837504635253 -3.227868146149632e-06 -2.1984224298715897e-05 -3.6446150898761886e-05 4.0688668476359594e-05 0.0 0.012274569671905388 0.24376435243702285 0.7566725942733975 7.287428830232289e-05 0.00060687232173892 7.104228700994755e-05 0.0006235382033847785 1.0
0.061955727102132575 0.2765329164470289 0.7614106592555409 1.0165133496242457e-05 -3.546312392740202e-05 -5.7482554181296864e-05 8.922353440526786e-05 0.0 0.012218694357836173 0.24554344308934808 0.7574090362895032 6.212629900987114e-05 0.0016521389826478878 0.000588157571837718 0.0019023033176774023 1.0
0.06195378007031678 0.2764805604302286 0.761349887260471 2.805680210476894e-06 -5.085123599273127e-05 -6.274082537906072e-05 8.416502040730188e-05 0.0 0.012184440856130822 0.24667594247340222 0.7573872519077661 3.329371623897546e-05 0.001427123397193591 0.00013657225565917377 0.0012184890646408173 1.0
0.0619522547244971 0.2764451055126535 0.7613083425254236 -3.110429378522237e-06 -4.2251337224534334e-05 -4.7406267991800585e-05 5.1443121670216886e-05 0.0 0.012054337232768464 0.24727812666949658 0.7572879128047527 -0.00021392652909523607 0.0007030132272725682 -0.00012371458439938422 0.0005504317682147686 1.0
0.061949072907638195 0.27642230030305887 0.7612841101021443 -7.416848779981319e-06 -2.841115636717654e-05 -2.720614129884708e-05 3.0930107954076305e-05 0.0 0.011795146542365156 0.2475553090064026 0.7573389359368032 -0.00026388766664455843 0.00016043801530714953 -2.7646417169442856e-05 0.0003665198968282084 1.0
0.06193857551981986 0.27640698873941977 0.7612690965916168 -1.1150414217061306e-05 -1.2682163142971881e-05 -1.2408540692880199e-05 2.7068742266803393e-05 0.0 0.011565522417902395 0.24768614094007615 0.757333476608376 -0.000245008447677573 -5.185903681916601e-05 -2.4483928652269506e-05 0.00033159663780112997 1.0
0.06191985977177899 0.276396326577646 0.7612514661900607 -1.762437054413133e-05 -3.477230862014497e-06 -7.319060535789179e-06 2.8149418536388155e-05 0.0 0.011326915396319739 0.24774571154299382 0.7573017450989037 -0.0002541957921089341 -7.076074745680929e-05 -3.6108495587877784e-05 0.00023857224639847751 1.0
0.06188937144414849 0.27636996864242896 0.7612511563292028 -2.972002639724296e-05 -2.305370499747011e-05 -5.002090575241555e-06 3.925942244677714e-05 0.0 0.011443192460633973 0.2476190215684345 0.7572992368014251 7.140227615103286e-05 -6.048772494974137e-06 5.894996860404156e-05 0.00013569689238756004 1.0
0.061850389702583955 0.27633879521996907 0.7612344350388369 -3.976340972756593e-05 -3.6577291829159036e-05 -1.8275894819750296e-05 5.2658079451047944e-05 0.0 0.011637908494545086 0.24741602715750752 0.7572406432747071 0.0002517369296944094 -6.419124435033576e-05 -3.6579161587136266e-06 0.00030066795534521246 1.0
0.06183635558350605 0.2763268237676504 0.7612240908871646 -1.9862384726561106e-05 -1.9549560661725622e-05 -1.3202406790953461e-05 2.148469565363814e-05 0.0 0.011800635672004156 0.247199927890006 0.7571659721974935 0.0002329038028485178 -0.00024512527128917137 -0.00013814963270234815 0.00028707709300426656 1.0
0.06182656412745276 0.2763057366165963 0.7612098441590164 -6.434262932994904e-06 -1.77029886948354e-05 -1.4197847631486715e-05 2.593268531735236e-05 0.0 0.011969151752292745 0.24698420232939153 0.7570654373220158 0.00016533691060451847 -0.0002413119442054659 -0.00010542849964339913 0.00028870102754092824 1.0
0.06182795574696037 0.2763013861629816 0.7612022411216229 5.208229874541737e-06 -3.85589048987329e-06 -8.527155113719478e-06 1.0430901451208811e-05 0.0 0.012187929058656741 0.24687860663936737 0.7569970383413758 0.00016773927063584606 -0.00012079579111234668 -6.761582389239769e-05 0.0002508335589844543 1.0
0.06182626233998674 0.2762797206281167 0.761186968741462 2.2466808052060015e-06 -1.5607514836359815e-05 -1.3125725300552484e-05 2.6231630575561514e-05 0.0 0.013051517510881568 0.24652010573848765 0.7565874930574146 0.00074300066754016 -0.00029287595890378586 -0.0003611792404463885 0.001013595051542953 1.0
0.061828955671767646 0.2762771119938832 0.7611815257019877 1.0342244525060695e-06 -6.54402955321507e-06 -6.560084321430899e-06 7.006180470544833e-06 0.0 0.013283283712582214 0.24644108131915782 0.7564150350644304 0.00040994990754160876 -0.00013599078648060843 -0.00024592570049746654 0.00033476602132364723 1.0
0.061824977575696737 0.27625319449243296 0.761159725275446 -6.1885324151571675e-06 -2.2286103416311176e-05 -1.786137371564658e-05 3.1067883208650305e-05 0.0 0.013675036834617559 0.24640593579542738 0.7561297325237367 0.00038462135004130164 -4.372568116218896e-05 -0.0002707226421705596 0.0004350420012978945 1.0
0.0618342893018857 0.2762264693370197 0.761127043786315 4.765768574782572e-06 -2.8258827606704674e-05 -3.3738495476552285e-05 4.4754984536462006e-05 0.0 0.014576461776914827 0.24661021482574624 0.7556819220539371 0.0007761638804610509 0.00019519337541991952 -0.0004164229252750244 0.0010411230966063162 1.0
0.061841891347366125 0.2762136779384075 0.7611248351593904 9.899461238010257e-06 -1.623939066550715e-05 -9.45580042459199e-06 1.498958301144213e-05 0.0 0.01478347496543794 0.246571070753521 0.7556397297668458 0.0003311712777665631 4.650526412807671e-05 -0.00010899517109908008 0.0002601244793927972 1.0
0.061820507938282636 0.27618901648662436 0.7611054846432603 -1.5846652959796703e-05 -2.2324698964628674e-05 -1.4475444803465461e-05 3.631590655577787e-05 0.0 0.014778309702021047 0.24641973805582001 0.7556023372111238 -1.2860650758645574e-05 -0.00014437151981204968 6.897462438455908e-06 0.00010269442701949519 1.0
0.06176694425172278 0.2761701586673582 0.7610992913247964 -5.228954403909915e-05 -1.8105161240127414e-05 -5.6436747695132614e-06 5.834214940095156e-05 0.0 0.014714777849642147 0.24632065995575167 0.7556126906250776 -0.00012951944549616793 -0.00017089291262796378 4.786941126681701e-05 0.00011611180718633013 1.0
0.06168949746193889 0.2761425019775472 0.7611208391270521 -8.299763188586074e-05 -2.6254865305470902e-05 1.9242284211624033e-05 8.604566332958842e-05 0.0 0.014696543441453885 0.24625176847465774 0.7556412218440258 -6.751588577651353e-05 -0.00012582941855727067 3.181012762583313e-05 0.00012202339424920963 1.0
0.06154921679013574 0.2760622491898662 0.7612202780611665 -0.00013934829909013923 -7.280453496532532e-05 9.30209825121033e-05 0.00018759840365096143 0.0 0.014706336907468713 0.24621298610680814 0.7556616532769502 -2.4334901259033103e-05 -1.2756270238328674e-05 2.5737505777856352e-05 2.285346432430815e-05 1.0
0.06140558356677229 0.2759883658581648 0.7613428291584616 -0.00015275513715016218 -8.495436149595557e-05 0.00013140159836820808 0.00020520937032837667 0.0 0.014720948004880318 0.24620739293137076 0.755663812137725 0.00011196525097811031 3.0642699175420694e-05 -3.784732574908022e-05 0.0 1.0
0.061242612225635776 0.27591374883710174 0.7615228749849345 -0.0001618095091401726 -7.977559367233334e-05 0.00018391006467359628 0.00025182774505813675 0.0 0.014729853121719755 0.24621080959622868 0.7556684826387614 8.143728776598223e-05 3.532193273717425e-05 -1.961496766967149e-05 3.0557906701469614e-05 1.0
0.06084748373312896 0.27567716722133817 0.7618360946221242 -0.00036017067465281884 -0.0002116318214248926 0.0003039287874502721 0.0005543462398721862 0.0 0.01475724036614474 0.24620298276789032 0.7556830222837659 -2.1217841019286247e-05 -2.4512960297627304e-05 3.39228536698692e-05 2.7104281603092424e-05 1.0
0.06033906731279768 0.27539835503462035 0.762198845720727 -0.0005214112847777435 -0.000291149761402339 0.00037060048188641067 0.0006934218288327959 0.0 0.014764194265978824 0.2461949194601884 0.7556899100354513 -9.31342942407022e-06 -2.2469536752889888e-05 8.61082425438776e-06 1.3307697752560862e-05 1.0
0.05801043696664983 0.2735848657538932 0.7635933230985469 -0.0021114043136372276 -0.0016173666518226927 0.0012631913968798013 0.0032354640240396006 0.0 0.01481771616794478 0.24614122516492995 0.7556928280223805 3.8716786406200616e-05 -5.100225475449755e-05 9.183392323459164e-06 7.369165474267484e-05 1.0
0.055435966370645955 0.2713138573614327 0.763847251398579 -0.002809832398164377 -0.002429055831842504 0.0005609693830318946 0.0035168453250986596 0.0 0.014854216199476846 0.2460150723840521 0.7556576084183946 4.601626848701365e-05 -0.00012439365819374824 -2.85153650528454e-05 0.00013779179007423906 1.0
0.052361977466309995 0.26793688196176063 0.7632391084918445 -0.003240292959804835 -0.003460289664075371 -0.0005345253910063296 0.00453014345968872 0.0 0.014846120995998042 0.24582416676572524 0.7556155930308598 2.220304547101063e-06 -0.00019552959255571278 -4.8442412466956946e-05 0.00019619485739514464 1.0
0.04964213010776956 0.26461470236770007 0.762506272038875 -0.002839003368504635 -0.0035227637591940205 -0.0009909165864743377 0.004365303374463052 0.0 0.014840661334201071 0.24574075181594923 0.7555094614018341 -1.3626358418250889e-05 -0.00011325612807704119 -0.00010416738236857679 0.00013470764524160924 1.0
0.047730780545333404 0.26233552974265295 0.7625062302620481 -0.0018593990593511027 -0.0024080368939392994 -0.00032137228154032285 0.002997191461303058 0.0 0.0151296646753547 0.24596834400538242 0.7552925584572212 0.00023936330895814767 0.00019588365346287747 -0.00020999457193304858 0.00042064776086731806 1.0
0.04517106892919765 0.25949894414885394 0.7627091285215736 -0.002138212506074279 -0.0024335383912153083 0.0002815218231919653 0.003794854083038532 0.0 0.015461553667500022 0.24612807544944165 0.7551124674719399 0.00036661224951920585 0.0002362806934768795 -0.0002041299614895075 0.00042336636379463087 1.0
0.043989395571647404 0.2584037747639382 0.7630046282162967 -0.0012920996743583423 -0.0011391803615914498 0.0005750638668598649 0.0017065402387174658 0.0 0.015538180613327884 0.2461516768669022 0.7550618182764566 0.00015816812090331767 8.387144925129565e-05 -7.359128166393414e-05 8.956871476581391e-05 1.0
0.042529156484528395 0.2572067333264852 0.763558620736827 -0.0014175638868994685 -0.001012269717221357 0.0007293088516113015 0.001902886672596112 0.0 0.01557194342078274 0.24614318650735134 0.7550569310161201 1.620414307098124e-05 -3.780817112562864e-05 1.7959395623906128e-05 2.086712077899845e-05 1.0
0.04167178697477053 0.2566234595369451 0.7637805088838071 -0.000933013476543228 -0.0005943733152597884 0.00018941234401505854 0.0010783188715316108 0.0 0.015573193691723082 0.24611371059027892 0.7550509711337569 -5.891651432780465e-05 -9.006161630241163e-05 2.9624016008968185e-05 4.335602184676314e-05 1.0
0.04120495430065061 0.2563847760664741 0.7636980215515373 -0.0005240258231750936 -0.00033586420668394205 -0.00019983791736173678 0.0005419875935778959 0.0 0.015573168307532534 0.24608257964489622 0.7550665000500397 -4.348625360555187e-05 -6.552293334539136e-05 2.477602027569207e-05 4.407421797256067e-05 1.0
0.041107739043214665 0.25626428488028175 0.7635907389388048 -7.064238900988083e-05 -0.0001283768551710719 -0.000230160370402827 0.00018206760884218777 0.0 0.015571481991798766 0.24606580405080672 0.7550796331934961 1.0946176976861388e-05 1.4200875639635907e-06 -2.1478018033894826e-06 8.44510534421617e-06 1.0
0.04113802164310034 0.2561351775907066 0.7634020694636243 7.562310214837345e-05 -0.00013907733401130043 -0.00019971441715627874 0.00020543001395997417 0.0 0.015568410553046409 0.24605318331175793 0.7550826749770952 4.42247415603807e-05 2.6589902972836157e-05 -1.7397013277243775e-05 1.0963844726325547e-05 1.0
0.041196984008657477 0.2560635909865419 0.7633060880085788 2.8493224331843994e-05 -0.0001701520080059837 -0.00010349770729560398 0.00018608717992092726 0.0 0.015565851787813119 0.24605122554735956 0.7550907786827303 9.434682718237309e-06 2.639665183974823e-07 2.9031287362908697e-06 1.4671751670253719e-05 1.0
0.04123834284168978 0.25606317158979797 0.7632105518169877 7.329940157051271e-05 3.364241399488651e-05 -3.055849320796435e-05 6.089245698380876e-05 0.0 0.015562572512954169 0.24604319057898774 0.755096711060776 -1.781698569973118e-05 -1.240701256848578e-05 1.2566258655108577e-05 9.854871373720633e-06 1.0
0.041272743321184274 0.2560087603997969 0.7631940530821475 -5.851965457621738e-05 -8.521362647971858e-05 3.5178603817194345e-05 7.671930650339433e-05 0.0 0.015559904082832018 0.2460206618339657 0.7551050768043341 -5.2299859895760915e-06 -2.3257755881884104e-05 9.838938474117614e-06 2.376388596947989e-05 1.0
0.04118075762568323 0.25586677021545384 0.7633246751668005 -8.374064651165184e-05 -9.865861977240696e-05 0.00011029340014444289 0.00021571930273283106 0.0 0.015575377280452433 0.2459895120999317 0.7551132098904662 1.089769573149526e-05 -3.586671591241954e-05 9.089201600559123e-06 3.561125813633961e-05 1.0
0.03865840279712099 0.2543863893372954 0.7613347484569282 -0.0021877002528419426 -0.001291317635890789 -0.0016819642797329037 0.003514366189212961 0.0 0.015616458008196716 0.24593724477988596 0.7551241535314784 4.010487819505025e-05 -5.386604710120316e-05 1.2809072503206781e-05 6.71521676035431e-05 1.0
0.03663565989678712 0.25312675780058214 0.7604016915344499 -0.002428563415453609 -0.0014939864596213407 -0.0013739537908221669 0.0026677471694412074 0.0 0.015652848046466765 0.24589251376231983 0.7551174961492207 4.278906589085305e-05 -4.927188260758135e-05 -4.129343822911955e-06 5.873104672021685e-05 1.0
0.03536341664085954 0.251728768907666 0.759639664491918 -0.0015913543207061844 -0.0015121869403431655 -0.0009077095412102455 0.0019097284931278412 0.0 0.015693210441745 0.24586059048355527 0.7551169029650731 4.214811406695409e-05 -3.317228183931304e-05 -4.3875904416367745e-06 5.050356912699167e-05 1.0
0.0347689327140938 0.2505752840194954 0.7589339541330405 -0.0005093104903901248 -0.0011646510727876698 -0.0005753935044521276 0.0014593048297498938 0.0 0.01569516150009012 0.245841217132885 0.7551288914254731 5.714900905042735e-06 -1.5506725446591372e-05 9.113125851544513e-06 2.3158141074032038e-05 1.0
0.03480841725079086 0.2495369097080939 0.757338226514662 0.00036790473115197057 -0.0009016358350797572 -0.0012625360534669165 0.0019885773672734404 0.0 0.015705231223338608 0.24581152445895674 0.7551368942312797 -6.309063562227476e-08 -2.2485977881800707e-05 1.0668248529540206e-05 3.2216573460831614e-05 1.0
0.03539227363310097 0.24923737977970817 0.7562254975922699 0.0008549872625481403 -0.00025942706593757924 -0.001199266000483308 0.0013393575911742372 0.0 0.015731361436023193 0.24577862131876155 0.7551463865652731 1.8309618067540924e-05 -3.2090299351696534e-05 1.1762107803183779e-05 4.4160027774296396e-05 1.0
0.0357632810266233 0.24926946952181672 0.7557082124472013 0.0004569000702652267 0.00010346633567189564 -0.0007208724251475214 0.0005271308455245453 0.0 0.015727012125736243 0.2457706165286212 0.7551594045293962 4.30556858997701e-06 -1.5476315556544286e-05 1.3250883186290125e-05 1.571408393643301e-05 1.0
0.03627122772892926 0.2492739106939494 0.7550949826351615 0.00021773356452402357 3.829050473607901e-05 -0.0006381935276914613 0.0008128704340593937 1.0 0.01572794012176441 0.2457569422737215 0.755171677406586 2.8070312088310673e-06 -1.3615210398984623e-05 1.1738803458805904e-05 1.674060629718562e-05 1.0
0.036425941858128176 0.24911150852509725 0.7545427179609646 0.00010672879789170924 -0.00011820788246079774 -0.0003534873825310769 0.0006389116838854542 1.0 0.015740194867706534 0.24574277632358726 0.7551661558935439 1.0086870981495163e-05 -1.1679461625751298e-05 -4.770376303256283e-06 2.0325683196181234e-05 1.0
0.03612812194905662 0.24851319292254714 0.7540416932492323 -0.0003280808422261969 -0.0006535014780850183 -0.00046275323699246915 0.0008271648886833253 1.0 0.01575206313413837 0.24572835082584432 0.7551649309789968 1.2635118297049399e-05 -1.3136722941251518e-05 -3.910591370203489e-06 1.9897852626491982e-05 1.0
0.035587649858937025 0.24784902249766297 0.7533029283048541 -0.0006015882087979406 -0.0008179148660564307 -0.0007755775083079434 0.0011063490645587203 1.0 0.015763952826768103 0.24570676802592203 0.7551776518244431 1.1717809775557444e-05 -2.1646980861667952e-05 9.673368656564366e-06 2.662408801731578e-05 1.0
0.03526311309226871 0.24745453485177443 0.7528278833670424 -0.00039801190811854085 -0.0005217330789520694 -0.0006529659004891003 0.0007197865028199209 1.0 0.015762700283431665 0.24569256322503352 0.7551884278644994 3.265069097588807e-06 -1.8737058994438837e-05 1.2994354179491179e-05 1.7917475884159358e-05 1.0
0.03512177885322245 0.24718292557180996 0.7525871105584329 -0.00010581379201573794 -0.00019225855143664467 -0.00023410866367939965 0.0003727550246590348 1.0 0.015763135813586807 0.24568079879860455 0.7551990236718711 -1.7250837344661327e-06 -1.1852123965247174e-05 1.379178175261978e-05 1.596733026941028e-05 1.0
0.035066888190213245 0.2470527875264416 0.7525140284032389 4.178475593730646e-05 -2.155531383179156e-05 1.1702280916638195e-06 0.00015660892230511935 0.0 0.015766977806668882 0.24567441938346984 0.7551955470446298 -1.1970037304277969e-06 -4.015473988730614e-06 -2.639223343292807e-07 8.165858788514512e-06 1.0
0.03497730987023536 0.24693250701096517 0.752464202646054 2.6207046709024007e-05 -4.1428496159371465e-05 8.550704947466793e-06 0.0001793397574499943 0.0 0.015803777547070637 0.24570044580934844 0.7551786988120571 3.3117303780581726e-05 2.2779455852933634e-05 -1.8500523955021628e-05 4.7871392978687944e-05 1.0
0.03491808202686584 0.2467223680271003 0.7525031825183134 -7.592333036691252e-05 -0.00020481335529994377 5.1467717088146485e-05 0.00021796316744883805 0.0 0.015885202714085663 0.24583483350053872 0.755024062323697 8.218568279114062e-05 0.00012424704073201102 -0.00014114054927444133 0.0002202887996981512 1.0
0.035170344830649354 0.24633213362834064 0.7525251833384135 0.00014246946016983165 -0.00044212310490143617 5.316591560373821e-07 0.00045196782318297616 0.0 0.01601666476549149 0.24598896447847687 0.7549085102212401 0.00013570541745079755 0.00016975215874150004 -0.00014182907695696904 0.0002372694891072581 1.0
0.03535763364403559 0.24609133164877756 0.7522678212122926 0.00020035341057093452 -0.0003297060627747585 -0.00026550883933752127 0.00040867483778781616 0.0 0.016009693961193307 0.24594508732719636 0.754957589071891 2.4761749967186263e-05 -1.2413187431572637e-06 1.692458924395138e-05 6.256004619592455e-05 1.0
0.03564566105274391 0.24608080322671208 0.7523257542110705 0.00031106228780616656 -3.972012618970683e-05 -2.929646756197324e-05 0.00028594973354530216 0.0 0.016038946390507895 0.24590928774026427 0.7550177183908169 6.366527746713526e-06 -6.548839825487769e-05 8.894449441024219e-05 6.874466501267236e-05 1.0
0.03594045795732037 0.2462472853186885 0.7525985598929926 0.00031268466465876507 0.00020665943957318378 0.00025782805398101105 0.0004333712591756742 1.0 0.016049090393594125 0.2459185330017772 0.7550122203192959 -5.7791236264446205e-06 -3.266227257775426e-05 3.917173671429295e-05 2.5116814786246202e-05 1.0
0.03613717341256298 0.24635716058246243 0.7526901259323732 0.00019913968708168346 0.00020526871370546985 0.00019089182765044926 0.00025823058190773134 1.0 0.016079136792473 0.2459356431900124 0.7550138811471043 2.0222701800001292e-05 1.1754611930248108e-05 8.203930046689581e-07 3.510711359262508e-05 1.0
0.036089580188557374 0.2469322942840111 0.7520399365972285 -5.126391912653446e-05 0.0005271825963338838 -0.0005171917635533631 0.0008536154168732943 1.0 0.01610309280373601 0.24593498189741433 0.7550012187649106 3.5231166812728976e-05 2.58266982214868e-05 -3.565258610641993e-05 2.2449089702835134e-05 1.0
0.03606843621840326 0.24711639309832978 0.7519542920855362 -7.557333591794863e-05 0.0002592761573243884 -0.0002891581443388814 0.00022721597937007778 1.0 0.015852495350097726 0.24570276149284906 0.7550430394980848 -0.00019827887250463796 -0.00017630559031468605 6.849857092537014e-06 0.000340715155314255 1.0
0.03550247065039021 0.2473892278313883 0.7522129625839724 -0.0005018855329350342 0.00021011405631513714 0.00015332860147611823 0.0006419685496816648 1.0 0.015090256034536668 0.24525480363321267 0.7550628735951203 -0.0007260695106429736 -0.0004537826227195363 3.4973996518581593e-05 0.0008919143092056578 1.0
0.03525372073947359 0.2475012683418733 0.7523341297087962 -0.0003647587944526717 9.72235765047058e-05 0.00023173744946957742 0.00032902950170382816 1.0 0.014886896655648083 0.24515891158441075 0.755023742942808 -0.000398251759785237 -0.00022314737720261998 -1.045314127303761e-05 0.00024095983616177402 1.0
0.035236903540873186 0.24750224345932967 0.7523147685707994 -3.261503818382852e-05 -1.795753594221528e-05 0.0001268335783183646 1.8245489079304412e-05 1.0 0.014876702303317646 0.24511889102358633 0.7550480130511077 -1.8995671659185535e-05 -2.326775124727597e-05 6.39639811103021e-06 9.465539791931753e-06 1.0
0.03518768723112082 0.247520309069923 0.7523067474340046 4.788910603241106e-05 -1.3207567241087215e-05 -1.3030760991333427e-05 4.521745486080111e-05 1.0 0.014816453295758642 0.2450551705451204 0.755071687551936 6.584965989904541e-05 1.5978650385358317e-05 1.7213716790349e-05 0.00010461474614812245 1.0
0.035167992272661736 0.24755840217562677 0.7523196561737316 4.231913955646607e-05 4.299494143353607e-05 -9.342720000849581e-05 4.886397664581875e-05 1.0 0.01480205429861441 0.24503868150030234 0.7550781808080612 6.83937311312434e-05 2.1651500726501698e-05 1.422027875988462e-05 5.382375083169634e-05 0.0
0.03514075860956175 0.2476031386241914 0.7523732896742994 -2.277007817545282e-05 9.209839538577098e-05 -2.4742110945516677e-05 9.064996535171848e-05 1.0 0.014801156396066032 0.24502113675435644 0.755095192868515 -4.342275906307031e-06 -2.4900054840586996e-05 1.8818817099206518e-05 6.0580617449738615e-06 0.0
0.03514245279508182 0.24761048770252925 0.7523867637424025 -4.2433536500418905e-05 1.2172475667366679e-05 8.916417624932717e-05 0.0 1.0 0.014833262757174007 0.244994758618526 0.755164544696052 -4.7706581349917946e-05 -7.083214766518431e-05 6.502633185350068e-05 6.249959596701359e-05 0.0
0.03483857352149994 0.24776668019708895 0.7525691403509166 -0.00031735619681591825 0.00014710369513370837 0.0001952274399171864 0.00039048001348368445 1.0 0.016772519687510232 0.24399108517458032 0.7579432758409859 0.001621030653013452 -0.0008885822690735527 0.0023975946183244006 0.003521285919855871 0.0
0.03472200176536855 0.24786825015777017 0.7527087589192059 -0.00016241744059812275 0.00011218934249405862 0.00015344594896949786 0.00022670270045440505 1.0 0.01874778194555575 0.24334772584793973 0.760307369506386 0.0022818170143951585 -0.0008113969740213157 0.00280902447373904 0.003259724145560442 0.0
0.03474048694774104 0.24790152007966354 0.7527670688154728 3.5630699838342587e-06 4.279537923998146e-05 6.857868164967505e-05 5.265419006577493e-05 1.0 0.022450652081410064 0.24208442280458176 0.7652217622062262 0.0037035915603531606 -0.0012431486522495353 0.004828612937297291 0.006131686320041267 0.0
0.03480459274627886 0.24789667099294405 0.7528162168288145 9.492379143656898e-05 -1.1936992031109329e-05 3.4301656235122696e-05 7.664000084947563e-05 1.0 0.023744839563317518 0.24148631387515707 0.7674594107299991 0.0018752516289358093 -0.0007374249825507104 0.0029209842817769557 0.0027639023438003 0.0
0.03480846633498085 0.24792716513973756 0.7528762254272962 6.252633096556442e-05 3.043367538362239e-06 3.6686151876738556e-05 8.162873785594245e-05 1.0 0.02412414281558463 0.2412352608295049 0.7683635077412226 0.0002041938792950079 -0.0001882101704976051 0.000770891272298903 0.0008990029858363001 0.0
0.03480824837527416 0.2480188213481285 0.7530887691501126 7.298937543416203e-06 7.566642185180883e-05 0.00018321590577444492 0.0002315236353364962 1.0 0.02427244526481626 0.2410912974406084 0.7691881587399174 -0.00041639916181638226 2.6704598423867812e-05 0.00011445108161752866 0.0008935344910942215 0.0
0.03472332087045537 0.24813267555065754 0.7533645638604719 -0.00010500170954938403 0.00013067606003181587 0.00029647033439292525 0.000302000147894429 1.0 0.024211309565093448 0.24102458893960046 0.7695367859373397 -0.00035233900766338296 1.2427714578376283e-05 2.5248570653027395e-05 0.00044889067926193345 0.0
0.03351858303209803 0.2492779569599668 0.7558912579735423 -0.0010987793258939074 0.0010307261935134668 0.0022564178958713156 0.003002215780680657 1.0 0.0230052079746511 0.2406373256634739 0.7695906221263766 -0.0009054036067007889 -0.00039488169719610914 0.00022583303474594363 0.0012443873760750502 0.0
0.03303846516205149 0.25024231085335413 0.756763348824773 -0.0007380061401531263 0.0011355687047512183 0.0014296945201675271 0.0014870164656443983 1.0 0.02218032369927851 0.24065368291622466 0.769587535166912 -0.0007788569147671679 -0.00013697106081267277 0.00021506924409833055 0.0007349887361162879 0.0
0.03428616496875486 0.25307202042636157 0.7587690312324498 0.0009850351587937884 0.0026521402076021628 0.0018637178134346222 0.0035304343809992225 1.0 0.02091531369360439 0.24031570501359625 0.7691345433455937 -0.0010369886416412505 -0.0003614868694722577 -9.733457859954255e-05 0.0014230140465397198 0.0
0.03578127817734784 0.25718597379298985 0.7624793823792833 0.0018042029644763432 0.004163569724380846 0.003408660354181544 0.0058158444765440895 1.0 0.020189785353789253 0.23991312755281988 0.7688961621111776 -0.0009388802544160208 -0.00036785675373341483 -0.0004645501582576138 0.0008854250816151092 0.0
0.042026548671730286 0.2597570954401943 0.7618333596504914 0.0059232355725017775 0.003103110931071094 0.00013734929892188517 0.006851723967995528 1.0 0.02003866850096525 0.2397543528292985 0.7688094322233616 -0.0001486327993578374 -0.0001997611223645045 -0.0001557754460625809 0.00022122493107962736 0.0
0.04233736715221915 0.26204011590970994 0.7643615155567951 0.0018882555816155267 0.002188031955964929 0.001625793475341559 0.0033837137343414882 1.0 0.019990243877293465 0.23962637594415978 0.7686831447824777 0.00013888870267777804 -0.00010644501835073525 -4.206945337149751e-05 0.00018276521496440315 0.0
0.045255326288233755 0.2627468615009024 0.7647524130943266 0.00206820655793192 0.0005399229291186791 0.0006430651577868427 0.002847865485296163 1.0 0.01996469871120899 0.23955259049376038 0.7685797805445279 5.747898776327674e-05 -4.332188346079812e-05 -7.84232069614148e-05 0.0001400237210959131 0.0
0.049110003319122866 0.2632733867884503 0.7639482279619744 0.003105506550803846 8.26115958958797e-05 -0.0006348291701593099 0.00416346177366782 1.0 0.019940805263408162 0.23950165092345557 0.7684784814539306 -0.00010228422426592694 -3.1431284520415465e-05 -0.00010202276023672877 0.00013166018619909994 0.0
0.05155557549897314 0.26349817575009693 0.7644329151942351 0.0026727801820867307 4.2782586019037764e-05 -1.3019222985030795e-05 0.0025827275459395435 1.0 0.0199399337324527 0.23945018913811503 0.7684107181957912 -7.09828514471537e-05 -2.5761777317780197e-05 -0.00010221200294186335 5.2876052796830154e-05 0.0
0.052581219807488526 0.263581530304675 0.7653086607794994 0.0013680493581207933 0.00032421083266231834 0.0010282570342002929 0.001194331880277403 1.0 0.019876523774636144 0.2393269383071084 0.7682418298894901 -0.0001492345011697442 -0.00015976866454484859 -0.00019376461604620892 0.00022517856598581055 0.0
0.053753920436776084 0.2635669520113986 0.7661114828339094 0.0010523016580833427 0.00021857387883536918 0.001094933038270368 0.0013683919955498574 1.0 0.019759500677186667 0.239205092150629 0.768079887907593 -9.456729972911397e-05 -0.00014701667936349447 -0.00015800498506384988 0.0002470531363072317 0.0
0.05459287280329234 0.26332331156322897 0.7666606150571823 0.0008084771723183507 -0.0001887380926832681 0.000584947395226772 0.0011860767773207818 1.0 0.019702030482971297 0.2390868842487384 0.7680567198219626 -4.3706336897435965e-05 -0.00011730136835482792 -4.5217224593335504e-05 0.00012702906905125513 0.0
0.05495632598736196 0.263339675334772 0.7662943217719508 -1.6744262594627426e-06 -2.5302360965301102e-05 -4.405471275910572e-05 0.00047895337289844287 1.0 0.019675239730252397 0.23906434866902945 0.7680432640552884 -2.4419295960831063e-05 -3.5779422169178655e-05 -6.276547297583032e-07 3.3090418016819696e-05 0.0
0.055572269902207164 0.2634828966874271 0.7647377672392376 0.0009046077861260185 6.493993683489912e-05 -0.001840207866026657 0.0016002847169151934 1.0 0.019671652113419792 0.23906134978814653 0.7680284539595292 9.881637635281736e-06 1.8383475596283564e-05 1.1320409718580928e-05 1.818293161017542e-05 0.0
0.05565946670973755 0.26346852662919695 0.7632230201268756 0.0003362201773700886 6.943636620634994e-05 -0.0019263807679665993 0.001605311092200717 1.0 0.01966877951870195 0.23905619010044482 0.768036850388642 1.4469739629080843e-05 1.7524510895817985e-05 1.446940471787106e-05 1.5833153041575732e-05 0.0
0.05553414751025523 0.26281111297646387 0.7629266216056264 -0.0002077527877941041 -0.0005635666154150781 -0.0004901777424939635 0.0007101698557496388 1.0 0.01966148126965909 0.2390394913684531 0.7680646190167596 -2.0392483038637465e-06 -1.2774662407067139e-05 1.8292087738298757e-05 2.9400318373777018e-05 0.0
0.055190395127854855 0.2623507598070154 0.7628057560769075 -0.0004353225767262073 -0.0006100818624247262 0.0001663413145439379 0.0005290255427323597 1.0 0.019650199927290554 0.23903000485842874 0.7680778052682488 -2.3340559940087407e-05 -2.651853623196254e-05 8.165309306266391e-08 1.849956216464292e-05 0.0
0.05499625045167883 0.26204086303947927 0.7628672620897193 -0.00023790776667027098 -0.0004210310097819296 0.0003970499454015201 0.0004247916819243101 0.0 0.019645317405380423 0.239022404458524 0.7680870085773207 -1.6177902940300916e-05 -1.8656861395443993e-05 8.382124979234646e-06 1.2698853933306153e-05 0.0
0.05485857441224468 0.26184854566760324 0.763002521141834 -0.00014466273125597943 -0.00017981061378572862 0.00026760992157196894 0.0002950144464932741 0.0 0.01964439061675126 0.2390188821563236 0.7680924403246873 6.624392466820242e-07 -5.246834833746197e-06 1.1361922551628097e-05 7.496542780640892e-06 0.0
0.055104306649441534 0.2615446589990032 0.7631018358196263 0.00024884860626038605 -0.00016335691585563726 -3.0330767925879965e-05 0.00035919689938666084 0.0 0.019644224425622275 0.2390157769968375 0.768097856257212 3.333469385290764e-06 5.453980995914144e-06 1.231652542876046e-06 6.681433966398623e-06 0.0
0.05579227624138374 0.26122207018430516 0.7628391208192693 0.0007488659705222293 -0.00027036401551832565 -0.00041896085571355645 0.0008108678019889238 0.0 0.019648293163754812 0.23901337212145976 0.7680938530084369 6.4547362401977335e-06 -1.5404414096668837e-07 -3.896247158027444e-06 6.315097996801466e-06 0.0
0.055980870465385454 0.26117083502889865 0.7626446938946377 0.00033924263797369895 -0.00014201658050355356 -0.00030152408121054443 0.00029980498281087465 0.0 0.019648215873684385 0.239014550171697 0.768094394030655 1.0757386107725305e-06 -4.2382699571492954e-08 1.6974185444365315e-06 6.216555524149894e-07 0.0
0.05602303876530564 0.26119586478029694 0.7624686690767747 1.4306583658088394e-05 -2.1473996493821774e-05 -0.0001517638749806104 0.0001459222873105828 0.0 0.019647773350432697 0.23901446453446434 0.7680981474674498 -1.67787122915695e-06 -7.463181409903239e-07 5.02206427955954e-06 3.832565332784831e-06 0.0
0.055965334420921005 0.2612335200845926 0.7623775163910309 -0.0001817627538711639 9.141359678917704e-05 -8.51430092270997e-05 0.0001288646889857219 0.0 0.019648784935100555 0.23901467140531923 0.768099133052775 -5.232695201760508e-07 5.033420615518012e-07 1.7355618051046206e-06 1.6635310668280671e-06 0.0
0.05573161092504373 0.2612721223953099 0.7623767703219531 -0.00030575466116927085 7.079157269145362e-05 4.903127154059815e-05 0.00025359924316703 0.0 0.019647368120892735 0.23901847052268663 0.7681045559341771 -9.536973792281574e-07 3.169897611239097e-06 5.407556546896043e-06 6.707654948448803e-06 0.0
0.05551824792717348 0.261302953422892 0.7623682430406065 -0.00024792534661101053 2.006662491712771e-05 4.792711523697913e-05 0.00021109487193807843 0.0 0.019641842959355893 0.23902681684292532 0.7681008184716366 -4.847403967943629e-06 8.141485508724341e-06 -1.9734037698067362e-06 1.0711858238575956e-05 0.0
0.05527173061240769 0.26132611291007607 0.7623702996286404 -0.00017893337738605382 -1.604134460479677e-05 3.65230189608811e-06 0.00022912088469397178 0.0 0.019637636774539374 0.2390267806876863 0.7681015102017086 -4.846919336733503e-06 2.039289474329186e-06 -1.3032967115566899e-06 4.3271344247359005e-06 0.0
0.05510552635259464 0.2613733220666371 0.7623704576483599 -0.00012107792913786293 2.9637084300736694e-05 -3.4696368081122766e-05 0.00018515148267333998 0.0 0.019637927725700357 0.23902502344228282 0.7681064428437548 -4.1413709315552495e-07 -2.0464704776606643e-06 3.0966035974434873e-06 4.915429435665427e-06 0.0
0.05499157996632196 0.2613984513097504 0.7623677433807593 -0.0001227469393261972 4.7905135528813645e-05 -1.2585538480509818e-05 0.00011455297510973761 0.0 0.019627902686479622 0.23902631026556914 0.7680975598110477 -7.97127008903098e-06 -4.901520098191722e-07 -5.655608399628705e-06 1.357683779833826e-05 0.0
0.05495282966811029 0.2613962011755499 0.7623625394480736 -2.7452917269763937e-05 7.299722484403683e-06 -1.255570597230319e-05 4.1389510769511775e-05 0.0 0.019621174416036707 0.2390370072640632 0.7681172221034099 -7.554462572709089e-06 8.755867806635239e-06 1.4870364387207406e-05 2.380146238676157e-05 0.0
0.05495096219035462 0.2613732664605382 0.7623633080886882 5.76419133837156e-06 -2.4270763867760972e-05 4.056879088617767e-06 2.070838981180285e-05 0.0 0.01963349574184369 0.2390378800244832 0.7681324364318863 9.224154297904338e-06 4.294814700608091e-06 1.839499568792952e-05 1.9454058104896773e-05 0.0
0.054950560911785885 0.2613561315621413 0.7623510872294763 -3.2168083310698083e-06 -2.554234207823572e-05 -4.159719190819337e-06 2.339936107573932e-05 0.0 0.019648108924521113 0.23904874141538038 0.7681508949986975 1.6723628309393214e-05 1.0326770253448437e-05 2.0448905648973968e-05 2.5267278156557836e-05 0.0
0.05495001745024601 0.2613535405206408 0.7623442751723255 -6.12274798238082e-06 -6.9858574458482425e-06 -8.91326928590655e-06 5.944217641909753e-06 0.0 0.0196703162415475 0.2390534819069129 0.7681723283616952 2.3991716540669024e-05 6.113710216811946e-06 2.1110311363865534e-05 3.174407915037978e-05 0.0
0.05494803743973091 0.2613478272678407 0.7623435343153987 -1.6361459134630788e-05 1.1989281980162381e-06 -1.154032144729021e-06 5.364867054860498e-06 0.0 0.01967823988864672 0.2390545044333827 0.7681800831493989 1.1981225258924946e-05 1.8594113890782634e-07 9.434329564424658e-06 1.1588665447849805e-05 0.0
0.0549456168230013 0.2613421672451371 0.7623468738692633 -7.616839556154364e-06 1.9467785632740024e-06 3.854834793566016e-06 6.948162286323704e-06 0.0 0.019686883745739073 0.23905716064910257 0.768186236664699 5.8332909335471695e-06 1.0426895905944212e-06 3.0549407717323247e-06 9.888778861825559e-06 0.0
0.05493410031638164 0.2613243356665973 0.7623794647972763 -1.101748405713348e-05 -1.6412757040715616e-05 3.022726041977153e-05 3.9862150374061936e-05 0.0 0.01970070668857507 0.2390696447692323 0.7682025464015771 8.758194561592955e-06 1.0979919937834766e-05 1.1833278922044051e-05 2.5131068317068627e-05 0.0
0.054914690437419325 0.26127810166936916 0.7623837009242392 -1.4809362499778635e-05 -4.750867683317377e-05 1.3329838410132836e-05 5.0699943321223134e-05 0.0 0.01970324004270524 0.23907941203699196 0.7681976376633791 4.091513993102258e-06 1.2152285440831272e-05 8.319124383029126e-07 1.236949461988672e-05 0.0
