0.0630508480011139 0.27949024540251943 0.764379626822019 0.0 0.0 0.0 0.0 0.0 -0.01695266295074884 0.27966154779866287 0.7629410406906129 0.0 0.0 0.0 2.4214364144125927e-07 0.0
0.06305362404695483 0.27948900769925306 0.7643796501116132 2.776045840938157e-06 -1.237703266376844e-06 2.3289594253128598e-08 3.0395529756512594e-06 0.0 -0.01695589982680037 0.27966270858811443 0.76293722081714 -3.236876051530141e-06 1.1607894515597295e-06 -3.819873472865609e-06 5.474125665662067e-06 0.0
0.06307282960773296 0.27947828455327534 0.7643868656861517 1.920556077812663e-05 -1.0723145977720172e-05 7.2155745384216985e-06 2.3149599140834633e-05 0.0 -0.016980349999217728 0.2796576961486044 0.7629192626632986 -2.4450172417356947e-05 -5.0124395100104024e-06 -1.7958153841424185e-05 2.991760119700558e-05 0.0
0.06308579920387511 0.2794820311549909 0.7643819208401554 1.2969596142151096e-05 3.746601715537423e-06 -4.944845996224245e-06 1.4377028567535905e-05 0.0 -0.01702328529281744 0.27964860373713374 0.7628900375125578 -4.2935293599711405e-05 -9.092411470679185e-06 -2.9225150740774808e-05 5.367031177880459e-05 0.0
0.06308649074656492 0.2794844136940785 0.7643801794487591 -6.477644485325842e-08 3.4109952387070454e-06 -2.616223988333974e-06 3.0310341124829226e-06 0.0 -0.01702496858267489 0.27964583229460827 0.7628841523784077 -2.2019234894976154e-06 -2.7554483610581644e-06 -6.15007757377446e-06 6.731336093109832e-06 0.0
0.06308598912967751 0.27948554937994463 0.7643803857715274 -5.088110578982199e-07 3.3939985965100083e-07 9.396969995038802e-07 1.2585590860078975e-06 0.0 -0.017026175760621175 0.2796412348696969 0.7628771347630451 1.0431358608121592e-06 -4.21377382363661e-06 -5.720254772393069e-06 6.1681168826024525e-06 0.0
0.06308569237991843 0.2794856240668719 0.7643807270860131 -9.504996878449851e-07 -6.71243932475721e-07 1.1670364184135435e-06 3.719984240578041e-07 0.0 -0.01702569143934656 0.2796398936095018 0.7628768598051286 3.5787562701141948e-06 -1.000057443289226e-06 9.604573854519296e-07 3.520239427176324e-06 0.0
0.06308585376042167 0.27948708691575547 0.764379559057202 2.080949664685284e-06 1.6440777143130535e-07 -3.050347682670199e-07 1.8386571446721501e-06 0.0 -0.01702295290366657 0.2796357976851646 0.7628750669024941 -2.8625948177443883e-07 -4.10617641375762e-06 -2.7126163616650463e-06 6.023357405516723e-06 0.0
0.06308479605679482 0.2794855209818159 0.7643819996143509 9.177345123199152e-07 -2.2530491526558393e-06 2.47643923621065e-06 2.419713789134228e-06 0.0 -0.017010338477801375 0.27962958688355904 0.7628704256199073 9.657332437914317e-06 -5.965885013397549e-06 -4.860676814411215e-06 1.366482449904632e-05 0.0
0.06308396524642654 0.27948486198035066 0.7643833581052093 1.4695670677701134e-06 -1.6267961593419603e-06 2.0019545776549262e-06 1.9193435294759277e-06 0.0 -0.017002897873295 0.2796271140790979 0.7628713567203417 4.7354079429581745e-06 -4.438296595368335e-06 -3.3484430234636157e-06 7.569284228339371e-06 0.0
0.06308361708280133 0.2794848183622564 0.7643836847093853 -7.591598403950641e-07 8.77182506694438e-07 -3.2461031159012453e-07 5.348256566348404e-07 0.0 -0.01700018966711514 0.2796258567560611 0.7628717844800551 1.922089084534447e-06 -1.639300014399393e-06 -6.007353171263825e-07 3.4738812510640913e-06 0.0
0.06308332918355583 0.2794849181710924 0.7643838472262169 -1.1170317597924105e-06 1.6288487164898015e-07 2.4041224602446487e-07 3.1671988068470923e-07 0.0 -0.016996608066754265 0.27962199484453587 0.7628748078993158 4.715030060236897e-06 -2.4488185520376317e-06 4.447386687936859e-06 5.647666637402739e-06 0.0
0.0630832994051967 0.2794851365025523 0.7643836558967532 -1.6511990795846057e-08 3.6814837839181485e-07 -3.440586698922242e-07 3.873251449171112e-07 0.0 -0.01699050678034975 0.27961911001947437 0.7628723145372333 4.208695261556895e-06 -2.9633083035365045e-06 -1.158402689482185e-06 7.930388001169788e-06 0.0
0.0630843668217909 0.2794875207572641 0.7643833366029172 1.056121574992757e-06 2.215961913617917e-06 -5.760189547509567e-07 2.570813151802373e-06 0.0 -0.01698468552613152 0.2796194541328389 0.7628727069235833 5.992410239387392e-06 -1.7953563609690886e-07 -2.3677509512976203e-07 5.6574671902994865e-06 0.0
0.06308729535853629 0.27948451319488843 0.7643918328576642 2.8319976930397108e-06 -1.934070353961448e-06 7.237631017715599e-06 9.43532321054831e-06 0.0 -0.0169774771277562 0.2796186042635807 0.7628746548968686 8.238250411046558e-06 -7.296990218085295e-07 9.279962253173466e-07 7.033619532409774e-06 0.0
0.06308697030017663 0.27947452296841324 0.7644034437571662 3.933827590561348e-07 -9.795022109078142e-06 1.2776384505768929e-05 1.5441610820929762e-05 0.0 -0.016967919544069187 0.27961422824603294 0.7628719369010806 1.0488968813930418e-05 -3.715841729564367e-06 -1.9362902002603686e-06 1.1146276041716538e-05 0.0
0.06308623187718893 0.2794716781196889 0.7644076474559522 -9.322577977168606e-07 -5.462210269697138e-06 6.741186109231613e-06 5.194389781919604e-06 0.0 -0.016959016565690595 0.2796155249940295 0.7628699819112771 8.869409947879861e-06 2.5114629615356393e-07 -1.8695200009895714e-06 9.405137288163614e-06 0.0
0.06308559795782386 0.2794707518397139 0.7644095355889984 -1.1912211479527726e-06 -1.1991324940729893e-06 1.5181332882749939e-06 1.6826107313486617e-06 0.0 -0.016944081448108033 0.2796126087278364 0.7628673627495981 1.3727226000582461e-05 -2.2158028471166384e-06 -2.8055342773392073e-06 1.5088921159566385e-05 0.0
0.06307718974509811 0.27945935067738215 0.7644040444012596 -7.6114281190670746e-06 -8.48023951457467e-06 -6.470751991000016e-06 1.539873334029966e-05 0.0 -0.016907963913312576 0.2795980454665277 0.7628743501236788 3.383138236778241e-05 -1.3203411698741081e-05 5.46293513911411e-06 3.957875929894988e-05 0.0
0.0630716984592835 0.27945940544043535 0.7644037344124345 -6.856751617623887e-06 -1.7025542962370606e-06 -3.4751884654988213e-06 6.37305011524574e-06 0.0 -0.016860188660469743 0.27949089922473674 0.7628686741429364 4.9694670297758856e-05 -9.574584310522446e-05 -2.743671378180087e-06 0.00011747318007964861 0.0
0.06306867057043662 0.27946387006047524 0.7643979381547534 -3.513951665065006e-06 4.38416778012516e-06 -4.890051581917635e-06 6.909339169794559e-06 0.0 -0.0167906383249453 0.2792734356865768 0.762786058281148 7.049929827378586e-05 -0.00021632218990399072 -7.181867879717886e-05 0.00024331994516151826 0.0
0.06306565619265289 0.2794623635856227 0.7643960701036356 -2.121825149286719e-06 2.154327930577066e-07 -1.0956185468556586e-06 3.873932741683666e-06 0.0 -0.016718660111597183 0.278928410317748 0.7626638088047625 7.571272348253766e-05 -0.0003539904372919369 -0.00012891192504734648 0.00037335901853097285 0.0
0.06306395004341157 0.27946566343679247 0.7643912179129501 -1.1192701964868588e-06 2.522246998584656e-06 -3.363288541254078e-06 6.527220604606143e-06 0.0 -0.016592061182468594 0.27830451509229776 0.7623729706917847 0.00011955619332578697 -0.0006147347296211208 -0.00028307866175633016 0.0006970747857156397 0.0
0.06306256311869199 0.27946454651953984 0.7643918557352868 -8.341324865114343e-07 -1.397468307173636e-07 -3.8491907672914424e-07 1.985058174110564e-06 0.0 -0.01640924599726197 0.2773027835056782 0.7619335416766801 0.00017979115870170288 -0.0009932792507708094 -0.0004467225006837726 0.0011123887353093787 0.0
0.0630594123978799 0.2794602876878614 0.7643861954855369 -3.1007820755437163e-06 -5.057409672648433e-06 -4.416416347908179e-06 7.212045710246729e-06 0.0 -0.0162678740187128 0.27584117706517663 0.7612392722144604 0.0001589763060069129 -0.0014655422081180393 -0.0006916775089402916 0.0016245924311648553 0.0
0.06306005099209822 0.2794587989035646 0.7643836742222396 -9.123352177855378e-07 -3.574619116016601e-06 -3.622804176607984e-06 3.556020549106343e-06 0.0 -0.016236104057593116 0.27465968046551764 0.760527323629943 4.7402395277666526e-05 -0.0013102022148323545 -0.000752092814891516 0.0013854134047649172 0.0
0.06305754470265558 0.279450959448882 0.764380192289169 -1.6782827403237768e-06 -6.059135327335186e-06 -3.329646399770703e-06 8.493783379370775e-06 0.0 -0.016374092321663074 0.2732556778292293 0.7596876595423552 -0.00013908664760565968 -0.0013571516700597508 -0.0008361820610885956 0.0016176820713736234 0.0
0.06305396466480545 0.27944371048318656 0.7643643414112103 -3.3875219213395158e-06 -7.558072637275659e-06 -1.4512506853674268e-05 1.8005612459413593e-05 0.0 -0.01656368876215266 0.27175756197145734 0.7585630689604966 -0.00022815058127456585 -0.0014291308537894146 -0.0010807069989799754 0.001901250808925626 0.0
0.06305673003029647 0.2794487589109569 0.7643525369060825 1.4540600831780827e-06 2.8395333060297685e-06 -1.3860953292017387e-05 1.3362588434603642e-05 0.0 -0.016827375655929736 0.27040604784028777 0.7573973971638016 -0.00028280739723087096 -0.0013425721486984195 -0.0011800595186276972 0.0018175291578049228 0.0
0.06306004768745888 0.27945493352039713 0.7643393189152518 3.911872185851255e-06 8.244212338872169e-06 -1.3924420512322704e-05 1.450288645187973e-05 0.0 -0.01720868162115574 0.26947536472284883 0.7563769037777269 -0.00036438032574729554 -0.0009804299476957525 -0.0010670146599832436 0.0014161626722243917 0.0
0.06306277232667945 0.2794551427516451 0.7643336953650839 3.6375448781360943e-06 2.7476221789676805e-06 -6.153158067082797e-06 6.372855479578998e-06 0.0 -0.017588167432658796 0.26873192576973015 0.7554038832066613 -0.00037556697725134053 -0.0007199437743434071 -0.0009588977476205657 0.001266724531056182 0.0
0.06306473808938301 0.2794520810669828 0.7643323067304545 2.276685138381223e-06 -3.0326958510135645e-06 -3.501238798987789e-07 4.033692505071518e-06 0.0 -0.01804283800570739 0.26820672238984183 0.7544354951368902 -0.00043973686454675247 -0.00048513841074663807 -0.0009250599961548179 0.001216661912873208 0.0
0.06306624163448991 0.2794568449455112 0.7643247522238229 1.2101688875484066e-06 1.5599877633302023e-06 -4.1749001974422836e-06 8.990410285381189e-06 0.0 -0.01835610813482991 0.2679309202215963 0.7537129111184341 -0.0003382854751970638 -0.0002402315681391781 -0.0007212577244281199 0.0008369605691623918 0.0
0.06306379490706027 0.27943426538875715 0.764307916088928 -2.884034918310356e-06 -1.9677964533944415e-05 -1.606454048640325e-05 2.8288668931948686e-05 0.0 -0.018786738902043975 0.26744466768850206 0.7523781485611469 -0.0003972052689067901 -0.00046113712651115455 -0.0012284858957891612 0.0014585666685572234 0.0
0.0630660545457716 0.27942452499152964 0.7643009708312346 8.431270102773634e-07 -1.4116768650659464e-05 -1.1881248826936307e-05 1.2796411576601828e-05 0.0 -0.018870912854352006 0.2669221958249677 0.7515265272749224 -0.00012499835167135761 -0.000580295003145015 -0.0010139656700472893 0.0010365964992963552 0.0
0.0630577085432607 0.27941533512794575 0.7642547760427635 -6.093503374609774e-06 -9.068633700204482e-06 -4.1145696933186265e-05 4.612640551445513e-05 0.0 -0.018848289106009036 0.2661556197358167 0.7508634302451525 4.490826663904813e-05 -0.0007934341943144514 -0.0007047455047464028 0.0009862026809055388 0.0
0.0630608652338458 0.27941871831607074 0.7642230328739051 7.5677765480253e-07 2.9651223246111223e-06 -3.813949018621251e-05 3.39469391007158e-05 0.0 -0.01886513325334129 0.26573843970150657 0.750532851414952 3.14801489520817e-05 -0.0005201476507116453 -0.00030536037429149316 0.0005358192868392651 0.0
0.06307323136159756 0.2793963691863894 0.7641843641437155 1.1771764625167686e-05 -1.547988024371014e-05 -3.85046914484809e-05 4.528748501917502e-05 0.0 -0.018889599746168818 0.26544994125604365 0.7502240213526176 -1.7322025247845597e-05 -0.00027938058917628596 -0.00020541480260999974 0.0004265719424176627 0.0
0.06308388955207178 0.2793925849299325 0.7641719619108781 1.3478602584405475e-05 -7.516251877921202e-06 -1.5038014108988284e-05 1.726697125272384e-05 0.0 -0.018903525502398696 0.2653127377816284 0.7500955632796158 -4.8849566972088046e-05 -6.27141777904813e-05 -0.00010100906126475227 0.00020324343948859946 0.0
0.06309115746770876 0.27939081305216235 0.7641567181509664 9.165634797853146e-06 -2.937915659679647e-06 -9.640184028552734e-06 1.607948463421376e-05 0.0 -0.01890010119741182 0.2652014228326876 0.7500202900634555 -2.8484034256051182e-05 -3.273878575846544e-05 -9.214773919413288e-05 0.00011581340636001311 1.0
0.06309264851292487 0.2793860085827035 0.7641134763967727 1.2131194593411817e-06 -5.096867546984411e-06 -3.500228515757087e-05 4.445893620039606e-05 0.0 -0.01873857043453412 0.26518838679964607 0.7499931311137725 0.00012498480085149658 -2.9020735060667597e-05 -0.00010011168715778028 0.00017420055926595582 1.0
0.06309038999848654 0.27939074591732005 0.7640854574731348 -4.399167134608797e-06 5.3016172575774e-06 -3.4063759253719245e-05 2.917635641486855e-05 0.0 -0.018653406410334184 0.26519766350073404 0.7499998834063594 0.00014812400057151925 -2.0399470934116565e-05 1.5258581021858428e-05 8.137837416534823e-05 1.0
0.06308525031868391 0.27937656869369576 0.7640561962719555 -7.5107469315825105e-06 -9.957166480897833e-06 -3.5005960545652316e-05 3.160394440511093e-05 0.0 -0.01857507472696276 0.2651826115619251 0.7500289759996226 9.534766524123292e-05 -4.2785155435728786e-05 2.8157534282010135e-05 8.5762290705406e-05 1.0
0.06312329290193168 0.2793527522053725 0.7639456293198976 3.2257841933419866e-05 -2.4693296890083023e-05 -9.843740903256308e-05 0.00011813315336283047 0.0 -0.01853434224239956 0.2651487272969714 0.7500295904895975 3.057758600786604e-05 -2.4659580677268323e-05 1.397064731123584e-05 5.0754140705179356e-05 1.0
0.06315470462687887 0.27934880326956735 0.763901413521613 3.960857362708628e-05 -1.2328524903929232e-05 -6.319856323500428e-05 5.918888891841927e-05 0.0 -0.018499952419881595 0.2652059624966119 0.7500179502773617 1.2545525228504443e-05 3.502005246281114e-05 -2.0719674166165374e-05 7.19007129100479e-05 1.0
0.06318060392298604 0.27934724040910497 0.7638708684537809 3.175486912463067e-05 4.414660676419093e-07 -2.9903245629812735e-05 3.510804455499192e-05 0.0 -0.01846235089887626 0.2654166623528096 0.7500312039968672 2.483208856992139e-05 0.00019907390488841113 9.307975818339663e-06 0.00021247631486654724 1.0
0.06320334353164844 0.27933934018935075 0.7638461646538588 2.202458636531649e-05 -3.2334243493035927e-06 -1.6743106502863134e-05 3.444653868783415e-05 0.0 -0.018544001260583587 0.2659232196651032 0.7500283671999568 -5.790779727863429e-05 0.0004984867900301338 -3.6566870262322304e-07 0.0005132685735504122 1.0
0.06320701543710522 0.2793289043100829 0.7638322539806487 1.2190232558199142e-06 -8.39927757310319e-06 -7.5829337408992244e-06 2.1493889486217028e-05 0.0 -0.018656881156796125 0.26624232554461325 0.7500059395129726 -0.00010894834765104057 0.0004167017249094444 -1.529777528034032e-05 0.0003470758716392014 1.0
0.06320898733671497 0.2793304077409893 0.7638128477302703 -4.426003494519601e-06 -1.3758144545933675e-06 -1.3946345988298397e-05 1.843174110546017e-05 0.0 -0.01899671011342224 0.2669183522860824 0.7501205796844225 -0.00032794216179853384 0.0006301581644945392 9.641113072870859e-05 0.0007443841268774198 1.0
0.06320888062379869 0.27933205556210144 0.7638055350880603 -1.9003773738216216e-06 -2.5464685086153863e-07 -1.5033028312153084e-05 5.518496366138716e-06 0.0 -0.0191754663157643 0.26725051731696337 0.7502958684404336 -0.0002372320441077154 0.00038477930945433246 0.00018443912263318486 0.0004391166719548041 1.0
0.06320246476730776 0.27933326833882094 0.7637947438355143 -2.1150169885779055e-06 2.218867190202861e-06 -1.7448174385827345e-05 1.401527973291145e-05 0.0 -0.01948606299145626 0.2679401349741448 0.7508621907421654 -0.000288728934375518 0.0005906055851166266 0.0005335253531079901 0.0009254423361081473 1.0
0.06319993567102178 0.27933524039401475 0.7637889323100302 -2.6153898883770374e-06 4.007975636893371e-06 -2.500572263732271e-06 6.60927469607111e-06 0.0 -0.019559361417686962 0.2681935885343641 0.7511744378045357 -9.277667517808509e-05 0.00031903952975876265 0.0004129517271892737 0.0004324275244750958 1.0
0.06319372945308416 0.2793351566000682 0.7637707474499342 -4.371200865551252e-06 -3.6057895020370896e-07 -1.5726522330656156e-05 1.879124195405252e-05 0.0 -0.019422119730296908 0.2685427303498598 0.7518462904945078 0.00014994743837956322 0.000309714228238045 0.0006237105256743218 0.0007397502821404539 1.0
0.06319276721383942 0.27933621672541786 0.7637660065689909 -1.4399849610456006e-06 -8.213350076018043e-07 -8.084034461593795e-06 5.664330183624371e-06 0.0 -0.01917527262334575 0.26868782618150544 0.7523512036108113 0.00028775637787088054 0.00015623958363898105 0.0005296630075525153 0.000605631257308227 1.0
0.06319210692217742 0.27933791581426737 0.7637579177847562 -9.756566717373793e-07 1.247837863418291e-06 -7.178493097954722e-06 7.335830881430841e-06 0.0 -0.01885450462483657 0.2687726754567842 0.7528898222163857 0.0003487610949330397 5.801763836659949e-05 0.0005100013670751804 0.0006201946576715682 1.0
0.06319165337590203 0.2793427253423331 0.7637501978301733 3.1656076486364246e-07 5.411942669833859e-06 -7.263178928895061e-06 9.667950564312312e-06 0.0 -0.01837239141007136 0.2687250803940949 0.753477419595656 0.00045577471301551115 -2.6252354442116057e-05 0.0005618307206972639 0.0007663251642079656 1.0
0.0631925238731284 0.2793454923348169 0.7637396271769621 6.467932495390864e-07 3.7056199686575315e-06 -8.958785616352024e-06 1.1081516010666678e-05 0.0 -0.01662382202925793 0.2678118956524435 0.7546948779712624 0.001573259298866009 -0.0008137819732446211 0.001130143706983579 0.0022982920284390015 1.0
0.06319084875855767 0.2793430548505768 0.7637392646807492 -1.7306333563423587e-06 -1.5688455940863458e-06 -2.5580903869862036e-06 2.9969814380719437e-06 0.0 -0.015560488235187023 0.26694526642484384 0.7552781745842396 0.0013180644584405586 -0.0009721424873934134 0.0007806842845314817 0.001558522080435169 1.0
0.06318834862861507 0.27934051105827246 0.7637274198657041 -2.7751675317584182e-06 -3.599953263171546e-06 -9.563754243206931e-06 1.1595653379205144e-05 0.0 -0.014492600702753142 0.26584979920894586 0.7559676077893965 0.0011218191917635551 -0.0011692224804101385 0.0006516062298554457 0.0015887349015405484 1.0
0.06318473412814642 0.27934396723253746 0.7636985059832964 -4.2413533614322336e-06 1.4640424136812532e-06 -2.7626339935769755e-05 3.014893486441593e-05 0.0 -0.011917168736081622 0.26203904217348845 0.7569225232451372 0.0022722206901291168 -0.0034271502311536144 0.0008751098015080583 0.004692383801939223 1.0
0.06318226640825854 0.27935806072685415 0.7636724445172539 -2.658906723088415e-06 1.3402167986808593e-05 -2.9060415739719275e-05 2.997051814575152e-05 0.0 -0.010029110763656469 0.2596450029562184 0.7574620853977921 0.0020762055225641766 -0.0029291900452119465 0.0005748499953043309 0.0032488409162336304 1.0
0.06317158392381444 0.2793572496589067 0.7636414392161511 -9.363391636457575e-06 4.200764045353578e-06 -3.2881084601917275e-05 3.200169379264048e-05 0.0 -0.007941781607352084 0.25762256257916405 0.7577907783511647 0.002095436393960873 -0.002132236197413117 0.0003342351362169705 0.002773481596511693 1.0
0.0631664182548972 0.2793696013350319 0.7636080581194966 -6.660839982579408e-06 1.039529456051827e-05 -3.322779962463633e-05 3.593840693247415e-05 0.0 -0.004932734921908285 0.25419501889511603 0.7583436810706796 0.002884060425025223 -0.0029886197905067595 0.0004861337478038692 0.00455142576044395 1.0
0.06316500621255954 0.2793788515516065 0.7635896891692775 -1.8627912267793634e-06 9.115952985323755e-06 -1.9136200524030006e-05 2.14272979172285e-05 0.0 -0.0037057344256022084 0.25258298949083663 0.7584442465535395 0.0015925105110344158 -0.001816453577291019 0.000187836662656693 0.002231006643835303 1.0
0.06316362584445064 0.27937975414561383 0.7635521909415801 -3.5993213381752796e-07 1.360559689264313e-06 -3.0827928051250725e-05 3.665859878049661e-05 0.0 -0.0009010723314881649 0.2501037857357617 0.7582137242960888 0.002318217291355977 -0.002146493899085205 -0.00025277887576565243 0.003583156092383653 1.0
0.0631658926881917 0.2793632089860485 0.7635510030310743 2.806006478034836e-06 -1.531439818795871e-05 -7.657536408469114e-06 1.7701112422248457e-05 0.0 0.0009504231586228336 0.24914788754488204 0.7577345029189181 0.002022852031356542 -0.0012252110542817166 -0.0004839487621418312 0.0021866613997886123 1.0
0.06316146278999962 0.2793746846630597 0.763522230717127 -2.80838697278533e-06 4.509081826971536e-06 -2.2625692263165955e-05 3.035647070027956e-05 0.0 0.0011809036990773096 0.24835005994167167 0.7569899639478291 0.0005277846074199964 -0.0008222216324253564 -0.0007605665497709627 0.0011420066252399972 1.0
0.06316157267835026 0.27937215833335727 0.7634915706499056 -1.715733940254257e-06 1.2894380260309281e-06 -3.078982181109523e-05 3.128666909001555e-05 0.0 0.0011209811939127579 0.24786530230409118 0.7569022628141512 -0.00033602853656031044 -0.0002629252879742688 -0.00025475186259667313 0.00044559360478017753 1.0
0.06316324072219262 0.27936080048548534 0.7634883858845833 2.9727673953740524e-07 -8.838552332131533e-06 -1.063196213242311e-05 1.2079676156113874e-05 0.0 0.0008342175768588098 0.2475937307164969 0.7571616100282816 -0.0004688788128934479 -0.00028403161083883494 0.00032504188442326865 0.0004822857133330513 1.0
0.0631602987652332 0.2793605709196825 0.7634652890252943 -1.5016970198115616e-06 -1.442315606702664e-06 -1.850596605552604e-05 2.2427040245196445e-05 0.0 0.00030097031731859947 0.24716793729585654 0.7575625916048571 -0.0005392697562089325 -0.0005132264347748132 0.0005827769016657899 0.000862388265645542 1.0
0.06316087868746038 0.279359917950779 0.7634382703404815 1.611447387000341e-07 -1.1860493780356638e-06 -2.5488170233384074e-05 2.762930529164437e-05 0.0 -6.081742413298753e-05 0.24671692253229044 0.7579533483645159 -0.00035630944377035073 -0.0004591398678030277 0.00047238793330764536 0.0006241244555751637 1.0
0.06316112031786729 0.27935823461199466 0.7634231487521322 3.9021112145330735e-07 -1.9370575057050583e-06 -1.881225384950083e-05 1.6002417746884113e-05 0.0 -0.00017291408719935934 0.24644875095955746 0.7581443681567616 0.00014190853079373063 -0.00043582163807271606 0.00017849641045176938 0.00036052742198357723 1.0
0.0631637852974816 0.2793488439206207 0.7634108941059484 2.472508123646544e-06 -7.938736494389876e-06 -1.0933141738920068e-05 1.4136390920149992e-05 0.0 -0.00017049500661270325 0.2461846634816859 0.7581799923383967 3.831822243034744e-05 -0.00018359520060238317 -7.805287603486206e-05 0.0002587994069158518 1.0
0.06316895155797937 0.27934734121536225 0.7634124372703901 4.872311835226739e-06 -1.919091044195335e-06 -1.1794511450453718e-06 6.222367752732972e-06 0.0 -0.00010460488085613597 0.2460110096460919 0.758102141913544 3.4719821784760796e-05 -0.00016104806971758414 -0.00017780944559814 0.000224091426905802 1.0
0.06317434284406581 0.27933259665574267 0.7633822301718743 6.4110962830051894e-06 -1.4564730366492533e-05 -2.1662734508247973e-05 3.4158556756915386e-05 0.0 -1.0262003762354932e-05 0.2456567708599343 0.7577271399399936 0.00010175380587791795 -0.00027912200099314743 -0.00033687206983395036 0.0005227847488856834 1.0
0.06318038410638299 0.27933198653864516 0.7633707763404731 6.1516750905076285e-06 -4.130089576302685e-06 -1.5504477105245417e-05 1.3777655756228893e-05 0.0 9.055667380055092e-05 0.24542340408397667 0.7573647983073776 5.978403458501237e-05 -0.0002627331011250606 -0.00037771235586372883 0.00044095785335790687 1.0
0.06318816362352607 0.2793319193742102 0.763359482587934 7.10181012740721e-06 1.8352546106808835e-06 -1.522342627511582e-05 1.2175698425909064e-05 0.0 0.00019506344582535633 0.2453010231178246 0.7570690440791056 5.608004966431256e-05 -0.0001705152051509555 -0.0002969960355029433 0.00032502771094451905 1.0
0.06319006772811953 0.27932586321850633 0.7633556703880391 2.8643150311814364e-06 -3.455131746818398e-06 -4.486887549672382e-06 7.839204832752045e-06 0.0 0.0003504436555410095 0.2453357337461366 0.7568210611548288 0.0001429131314252774 3.061902135863422e-05 -0.00021805014953959844 0.00029475388920852444 1.0
0.06319500622377827 0.2793336012404858 0.7633376726177699 3.5929770436294365e-06 5.497927476963578e-06 -1.2470038222031176e-05 2.0578431678481252e-05 0.0 0.0008917862219747218 0.24525914061836154 0.756437567178453 0.0005025447876826114 -4.1027778666961e-06 -0.0003247275715996913 0.0006733155411062062 1.0
0.06319281628107909 0.2793264834951928 0.7633310651045351 -1.3984092797549724e-06 -4.497961591350929e-06 -8.072555708245237e-06 1.0639699936382912e-05 0.0 0.0011370692775660297 0.24515256099788835 0.756207932897594 0.0003521776979375794 -9.423387369390988e-05 -0.00024874345880439243 0.0003720248884833487 1.0
0.06319482479377712 0.2793259188668895 0.7633278103850991 7.320080646744076e-07 -2.5629419089593474e-06 -4.260654139467072e-06 2.4278301427924596e-06 0.0 0.001390184784315512 0.24495409247039615 0.7560788511160235 0.0002602006615280851 -0.00021606561038205578 -0.00015019523896666015 0.0003150662461481689 1.0
0.06319565809486302 0.2793238933645385 0.7633194073298398 1.1146111893244409e-06 -3.276880213009525e-06 -8.949326898179579e-06 9.102601268075366e-06 0.0 0.0018672420876137538 0.24446418866260297 0.7558768468209 0.0004075966437420763 -0.0005036800905103687 -0.00019035765907189406 0.0007166230097893107 1.0
0.06318887999023096 0.2793150536205601 0.7633128855993409 -5.072357617960261e-06 -7.004026632414177e-06 -5.175596883570527e-06 1.3406185438026507e-05 0.0 0.0025044409449005265 0.244638457366453 0.7554265080798468 0.0006078787882855916 3.125710531220148e-05 -0.0004051459151959344 0.0008244603250931252 1.0
0.06318514394881203 0.27931432870585965 0.7632676831144614 -4.830601847376646e-06 -2.81777848871019e-06 -3.990060712655281e-05 4.514069725153531e-05 0.0 0.003360096595246791 0.24515988861638416 0.7546642632206567 0.0008661274263286188 0.0005500407192998233 -0.0007595364149080579 0.0012427616493345167 1.0
0.06318470045440258 0.2793151985808577 0.7632406774068493 -1.5812325309680403e-06 1.157919347156387e-06 -3.54889456379343e-05 2.7519185538180508e-05 0.0 0.004341379020041487 0.24579642539077634 0.7536736979391667 0.0010397219616905859 0.0007731700264850058 -0.0010508684397329785 0.001527098623365746 1.0
0.06318490214967853 0.2793128383640183 0.7632088235505061 9.565209612464122e-07 -3.182171394797571e-08 -3.423839634339539e-05 3.062478791030858e-05 0.0 0.005435961774786088 0.24631896093724917 0.7528965624541614 0.0011320158811910636 0.0006242953744755316 -0.0008910595598786535 0.0014530915899801395 1.0
0.06319358751620062 0.27930764126923924 0.7631896537147315 8.228334747657753e-06 -5.423710587230302e-06 -1.837495636028002e-05 2.231098714492414e-05 0.0 0.006454775721822217 0.24639789822194996 0.7524055374050131 0.0010048491999523732 0.00010442186190809123 -0.0004899098573718707 0.0011232701970168091 1.0
0.06319153808995838 0.27930429824004344 0.7631627295049446 1.4706672356113706e-06 -4.038048460956051e-06 -2.0987113843924638e-05 2.7538671471079788e-05 0.0 0.0070968637919243 0.24621888480171691 0.7524706144690323 0.00066225476875545 -0.00031457789618373065 0.00011154402523776198 0.0006674510559332917 1.0
0.06318611594607434 0.27931655898202845 0.7631263021624827 -6.0170081702204055e-06 9.055319145248042e-06 -3.316343350639043e-05 3.8962081523624884e-05 0.0 0.007294386160788806 0.24591472899107478 0.7526859355691304 0.00018086813413752952 -0.0004460459889576965 0.0003538590195376712 0.000430725417949732 1.0
0.06318863442972836 0.2793253330792081 0.7631104609362624 -1.3094545195479185e-06 1.1283367981526798e-05 -2.172596967582489e-05 1.8097732810833133e-05 0.0 0.007351332366670894 0.24589228754308026 0.7527583575560265 -4.43100962745351e-05 -6.788888875667567e-05 0.00016822814928909452 9.878249082116404e-05 1.0
0.06319342054778543 0.2793315639040747 0.7630916694765822 4.531486130676896e-06 9.097994387003706e-06 -2.024614251600446e-05 1.9680426795102936e-05 0.0 0.007766300164355326 0.24605096083998673 0.7526114397570886 0.0003013377986435966 0.0002318057582082083 -0.00018305705798783532 0.00045616419035440423 1.0
0.06319130176623833 0.27932243630030895 0.7630865796799207 5.717814791874433e-07 -7.503246374433807e-06 -4.06186115859032e-06 1.1110634921655474e-05 0.0 0.007787787602900167 0.24611853811824694 0.752367654031297 0.00015959504066978515 0.00021328640594639112 -0.000373290585164812 0.00027103228228929094 1.0
0.06317637450277117 0.2792727865270311 0.7630376645877803 -1.2575121896799797e-05 -4.818635096715246e-05 -4.003962632273662e-05 7.114452539354105e-05 0.0 0.0077907434786955625 0.24621997087181088 0.7518560493956792 7.676871693749988e-05 0.00013696289041177222 -0.0005660286848306842 0.0005002796013222968 1.0
0.06319463755362974 0.2792332618498756 0.7629968661964327 1.1214236310387573e-05 -4.986941666063005e-05 -4.651528352626594e-05 6.146576724286459e-05 0.0 0.00789871931077436 0.2460364373486052 0.7517115996356531 9.445194748101808e-05 -0.00019248334716876598 -0.00023204048210842163 0.00026830330631391966 1.0
0.06320166077434647 0.27922381323440254 0.7629893459941981 1.0100746477608945e-05 -1.6660086281337184e-05 -1.844610943334313e-05 1.1945583183204404e-05 0.0 0.007992642968801714 0.24600762413598576 0.7515827148743116 6.66015042396224e-05 -0.0001459376674820915 -4.089433501625609e-05 0.00015631285215258963 1.0
0.06320679801448079 0.2792189422194083 0.7629812982326553 7.94042815306748e-06 2.728055327957464e-06 -4.140590063893272e-06 9.207950185107223e-06 0.0 0.008023484188309915 0.24595082040578625 0.7515402235064294 2.3714031006216458e-05 -8.538477422688994e-05 3.28090135338799e-05 8.353602015619425e-05 1.0
0.06320808555698809 0.2792060699553763 0.7629730909758314 2.533514921483981e-06 -2.588640038108741e-06 -1.690033240394804e-09 1.7826539824335767e-05 0.0 0.008047105749960717 0.24588170232609996 0.7516064569818325 3.791800151383426e-05 -2.928749324746313e-05 9.022708358683891e-05 9.573509349991403e-05 1.0
0.06320953536224282 0.27919964331815567 0.7629713287119342 -9.689559923104359e-07 -5.176090485197781e-06 1.3905436872003617e-07 8.193038561291703e-06 0.0 0.00875546621002961 0.24625346295226716 0.751651687061994 0.00062428800461297 0.0003408344388987297 5.0486461929380317e-05 0.000802519752823538 1.0
0.06320458411296957 0.2791911968541862 0.7629608628355113 -6.844078592768139e-06 -1.2550462856006398e-05 -1.0694669751971008e-05 1.1369522308207605e-05 0.0 0.010322164437965941 0.2469680281392277 0.7517861007608377 0.0015053693283616323 0.0007319990448072337 9.307374407458363e-05 0.0017300421726574393 1.0
0.0631909224166878 0.2791853269187094 0.7629520357652493 -1.3363097731777648e-05 -1.185644753541128e-05 -1.566649838203535e-05 1.787913040845605e-05 0.0 0.010525609882026282 0.24695375277646606 0.7518459234984323 0.0006052495362121734 0.00018446163202926846 4.852264266998175e-05 0.00023989073063402847 1.0
0.06318562724098437 0.2791804225096197 0.7629539361715691 -5.504236978639347e-06 -4.1980600321399675e-06 -1.396192201774595e-07 8.477650903715198e-06 0.0 0.01045570871847529 0.24681758698340012 0.751814955065626 -0.00010602967383251669 -0.00019849293838616 -9.802156522777756e-06 7.086516151140189e-05 1.0
0.06318005730363103 0.27917751061508816 0.7629549749442563 -5.844213407890057e-06 -5.230466643518615e-07 4.663203204602422e-06 5.476017431116371e-06 0.0 0.010422638808378532 0.24682368465687857 0.7518384443388512 -0.000304125257635312 -0.00014733957569492545 -1.3839082735483341e-05 9.304786893969024e-05 1.0
0.06317657798753913 0.2791775324279761 0.76294474104628 -2.3269944175950554e-06 7.892366859376765e-09 -7.29169197708802e-06 1.0972030816221375e-05 0.0 0.010482680623978138 0.24686306919486728 0.7518753599624034 -0.0001257171067344593 -3.3077900481682366e-05 3.05252380473419e-05 0.0001230707455719493 1.0
0.06317064691531743 0.2791841960862581 0.762949572866611 -4.222087258364234e-06 5.699330577794523e-06 1.5686359694813968e-06 1.0793649703136151e-05 0.0 0.01058917515183736 0.24689597356731363 0.7518485301280348 0.0001560314962452961 8.554219837935702e-05 -2.7425498313550013e-06 7.850603019676338e-05 1.0
0.06315590904047866 0.27917552112199473 0.7629437040505819 -1.3478376479270565e-05 -5.056865670481887e-06 -4.172059102774106e-06 1.7444505512162685e-05 0.0 0.010645334624758208 0.2469124282740437 0.7515854694810365 0.00026966046780541953 0.00012694905599245864 -0.00022439253619696835 0.00023934401236457543 1.0
0.06312130764638318 0.2791299537945261 0.7629091037179893 -3.443523051613935e-05 -4.2152005956256686e-05 -3.175321883350871e-05 6.650997257035483e-05 0.0 0.010664661785325096 0.24685531091739135 0.7513104342022362 0.00011901048882239935 -2.0076278572219168e-05 -0.0003041125975406135 0.0003200593820439551 1.0
0.06307633774200429 0.2790663451162664 0.7628562128128732 -4.824560279478139e-05 -6.840911734133397e-05 -5.455381367841902e-05 9.558337034064645e-05 0.0 0.010625530796372209 0.2467589924685088 0.7511682548503615 -0.00014761754077929185 -0.0001694349739529439 -0.000201822782574806 0.00016286745209674863 1.0
0.06304209495345363 0.2790183233916377 0.7628026664188944 -3.900652973379233e-05 -5.807140569478899e-05 -5.910046295961788e-05 7.909620331929439e-05 0.0 0.01057049604451589 0.2467211657131029 0.7510728762196873 -9.790431356554709e-05 -7.305221530357903e-05 -8.705586938093271e-05 0.00011456085342674926 1.0
0.06301827331631074 0.27899185665094833 0.7627773807501997 -2.4052198209588424e-05 -2.859566740611897e-05 -3.1935753246442655e-05 4.221770267626207e-05 0.0 0.010547710365285021 0.24667685718948082 0.7513437453242509 -3.466435962530961e-05 -2.8064672717381645e-05 0.00027278402328507405 0.000277323993881263 1.0
0.0630089581228626 0.27897335514410515 0.7627753257286769 -5.813675268900271e-06 -9.801780346465749e-06 1.2123541395918187e-06 2.123188928104293e-05 0.0 0.01051567298311726 0.24657781768646134 0.7515763433287316 -1.4057570286171372e-05 -7.452361355221688e-05 0.0003196328656826316 0.00026453727278845656 1.0
0.06299931488355666 0.278956457271497 0.7627703957413239 -3.6182954049451435e-06 -7.766992122317448e-06 7.635333371549376e-06 2.1511270125768824e-05 0.0 0.010482241471915706 0.2465231995479397 0.7516507770946197 -1.81779653987124e-05 -5.9465281205425164e-05 0.00012267172258571086 8.950006746623614e-05 1.0
0.0629635696568017 0.2789360640666354 0.7627635849326623 -3.079673223326833e-05 -1.919542792400221e-05 -2.8795828305250047e-06 4.1547778775578436e-05 0.0 0.01043866279924336 0.24645855123999777 0.7518519752351147 -3.988911551608812e-05 -6.575579567692042e-05 0.00012335162862101075 0.0002067933938270584 1.0
0.06293844651749599 0.2789244251293992 0.7627633847852993 -3.3578534543153416e-05 -1.897967882471599e-05 -6.105778854695118e-06 2.7609438588335178e-05 0.0 0.01043348145352649 0.24644516328419414 0.7519983507452637 -1.5714964008075473e-05 -2.6205163951479834e-05 0.00011314452781305544 0.000161987663738067 1.0
0.06290710829691332 0.2789101051627534 0.7627692827003264 -3.5228710794346696e-05 -1.7243281774994028e-05 -2.2526014346511102e-07 3.341021320185226e-05 0.0 0.010477489196433024 0.24642388012075786 0.7521480944276913 3.5188245816306386e-05 -1.1931333202095436e-05 0.00013598511989650232 0.00015496165622490098 1.0
0.06284882118042195 0.2788873336126312 0.7627745271970229 -5.470326262173902e-05 -2.0879905201122935e-05 4.818217769978347e-06 6.337021600657394e-05 0.0 0.01050355401549192 0.24643562218703843 0.7522075973979229 3.9730002623007125e-05 1.730720021406267e-05 8.356285083500087e-05 6.032343960161589e-05 1.0
0.06280253184529747 0.27886719210849065 0.7628049439791406 -4.955723958166461e-05 -2.0417971104507034e-05 2.969974585729736e-05 6.055011248846664e-05 0.0 0.010502827397413105 0.2464253171947552 0.7522506298884477 9.909897834298047e-06 -6.505927732500122e-06 6.214601411183918e-05 4.4780049498554074e-05 1.0
0.06271860163172728 0.27881359842010817 0.762844743868506 -7.774085257836118e-05 -4.9446670142538074e-05 4.319512583595972e-05 0.00010546680703098766 0.0 0.010509282621179564 0.24641908678626337 0.7522819971411149 -3.732253736773394e-06 -1.3988086280838752e-05 1.2100877994707614e-05 3.731178112643886e-05 1.0
0.0625901740221371 0.2787607553943267 0.7629204559737081 -0.00012616390016254297 -5.7764416448780637e-05 7.36720794657947e-05 0.0001586452670470844 0.0 0.010531594556328483 0.24642717563641195 0.7523074490881314 9.879259379739202e-06 3.26767105466917e-06 1.4856303283924526e-05 3.21669246367525e-05 1.0
0.06249188234018836 0.27871471858995117 0.762971427539725 -0.00011234640192378653 -5.0271472169449136e-05 5.999134026225347e-05 0.00012167374308969847 0.0 0.010529747449571419 0.2464242046053553 0.7523387402707346 7.363246363555726e-07 -2.3997055364682803e-06 4.5629361191394874e-05 3.2421895001822105e-05 1.0
0.06229046184167564 0.2786115825694487 0.7630349946932138 -0.00018579557537197412 -9.283259810943914e-05 6.08171290415749e-05 0.00023053960828904263 0.0 0.01053816042252211 0.24643234571929726 0.7523472425728482 1.1752511162107974e-05 9.447546962708903e-06 1.7624363726628073e-05 1.2529010111181344e-05 1.0
0.061999266839173464 0.27845823190647956 0.7630750419658443 -0.00028726669991294905 -0.000150801428145098 3.945203432183602e-05 0.0003355142304080105 0.0 0.010544629742222653 0.24643514265509872 0.7523595300155687 1.0708679906423618e-05 4.525527107431374e-06 1.2944754921619957e-05 1.5206648542518845e-05 1.0
0.06137823894638682 0.2780119494156875 0.7631847703847381 -0.0005941402561520402 -0.00041653125275247806 9.365699009039979e-05 0.0007704892151792618 0.0 0.010548702913362582 0.24643797623620972 0.752366126143877 2.288321463102837e-06 4.305230569365635e-06 5.578878063088716e-07 8.612373090384668e-06 1.0
0.06015502212578124 0.27667633656212115 0.7629374589054646 -0.0011930494565547693 -0.0012575234158919099 -0.00018914851106575098 0.0018267481529965189 0.0 0.010548363874006556 0.2464404364798976 0.7523750255156699 -1.5016645984957956e-06 -2.590550487733777e-08 7.187799946610069e-06 9.279696896684773e-06 1.0
0.05882267459009954 0.27510760390388944 0.7626510509260775 -0.001437628974213118 -0.0016948377970923772 -0.00032151868360195924 0.002097219059030872 0.0 0.010562075285429082 0.24645998310882586 0.7523699337868729 1.2421267995738569e-05 1.7220730748301145e-05 -2.7015218387366443e-06 2.3931901300394837e-05 1.0
0.057018279901988135 0.2728115615392582 0.7619004070891957 -0.001811979787360675 -0.0023242144109430806 -0.0007300184134894184 0.002981932449585377 0.0 0.010572356539572633 0.246482204973751 0.7523572459147857 1.2827619500304927e-05 2.4814380382685785e-05 -1.2062651850612829e-05 2.8000826947842508e-05 1.0
0.0552227885362913 0.2705505824205333 0.7614498482567278 -0.0018354138744868785 -0.0023647932398328754 -0.0005694566185133461 0.0029421950330174975 0.0 0.010573443394249723 0.24649498768178307 0.7523499319300387 2.1877601641070298e-06 1.6155178793556353e-05 -1.0027666990001378e-05 1.471191460286748e-05 1.0
0.05278535209861198 0.2672664609628728 0.7607391623788236 -0.002324270974614931 -0.0031186866944691123 -0.0006604832903460307 0.004132784731779533 0.0 0.010576601227097915 0.24649385316220856 0.7523453617474627 2.513007276878352e-06 6.933111740229041e-07 -6.460558260865079e-06 4.918986582541278e-06 1.0
0.05060236231268145 0.26459902043219075 0.760466782617022 -0.0022470236860805243 -0.0027936353381003256 -0.0003011286197441621 0.0035031426923853685 0.0 0.01057040592211578 0.2464847787870515 0.7523533816563444 -6.683676258007529e-06 -1.2961409638902233e-05 8.666541312724091e-06 1.4068340879266244e-05 1.0
0.04818173307640999 0.26185842807827525 0.7601948922478619 -0.002393257275980085 -0.002691474943780787 -0.00018721654366818407 0.0036110176974919446 0.0 0.010602960129384225 0.24641617853573003 0.7524535146199614 2.491250187446588e-05 -6.478234404549293e-05 9.075666958382466e-05 0.0001254599556868636 1.0
0.04617638861703645 0.25975433282413846 0.7600893931732378 -0.0020662078600793845 -0.0021272961469524045 -8.575946192332506e-05 0.002937850974901123 0.0 0.011087311212781743 0.24644251974674833 0.7527745707438038 0.00042550042014697167 3.9508527841018925e-06 0.00030487282817744647 0.0005803833304779266 1.0
0.04338014289808387 0.25724288679278057 0.7602985479572374 -0.0025998776482496076 -0.0022920093514568664 0.00018653999147812087 0.0037432175469462948 0.0 0.012497642774540643 0.2472611006676787 0.752713311006164 0.0013496479033764895 0.0007160622435687289 3.35614966459703e-05 0.001633138336583363 1.0
0.04125274892670442 0.2555217115541916 0.7604503963241364 -0.002281726015669088 -0.001828213776625353 0.00017256343509795266 0.002802480883612927 0.0 0.013965983211800348 0.248328545631757 0.7524789838552698 0.0016463595048258016 0.0011580655341828223 -0.00023912464872768855 0.0018480865643950776 1.0
0.03954319666086216 0.2543794628991134 0.760687075202496 -0.0017643368215011664 -0.0011983351931637068 0.0002386737450390796 0.0019973460846166202 0.0 0.014391419019102014 0.24869421956328375 0.7523830076188684 0.0006900171777313883 0.0006017426415652917 -0.00019552271956069554 0.0005530341307051664 1.0
0.03796227830981847 0.2533843259660197 0.7607863490881563 -0.0015230571394620803 -0.0009680675110113044 8.576376883486707e-05 0.0018791064915143658 0.0 0.014382603280821386 0.24870887259723967 0.7524117442644551 -0.00013221073005475966 -8.906101248079215e-06 -1.8703616179931745e-05 0.0 1.0
0.03713663261498687 0.252850409761433 0.7606832057272953 -0.0008090752661107006 -0.0004846516154969876 -9.641220194511323e-05 0.0010262750898826492 0.0 0.01425827620212922 0.24868056160268803 0.7523629988015049 -0.0004221193625241239 -0.000237550713952486 1.124941319165024e-05 0.00018040703842498959 1.0
0.03621387903643996 0.2522386608088295 0.7603531349763286 -0.0007965251016243324 -0.0005640999694438631 -0.0003683011592693829 0.001140268160067833 0.0 0.014195310568404198 0.2486658824425968 0.7523426568055509 -0.00023189181571921116 -0.00016504430378246968 3.4571885075732e-05 0.00010835344417786538 1.0
0.03572968483155745 0.2518577007267325 0.7600615674485066 -0.0005298347716390633 -0.0004440509894514033 -0.00034755406509344124 0.0006720667345718086 0.0 0.014175947055722466 0.2486524926727234 0.7523534443435008 8.127440544605926e-05 2.303183930240174e-05 2.364891403843763e-05 0.0 1.0
0.03537853478513334 0.2514717824022582 0.7597305978671373 -0.0004320745185387312 -0.0004648032171874696 -0.00031985242024778836 0.0006248158339690175 0.0 0.014180649877212076 0.2486536834765974 0.7523629173245797 0.00021407755289066285 0.00015017511439366783 -3.169529074581001e-05 0.0 1.0
0.03518397993813292 0.25114816388575534 0.7593576662222612 -0.00018200980357781964 -0.000310428307890315 -0.00034191847781557864 0.0005263641072447002 0.0 0.014169225419372933 0.24864216340968018 0.7523738447996458 6.415906512983929e-05 5.299747424891699e-05 -3.6191115349841772e-06 4.6306736662857966e-05 1.0
0.035153420420312394 0.25091565400672633 0.7590041817977864 -4.7067566745735874e-05 -0.0002325900808813619 -0.00032052719533048565 0.0004249413360870283 0.0 0.01416904112630387 0.24864778308831997 0.752369993289895 -6.556893965947567e-05 -4.024222366092443e-05 1.1269149987906728e-05 9.953036017697333e-06 1.0
0.0351687784641443 0.2506680353158492 0.7585828908904517 2.1462412279425963e-05 -0.00023320860795650604 -0.00040457972668971905 0.0004958447016508182 0.0 0.014171414143251883 0.2486472976539118 0.7523670177952712 -3.743394222533396e-05 -2.448114860632264e-05 -8.243915633579681e-07 0.0 1.0
0.0352879602950004 0.2503906171417813 0.7580768310130447 0.00013329134078588433 -0.00025142953525086377 -0.0005132423258527949 0.0005791428450289901 0.0 0.014163048207968945 0.2486451834051464 0.7523551430343781 -2.0062170394717845e-05 -5.2879956814210956e-06 -2.075967905773718e-05 1.617946675646476e-05 1.0
0.03536028882637204 0.2500679066026529 0.7576025131449718 6.157520985992156e-05 -0.00033539839360288394 -0.0005080506903597877 0.0005893664134616055 0.0 0.014166767232988367 0.24864456939284532 0.7523454431362987 3.977908301057285e-06 -1.0156480958109042e-06 -9.478588227012827e-06 1.1502703562290742e-05 1.0
0.035426620336036885 0.2497084990830382 0.7570852213256116 7.365933042406995e-05 -0.00036181282118452043 -0.0005118336980335251 0.0006234333332565535 0.0 0.014161485603722676 0.2486450456363101 0.7523311994447046 -3.1734924939899714e-07 -1.2194600616647318e-07 -1.0946603664478658e-05 1.4534070734841954e-05 1.0
0.03540115627189736 0.24922704080972463 0.7564108267865773 -3.026772042389952e-05 -0.00048276697524279167 -0.0006523734489309849 0.0008300496898120456 0.0 0.014157909195740014 0.24864922235167733 0.7523221599417103 -3.0152805976305114e-06 4.14563462077563e-06 -8.998119769244228e-06 1.0301077489248764e-05 1.0
0.03534530736299048 0.24873904218983509 0.755729480011112 -6.94571466675256e-05 -0.0005012142238479222 -0.0006970820963684982 0.0008492460644821059 0.0 0.014160233043804813 0.24865690294813075 0.752311621603186 1.2955838530572926e-07 7.471756515741934e-06 -9.159686820774107e-06 1.3529421621394614e-05 1.0
0.03529147547055493 0.24833026078075893 0.7551322008565139 -6.35880296905476e-05 -0.00042228160038334297 -0.0006223128007188164 0.0007191959686353973 0.0 0.014165560826865676 0.2486636580777452 0.7523052246683472 6.590620645172442e-06 9.115302006020628e-06 -7.006251642497117e-06 1.0890376271572848e-05 1.0
0.035083415892718815 0.24774934355301995 0.754464345957223 -0.0001826448331465965 -0.0005394788422447385 -0.0006497458957726975 0.0009007575915041062 0.0 0.014172125170199838 0.2486717535176182 0.7522984320029339 7.538360373388921e-06 7.5490185257046325e-06 -5.965538122888028e-06 1.2138764267121643e-05 1.0
0.03486450877114151 0.24722838349429457 0.7538962039174973 -0.00022223403690378247 -0.0005313971264760584 -0.0005701588454872028 0.0008176503910306708 0.0 0.014175571490060847 0.2486784497978893 0.7522966140768574 4.208063936795985e-06 6.405658957963429e-06 -2.786643419844721e-06 7.995199224980802e-06 1.0
0.03455147968755097 0.24663280879393543 0.7533895094967086 -0.00031209214092929615 -0.0005885510048778755 -0.0004922452586265852 0.0008349892759655804 0.0 0.014184140252054769 0.24868535604497533 0.7522928490189982 7.807330531516713e-06 6.2812791653515695e-06 -2.9713499364011494e-06 1.1308255477672084e-05 1.0
0.03435542438949136 0.24625992566425284 0.7530934008758685 -0.00022413998607972746 -0.00041562778455150824 -0.0003135746169880049 0.0005141805783736739 0.0 0.014190334897765517 0.24869215583154056 0.752289974760565 5.413716574150479e-06 6.4802477542296455e-06 -3.2866626905771185e-06 1.0000945219901868e-05 1.0
0.03428777580286688 0.24575115384064924 0.752764507463485 -7.302043165799512e-05 -0.0004672243433400634 -0.00029929375560295635 0.0006023904719997314 0.0 0.014200376176381408 0.2487046921031047 0.75228567575263 9.457951873143696e-06 1.1923990715231557e-05 -4.1649755984377235e-06 1.6362351091958474e-05 1.0
0.034265296850329315 0.2453543857190285 0.7524335220276505 1.6308629701619272e-05 -0.0003958952578281854 -0.0003137898445582384 0.0005322445848065239 0.0 0.014208378597665994 0.24871001819385105 0.7522783710357421 9.104830315363504e-06 7.40647532935128e-06 -7.537255330557693e-06 1.2337308966763644e-05 1.0
0.034276784627426164 0.24507812784549213 0.7521196863859303 3.9879631157924904e-05 -0.00028525971620845387 -0.0003285245120251312 0.0004124161994828267 0.0 0.014211231048271194 0.24871509538166542 0.752274068163488 3.7763536203125626e-06 4.81722909252007e-06 -5.303535444532454e-06 6.941704840333738e-06 1.0
0.03446514241576027 0.24474637169490232 0.7517625929758103 0.00016075149541371528 -0.0003195282363000617 -0.00037953222071192565 0.0005163440756852278 0.0 0.014176420238817038 0.2486879499110025 0.7522756208410076 -3.059102383716078e-05 -2.339839811156323e-05 8.025942717586728e-07 4.382571909484632e-05 1.0
0.03486736754643886 0.2443246226043207 0.7512691678508885 0.0003789867751557856 -0.00040516184621719215 -0.0004879183966251051 0.0007663965101685857 0.0 0.014152760903019332 0.24867189270302842 0.7522788637878728 -3.1592741618075997e-05 -2.282502651791906e-05 4.615794536099792e-06 3.0355255681983537e-05 1.0
0.03536422041696 0.243885452093958 0.7507482001955514 0.0005115375163853045 -0.0004615140431127995 -0.0005362070789193651 0.0008542914762823491 0.0 0.014157338354209502 0.248669241193952 0.752286600515862 -2.1820667522863864e-06 -6.735110268893892e-06 8.3061303788727e-06 8.01614413117618e-06 1.0
0.03549901783918181 0.24366160127984962 0.75043440020528 0.0002250818187461442 -0.00027169108447550863 -0.00034966421107085965 0.0003990423730207719 0.0 0.014164872206752398 0.24866114746334939 0.7523058673347065 1.2907358482071712e-05 -3.471709559146313e-06 1.8554394806748484e-05 2.1181725486168095e-05 1.0
0.03542537993705014 0.24357126012770175 0.7500888253498009 -9.443590393992562e-05 -9.753356483441889e-05 -0.00031504702406432084 0.00034979807968215347 1.0 0.014161210253473343 0.24865745629387856 0.7523117582272166 5.9467003433286406e-06 -2.8027470285427552e-08 9.082059448659061e-06 1.0137903005160826e-05 1.0
0.035321104023790725 0.2436294952937766 0.7498187101794226 -0.0002059753399060179 0.00010213253765649073 -0.00024416325454991135 0.0003148370195292521 1.0 0.01414896135783489 0.24864505998782982 0.7523135769796341 -9.941453469328394e-06 -9.788343332327329e-06 9.71822149798395e-07 1.685515668179203e-05 1.0
0.035324915768217766 0.24363361582974433 0.7495786732363685 -6.850080000851948e-05 6.781334881363109e-05 -0.00022092364446283378 0.0002459713988721856 1.0 0.014154309976884836 0.2485250359555939 0.7524647578817574 -3.2757541725580967e-06 -0.000107420176965365 0.00012745271763080906 0.00019066550974373858 1.0
0.03547279918491075 0.2434620599007601 0.7495582511252299 0.00017373836391299766 -0.00015736196919775253 -5.60897386024406e-05 0.00021461800602453333 1.0 0.013853976266915893 0.2485225453689812 0.7522424366712372 -0.00026126965426740805 -3.850105340718108e-05 -0.0001499341628127001 0.0003782958399927469 1.0
0.035517528318875315 0.24339309284661306 0.7495254760184071 0.00015882080944539732 -0.0001527759804341996 -2.163193871804718e-05 8.680021863511505e-05 1.0 0.013806213220029262 0.2485656326121067 0.7521719943322484 -0.00012332257763739634 4.096012182872987e-05 -0.0001263922112956484 9.85321482047042e-05 1.0
0.03550555401535206 0.24338718819675786 0.7494888010848193 3.1002038702514743e-05 -5.0660108927521306e-05 -1.9261753172599826e-05 4.364341221435716e-05 1.0 0.01382906756800859 0.2485606484059282 0.7521966886415318 1.529781917121489e-05 2.38995973254853e-05 -1.0767056890714457e-05 1.7673217894861234e-05 1.0
0.03553901444073168 0.2433570296155868 0.74944615613602 -2.402225497372102e-05 -8.718505658459989e-08 -3.8474706386398686e-05 6.049882512747294e-05 1.0 0.013872834924113982 0.2485575667255948 0.752241015490205 8.091386959707056e-05 5.522319240742571e-06 6.11559442139074e-05 7.10042447863955e-05 1.0
0.035564807814691055 0.24333458049490309 0.7494132283685504 -1.0922379113841043e-05 9.504137268701393e-06 -6.132716087834078e-05 5.1814494865865045e-05 1.0 0.013879777534558222 0.24855339983389774 0.7522573087661022 4.9151872282549764e-05 -1.0072522819777245e-05 5.403737359197478e-05 3.0177989802530844e-05 1.0
0.03556532538159146 0.24333511472587574 0.7493919243227543 1.5370526009945328e-06 1.3130751341768381e-05 -3.610756806937584e-05 1.8282611612962694e-05 1.0 0.013891420260565205 0.24855098525146496 0.7522663497834167 1.2348856538329424e-05 -1.6941902501066114e-05 2.6832877048087682e-05 4.963063165355203e-06 1.0
0.03555897452453214 0.24332837657489817 0.74938777181781 1.0836551355355105e-05 -1.8636066751493035e-05 -2.3704355618504413e-06 7.0031364192022156e-06 1.0 0.013902646656056231 0.2485468886643045 0.7522833042166266 -1.7562435746636564e-05 -1.2313022446502043e-05 3.289535900290766e-06 1.5004860024720365e-05 1.0
0.035568304311112964 0.24333153578879013 0.749397500209704 1.533057178030531e-05 -1.3468832793742665e-05 2.815020071369212e-05 1.7308298077911045e-05 1.0 0.013907635317734712 0.24854174852888364 0.752302114577892 -2.610446519260459e-05 7.029217320394471e-06 -1.9589018757108773e-05 2.812623324696781e-05 1.0
0.0355254026101266 0.2433668826373941 0.7494172973044919 -4.428490189110009e-05 3.943399603656024e-05 2.1240464155146308e-05 5.9291626379958724e-05 1.0 0.013909344110880805 0.24854226786323805 0.7523085229094667 1.983179117046025e-05 3.001497161550608e-06 1.992547452536061e-05 5.196475789195866e-06 1.0
0.03548314773928 0.24341416796225554 0.7494723623755669 -4.930539397003824e-05 5.326221424390359e-05 5.102854617987311e-05 8.367062254508833e-05 1.0 0.013903249915918186 0.24853920385550238 0.7523180199370437 1.4916767054546891e-06 -5.362288191112996e-06 1.7267708968020117e-05 9.645084720597406e-06 1.0
0.03538434423926398 0.24349273556204148 0.7495447238184464 -9.083413827429061e-05 7.651257683798762e-05 7.298712214155468e-05 0.00014429512814774896 1.0 0.013890184520433519 0.24853285244860213 0.7523284294428124 -1.2119352166277545e-05 -5.568168639683431e-06 1.0825198958096284e-05 1.9624222726584375e-05 0.0
0.03534477226659793 0.2435601309344639 0.7496203546047872 -5.6954434884242316e-05 7.492045093356912e-05 7.963784412534652e-05 0.00011025285056023555 1.0 0.013937050340593142 0.24852490183844148 0.7524242638098333 3.441272480742485e-05 -8.470344096574761e-06 8.146046947313265e-05 0.00010615027507862491 0.0
0.035054992695019487 0.24395407042751066 0.7495432101109201 -0.0002512698787751049 0.00034784605137579285 -5.4509652389369566e-05 0.0004892696874566347 1.0 0.014257569286326838 0.24854398313934162 0.7526967983943864 0.0002906524246758983 1.4355245197839626e-05 0.00026010357888767513 0.000420423075836073 0.0
0.03455493063541362 0.24437331428049666 0.7496590261345596 -0.0004944829779765848 0.00045586355888481254 6.427138454890614e-05 0.00067504088734254 1.0 0.0155110696900678 0.2486804455010786 0.7534599537069486 0.0011685675457979057 0.00012319474385829557 0.0007305044961456296 0.0014715801020409199 0.0
0.03437900001600373 0.24450734213018108 0.7499907636715388 -0.0002751141951448516 0.00021396645262987553 0.00030607350807006374 0.0003961040575676958 1.0 0.01696667841411515 0.248886253184604 0.7544643906046097 0.001593069783281921 0.00021637087183955838 0.001061007943817252 0.0018018685742687114 0.0
0.03443131608322428 0.24463623516924582 0.7503355281636732 3.644317193623472e-05 9.267990937183315e-05 0.0003953318813388528 0.0003533295903082345 1.0 0.018749494795419267 0.24920868927566947 0.7559067661365979 0.0018732465888906204 0.00033085819795295346 0.0014652776641910642 0.0022871685454468643 0.0
0.034685747723953206 0.24476776238504688 0.7505426113654889 0.0003153940038629665 6.771491435589059e-05 0.0002704782168625363 0.00036632400165491406 1.0 0.02002697631233518 0.24966553205104303 0.7570865551388435 0.0013889056215573498 0.000460201943262842 0.0012844790426792029 0.0018067318358964042 0.0
0.03492144181741522 0.24484147897562486 0.7507581932420917 0.0003318581619604192 5.198044236341493e-05 0.00019402573593471016 0.0003400588926806424 1.0 0.020924972263912094 0.25014784766665615 0.7580852594645016 0.0008090682831815852 0.0004985124375269621 0.0009787983826678914 0.0014194430106116871 0.0
0.035184232545157276 0.24490480297292627 0.751062268360741 0.0002771735162399203 7.647766145975987e-05 0.0002406773709862748 0.00039319722361319195 1.0 0.02135691925745733 0.25056909931740506 0.7587770394672512 0.00028121897843566166 0.00043241964777556894 0.0006154655551217654 0.0009310178600006182 0.0
0.035529526874605886 0.24511204503175726 0.751517491425848 0.0002694042086711258 0.00022764190872754837 0.00041382806046331316 0.0006055778278225209 1.0 0.021336879006606423 0.2509551021307669 0.7593221803121264 -0.0001062215049117422 0.00036925878357219787 0.00044631549528285333 0.0006667026481739092 0.0
0.03578539068342433 0.24532070924067056 0.7519445224675027 0.00022619581009559016 0.00023245293486046786 0.00048591356295745814 0.0005509084131913277 1.0 0.020983898100222102 0.25124846888076435 0.7598313629128689 -0.0003461862901270626 0.0002788582637625922 0.0004726398724841089 0.0006908038168903759 0.0
0.035933512668841316 0.2456341469358204 0.7526750682154173 0.00016465403206188253 0.0003011680876355381 0.0007288381551825958 0.0007948428239234179 1.0 0.020629215657762573 0.25127907198015903 0.7600822168843121 -0.0003648870904669646 3.957959734157755e-05 0.00031749628271769703 0.0004293367967153328 0.0
0.03509997549403991 0.24655583901476782 0.7539204530736573 -0.0007074558018957311 0.0008564757592560735 0.0012055777550739266 0.0017607697903839856 1.0 0.01989164047276407 0.2512905144056199 0.7604404176527948 -0.0006189187385377663 -2.4110727505237704e-05 0.0003801127186560361 0.0008099589717338025 0.0
0.034731231857096014 0.24751909016930962 0.7545452239654542 -0.0005818355078119176 0.0010447212232062787 0.0007905232266082452 0.0012405487873031048 1.0 0.01914426036062251 0.2512467264755521 0.7606518566196541 -0.0007487859758988655 -5.25353956711176e-05 0.00024055641256759083 0.0007918558801275634 0.0
0.03492218115833257 0.24857255127323943 0.7546724627833561 5.75713343478919e-05 0.0011031135956941383 0.00016076727247407117 0.0010277986015451489 1.0 0.0181127719275066 0.25121184691883647 0.7608842382077001 -0.0009898769613664636 -3.22283682129215e-05 0.00022857358653081625 0.001051354568318845 0.0
0.036032574766104594 0.24913174948245959 0.7552897876509601 0.0011348656000130049 0.0006350457019793964 0.0003821367794719199 0.0013886832092546949 1.0 0.017445557326467312 0.25114484345930704 0.7609779222063426 -0.0007580588940269464 -3.9548044286778e-05 0.00010500290861409963 0.0006825747498746416 0.0
0.03687656140477755 0.24894557980351906 0.7578679517626097 0.0011852977265739977 -0.00019438439862448265 0.002246448088334828 0.002754696706282703 1.0 0.016570680358531327 0.2510116100727502 0.7610453213584412 -0.0008220670145397979 -0.00010325764977199109 5.77613105183024e-05 0.0008696675506369152 0.0
0.037182874775322734 0.25058558142040854 0.7584774078272198 0.0004978747710004029 0.0011564072443382347 0.001229110706087411 0.0018103714203307007 1.0 0.015977119050089562 0.25089154276022335 0.761072089878118 -0.0006063795954122072 -0.00013232186178295107 1.5635447869499037e-05 0.0006319127930053353 0.0
0.036973401342041384 0.25498907101884033 0.7612278829986794 -0.0003356977364867986 0.004169877381634972 0.0025248889994458168 0.005063313282654183 1.0 0.01500367491929584 0.2507112855995113 0.7611117666784724 -0.0008746458321456868 -0.00019208608246978063 2.100773449452485e-05 0.0009723998050112868 0.0
0.04022154075532127 0.2569785645655039 0.7612319247150731 0.0024124998457567357 0.003022337285402862 0.0004999138503209281 0.0039708972710082 1.0 0.014624826157813945 0.2506914382821502 0.7610852515315127 -0.0005168168487537383 -4.813375564393102e-05 -4.765641548641142e-07 0.0004019157820197874 0.0
0.04679402784514024 0.2614176284607897 0.7603253837448862 0.006496656751680428 0.004200976085171136 -0.001168306372323558 0.007838673967790807 1.0 0.014113549574995892 0.25069329538566826 0.7610048533083557 -0.0004665725278160132 1.912236960798148e-05 -7.616446696035844e-05 0.0004831708160540263 0.0
0.04832711892413338 0.26338895421774006 0.761334726050699 0.003238332434322573 0.0022872133131886527 0.0002373249696820823 0.0028642935984849772 1.0 0.013999012547706998 0.2507069639789647 0.760976858582067 -0.00014776036624492852 4.028956651743612e-05 -4.2083414594608614e-05 0.00014626519882528742 0.0
0.04971149255161956 0.2653520783330929 0.7627958008280609 0.0012591850421370997 0.0014675678260394902 0.0015569341974519752 0.0025727470538294247 1.0 0.013942898609137194 0.2507378543760146 0.7609598353213367 1.2491923414637398e-05 3.542863169258899e-05 -2.471665052434038e-05 5.596987590891756e-05 0.0
0.05075348755350103 0.26698399681618457 0.7640614451234515 0.00017770100599544215 0.001275555092468895 0.0018029593716592121 0.002461950511495601 1.0 0.013906821914126821 0.2507744068065144 0.7609373277051903 -1.9602843008600175e-05 2.5692017791504175e-05 -1.0432735718067453e-05 6.167420269018143e-05 0.0
0.051840257759804526 0.26838566747512566 0.7649370681195202 0.00036464562226886467 0.001484374834747785 0.0011295243186969102 0.0020289400062349773 1.0 0.013894998443063227 0.25081021461633485 0.7609186963451382 -2.3625108980394145e-05 2.378436326665493e-05 -1.07125567235261e-05 3.5566992452869674e-05 0.0
0.052695471293951836 0.2691123805214211 0.7652483428898718 0.0009373086583904355 0.0009708887178285874 0.0003999744984739377 0.0011436574937766482 1.0 0.013902003532425955 0.2508233048366408 0.7609009853429312 -4.669378459194718e-05 7.960765644571748e-06 -1.62419472927619e-05 3.122984387245859e-05 0.0
0.05383958289308954 0.2697472172496165 0.7652512849927632 0.0017584843217982686 0.0005541276705686212 -0.00048076968129321914 0.0011526962706528915 1.0 0.013902517370183843 0.2508260614612598 0.7608835081449478 9.03553133447426e-06 9.398578952877752e-06 -2.6807585791575664e-05 5.586406663556586e-06 0.0
0.054766154314973114 0.27020330361345823 0.7652272722892123 0.001300724449824521 0.0006155423369651955 -0.00023924652931978584 0.0011984641936629951 1.0 0.013903347868302694 0.2508244146779034 0.7608581221778938 -1.8353798222506843e-05 -5.904043766397908e-06 -2.896100444051085e-05 3.454267264035534e-05 0.0
0.055616056548455056 0.27064527317416615 0.7651820573732393 0.0005372351537074257 0.0002841890567349603 0.00010072435843389612 0.0009039176504795372 1.0 0.013914588161462491 0.2508336430848911 0.7608353731239698 3.246191626738392e-05 6.029400776017097e-06 -2.0471356890790535e-05 2.5512546038710337e-05 0.0
0.057065646445168476 0.27125803704730617 0.7650664113902402 0.001337498094943222 0.0006500051163933296 8.724014933412247e-06 0.0015657066043047066 1.0 0.013949551879950851 0.2508681166904632 0.7607583642443343 3.3131369179483145e-05 3.520117601151691e-05 -6.952641293039909e-05 8.988445654330394e-05 0.0
0.05756302881927613 0.27144269500006746 0.7649645086215238 0.0006776753460444151 0.0003162591183853312 -4.6920248749475e-05 0.0005748955808020048 1.0 0.013968079981262609 0.25089243232543945 0.7607314030891803 2.5519170373773572e-05 3.405286906002637e-05 -4.1923952606189106e-05 4.311423229559916e-05 0.0
0.0580059632402544 0.2715527944713699 0.7648069245217266 0.0003876857351155713 9.594523483759322e-05 -0.0001476996833692937 0.00044126468294802086 1.0 0.013989250256763106 0.25089786096455297 0.7607114620484208 2.3433986139122927e-05 1.1239619057641078e-05 -1.9470770546210797e-05 2.650170405636606e-05 0.0
0.05870122473697595 0.27184726373737567 0.7646000171655892 0.0005439155254622734 0.00017669866626995033 -0.00023855166136722893 0.0007894514664883829 1.0 0.01400895217655986 0.25090183221685486 0.7607000303119231 1.8712759072991285e-05 -1.815068365771061e-06 -5.033964378539906e-06 2.368942260287418e-05 0.0
0.05934092475703923 0.2720663654684895 0.764227995593143 0.0006517174408187088 0.00022786071485925722 -0.00037559507632652924 0.0008160178411296605 0.0 0.014024931818273861 0.25089693420915155 0.7606905739324861 1.3053445740774539e-05 -1.0109047984446841e-05 -2.8920537257271655e-06 2.1270336024264e-05 0.0
0.059641150038794825 0.2720833999221181 0.7635741796991902 0.0003883997994727909 6.819508652683383e-05 -0.0006398325440669563 0.0006925606310551726 0.0 0.014038455476203318 0.2508689063731528 0.7606832817078677 1.2421316166813631e-05 -2.7980611592140406e-05 -6.490415558017929e-06 3.1484912793859756e-05 0.0
0.05975829421059037 0.2721538130723973 0.7632560178561282 0.00016832880596531297 6.812742932527837e-05 -0.0004224667842540833 0.0003203799066309221 0.0 0.014045006851384935 0.2508482300456169 0.7606672950374793 8.489223417394163e-06 -2.2907479078582973e-05 -1.8665131391351814e-05 2.553097676735064e-05 0.0
0.060558528155073156 0.27042012053408976 0.7639257373112158 0.0006706280843307327 -0.0014890931610176015 0.0005477554882555264 0.00202995322020941 0.0 0.014060589574219412 0.2508364843360805 0.7606421946383863 1.4758607653539506e-05 -1.1035524367716508e-05 -3.0532635996614794e-05 3.249921681569143e-05 0.0
0.06120093794729434 0.26914331883368936 0.7648110668591948 0.0006544696561897412 -0.0016294947338408175 0.001056253452718398 0.0017476184894450776 0.0 0.014068575243500369 0.2508388104292375 0.7606267281807397 8.775108003873812e-06 2.901472337619197e-06 -1.6656848821154286e-05 1.7584620423803695e-05 0.0
0.061528040014428124 0.26849502929606406 0.7652975364505302 0.0004616850012636118 -0.000873151483733514 0.000730296733258673 0.0008159005597557116 0.0 0.014071404963122725 0.25083839552022785 0.7606207172347609 4.34253426009378e-06 4.633443460171753e-06 -7.056307978535393e-06 6.523761512738845e-06 0.0
0.06160450860311909 0.2682581816867391 0.7654960251196561 0.00011410014789407623 -0.00012345542081123874 0.00020222734074295002 0.0002811441766431938 0.0 0.014080039926821221 0.25083225286724675 0.7606161206847922 6.95493169869235e-06 -2.593678754788798e-06 -1.1162943333290082e-06 1.1563166674752763e-05 0.0
0.06157259991452643 0.26821955141143977 0.7655958067013877 -0.0001361997298060134 0.00022357505534525366 -0.00010448080716893553 0.00016052915845421987 0.0 0.014089270705914628 0.2508417370441264 0.7606113579383903 8.91693120142799e-06 4.258417389197948e-06 -1.6563691383077343e-06 1.4469315511597199e-05 0.0
0.06149182486748806 0.2682343858917026 0.7656716423953355 -0.0001894759283218984 0.000192823604052362 -0.00010236697960644707 0.00014641552984689596 0.0 0.014100002147616685 0.2508432894766407 0.7606153407328726 1.107353076552454e-05 3.888468450284603e-07 3.087542406586404e-06 1.1543729024898125e-05 0.0
0.0614485163873147 0.2682723361805735 0.7657002983542252 -4.5486853183664605e-05 -1.0407056334505024e-05 5.039065227315008e-05 1.7700439752046135e-05 0.0 0.014101304578987239 0.2508503331791989 0.7606111370969114 3.4954102384569587e-06 6.439182286498979e-06 -4.087466550328491e-06 7.596731335196073e-06 0.0
0.061435024758614884 0.2683167904525062 0.7657351619592194 8.300961480498718e-05 -0.00017343537305010166 0.0001545237354402248 5.742604060511515e-05 0.0 0.01411012648922416 0.25085273975485955 0.7606157568947471 7.263343973277912e-06 4.1366550883463165e-06 1.5445370252641194e-06 1.05127679951604e-05 0.0
0.06140676660947237 0.2683372107705838 0.7657218155986427 7.25095661507837e-06 -1.9260338236777672e-06 4.30578054442858e-05 4.330139669992067e-05 0.0 0.014125911147324099 0.25086099163269626 0.7606009636582137 1.3653477793003166e-05 7.557868559054966e-06 -1.1320290359000444e-05 2.3457683698223168e-05 0.0
0.06136877921040516 0.26834081645695074 0.7657349342851959 -4.055353487705316e-05 2.0777218604848885e-05 -1.0832024782661607e-05 4.447555199370138e-05 0.0 0.014128700237065564 0.2508925594980409 0.760579541170866 5.9091400422624075e-06 2.769968192978307e-05 -2.2286443697199502e-05 3.8297665914624755e-05 0.0
0.0613122442992005 0.2683333602122054 0.7657257594463802 -7.266825991095503e-05 8.944824263796094e-06 -2.1022599768860922e-05 5.7740572232380105e-05 0.0 0.014139043120633668 0.250914226777693 0.7605619069068594 9.40609494596666e-06 2.6732116845531125e-05 -2.1409678916354997e-05 2.9829711055837893e-05 0.0
0.06127537026484695 0.2683278498322797 0.7657134546180864 -5.67426585204432e-05 1.3946072865664327e-06 -1.4819614761575232e-05 3.8116442639240296e-05 0.0 0.014138356942884244 0.25092257671998874 0.7605621630947854 5.670442713696969e-07 1.2766696219612534e-05 -2.699611631081415e-06 7.782725778281374e-06 0.0
0.06119646547546732 0.2683218997143142 0.7657070183056015 -7.763076265873808e-05 -1.813123176087451e-06 -7.809261804847054e-06 7.830448503363165e-05 0.0 0.014131151220541155 0.25093553136087515 0.7605629457918419 -8.043036486390875e-06 8.49400866746228e-06 5.361136461606292e-06 1.4535556581764193e-05 0.0
0.061087204083371746 0.2683069026172723 0.7657258905044687 -0.00010395428664345714 -8.261786944572306e-06 1.4321882333035669e-05 0.00011292883034309205 0.0 0.014127880554638981 0.25093913851588545 0.7605637962386138 -6.280164053913422e-06 1.7500534376489928e-06 4.783377829992686e-06 6.402364563988687e-06 0.0
0.061035591949207615 0.2683026582744678 0.7657362772594637 -6.432401062937893e-05 -3.860728887082351e-06 1.6423697977829852e-05 5.4254284321621706e-05 0.0 0.014124433980952315 0.2509436608557035 0.7605580399380458 -2.699416726870565e-06 2.0226952394428148e-06 -3.6703673705468627e-06 7.478528632563014e-06 0.0
0.061005524860781056 0.26830333597141887 0.7657433156199984 -2.968806759296587e-05 -2.9515350159547087e-07 8.014726918100574e-06 2.7234284704254852e-05 0.0 0.014121972738698274 0.2509458048642539 0.7605552055794114 -1.2089640816269181e-06 3.7652391534731344e-06 -7.450103285733079e-06 3.881170122025407e-06 0.0
0.06098507608141735 0.26830557027501045 0.7657437826849324 -1.0241334163071934e-05 2.7994902842941626e-06 1.74178622487441e-06 2.1786368854090532e-05 0.0 0.014120076550440999 0.2509463232503673 0.7605544081080325 -1.2579289486600333e-06 3.063543095259068e-06 -3.65439896667168e-06 2.273094482207011e-06 0.0
0.060976853342271826 0.2683074243688134 0.7657406058944158 -9.093545946024814e-07 2.7852147980380764e-06 -8.375606962801761e-06 1.1773802176083863e-05 0.0 0.014123577976387422 0.25093911545308256 0.7605539089852996 3.8179324693848116e-06 -6.7677346451276206e-06 1.3402500021687173e-07 8.198731687571607e-06 0.0
0.06097149430691943 0.26830373193528867 0.7657435875647254 -3.5356473246269177e-06 -2.7862058422846737e-06 -1.0109966051636887e-06 5.32114293681449e-06 0.0 0.01412463918340574 0.25093723142457797 0.7605561096487036 1.1823594351823215e-06 -4.148090627925003e-06 3.962079113161423e-06 3.130522410819704e-06 0.0
0.06097179756809216 0.2682978320147879 0.7657491601250334 -8.475276515327152e-06 -7.782884293945477e-06 6.870493343169717e-06 7.059474007916327e-06 0.0 0.014127515889099471 0.250934526660039 0.7605602987482494 2.3548333964117015e-06 -2.219334632132622e-06 4.6973838542532936e-06 5.611559016116037e-06 0.0
0.06097127037688888 0.26829575282632206 0.765758912492432 -4.823683526643642e-06 -4.941237146874136e-06 1.3051144413870345e-05 1.1212053197583342e-05 0.0 0.014128333320937027 0.2509360297920777 0.760564465043485 1.2086643861552359e-06 1.1311357376146448e-06 4.398682433733849e-06 4.462030640871045e-06 0.0
0.06096782902575528 0.26829089208162327 0.7657592874304985 -5.876129485991708e-07 -3.5910289384238703e-06 2.968661669683077e-06 5.739321833430139e-06 0.0 0.014131349975140374 0.2509387364623461 0.7605630009343892 2.070051549500688e-06 3.97094362090155e-06 -1.1390450798681065e-06 4.465115119341433e-06 0.0
0.060957674799175944 0.2682957516982405 0.7657458437330782 -9.663257855073745e-06 4.4258817124615245e-06 -1.2707983710681445e-05 1.7139765640382616e-05 0.0 0.01413575879900131 0.2509421881347491 0.7605629585405306 4.0684517416627925e-06 4.093220881684104e-06 -1.128957822751033e-06 5.547552767396276e-06 0.0
0.06094456274187034 0.26829495142335386 0.765750481402851 -1.4214809072060972e-05 1.8563660193084278e-06 -2.2333257896479553e-06 1.461793937313011e-05 0.0 0.014136540250190906 0.25094460029680843 0.7605610133069493 1.8000825738624088e-06 2.3641334237658484e-06 -2.442761065203378e-06 3.1576633387165383e-06 0.0
0.06092380385409429 0.26828712438469937 0.7657502017040001 -2.051319614512449e-05 -6.573034606349931e-06 3.6229057147435127e-07 2.1699286965289147e-05 0.0 0.014138309945863436 0.2509421773855871 0.7605657882703823 1.714189518107014e-06 -2.7038565821744353e-06 3.543004205070394e-06 5.642057504573705e-06 0.0
0.0609045213092768 0.268287467544456 0.7657585450220198 -2.044550699867326e-05 -2.9563044361845024e-06 9.501984134393272e-06 2.115832848505385e-05 0.0 0.014138104683313646 0.25094291039146965 0.7605648904845019 -4.2950701384303474e-07 -6.302646758197708e-07 1.308841559069417e-06 1.249368452118753e-06 0.0
0.060896677942911065 0.2682776326049192 0.7657752069355818 -8.895202892135227e-06 -8.917438364711509e-06 1.835862549511699e-05 2.0831893454661425e-05 0.0 0.014137437513878345 0.25094458968260874 0.7605622674645355 -9.386699256688056e-07 1.1280189612888273e-06 -1.8432501670618304e-06 3.0480196978580165e-06 0.0
0.06089503258053725 0.26826979165332854 0.76578433679537 1.2463668463811462e-07 -8.642814098267273e-06 1.2419322277898933e-05 1.2284212747408518e-05 0.0 0.014134235996211827 0.2509471363835451 0.7605566366450606 -3.1124533439245455e-06 3.2525350108191642e-06 -6.038053629639996e-06 7.048398213214626e-06 0.0
0.0608940816806073 0.2682641081397353 0.7657906204922096 2.039760977097881e-06 -6.081865610837914e-06 4.9091646981297426e-06 8.180653129569374e-06 0.0 0.014136018368319321 0.25094253810722117 0.7605639472559417 1.044557217587964e-06 -2.7388837989116e-06 3.995633221336942e-06 8.921640695885998e-06 0.0
0.060889689301109676 0.2682559121119538 0.7657905692386197 -2.940042868559127e-06 -6.653414701877922e-06 -1.9674583411803157e-06 9.645822692595231e-06 0.0 0.014137302569536542 0.2509424711231458 0.7605650154812783 1.977026009688669e-06 -1.3972055367588222e-06 3.4410298374346315e-06 1.6394637619364325e-06 0.0
0.06089704776261842 0.2682460907010302 0.765796155365506 3.988192660094182e-06 -9.83203665586212e-06 3.3360848580545058e-06 1.3468933102052606e-05 0.0 0.014138298005862374 0.25094255848200986 0.760565612967186 1.5250012358511217e-06 -5.573255517598531e-07 1.8200706974128704e-06 7.725864042880084e-07 0.0
0.06090402135351042 0.26824905190403575 0.7658013099905673 6.113625333075429e-06 7.838022790963779e-07 4.738680353288441e-06 9.236723969328691e-06 0.0 0.014139138360484162 0.25094150445144175 0.7605676483567457 1.123277352569327e-06 -8.601813294013847e-07 1.9715693687638676e-06 2.825165183045282e-06 0.0
0.060906173051421146 0.26823591424923315 0.7658232920388199 3.5657527543222344e-06 -8.947324890524571e-06 2.1693867328779398e-05 2.5096835094555185e-05 0.0 0.014139211004383756 0.25094262096923237 0.7605661090895198 -2.3338687816823282e-07 1.4511463546345905e-06 -2.1742138497225327e-06 2.0535069554434207e-06 0.0
0.06090642008545975 0.2682192061566965 0.7658456908937159 7.837991331077868e-07 -1.7637905780816912e-05 2.616615643883972e-05 2.871241725497805e-05 0.0 0.014139384884823341 0.2509421215359286 0.7605671158922377 -3.8265200526477204e-07 1.9343610291322625e-07 -3.850717547172558e-07 8.796182876297635e-07 0.0
0.060903866639098726 0.26821261178151606 0.7658569484690417 -3.3354056725288142e-06 -9.985515699241718e-06 1.4491334935895314e-05 1.3173161698554924e-05 0.0 0.0141393469624422 0.2509420282879891 0.7605672148024795 -2.447090778472722e-07 -4.085732017767316e-07 4.2094751749188385e-07 3.5796921719586984e-08 0.0
0.060901307761624994 0.2682055289401242 0.7658718286268971 -4.1344095274123866e-06 -6.852691692584817e-06 1.2232344847800017e-05 1.5803670049384478e-05 0.0 0.014137099044392715 0.2509455470595507 0.7605610383109072 -1.5552962614661324e-06 2.4083088779056186e-06 -4.2186542987081026e-06 7.572199681732872e-06 0.0
0.06090254668776149 0.2681993556518128 0.7658792080946665 4.7295263634696216e-07 -5.004840665718703e-06 5.606590355214044e-06 1.0556576750672615e-05 0.0 0.014137185162865409 0.2509437592203581 0.7605633831847698 -5.30562173977236e-07 -2.5210868342952484e-07 -1.0002141391896082e-07 3.2297952767887937e-06 0.0
0.0608966317625362 0.2681850389587772 0.7658763400327093 -2.920604360666554e-06 -1.1551610422631846e-05 -3.2052150685678516e-06 1.5864277281943858e-05 0.0 0.014138919432869126 0.2509406945922966 0.7605686933993963 1.6051229023048583e-06 -3.224656927670812e-06 5.380959328977476e-06 5.929475095764593e-06 0.0
0.06088769721721835 0.2681784281189755 0.7658811026548021 -8.60961094751097e-06 -8.270307839423874e-06 2.0996831682822783e-06 1.1797803391508243e-05 0.0 0.014138795127776686 0.25094267182762486 0.7605660151982985 6.613499213699792e-07 4.4781266679237547e-07 -1.0743987361847501e-07 3.512476597530753e-06 0.0
0.06087021839982055 0.26817133762381523 0.7658893553677939 -1.7631307012991047e-05 -8.897288732221401e-06 9.465252147902657e-06 2.0298547325436883e-05 0.0 0.014137883113269897 0.25094359599053206 0.7605638358264082 -6.988157832205667e-07 1.4358152379206187e-06 -2.64559773584035e-06 2.567352306625658e-06 0.0
0.060839511238958 0.26816988450376633 0.7658753572995758 -3.086192814443461e-05 -1.7770064235336716e-06 -8.93844890291862e-06 3.416520370621052e-05 0.0 0.014136434365867563 0.25094568287182945 0.7605603362800518 -1.7114997407275665e-06 2.4203637981141312e-06 -4.225589061076238e-06 4.312813227586486e-06 0.0
0.06081208224033741 0.2681693144259582 0.7658754640126743 -3.069178495163716e-05 1.4217802563631553e-06 -3.822320697400834e-06 2.761253680697016e-05 0.0 0.0141383647966445 0.25094215245354906 0.760557084250644 9.265157812285927e-07 -2.1085469959878866e-06 -4.458311535269064e-06 5.160864471048418e-06 0.0
0.06079609073719142 0.26817146802912056 0.7658765667880709 -1.7862668450473487e-05 2.5726810004662413e-06 8.292710595015892e-07 1.5713879575120268e-05 0.0 0.014146643408444884 0.2509405371403705 0.7605474936882113 7.632985248066506e-06 -2.572848211459319e-06 -8.892369477741856e-06 1.279064045344152e-05 0.0
0.060785476259621135 0.2681718303702079 0.7658775997523686 -7.968032805903289e-06 5.974946725628084e-07 1.455543367802874e-06 1.03812048631075e-05 0.0 0.0141480455343448 0.2509456845785799 0.7605248082921805 4.0708343827933265e-06 3.0560922693247762e-06 -2.044651817889824e-05 2.3257313101189115e-05 0.0
0.06078233283827162 0.26817084396097707 0.7658786404550979 -5.4918178258009e-07 -1.841360311936962e-06 2.0543378284301542e-06 4.263750743572348e-06 0.0 0.014146726975555912 0.250947006550765 0.7605192384246324 -8.810580624192883e-07 2.900256082067841e-06 -1.0245317619102392e-05 6.262538346172061e-06 0.0
0.06077995073971379 0.2681680334673164 0.7658732557107432 -4.1274734595807176e-09 -3.0034592719081357e-06 -3.238627581785318e-06 6.329633126853502e-06 0.0 0.01414891055439039 0.25094273853329 0.7605172257675357 8.82084608589264e-08 -2.4266670265690363e-06 -2.1549335852108795e-06 4.2611356681454685e-06 0.0
0.06076810728783838 0.26816526758350534 0.7658789542458695 -1.1300546222530796e-05 -3.6123706317892215e-06 2.3222170883267477e-06 1.321058228582345e-05 0.0 0.014158318821908544 0.25094610378546717 0.7604931836678951 7.617485730887988e-06 1.2819623012162752e-06 -1.7746840980671477e-05 2.6366895505333927e-05 0.0
0.060764392490020074 0.2681650623730265 0.7658753770053902 -8.607035047530603e-06 -4.772012710972939e-07 -3.2769890083065587e-06 5.446870180216361e-06 0.0 0.014168670855960493 0.25095394840334856 0.7604768404428609 1.1640690587543013e-05 6.963106762707667e-06 -1.8445228602784188e-05 2.213863439398953e-05 0.0
0.06076348826923773 0.2681620245132726 0.7658695996698741 -2.3507486355190513e-06 -1.9493793402645745e-06 -4.441619488486144e-06 6.033811469108862e-06 0.0 0.014173768581975386 0.2509625785794763 0.7604648207548645 7.8972200525791e-06 9.394224307705235e-06 -1.4496593924265744e-05 1.4445791063866828e-05 0.0
0.06076198457115911 0.26815753175593937 0.7658724637923472 -3.017645264822994e-08 -3.878089678205748e-06 8.611989925397462e-07 5.8036685323109905e-06 0.0 0.014177834013588478 0.2509685004710112 0.7604560401219238 4.030054685470705e-06 7.881975107482113e-06 -9.889322889787596e-06 1.0781495488195216e-05 0.0
0.06076082034801452 0.2681540692106786 0.7658747097563734 1.3931211550589857e-07 -4.108587073016311e-06 2.8602729349424675e-06 4.62110099790676e-06 0.0 0.01418075092271488 0.25096968753328014 0.7604498423470527 8.625590593920355e-07 1.89992621026168e-06 -5.00040186684199e-06 7.989595674491997e-06 0.0
0.06075709044262984 0.268148012886855 0.765881014213838 -2.750018142452206e-06 -6.033976535608384e-06 6.591694340417043e-06 9.187289442503165e-06 0.0 0.014185399178208007 0.25097341759174285 0.7604415125024138 3.145541107554177e-06 1.0574224802081664e-06 -4.7934380656429065e-06 1.0226001117339013e-05 0.0
0.06075089126074585 0.26814887699699624 0.7658782408549837 -7.016741966221747e-06 -4.6116104957927903e-07 -5.13643077037666e-07 6.923902522036223e-06 0.0 0.014187687929093442 0.2509749849335335 0.760437538713424 3.294556865341748e-06 7.07892458329355e-07 -5.197134930134343e-06 4.5754546652940854e-06 0.0
0.06075563368722386 0.26816437981717933 0.7658438111265108 1.5828446610701517e-06 1.4464015228263267e-05 -3.045308066625916e-05 3.7744936040367364e-05 0.0 0.014188580753021793 0.2509738424095638 0.7604373309185062 2.0392334787941023e-06 -8.763406526545846e-08 -2.7056966995101215e-06 1.3765891086057103e-06 0.0
0.060763532267129494 0.2681635785467334 0.7658349284514627 9.270247316882837e-06 4.661597727114813e-06 -1.94354199825894e-05 1.3068804659351023e-05 0.0 0.01419060765913884 0.25097196132620103 0.7604341222805188 1.7011873537821664e-06 -1.4365668253151024e-06 -1.7522768273059577e-06 4.155805748169876e-06 0.0
0.06075680734098617 0.26815876517584014 0.7658289350101074 -2.4772098269701945e-06 -4.8206930243114205e-06 -7.182048399203531e-06 8.603461493349793e-06 0.0 0.014193210377614689 0.250975956411658 0.7604290502234815 2.09838895418844e-06 3.0133592535674775e-06 -4.544414592009702e-06 7.2812820671424535e-06 0.0
0.06071470980107279 0.2681583097332912 0.7658386839737484 -3.836885140960791e-05 -4.121946431543645e-06 1.2101514278844287e-05 4.3284772283614786e-05 0.0 0.014198630569910428 0.25097334455902964 0.7604243711480296 5.236370191212941e-06 -1.1143263114286342e-06 -5.3611468795579225e-06 7.627101610336278e-06 0.0
0.06068672057897169 0.2681547897839101 0.7658341747533738 -3.747936447207236e-05 -4.817506410250839e-06 3.7019020632559213e-06 3.072206406520086e-05 0.0 0.014200816618450825 0.25098595524983647 0.7604051455117073 3.3543341431071167e-06 1.0318445608702727e-05 -1.7873048498563618e-05 2.262968450547112e-05 0.0
0.06062778183633609 0.26814978124777095 0.7658388745635865 -5.829260105654719e-05 -4.805063407088837e-06 4.223436188890505e-06 5.73663955088759e-05 0.0 0.014207437593713075 0.250984642162535 0.7604008424895286 6.04802810314088e-06 2.5229203853569454e-06 -8.68705828198022e-06 8.76803688260681e-06 0.0
0.060593229911017496 0.26814596291573906 0.7658455102637268 -3.9909796898784916e-05 -2.380221998576091e-06 3.0287388512170428e-06 3.571985343587193e-05 0.0 0.014210159090921146 0.2509854661510955 0.7603861587479711 3.1999041330818133e-06 -1.9468891571952965e-07 -1.215654263408636e-05 1.4045178485948643e-05 0.0
0.060570758018325996 0.2681462519825723 0.7658521637321362 -1.919612579531503e-05 8.644086730672639e-07 3.850798523612656e-06 2.352626010443796e-05 0.0 0.014210978774234457 0.25098581540156867 0.7603823072490626 6.561143833501136e-07 -1.0868456839003034e-06 -4.612239917677589e-06 4.5186630211218855e-06 0.0
0.06055921424490637 0.26814775303038085 0.7658514881503229 -6.120906364678627e-06 8.248960123836287e-07 2.240259494501752e-06 1.1566525729700175e-05 0.0 0.014212454014960043 0.2509828831033655 0.7603837102274882 7.531786794497337e-07 -3.171149457037565e-06 2.0268149204314127e-06 3.508529682975877e-06 0.0
