0.06379876788405393 0.2790662900729851 0.7646605894361496 0.0 0.0 0.0 0.0 0.0 -0.016695926117205873 0.27964547212510527 0.763454645671588 0.0 0.0 0.0 0.0 0.0
0.06378330647979355 0.27905882784645497 0.7646701669044432 -1.546140426038345e-05 -7.4622265301416135e-06 9.57746829366446e-06 1.9658782907553075e-05 0.0 -0.0166888780590216 0.27961883579474206 0.7634013645833031 7.048058184272454e-06 -2.6636330363205563e-05 -5.328108828495104e-05 3.725313652245231e-05 0.0
0.06374038597800034 0.2790436006371314 0.7646998933552117 -4.2920501793206056e-05 -1.5227209323565027e-05 2.972645076848579e-05 5.438473364148692e-05 0.0 -0.016709007823077975 0.279646046644695 0.7631240031966908 -2.01297640563744e-05 2.7210849952941096e-05 -0.0002773613866122737 0.0003217995458287882 0.0
0.0636870904677462 0.27905327023820875 0.7646979997263464 -5.3295510254139367e-05 9.669601077344492e-06 -1.8936288652682265e-06 5.4198693974333306e-05 0.0 -0.01676509585230778 0.27968921498774885 0.762915629980339 -5.608802922980535e-05 4.3168343053845426e-05 -0.00020837321635180928 0.00021596389506561365 0.0
0.06364257132357469 0.27904637412354727 0.7646965324514013 -4.4133222787619766e-05 -5.3662736787426635e-06 -3.5552188301313932e-06 4.507397798012652e-05 0.0 -0.01679906919061151 0.2796623686257166 0.7627618486192829 -3.4564880611445306e-05 -2.7850514702588482e-05 -0.0001427623258821099 0.00014793407874665585 0.0
0.0636107845751309 0.2790369054264396 0.7646982189953822 -3.1540139438497586e-05 -1.1319839661468228e-05 3.3027506123866417e-06 3.320990864402228e-05 0.0 -0.01682368773368452 0.27966800387551854 0.7627195786535568 -2.265159663262274e-05 2.2559494294018455e-06 -4.768111770540503e-05 4.9686285755809245e-05 0.0
0.06356914941302119 0.2790432016871328 0.764700201077474 -3.789459073717132e-05 2.7055840253846186e-06 4.101749824170533e-06 4.2011392128089366e-05 0.0 -0.016844446473724142 0.2796705810414244 0.762689596906798 -1.5195982555107567e-05 2.3073170417829195e-08 -1.307893522664605e-05 4.190174773911965e-05 0.0
0.06352388645226596 0.27904009282396236 0.764708090744975 -4.731352154230106e-05 -9.935979567166143e-07 1.0012710732190945e-05 4.616291355644372e-05 0.0 -0.016839233717682662 0.2796582257763447 0.7626692183542075 2.8783783091397607e-06 -4.074027579721369e-06 -3.480163819528272e-05 2.7147483609266717e-05 0.0
0.06351061000930501 0.27903606811112913 0.7647144792426702 -2.0177092910783745e-05 -4.520882530988761e-06 1.078148615321201e-05 1.4749167113679845e-05 0.0 -0.016828748963495607 0.27965401774251963 0.7626670506205279 1.5911188583567847e-05 -5.355497088774142e-06 -1.4633952553011736e-05 6.756297302370646e-06 0.0
0.06349894298506517 0.27903456627930245 0.7647136309621544 -1.1603102293212028e-05 -2.1888088168222334e-06 2.097486594522305e-06 1.0484709318338474e-05 0.0 -0.01681696626034603 0.27964691039753103 0.7626681335035669 1.1073438256787877e-05 -2.969103380233998e-07 -2.727871649102686e-05 1.3518289056325332e-05 0.0
0.06347106226971855 0.2790223607195471 0.7647152322292424 -2.2567538707668564e-05 -9.71773814430327e-06 -2.504124061129044e-06 3.136493901035268e-05 0.0 -0.01678681200372354 0.27963880931422386 0.762667385422919 2.4411626148593743e-05 -8.222354412473405e-06 -4.750093168488963e-06 3.1201311672387566e-05 0.0
0.06344676439896188 0.27901808679549045 0.7647153375395718 -2.5185248508661044e-05 -8.326918519942585e-06 -7.795556365402869e-07 2.6158417681846056e-05 0.0 -0.016770920346305687 0.27963958496121677 0.7626681952637315 1.9421151097220066e-05 -4.614738947752851e-06 1.4681426517294523e-06 1.821836648556094e-05 0.0
0.06343396303214457 0.27901659313703975 0.7647202734052608 -1.7464082097627793e-05 -1.4654748853702839e-06 4.157551098447565e-06 1.2235571641612044e-05 0.0 -0.016762611466611323 0.2796396191398882 0.7626690979200987 7.373258042651549e-06 4.218280542081291e-06 6.119882115376336e-06 6.453428814053101e-06 0.0
0.06341794223425712 0.27901479897630327 0.7647263731727574 -1.7219356477777695e-05 6.665152760887456e-07 7.192539033383944e-06 1.6420547523507627e-05 0.0 -0.016753529147345476 0.27963900938852976 0.7626705223942799 5.585141170842006e-06 -9.005650581203469e-08 3.734685633128697e-07 9.318826908132084e-06 0.0
0.0633975619690972 0.27900602946536524 0.7647230041942145 -1.8077478318882796e-05 -7.400635554108399e-06 -4.117757418297416e-07 2.397787976336511e-05 0.0 -0.016746211961039658 0.2796360149384503 0.7626696918573324 6.752031106449399e-06 -3.6223658470966826e-06 -6.059699973014464e-08 9.010350483023087e-06 0.0
0.0633808444175299 0.27900413081765335 0.7647184569312651 -1.484856046085585e-05 -3.731354923937676e-06 -5.698307082819385e-06 1.7564499657727245e-05 0.0 -0.01673763058650808 0.2796328344314809 0.7626688647969591 8.232851581059026e-06 -3.6807609479990723e-06 1.964293400516695e-07 8.86610048167693e-06 0.0
0.06336489578041783 0.27899342096268565 0.7647080929754856 -1.716111119242764e-05 -1.002499064890033e-05 -1.169532564849647e-05 2.070204958722024e-05 0.0 -0.01672493511121504 0.2796264306054469 0.7626650733037794 1.3970648127360663e-05 -7.197901911184665e-06 -3.546854337561592e-06 1.4064418006619096e-05 0.0
0.06332817921184353 0.27896190769912943 0.764668543519433 -3.516206283899642e-05 -3.004694460378646e-05 -3.6744238206037183e-05 6.257965379694003e-05 0.0 -0.01669499458283416 0.27961770489294596 0.7626599555077306 3.029895709828308e-05 -8.909723131385569e-06 -5.550103804548076e-06 3.1995548493128914e-05 0.0
0.0633046017990282 0.27896615163304983 0.7646480186168444 -2.7452955788659167e-05 -3.6283803756690403e-06 -2.7447121991279434e-05 3.3427918548308836e-05 0.0 -0.0166716006992937 0.2796199048540279 0.762661067869858 2.6415326004309906e-05 8.463304729070404e-07 -4.877195149431113e-08 2.3998321535898773e-05 0.0
0.06327449412708212 0.27896391306341134 0.7646391526664502 -2.893471868675141e-05 1.4222147629346446e-06 -1.0064276917212641e-05 2.89565807308035e-05 0.0 -0.01665010457900945 0.2796191991369074 0.7626648328236513 2.2430584060489467e-05 1.156573179215539e-06 4.316085094029722e-06 2.095685550612733e-05 0.0
0.06325280389515664 0.27896064116279623 0.7646433273922264 -2.2797899821044185e-05 5.173204357565821e-07 7.099183955227705e-06 2.2846369922973904e-05 0.0 -0.01663018998525246 0.2796166439878379 0.7626609236347375 1.8659922613405757e-05 -1.0916924275756135e-06 -1.3648200122665877e-06 2.063353259794052e-05 0.0
0.06322643788683864 0.2789427682512181 0.764643443030196 -2.3833138734385986e-05 -1.4610379203729202e-05 6.471404859227579e-06 3.295975534487552e-05 0.0 -0.016599296261877353 0.27960949595494095 0.7626624566411717 2.680811884278913e-05 -6.774899528323353e-06 2.3028354356750727e-07 3.2152275274498874e-05 0.0
0.06320404723328207 0.2789324000056613 0.7646409860536977 -2.164901208066447e-05 -1.4404167775559233e-05 -1.873329572340457e-07 2.498158273768712e-05 0.0 -0.016576069410791216 0.2796030470001058 0.7626669918319381 2.4747207156481936e-05 -8.184245876026892e-06 3.534428269408481e-06 2.4887565549016073e-05 0.0
0.0631552383935592 0.2789209711346782 0.76463356679913 -4.541418801304459e-05 -1.5061652182616238e-05 -1.0479220867936822e-05 4.890866805262146e-05 0.0 -0.016520006258298008 0.27958718509731173 0.7626603642850668 5.255061157184267e-05 -1.5922181047086283e-05 -4.968498624846456e-06 5.732953830218369e-05 0.0
0.06311197580038383 0.27892607564000804 0.7646375179145781 -4.907367504263699e-05 2.3772469574388476e-06 -3.1715932131389e-06 4.547337107209703e-05 0.0 -0.016453783911046103 0.27957882210936486 0.7626929444598783 7.010166695004768e-05 -1.051207915932239e-05 2.6120775443964158e-05 7.556942988742464e-05 0.0
0.06308527190005192 0.27892957924027945 0.7646393127951325 -3.0808578163709834e-05 9.954553780865684e-06 3.517140743103316e-06 2.61425441100361e-05 0.0 -0.016393638100292252 0.27955294651154666 0.7627497107532598 6.512387818854704e-05 -2.209204018361625e-05 5.815412806559667e-05 8.633177888081592e-05 0.0
0.06306261883824822 0.2789292469315517 0.764643471688876 -2.069508746301843e-05 2.1849991658314413e-06 6.193421790897893e-06 2.25483020243036e-05 0.0 -0.016310278753491444 0.27949973415816864 0.7628400819648541 8.002940931844166e-05 -5.074690939591022e-05 9.328911394216014e-05 0.00013301324549262161 0.0
0.06304865299465096 0.2789261199996724 0.7646412752767558 -9.931718972952815e-06 -3.9796342408966366e-06 4.2332022172926934e-07 1.5291867244059714e-05 0.0 -0.016253221924880764 0.27944214632410735 0.7629068515087469 6.0811693701293116e-05 -6.224982878320382e-05 7.793529552001984e-05 0.00010676149553963946 0.0
0.06302760752352943 0.27892251520089284 0.7646418344167357 -1.6798121933361707e-05 -6.912192681062124e-06 -1.286291140527956e-06 2.1625420308314707e-05 0.0 -0.016109654418476154 0.27911447085443075 0.7629568106907864 0.00012737295087845377 -0.00029357136729799563 5.087705136648693e-05 0.0003572200977198485 0.0
0.06300299765627397 0.27890816141466035 0.7646316868696996 -2.551557842727304e-05 -1.4056197785981443e-05 -9.983562814337384e-06 2.9642921794861895e-05 0.0 -0.01591900674051631 0.2785667763389516 0.762795498331048 0.00019179059247786885 -0.0005542504374586327 -0.00014211165294835619 0.0006080548824205372 0.0
0.06296466853062883 0.2788750037681049 0.7646064826096378 -4.1548790198341794e-05 -3.182423857967976e-05 -2.4739707857992526e-05 5.66155277188547e-05 0.0 -0.015770863050496724 0.2778922458321386 0.7625195723478725 0.00017195953128842188 -0.0007171098972334409 -0.0002980714520159158 0.0007439257369700483 0.0
0.06293377440297283 0.2788688332480858 0.7645922724577482 -3.5250792509872515e-05 -1.2160947664154423e-05 -1.800329615110138e-05 3.534371419667924e-05 0.0 -0.015551459997322506 0.2767543078688687 0.7617923392847675 0.00021008251663312617 -0.0011134209218347639 -0.0007036099462547872 0.0013563153297624405 0.0
0.06290801439682912 0.2788672404288516 0.7645891317703651 -2.6113815585769167e-05 -4.800149847282139e-07 -4.825489590755847e-06 2.4504349780582632e-05 0.0 -0.015426524398027074 0.2750227138169868 0.7606493862572532 0.00013708211298449596 -0.0017045600570605606 -0.0011568336024714632 0.002090000811395241 0.0
0.06288981903414115 0.2788535682774503 0.7645888792597262 -1.6471549222559652e-05 -7.267818784138067e-06 3.1912362213634526e-06 2.329553059936947e-05 0.0 -0.015516766470813577 0.27336673315416316 0.7594621190433994 -7.477202188674473e-05 -0.0017641289844432418 -0.0012711439070281125 0.0020515200739421573 0.0
0.06286355194686663 0.2788129229604074 0.7645541058408862 -2.1176565492485912e-05 -3.5490395700631916e-05 -2.6276563581975722e-05 6.015220485707319e-05 0.0 -0.015654739599451423 0.2708490580205532 0.7574216254957531 -0.00017625268451091025 -0.0024231338045236856 -0.0019483653085927194 0.003202330673594013 0.0
0.06285846253068117 0.27878067914676924 0.7644974150719013 -8.202047204860558e-06 -3.9379599793929276e-05 -5.7450695211791415e-05 6.635646231974717e-05 0.0 -0.016141551842315343 0.26920924407774627 0.7560741387667335 -0.0004672862130827491 -0.001839862649543698 -0.001519124598018022 0.002232297462483754 0.0
0.06287192690434831 0.27875506627231134 0.7644412965579479 1.1600939851094758e-05 -3.2071587450777095e-05 -6.609394446932413e-05 6.137656047814038e-05 0.0 -0.01662854495702681 0.26757889733699947 0.7545787869795083 -0.0005362158425717828 -0.001530170409743766 -0.0014148220245970523 0.0022146800756862933 0.0
0.06289279907011398 0.27873110615083546 0.7643883325190401 2.2815775161595913e-05 -2.3157968129663844e-05 -5.843039398396441e-05 6.15891856352039e-05 0.0 -0.017352215670903594 0.2661135245727426 0.7531874686591427 -0.0007080858283551086 -0.00133814873132026 -0.0013046635572826328 0.0021621912952186004 0.0
0.0629093793021248 0.27870393327896753 0.7643306377362259 2.1003628321598576e-05 -2.026890234624012e-05 -5.2969085829210425e-05 6.66651111950579e-05 0.0 -0.017965894685580134 0.2648348228857495 0.751858492775118 -0.0006328313287364183 -0.0012359301653481216 -0.0012871200374096987 0.0019686167726942426 0.0
0.06292926321582858 0.2786912058319789 0.7642816187041884 1.8802858931257978e-05 -1.2890206788827324e-05 -4.464827269506996e-05 5.5205224787566766e-05 0.0 -0.018544297973137672 0.2640344722200985 0.7507747007462585 -0.0005649797578122799 -0.0008658106453349275 -0.00111141958632671 0.0014587698210528101 0.0
0.06294294527084231 0.2786792674994846 0.7642540598498321 1.1510493807726741e-05 -1.2344785040883783e-05 -2.7446802862489708e-05 3.192479440636087e-05 0.0 -0.018946901177554213 0.26366911794730125 0.7501518853854986 -0.0003921463697495181 -0.0004032123497222319 -0.0006898480775211575 0.000791202633776562 0.0
0.06295401433098917 0.2786736364758547 0.7642345024135059 7.817202632074443e-06 -7.4055338822813585e-06 -1.9160849796116657e-05 2.2942537270699133e-05 0.0 -0.01921635267667266 0.26340663636248807 0.7496961486427677 -0.0002374632771223762 -0.0002431861198533556 -0.0004478006606106163 0.0006179223366561465 0.0
0.06296173029168348 0.2786649026523474 0.7642218195061161 8.095620720537293e-06 -6.638566359212505e-06 -1.13345104888854e-05 1.7913026603413533e-05 0.0 -0.01929065319232485 0.263047577447787 0.7495255460518252 -7.490565428563712e-05 -0.0002481193933452008 -9.605236665611336e-05 0.0004082712990485667 0.0
0.06296648412630086 0.2786565983806178 0.7642044143526685 5.708717847339324e-06 -8.608266334686899e-06 -1.514537451201033e-05 1.9974659444313197e-05 0.0 -0.01922943298685835 0.2627818000527501 0.7495433406147342 7.496413269682755e-05 -0.0003416102646070249 1.226361229898082e-05 0.0002731384476272903 0.0
0.06297289693091924 0.2786401897917721 0.7641800818035416 6.183486768855499e-06 -1.681352083674229e-05 -2.5656234429528693e-05 2.9624272232466888e-05 0.0 -0.019214969211645453 0.2626169188812201 0.7495463582729527 2.6860489708955214e-05 -0.00025091666427799536 8.840827545196625e-06 0.00015473122663739892 0.0
0.0629801150389351 0.2786283547068001 0.7641609034657185 7.444292698290637e-06 -1.4594048208127387e-05 -2.4559699136010295e-05 2.3885808414018052e-05 0.0 -0.019222823829744825 0.26251245849612326 0.7495142556835941 -1.5549403881426685e-05 -0.00012795978765272578 -6.155422298793098e-05 0.00010985609976032736 1.0
0.06298550829276828 0.2786150385518893 0.764142093764908 6.804893485197432e-06 -1.272019019604895e-05 -1.9928328618722257e-05 2.3259952144788457e-05 0.0 -0.019217049318100487 0.2624291398145465 0.7494979166004466 -3.4103636618430344e-05 -3.66776272682362e-05 -5.375625506282423e-05 9.182702989974159e-05 1.0
0.06298833517147362 0.2785994841529823 0.7641178423643065 3.191342824573109e-06 -1.465785134354719e-05 -2.1564082109375186e-05 2.9037549152137514e-05 0.0 -0.019195827853318814 0.2623445221832336 0.7494941292036095 -7.165828126066585e-07 -4.410265215339397e-05 -1.973185324528697e-05 8.513379838933732e-05 1.0
0.06300339471536384 0.2785866439870409 0.7640894736528562 1.2713137077067763e-05 -1.2545021161147676e-05 -2.6955940017294363e-05 3.5101307828310376e-05 0.0 -0.019205890340390587 0.2622709565845845 0.7495083889493213 -2.4279965401569764e-06 -8.215273858974405e-05 8.54317620833326e-06 7.571223845884601e-05 1.0
0.06303878015382397 0.27857286899611033 0.7640345189424572 3.349867337324344e-05 -1.3433010610635114e-05 -5.1741944298976976e-05 6.637050691606327e-05 0.0 -0.0189825961896919 0.26204071811716007 0.7498393119781689 0.00020645177451839594 -0.00022911336333379065 0.0003130100040656344 0.0004562269856121259 1.0
0.0630697235944542 0.27856075965576 0.7640110186911111 3.579520406804174e-05 -1.2316982655787134e-05 -3.297306047520415e-05 4.15063436162186e-05 0.0 -0.019137303127266945 0.26209984873606174 0.749862797946519 -6.119981037728018e-05 -4.444643470973757e-06 0.00012916009133393755 0.00018316933057911785 1.0
0.06308134994176008 0.2785560708991293 0.7640050321390037 1.670201015603443e-05 -5.897007762938385e-06 -7.318367925949971e-06 1.2576870635451713e-05 0.0 -0.019267877885645445 0.26216411614582835 0.7498466488386021 -0.00016488028823436545 9.019110375865975e-05 -1.8900857407276524e-05 0.0001257479987074829 1.0
0.0630857483694457 0.2785373439808602 0.7640100953207576 1.347043459709292e-06 -1.519538353872977e-05 1.1019656115397389e-05 1.951244960835396e-05 0.0 -0.019354525011690164 0.262266769384358 0.7498296135348828 -0.00013554080581937208 0.00013619837550443413 -6.52042305017416e-05 0.0001391067334837042 1.0
0.06312256003782674 0.27850718422622944 0.7640128519218904 2.5801405691588958e-05 -2.9872597727760972e-05 9.640487402223429e-06 4.9414640101592985e-05 0.0 -0.019442420114990276 0.26237986746949465 0.7497637431180698 -9.614411879079458e-05 0.00013241822291386817 -9.33344273899398e-05 0.00016979625958411305 1.0
0.06314600014972772 0.2784960078127187 0.7640147744275922 2.7289604459308482e-05 -1.7431401345713553e-05 2.2678722174798707e-06 2.6888660705375844e-05 0.0 -0.019466960795423063 0.26240802532428686 0.7497485861155082 -1.3794108062771766e-05 3.403270715284351e-05 -2.94755386684732e-05 3.971658086439464e-05 1.0
0.06315889039862169 0.2784821591480472 0.7640289874630487 1.9239640427652008e-05 -1.2796719190301247e-05 7.60321402547784e-06 2.0563552430458633e-05 0.0 -0.019489706198615262 0.2624329206419471 0.7497322425337428 1.340942703668659e-05 -9.798271662858038e-06 1.4705857596589401e-05 2.1737247009967912e-05 1.0
0.06316160975145835 0.2784761148651149 0.7640344629885459 4.94020295043902e-06 -4.70614143121999e-06 3.5538695500499638e-06 9.654360268262915e-06 0.0 -0.01949899729874853 0.26244466452411264 0.7497239626916216 1.0870374228804313e-05 -1.5110874717911367e-05 2.57386225072094e-05 2.890686042362075e-05 1.0
0.06315271692870988 0.2784543047139991 0.7640311670465184 -1.2376309858121378e-05 -1.6442530536683944e-05 -5.490642705335339e-07 2.4557052869390034e-05 0.0 -0.01950916249352751 0.2624627540327595 0.7497058630629189 -3.877242506247468e-05 3.090629068562293e-05 -3.2531973656621885e-05 2.7027014361153973e-05 1.0
0.06314327897284665 0.2784466301883618 0.7640219485887246 -1.5259736053753023e-05 -1.0976956198397452e-05 -9.268187075110807e-06 1.5763563675837246e-05 0.0 -0.019519386826350977 0.26248112457174594 0.7496931719639235 -1.3092192865641537e-05 2.4381824652877102e-05 -1.683145859940949e-05 2.313302797116046e-05 1.0
0.06309543739044564 0.2784350553232461 0.7640214862221235 -4.255918948942433e-05 -1.3295279393965383e-05 -3.838238308037901e-06 4.754694256628622e-05 0.0 -0.01977407124930685 0.26303648279549185 0.7497609955301966 -0.00022303272299523672 0.0004908565592804581 5.1940403548008155e-05 0.0006073426400337192 1.0
0.06290295123121786 0.2783140072601568 0.7639239121599002 -0.00017321764630256656 -0.0001058718494143588 -8.379840889869733e-05 0.0002470513731776821 0.0 -0.018915611864288192 0.2651637689506262 0.7523672901763272 0.0006643533171764143 0.00198405371898792 0.0022547699885787967 0.0034667442466932673 1.0
0.06277224116625524 0.2780582384613301 0.7635298613256293 -0.00016341447204658072 -0.0002505781879989034 -0.0003633878467572536 0.0004910369027275678 0.0 -0.01465259554443175 0.2628877921139355 0.7570242485987904 0.003912664390052766 -0.0013712651362064365 0.004739458050079012 0.006755718747295633 1.0
0.06275736103021395 0.27780745571971016 0.7631052530391889 -3.9594792342301403e-05 -0.00028392831164439326 -0.00047169105167172245 0.0004949866578069342 0.0 -0.01164855656264569 0.2591792201876751 0.7587639501123882 0.0037985310752026826 -0.003938829923136459 0.002750164888030729 0.005107685794837848 1.0
0.06282197194155183 0.2775467698398193 0.7626192900685803 8.017669126544116e-05 -0.00027512952762625854 -0.0005183311857359979 0.0005455500498505533 0.0 -0.009047248080713492 0.2554827961634749 0.7605966159817104 0.00291608580266628 -0.004484296568599723 0.001648401473575157 0.004707954354868007 1.0
0.06289281974817738 0.27745186366627894 0.7624628376975342 0.00011107216026834933 -0.00011009669883242068 -0.00020795823685725736 0.00020383969323927494 0.0 -0.007700215919592296 0.253362727294332 0.7614731800982915 0.0012358170141666788 -0.002706191543962064 0.00043247142840152565 0.002758360442799328 1.0
0.0629282542486423 0.2773769454485699 0.762367433359715 5.8842575481237306e-05 -3.2263248322745e-05 -2.960330523179874e-05 0.00012004186937553216 0.0 -0.005943895499540203 0.25175921076011365 0.7621133184438462 0.001064018089990254 -0.0012001831061564873 0.0001320094552684849 0.002507248717277551 1.0
0.06292725065219455 0.27735749767548074 0.7623451287076574 -1.7503042949117897e-05 8.253081068084636e-06 4.7262180378599504e-05 3.684272581849839e-05 0.0 -0.005733738096165541 0.25144580976807973 0.7621761906614998 0.0001110707488188676 0.0003209029024461652 5.401377051386213e-05 0.0004013932344919246 1.0
0.06291406406988247 0.27732080856499686 0.7623062417679562 -4.951696763896725e-05 -2.991656000225945e-05 -1.432099873016221e-05 5.5814016224437685e-05 0.0 -0.005589803392636827 0.25113743893983953 0.7621420552242241 0.00017964293518356116 0.000220726207271861 0.00028481950097695107 0.000238425879217725 1.0
0.0628983064368142 0.2772842760031781 0.7622600060730624 -2.612907758880556e-05 -5.601584858120587e-05 -8.371303242800142e-05 5.928667648228623e-05 0.0 -0.0054817529450462725 0.25100021571474473 0.7620534726992645 0.00032042663802570796 -0.0004456174777409639 8.835786332418456e-05 0.00026453040385633966 1.0
0.0628932338273217 0.2772671916116158 0.7622209433331328 1.6155246681864778e-06 -3.8337746834381144e-05 -8.017250326334364e-05 3.7420732386797724e-05 0.0 -0.0053339988983040175 0.25095703342620584 0.7619105539759264 0.0001209043429126885 -0.0003233502243076311 -0.0002534910396340155 0.00019818504594910826 1.0
0.06289228565922049 0.27725166172816496 0.7622109448360749 1.1757474378936279e-05 -2.2215109958884517e-05 -3.384684001403958e-05 2.2714184878036016e-05 0.0 -0.005219032632455268 0.25095750528626465 0.7617939420835749 0.0002084137798985244 -0.00015096394262257857 -4.44127825551682e-05 0.00016431483226579755 1.0
0.06289070656657607 0.2772358110615135 0.7622062605859256 5.607338912746326e-06 -5.183594479297028e-06 1.708792140320091e-05 1.4947703025841174e-05 0.0 -0.005099463416893971 0.25099216350691117 0.7616615097219596 0.00017285428531320325 3.589723748978696e-05 -0.00013697856999637438 0.00014965126931988388 1.0
0.06288697990334094 0.2772206910879113 0.7622084036208322 -3.806889247924303e-06 -1.2674097091037881e-05 1.1205704732394618e-05 1.8534110080662612e-05 0.0 -0.004757284449897896 0.2511100216307441 0.7615890400634072 0.0003612152784750408 0.00012369459945539346 -7.711515376952304e-05 0.0004076466490626654 1.0
0.06288018363751885 0.27719983735915915 0.7622134092665805 -9.933357685439584e-06 -1.766438677416364e-05 1.1562602232526118e-05 2.1170896945545847e-05 0.0 -0.004041462006903905 0.25131466339672875 0.7616143313380769 0.000586019117204589 0.0002753402079616648 -1.1919094211243074e-05 0.0007328033323972289 1.0
0.06287615933288143 0.27719623666238763 0.7622126617767496 -7.2924639797309e-06 -9.892784841994498e-06 -3.094097591213503e-06 5.195882187278706e-06 0.0 -0.003875489680775667 0.25140173495577856 0.7615706631081126 0.00031860172319896123 0.00011216408937785819 -1.6584428181987848e-05 0.00020581180952089495 1.0
0.06287359268664372 0.2771996352328427 0.7622093141736241 -3.3601717180723905e-06 3.8560632930281045e-06 -7.163882228723993e-06 4.814433299816862e-06 0.0 -0.003789637990615403 0.2514667267121019 0.7615282663117318 6.43393575270949e-05 6.608231945159785e-05 -4.473288332319324e-05 8.350424101544846e-05 1.0
0.06287274031411572 0.2772023218075118 0.7622149791777767 4.1376989341438727e-07 7.190489426580336e-06 2.435276265978389e-06 7.103578837183225e-06 0.0 -0.0036862935148177546 0.2515383869270492 0.7614979639814222 5.374873371037471e-06 4.8880799706932165e-05 -4.831219732233117e-05 0.00014469396749834673 1.0
0.0628710941431831 0.2771817529773585 0.7622313827018437 -3.425195863666236e-07 -1.596449851577983e-05 1.6964758952509822e-05 2.642137321776623e-05 0.0 -0.003486259507537277 0.25159896991879077 0.7615372370411672 0.00012255321398438324 4.7704432998638697e-05 1.8979926682725668e-05 0.00023090303294970508 1.0
0.06285872739143782 0.27712032747121457 0.7622347051296811 -1.0751033466114861e-05 -6.010000937630484e-05 8.3528629817914e-06 6.270455401773046e-05 0.0 -0.003272631637750131 0.25162904225681554 0.7616277216614494 0.0002415947734000588 3.800439089969149e-05 9.020490675594703e-05 0.0002237646204506724 1.0
0.06283828428242613 0.2770406398408383 0.7622274987100248 -2.1418610812801716e-05 -8.779682905155035e-05 -5.052496614977867e-06 8.26597927551032e-05 0.0 -0.003211640211134123 0.25189101697763816 0.7618790730044502 0.00016545466112946445 0.00024122478726131582 0.0002536836969178781 0.00035138683903155146 1.0
0.06281648726665369 0.27696732392833023 0.7622196942570632 -2.4580529359404156e-05 -8.290307071303608e-05 -1.1116832636108854e-05 7.667491823694738e-05 0.0 -0.0035883684591408523 0.25245146254071515 0.7620890461990012 -0.00029709898848926427 0.0005560584067328207 0.000251174809329756 0.0007206098848561071 1.0
0.06280872664845051 0.27693218437327316 0.7622151097050822 -1.081838341196622e-05 -3.85227053887364e-05 -8.576766429644538e-06 3.580161178271694e-05 0.0 -0.0038946081846192894 0.25271019837973835 0.7619354054800984 -0.000445058140774819 0.0003640300183899355 -0.00010088632787728393 0.0004384949968714428 1.0
0.06280264488134565 0.27690008461464516 0.7622062728262388 -3.365832584575163e-06 -2.00281620379576e-05 -7.914610392578366e-06 3.349941098105596e-05 0.0 -0.003919456497856895 0.25282272147954454 0.7617027077381312 -0.00012359744793222457 0.00012886407085600535 -0.0002889665423021843 0.00024079409531864096 1.0
0.06279603580412045 0.2768687620942213 0.7621937165364879 -2.757671316347071e-06 -2.081612910176555e-05 -9.566216892878132e-06 3.598691135133008e-05 0.0 -0.0036518404582695715 0.2528361147053664 0.7615832879837345 0.0002874946688410701 -4.756077347168576e-05 -0.00020982051992386567 0.00029364885037328766 1.0
0.06278831563225006 0.27682978507285383 0.7621673931864802 -6.524661115319543e-06 -3.756687586515612e-05 -2.3514947670717418e-05 4.753240980661094e-05 0.0 -0.0032275307140981198 0.25269520648257954 0.7614801376646727 0.0005379857435682078 -0.00019951973551468935 -0.00010547502152695515 0.00047606670548918566 1.0
0.06276161897479686 0.27673479179675753 0.7620761352817486 -2.6063550120029836e-05 -9.481424452186706e-05 -8.552986072700406e-05 0.0001328790092993371 0.0 -0.0027464625625530765 0.2523745511482607 0.7614277233689923 0.0005665382550239782 -0.0003332780235057849 -4.74413026250438e-06 0.0005797520904982478 1.0
0.06274766052636295 0.27663348430827955 0.761967552979125 -2.0564071588291076e-05 -0.00011436642359513344 -0.00011762835297653493 0.00015126566008975085 0.0 -0.002368171111283845 0.25189967195580476 0.7613424348442216 0.00038148499795210325 -0.0004430892421939609 -1.9457611692290855e-05 0.0005986371856058714 1.0
0.06276369475431338 0.27656844168151457 0.7618744615828604 1.0951824073658928e-05 -7.81358564432121e-05 -0.00010495290546041827 0.00011351097512845872 0.0 -0.0020285418094989458 0.2513664903761476 0.7613072826663896 0.00025361181741038986 -0.0005220783149383567 -4.3105082782313924e-05 0.000635804070963268 1.0
0.06279224343256024 0.2765141766574867 0.7617999741414274 3.368883226946468e-05 -4.8132285164601086e-05 -7.516729576748596e-05 9.41469389241455e-05 0.0 -0.0015316247878227245 0.25048918751333366 0.7610803767479806 0.0004180583060621481 -0.0008523947333199041 -0.0002333725517537021 0.0010337801090492317 1.0
0.06280479351085594 0.2764738136402728 0.7617493064742675 2.2167879406193814e-05 -3.041377659438571e-05 -4.2635979666727286e-05 6.866395395251865e-05 0.0 -0.0011075679985375014 0.24974702008150437 0.7608827700946016 0.00044945408285473496 -0.0007959769763107358 -0.00023561505936586766 0.0008933362540860133 1.0
0.0627866026274214 0.27640908045073265 0.7616699521028834 -1.4048147259396773e-05 -5.221590556866956e-05 -6.232002881457991e-05 0.00010449340749197304 0.0 -0.0006967425196665428 0.24892016534784495 0.7606809823385754 0.00044473829838946106 -0.0008125699465961382 -0.00021407461875754233 0.0009256494908446986 1.0
0.06277523863921461 0.27638035195447025 0.7616254602461351 -2.2387345200649628e-05 -3.827945719720706e-05 -5.074221246587341e-05 5.461559944317596e-05 0.0 -0.0003632597792685037 0.24809795053682748 0.760378480403979 0.00035708157248577464 -0.0008082408998202663 -0.00028623077089323635 0.0009391443707279588 1.0
0.06276187927761788 0.27636206391832746 0.7615992136241545 -2.1172669963811404e-05 -2.580040537988111e-05 -3.488975095458967e-05 3.197652479146564e-05 0.0 -4.3393258987124765e-05 0.24730679996070506 0.760056631841208 0.0003035181206477356 -0.0007797200799897876 -0.00031706811834478167 0.000921480751412729 1.0
0.06274715743960926 0.27633730040305854 0.7615896797605868 -1.3069370143126998e-05 -2.1063529062571217e-05 -1.0329524264149795e-05 3.07625337274165e-05 0.0 0.00044285852910904214 0.2463268744003437 0.7595240831857842 0.0004368704160490501 -0.000939591861478831 -0.0005057586282600912 0.0012123509326977238 1.0
0.06272358632279659 0.2763216941928011 0.7615759280980368 -1.651090375875566e-05 -1.3144427809216134e-05 -7.230396085513492e-06 3.320032711470915e-05 0.0 0.0009103421187651712 0.24560834088959266 0.7591573208138991 0.0004955205088999001 -0.0007836607455469202 -0.00041914948397678395 0.0009377029087590459 1.0
0.06268732512287677 0.2763107677113926 0.7615630932638179 -3.266273634559091e-05 -1.1514250695918904e-05 -1.1021764174339396e-05 4.000660479335851e-05 0.0 0.001566133126817058 0.24471387087767016 0.7586836312175654 0.0006667668190588679 -0.0008739271644508951 -0.000464981817728857 0.0011917991517258067 1.0
0.06266373464444037 0.2763034076950801 0.7615559890784876 -2.950942332916894e-05 -9.08576184658427e-06 -1.115016205840056e-05 2.4211975874287753e-05 0.0 0.002007172319943561 0.2441681780843923 0.7584083104519391 0.0004990134476335651 -0.0005810462233910997 -0.0002853701206885045 0.0007687577418194339 1.0
0.06264085516238795 0.2762900640308289 0.7615465425904332 -2.4663702507138945e-05 -1.3873183441414525e-05 -1.3752226643109756e-05 2.838942793139956e-05 0.0 0.0024934131686560218 0.24357234181134954 0.7581103942751783 0.0004582624908324639 -0.0005524463995850062 -0.0002579945642366451 0.0008118426452201547 1.0
0.06260466700621756 0.27622606520913606 0.7614938299605546 -3.1238525041543054e-05 -5.505281488425756e-05 -4.5085970617277205e-05 9.034156525317441e-05 0.0 0.002961561292772504 0.243000702678771 0.7578144129940915 0.00043231744704452286 -0.0005464631772675935 -0.0002782482171133292 0.0008057472815240297 1.0
0.06259888796839821 0.2761967258816869 0.7614421020888967 -1.0044371335254388e-05 -4.258360526367825e-05 -5.684815057197907e-05 6.232738057076453e-05 0.0 0.0032692034350700425 0.24261727028738023 0.7575726693354013 0.0003152043006805705 -0.00041636907295394387 -0.0002564693247922872 0.0005494706031085392 1.0
0.06260641096920173 0.27617572532314305 0.761405408179049 8.323821261230466e-06 -2.471846903841809e-05 -4.3305048628001575e-05 3.987341072486154e-05 0.0 0.0035713394880267143 0.24228942732249803 0.7573157709330208 0.00029238204742197763 -0.0003378568568565627 -0.00027173627627072197 0.0005069120687337805 1.0
0.06261609343923143 0.27616245849967314 0.7613844713024962 1.3230096923009856e-05 -8.160152193362594e-06 -2.1535285025784468e-05 2.6169615085361594e-05 0.0 0.0038111340878024553 0.24207961556677088 0.7571272124209009 0.00024056116481121955 -0.00020271808768948778 -0.00019696864316531327 0.00036806283674329374 1.0
0.0626222517157278 0.2761502183905953 0.7613604646712663 8.694372844653367e-06 -4.837034313418581e-06 -1.5368795637044637e-05 2.980136515923297e-05 0.0 0.004132047429286265 0.2417858393174484 0.7568548036638538 0.0003129780643550162 -0.0002720772868631861 -0.00026040986608097367 0.0005225691484078435 1.0
0.06262375093620481 0.27614646400476794 0.761346597118486 1.2556019055082171e-06 -2.105006339852576e-06 -9.55290598092406e-06 1.5007267394219743e-05 0.0 0.004422626145112852 0.24155854261710183 0.7566506304188543 0.0002993784501964211 -0.00022840673075795969 -0.00020824897581841155 0.00042122673518829677 1.0
0.062623340822786 0.2761371969719242 0.7613338391865435 -5.015176005564214e-06 -1.0983366076368014e-05 -1.303796332713531e-05 1.3520510207402845e-05 0.0 0.004777409563102977 0.24124843524934597 0.75640096744138 0.0003697176327895406 -0.00032512633646128187 -0.0002489144744216397 0.000524588628290231 1.0
0.06262420720987136 0.2761280960616607 0.7613312620546723 -2.8026408101040814e-06 -1.4268306500794003e-05 -8.499296263225359e-06 1.0531100109544767e-05 0.0 0.005148685504354286 0.24097158978072672 0.7561441669352797 0.00038085614114110255 -0.0003011755072338223 -0.00025919913621259084 0.0005356792772771161 1.0
0.06262115870441731 0.2761125779067625 0.7613210679682728 -4.0596197466440283e-07 -1.36853364899158e-05 -8.778350514398027e-06 1.8646995030457684e-05 0.0 0.005853014587183407 0.24027495196186802 0.7555791640699642 0.0006543450059543101 -0.0006329581339685848 -0.0005225438538911172 0.0011332655318630144 1.0
0.06261238744575494 0.2760929888013021 0.7613102677969009 -6.698207121738264e-06 -2.0254044223758942e-05 -1.0296391447681836e-05 2.438455080054257e-05 0.0 0.006400836156587287 0.23974520081760003 0.7552132782991667 0.0006146751172070549 -0.00060435623800539 -0.00043883539903942704 0.0008688407222587729 1.0
0.06259079225893888 0.2760606922210959 0.7612539930008615 -2.028009867348172e-05 -3.158692214587802e-05 -5.073048497329265e-05 6.770267319096271e-05 0.0 0.007106580710813463 0.23917638734214333 0.7548722505619062 0.0006933432524174575 -0.0005798948804908465 -0.00035013161601053197 0.0009369545000214995 1.0
0.06259506404813568 0.27604581886226925 0.7612253447942675 -2.0379127731002083e-06 -1.915478463557315e-05 -4.0405087064912914e-05 3.422566256062464e-05 0.0 0.007684974897948415 0.2388096449712031 0.7546326906232248 0.0005984712331397774 -0.00038271732138945056 -0.00022809199376226183 0.0007375372963996649 1.0
0.06259553248801121 0.27602195525601253 0.7612123010767078 3.039539743318133e-06 -2.0444700452231017e-05 -1.6383078891354182e-05 2.4714394606699954e-05 0.0 0.008440879976705035 0.23866476561051136 0.7542821641519349 0.0006973652820957312 -0.00011173686659423271 -0.0002835206698105921 0.0008476087808470236 1.0
0.06258733692135676 0.27600451324453135 0.7611886928269425 -3.6445576945408228e-06 -1.6947547130140383e-05 -1.5835731866305677e-05 3.118763875461862e-05 0.0 0.009887865691194994 0.23913746111265985 0.7543244558914495 0.0013472468146500838 0.00045802986404495135 -9.87892756882923e-06 0.0015260352518461247 1.0
0.0625802305165334 0.2759575240359744 0.7611485192668985 -7.1307888696602975e-06 -4.139056161526571e-05 -3.2447563041715915e-05 6.346258859707014e-05 0.0 0.010182603590292607 0.2393584898292594 0.7538426381535679 0.0005746003667127318 0.0003658160474481068 -0.00038335457879224637 0.0006236313379658578 1.0
0.0625895795347293 0.27592897617074413 0.7611329638543928 4.721092334337634e-06 -3.539707644150225e-05 -2.1569787007050525e-05 3.4626957345861206e-05 0.0 0.010351433071541736 0.23971641046123063 0.7534315704055998 0.00012980869345192091 0.00033164350525384116 -0.00048286249656151833 0.0005250644633738086 1.0
0.06259976947150443 0.2759142794944933 0.7611383518664215 1.0249179397403145e-05 -1.8555162602156618e-05 3.8614053635063106e-07 1.553871528338563e-05 0.0 0.010812581522592324 0.24021042571370924 0.7529838398381491 0.0002451173650770496 0.0004372781082559071 -0.0004813778822270225 0.0008230155795502015 1.0
0.06260180477110354 0.27586576205104496 0.7611277169884793 5.267366128172546e-06 -4.0381626926251206e-05 -6.375912286122658e-06 5.050584502898649e-05 0.0 0.010941290135341628 0.2405331932270317 0.7525954900891602 0.00013528648965747264 0.0003017073894751339 -0.0004182460895934268 0.0005662770154090559 1.0
0.06260140830720831 0.27585472597627186 0.7611212224558238 1.4521883785959582e-06 -1.6015190093066537e-05 -2.5451789155903884e-06 1.5590938560804086e-05 0.0 0.010825639570923095 0.24056821914922308 0.752419483716924 -6.154713474762518e-05 4.677856259019256e-05 -0.0001818504846389497 0.00018079288086118937 1.0
0.0626026241547171 0.27585122471763973 0.7611140163131844 -2.1208534716324183e-06 -3.0567951365224637e-06 -7.984191990416295e-06 5.7071753979187756e-06 0.0 0.010799787474515921 0.2407375751508097 0.7521736499219744 8.364233013648053e-06 0.00010879502970028056 -0.00016933265896625953 0.00027202854440444124 1.0
0.06260341215547703 0.2758537075858584 0.7611060859378367 -1.4142540857149546e-06 5.0621777531793225e-06 -1.2148352137953043e-05 7.68659193017157e-06 0.0 0.011123567130497402 0.24112503868412466 0.7519978167164176 0.0003027911831597894 0.00036213048863093704 -0.0001398980462568503 0.0005772112709045833 1.0
0.0626045666965917 0.27584910490641673 0.7611099474500448 1.8133137870682058e-06 -2.3011873411422404e-06 1.3802600541856682e-07 8.11937401566201e-06 0.0 0.011427254889904828 0.2414394489300273 0.7519055155694309 0.0002903036607025272 0.00035588530725958075 -0.00014251678298213917 0.0004460652713544693 1.0
0.06259793159359874 0.27583306479510866 0.7611121718854351 -3.416142689169747e-06 -1.3868104216132252e-05 6.645053765288752e-06 1.691729116447251e-05 0.0 0.011917236075818507 0.2420023488834702 0.7518435983650942 0.0005437559308633833 0.0005938973394134285 -6.524573274538386e-05 0.0007198773193570095 1.0
0.0625828129724886 0.2758254634078562 0.7611189429054953 -1.4759743772414526e-05 -1.4042390566864693e-05 8.656874947361725e-06 1.7444971266190763e-05 0.0 0.012231613401936495 0.24233468160242852 0.7517346864418692 0.0004011973085286796 0.00041652232933943887 -0.00010399251086955138 0.0004895284467899534 1.0
0.06256837045959378 0.27582242175791893 0.7611185243947144 -1.7341718718872827e-05 -7.878423614176738e-06 -1.5137659004398212e-09 1.5455215787996626e-05 0.0 0.01252285775860037 0.24258848894948826 0.7517318076951452 0.00023127806351995586 0.00022118471404161124 -1.8798134312703475e-05 0.0003806007822261195 1.0
0.06254612102042145 0.2758211465709156 0.7611211055369421 -2.2260778897821214e-05 2.8169148338181237e-06 9.85137939914216e-07 2.188683563928169e-05 0.0 0.012736524454230446 0.24285557864076626 0.751900465610043 0.00015193748304471926 0.000191270254352676 0.00015546045843275455 0.0003797732618009104 1.0
0.06253297425138404 0.2758261447940474 0.7611278019679788 -1.4662921470107112e-05 7.06979877664905e-06 4.701041085978388e-06 1.6194757512224295e-05 0.0 0.012995770869292765 0.24313576701389666 0.7520626083074827 0.00022673474631814728 0.00026204233326399825 0.00018417388800297198 0.0004219445729652496 1.0
0.06252671518837115 0.27582803144147433 0.7611485413856849 -5.4467056932770315e-06 4.195234930781153e-06 1.9264276078550826e-05 2.144348043608617e-05 0.0 0.013186984744695446 0.24334378734770515 0.7524506701153199 0.00022182950931965437 0.00023621857602130147 0.00038160047857256467 0.0004814478464184924 1.0
0.06251621476434154 0.2757939313687401 0.7611854979866778 -7.008897808363264e-06 -3.0257796068417852e-05 3.8238535521318786e-05 5.1085054147141445e-05 0.0 0.01325636010806173 0.24376864248695262 0.752648305554283 9.727369677219364e-05 0.0004059977159504848 0.0002559551202674576 0.0004634124669214896 1.0
0.06247996985293695 0.27573238877208023 0.7612476820942397 -3.218602642243468e-05 -6.45970835802477e-05 6.283132061419788e-05 9.53664323469583e-05 0.0 0.013391159897609537 0.24486826024755665 0.7527439934424712 0.00012417334418178745 0.001051942776176548 8.79492987510398e-05 0.0011105066611187245 1.0
0.06243409563890136 0.2756973687805868 0.7612744458583312 -4.93917024029474e-05 -4.719372862240694e-05 3.7053231234571474e-05 6.434075665167455e-05 0.0 0.013546988965135728 0.2452171378639754 0.7528778732008582 0.00013806500041210512 0.0005588390495371739 7.158422781817493e-05 0.0004322714175734122 1.0
0.062379163784947254 0.2756756171803181 0.7612877567409445 -5.946024615738351e-05 -2.3186510405328203e-05 1.1072849913711272e-05 5.781308616969499e-05 0.0 0.013652853607899302 0.2453845789692166 0.7530276967238516 0.00012502350346512803 0.0001684064068966285 0.00012643123416941382 0.00020884249631288634 1.0
0.062291687046118475 0.2756594596830349 0.7613084047425459 -8.620702631699411e-05 -8.241458994878658e-06 1.0834230131445318e-05 9.231728365957415e-05 0.0 0.013731598504176936 0.2455145359333835 0.7531664561902139 8.93786534338223e-05 6.256579530063372e-06 0.00015617612408767756 0.00021478008508563247 1.0
0.062221598574319886 0.27564531465630815 0.7613161333024955 -7.494758478086354e-05 -5.78894397790635e-06 5.343904368880546e-06 7.466648014062323e-05 0.0 0.013725736561777785 0.24556336091468522 0.7532290792300974 5.249810549330539e-06 -4.6394073020784274e-05 9.759453480652662e-05 0.0001060760144696331 1.0
0.062151269815785865 0.2756429445523948 0.761326346865752 -6.803501563033812e-05 -2.845458829623781e-06 1.068025471047603e-05 6.868502677168837e-05 0.0 0.013725438177796513 0.2455881566099054 0.7532746027662746 -2.7776112467905133e-05 1.1791040441431545e-05 5.9527330807981405e-05 4.115497498256095e-05 1.0
0.06197756436971276 0.2755994574813511 0.7613733973920428 -0.00015535386770121652 -4.164815567836193e-05 4.5961547149110175e-05 0.00018322124575677082 0.0 0.013747295251643551 0.2455997455864166 0.7533476254262592 2.610141066778976e-06 9.34836348685943e-05 4.0130986777288337e-05 5.660058305667241e-05 1.0
0.06168596036189932 0.27545253599845715 0.7615910611981158 -0.0002875205390039711 -0.0001406047093656617 0.0002017446783667315 0.00039610689627343353 0.0 0.013783374924714802 0.24557168048441433 0.7533614123894534 4.929706668742385e-05 4.795788757583103e-05 1.5942027300212835e-05 6.799981911849472e-05 1.0
0.06086511490739769 0.274826630929785 0.7624387669160743 -0.0007744177553005904 -0.0005767311746066119 0.0007853400016768954 0.0013299245855444093 0.0 0.013806232054328944 0.24554084201039666 0.7533895942671109 4.1572343033879515e-05 -7.812140228175197e-05 3.156939889904801e-05 4.122220837286263e-05 1.0
0.05932297744564679 0.27335387176374704 0.7639654294222767 -0.0015311401416522796 -0.0014336463143684382 0.0015403489076583896 0.002632884322443167 0.0 0.013884019356961666 0.24546939118381417 0.7533246977858342 7.380034763786032e-05 -7.37965157857032e-05 -4.71632363613361e-05 0.00012182099131463061 1.0
0.05655589019668719 0.2701719409854266 0.7656350464070459 -0.0027530704624293785 -0.003115002830555912 0.0018188585691692382 0.004531747473380432 0.0 0.013891349385461587 0.24528758162590927 0.7532851213616222 1.98760002746037e-05 -0.00017072838743134662 -5.5533468669359586e-05 0.0001911469482637303 1.0
0.05160122415109375 0.26304176425816883 0.7673991324145428 -0.004884618192619477 -0.006903024542139712 0.0018334426192186733 0.008837913438603285 0.0 0.013843006580247594 0.24499868753113804 0.75327705032303 -5.312092675206798e-05 -0.0002949681793382545 -2.2553475276807587e-05 0.000290997402220743 1.0
0.04673601127445421 0.25626077464622027 0.7662120178572767 -0.005275838030260609 -0.00754168475176029 -0.000812069210773452 0.008523497137486022 0.0 0.013834091404930709 0.2448622988144708 0.7532943273882327 -3.0825325124512176e-05 -0.00018418381580416547 2.3806499763423667e-05 0.00013892380369280534 1.0
0.044622812084939095 0.25369571397563134 0.7641729468271174 -0.0026473176741574327 -0.0034717796823234702 -0.0024426016549385396 0.0038091967031136224 0.0 0.013874562990062235 0.24473595095409842 0.7532198255028387 2.9946283184409706e-05 -0.00011577041156728908 -4.4423865670717446e-05 0.00014556672571212749 1.0
0.043411853738206926 0.2522762734426155 0.7620560441469322 -0.0007645908162993045 -0.0007130390913352355 -0.002653115858488324 0.0026848594023781017 0.0 0.013824003966861606 0.24459855936824187 0.7531845154082766 -2.3372160879944274e-05 -0.00010497559333573176 -4.8932652235177e-05 0.000156501145953713 1.0
0.04288653379975229 0.2515936542998783 0.7608374702356718 0.0001189826621876237 0.0003752097138924307 -0.0014437779360757692 0.0017100551698753935 0.0 0.013803866566435967 0.2445361149049435 0.7531767725066162 -2.1349593523790406e-05 -5.340601314582964e-05 -2.0431682065662296e-05 6.964466787709513e-05 1.0
0.04238693655372115 0.2508805566865697 0.7596901831268705 -0.0001448018266277381 -0.0001811545614282389 -0.000733499890137977 0.0014819827420911123 0.0 0.013808801543306303 0.24446354051471886 0.7532013485115201 7.299006716944992e-07 -6.776793891957676e-05 1.6649010200572062e-05 7.040742245518559e-05 1.0
0.04199458008498616 0.2502598398220604 0.759115940691517 -0.0006436076172947412 -0.0010447590082962024 -0.0001814145495009974 0.0008011054765318653 0.0 0.013874703833991323 0.24455354260455975 0.7530488941105611 5.202019738918699e-05 5.316505025334063e-05 -0.00011199673102112084 0.00018787324850629082 1.0
0.04180381007625573 0.2499804462595366 0.7589551096304443 -0.0006887797336131729 -0.0010884015207028438 -8.599903012326566e-06 0.0003521963274452323 0.0 0.014199052817538664 0.2446729709156174 0.7530737350350034 0.00029891276522354195 0.0001280088483031397 -1.4596038441519052e-05 0.0003534809080485236 1.0
0.041718126378884335 0.2498701379549365 0.7588651696939744 -0.0002248641353047344 -0.0002637799337153017 -0.00024669854226453975 0.0002168827372195179 0.0 0.014398889153745521 0.24473397065134087 0.7531191255591164 0.00026918104375697174 9.800227238272182e-05 4.274870707696779e-05 0.00021329869150772711 1.0
0.0416905528322828 0.2498338634107236 0.7588264058518558 0.00012430836076290832 0.00024085067562462995 -0.00013346542684378898 5.413873811273111e-05 0.0 0.01442800823909493 0.24473151994123837 0.7531164719613496 6.634652670716365e-05 -3.244691917168524e-06 1.6207378660636998e-05 2.0242939365870504e-05 1.0
0.041652186348487816 0.2497785218445593 0.7587688924718906 2.8896700361793343e-05 4.625270773978441e-05 -0.00011218490780625333 0.00010566711176831188 0.0 0.014412991010804605 0.24469262382109805 0.753124050566122 -6.257559182799795e-05 -6.519395432461372e-05 1.747664003289919e-05 4.2896671178617354e-05 1.0
0.04163844496271696 0.24976263189918807 0.7587443330780188 8.438112673637933e-06 -2.2128153542308807e-06 -5.254753581611024e-05 1.34900247671251e-05 0.0 0.01440985450099213 0.24467290986793447 0.753132710848635 -5.889097989227018e-05 -4.7324619373911246e-05 5.729424457705246e-06 3.3417740950939e-05 1.0
0.041629565614856576 0.24974169915336725 0.7587303749421764 -3.4536613288001705e-05 -6.644072004305347e-05 -5.784516420045895e-05 2.5502936407622396e-05 0.0 0.01440844086193014 0.24466381250919528 0.7531355084248036 -1.6345891364345487e-05 -1.2025557589835179e-05 -8.892663893752634e-06 6.916202678973674e-06 1.0
0.0416242998939263 0.2497533668709829 0.7586817255545589 -1.139390525428793e-05 -7.891024506334458e-06 -1.300454580284438e-05 5.499362087427401e-05 0.0 0.014405751285644915 0.2446680565304995 0.7531448472728431 2.771391382576574e-05 2.846179236218043e-05 -4.0927987148576e-06 2.612185827532027e-06 1.0
0.04162926581883164 0.24978739169946365 0.7586189691679874 1.3509926690530554e-05 5.229119757829497e-05 -3.881512350404042e-05 7.31109689038953e-05 0.0 0.014407484581817573 0.24467638447396947 0.7531529657229931 4.02000910344915e-05 2.267620983366425e-05 2.427133755112366e-05 1.4858521380994313e-05 1.0
0.04162418680549608 0.24977660984821726 0.7586200316596571 3.8123026391861557e-06 1.202219203676251e-05 -1.0958069526180155e-05 1.2293956553937268e-05 0.0 0.014411966686502277 0.24467769673242148 0.7531614953255641 4.170008917137383e-07 2.578022766450605e-06 1.0001521309985381e-05 1.2475645479775605e-05 1.0
0.0416154901479077 0.2497138839409518 0.7586920021366673 -6.828198968530057e-06 -5.6707396558010914e-05 6.91063710946821e-05 9.021559993249449e-05 0.0 0.014408484289867856 0.24468782088530774 0.7531791983174424 -1.4293062677717068e-05 1.5536921822605413e-06 1.325018491521744e-05 1.843500524056232e-05 1.0
0.04161214951268751 0.2495708918305869 0.758849335066521 -7.609597175019973e-06 -0.00014866998752586014 0.00016355589133391611 0.0002177163774414242 0.0 0.014414508044467282 0.24470608465413204 0.7531912481148472 6.049591519681323e-07 1.255974732207404e-05 1.4847197932849864e-05 2.351541196209312e-05 1.0
0.0416176530689402 0.24957212969801967 0.7588380243217921 5.005173372560439e-06 -3.8961013653089464e-05 3.9863422031135985e-05 1.6907543303138717e-05 0.0 0.014430704806564604 0.24469154271008148 0.7531984870829062 1.567362813728608e-05 -8.018628988728042e-06 7.883757398335798e-06 2.284033266799213e-05 1.0
0.04161323976345474 0.24960704973225337 0.7587913231954914 -8.207066625960074e-07 4.2178831909815925e-05 -5.861732350916186e-05 4.5283621047501166e-05 0.0 0.014443486693647124 0.24467337241477385 0.7532083697736518 1.533840297879517e-05 -2.042733596212506e-05 7.736235501183162e-06 2.3979114635911487e-05 1.0
0.041608705164279364 0.2496296666471645 0.7587625258122493 -3.4535958408518394e-06 5.747708151927424e-05 -7.133390218673954e-05 4.4412797620921034e-05 0.0 0.014435459920589611 0.24466284077321457 0.7532156221698315 -3.994693421440721e-06 -1.536261904597669e-05 7.018605420294739e-06 1.541704805801392e-05 1.0
0.04160018843116288 0.24966785363988456 0.7587195102149542 -8.505920200213551e-06 5.238052837278612e-05 -5.8611344707988795e-05 6.308967073970578e-05 0.0 0.014429269392731805 0.24465384087767758 0.7532196793783994 -9.661949327233656e-06 -9.75751129549793e-06 4.047082140919479e-06 1.1539083468644257e-05 1.0
0.0415961325596858 0.24971060756311453 0.7586717431896122 -7.229167541821067e-06 3.436028642149294e-05 -3.5568388265098684e-05 5.924082145057745e-05 0.0 0.014429371466820249 0.24465114224113538 0.7532215647414983 -4.564584333922157e-06 -7.899108226404936e-07 2.309510242540086e-06 3.3025146287051984e-06 1.0
0.041595302050499806 0.24973171599134533 0.758647496092085 -1.3508537937437386e-06 7.666644396591935e-06 -7.268487433919479e-06 2.960481964979186e-05 0.0 0.014427327407386207 0.2446534141654013 0.7532277016325897 -1.9016716952220351e-06 6.498802540355804e-06 5.74397593739959e-06 6.830500724624618e-06 1.0
0.041536315509305505 0.2496512647989998 0.7585577754917987 -4.856370054964015e-05 -7.767244388694545e-05 -6.838270652290272e-05 0.00013667644938368995 0.0 0.014431939679904186 0.24465359980103293 0.7532310935944162 6.901753065903167e-06 2.489689188719128e-06 3.76575850248881e-06 5.955349715093703e-06 1.0
0.04117990711220321 0.24938416734489702 0.758228838806771 -0.00032108331697284077 -0.00024812783705279747 -0.00031341799634105813 0.000551937649633552 0.0 0.014438014303770794 0.24464897986471518 0.7532334361682077 9.027551019543992e-06 -6.74951753688282e-06 2.7808623792322157e-06 7.721530425551409e-06 1.0
0.040755357929273324 0.24915561269780934 0.7578761501958353 -0.00046476547235399556 -0.000272034618781312 -0.00039205315529874544 0.0006090636910795015 0.0 0.014444232596338117 0.24464512201955704 0.7532419263330651 6.441347630129897e-06 -5.943874499942262e-06 7.841102155447961e-06 1.1220790825055182e-05 1.0
0.03997487935155175 0.24865485117405836 0.7572561696617407 -0.0007764994331019892 -0.00047891550761211684 -0.0006148331112444416 0.0010968813431599153 0.0 0.0144902148601363 0.24459730725096313 0.7532281367109488 3.868982843220018e-05 -4.2573437352171786e-05 -1.0239555256977287e-05 6.729099343233919e-05 1.0
0.03943482318882385 0.24825286736983737 0.7568123258326971 -0.0006279811580682859 -0.0004375191679401063 -0.0005065733017876713 0.0008220555998583974 0.0 0.014506351171979995 0.2445552621763057 0.7532248174717855 2.5653809597122557e-05 -4.92022972402612e-05 -7.546361815275503e-06 4.724757983556604e-05 1.0
0.03824014799841779 0.2470383108657624 0.7555998521048581 -0.0010786385326248846 -0.0010919313495195578 -0.001084143871886385 0.0020642209323330327 0.0 0.014505208982537526 0.2444973398436506 0.7531968367087302 1.6290180611079664e-06 -5.9167390804007405e-05 -2.5564766473812948e-05 6.157825409684164e-05 1.0
0.03753129021120537 0.24610242908539937 0.7545542042095498 -0.0008069410569964136 -0.001065267225285266 -0.00113035410424415 0.0016248306978511365 0.0 0.01452847778317813 0.244463091494912 0.7531891124470025 1.3390641552960642e-05 -3.840198023518322e-05 -1.2942301724695885e-05 4.312304442880414e-05 1.0
0.03667667460885279 0.24469839678566294 0.7526005649562366 -0.0008072056429388579 -0.001380967789135381 -0.0018705667473638524 0.0024961023744177885 0.0 0.01454962071434687 0.2444246990824574 0.7532151011711983 1.9629165827998568e-05 -3.25552345467409e-05 2.2379588592811863e-05 5.112276980899535e-05 1.0
0.03653936114557145 0.24425406792544474 0.7520639352289373 -0.0002103162906346935 -0.000610289092188454 -0.0008535839302306481 0.0007596981845012755 1.0 0.014583661062723232 0.24443566375244835 0.7532096889680131 3.4075060343396283e-05 9.392505661907934e-06 7.188444603401505e-06 3.6994394173478734e-05 1.0
0.0363105563507344 0.243896768049656 0.7517422512110592 -9.566612599609545e-05 -0.00022027161833979204 -0.00020687124695145702 0.0004667771919694301 1.0 0.01461481268239734 0.24442463669891382 0.7531439532079739 3.701886611770224e-05 -2.2870129419988354e-08 -5.560943845748402e-05 7.18070884985072e-05 1.0
0.036058289553513735 0.24329280925502092 0.7512359000597921 -0.00018719102447045248 -0.0004121514426231011 -0.00024405064075467333 0.0008733814220413979 1.0 0.01436937068359782 0.24422620066842468 0.7530790933937009 -0.00020270827339862035 -0.00017293615325582353 -7.860110572694341e-05 0.0003219973417551675 1.0
0.03612340187232776 0.24288086936447859 0.7510296583980164 -1.4799235735743661e-06 -0.0004310090098400719 -0.00016114517332977432 0.0004940495751199205 1.0 0.014164298593363529 0.24402453519834288 0.7531302443036582 -0.00025420707377840363 -0.0002315838374719417 2.364039721539764e-05 0.00029900210556398386 1.0
0.03612606312223266 0.24274219537193512 0.7510100626368301 -4.9621284960857446e-05 -0.0002850176778448261 -0.00012824135706727854 0.00011047080277490297 1.0 0.01427101965640173 0.24402688041719658 0.7532064400393528 3.236395923725556e-05 -5.514974560403359e-05 8.70072329940066e-05 0.00012403768138388128 1.0
0.03616620031205737 0.24261598206616336 0.7509952934326037 4.340742859912329e-05 -0.00013678116863922096 -8.007264107977698e-05 8.471926832614302e-05 1.0 0.014400593437467996 0.2440099691105876 0.7532956412878764 0.00017616498914414222 1.3498404980028515e-05 0.00011439601572529095 0.00015111716889779116 1.0
0.036169208200770575 0.24258175958647313 0.7510193087564253 -1.1129829238605213e-06 -4.0629740697617966e-05 -3.943030248647729e-05 0.00010736763422466121 1.0 0.014378864700691763 0.2439816911174211 0.7533154239183875 6.581928102710194e-05 1.3579696716506709e-05 4.2579560503644786e-05 5.450521622355246e-05 1.0
0.03614489467658609 0.24258043360281273 0.7510558664963087 3.7647902219689828e-06 8.048718893520035e-05 0.00012838044714683322 3.0067601478589966e-05 1.0 0.014346794169385379 0.24396060837241731 0.7533359188481512 -2.681834415188871e-05 -4.998990883234094e-06 -8.314753469733507e-08 4.143628527178361e-05 0.0
0.03613075501580086 0.2425954173682974 0.7511064082849859 -5.334991557443797e-05 -5.173780369943876e-06 2.7852092383595542e-05 3.9002383411648246e-05 1.0 0.014326367441829226 0.24395362543251067 0.7533760051583931 -7.130070360682794e-05 -2.7251913316554405e-05 1.1904781486733927e-05 3.985500562588168e-05 0.0
0.03611742543171187 0.24265429734431393 0.7511784397406467 -1.7911411490469423e-05 1.3611055753811414e-05 3.8995079872175336e-05 0.00010144094592442934 1.0 0.014306766018841248 0.2439700919558692 0.7534271676131868 -6.971233839604388e-05 -1.3997851457084101e-05 4.7883957248659546e-05 5.995277536929111e-05 0.0
0.036123212248608 0.24297032447086653 0.7510457858397607 2.7471493185257087e-05 0.00028916860781171775 -8.360461123216783e-05 0.0003435038881417136 1.0 0.014388889882061152 0.2437542303035816 0.7540009746841057 8.064881581647747e-05 -0.00017748713968132306 0.0005169170320727331 0.0006142787603846626 0.0
0.03628102824084031 0.24346778173837197 0.750595599621369 0.00014018331630543637 0.0005213280489273135 -0.00042314090821584223 0.0006898644721118551 1.0 0.014865078168900198 0.24365989939916188 0.7547772202628443 0.0004714575181248401 -0.00012653047084849636 0.000830755320022179 0.0009279855136980228 0.0
0.03628609122924307 0.24370340252972153 0.7506007295410968 5.5064363616674605e-05 0.0003249528743869484 -0.00013143411532617454 0.0002454022340826911 1.0 0.015753032413813983 0.24334157853256747 0.7562038622774553 0.0009008071278751429 -0.00030080301445479173 0.0014264202821968662 0.0016981529881183613 0.0
0.036035884188060405 0.2438768475496699 0.750991794587567 -0.0002206297754364599 0.00016790054999197656 0.0003617785029095042 0.0004653156633327615 1.0 0.016873723465199768 0.24290740528167437 0.7579721503708313 0.0011820464392709887 -0.00043902438811709076 0.0018287842220904662 0.002143877265841034 0.0
0.03562622694094682 0.24416610163872618 0.7514337596842241 -0.0004455691221634152 0.00020714045261642543 0.0005619333673532183 0.0006909771337034738 1.0 0.018014029151938445 0.24219254646416888 0.7602540270246488 0.001210183567648968 -0.0006993440664977556 0.002287729889728589 0.0026440231082798613 0.0
0.03533398650832683 0.24443776901136072 0.7517165202411817 -0.00037718267363778173 0.0002438341216313477 0.00040749837029462424 0.0005034085004104595 1.0 0.018630244858499925 0.241491645915236 0.761922282626543 0.0006770569209890128 -0.0007457774810718204 0.0018044273485768236 0.0019248185457171655 0.0
0.03517639458469902 0.24459231559708866 0.752025759715185 -0.00017942604081793868 0.00019047556710266066 0.0002802121088287463 0.00035454390659678085 1.0 0.018892074208590404 0.2408054517218011 0.7633196182909787 0.00016598190870535613 -0.0007070032102938998 0.001329099513176079 0.0015467533543500782 0.0
0.035013320739850466 0.24481625047400565 0.7525244989084493 -9.211605970513393e-05 0.00024123328550702404 0.00036864553397652344 0.000564894551241604 1.0 0.01883863236774599 0.2400339306491965 0.7645450049865234 -0.00017787824873043837 -0.0007424431165531905 0.00108173664494163 0.0014708388663409056 0.0
0.0349041307728616 0.24500604082451466 0.753146189966068 -5.1269762225128514e-05 0.00020083234835693224 0.0005675482093380341 0.0006883016162538595 1.0 0.018567144879033135 0.23945635447618116 0.7651831778397845 -0.00032742962860929256 -0.0005683820506032242 0.0005940539678469575 0.0009233933596188303 0.0
0.03483604364419193 0.24522127777001188 0.753710668438655 -7.134519912792528e-05 0.0001884056632634422 0.0006510675348924933 0.0005956185251051897 1.0 0.01820325580519019 0.239014074660399 0.7655737762685779 -0.00034724632804583513 -0.0004347482463439495 0.00037335683202130215 0.0006693279112121617 0.0
0.034870229560574825 0.24547179746679582 0.7544001830467167 -7.2868540462965175e-06 0.0002516700761371094 0.0007174854840825472 0.0007206301209828892 1.0 0.01782735168736664 0.23872642082912585 0.7657962766419864 -0.00031758219166930105 -0.0002748410911408759 0.0002394657029113512 0.000513481711875865 0.0
0.034771054640704464 0.24566605611291742 0.7553096576714788 -8.507349712128187e-05 0.00022299415146281949 0.0008746888854359332 0.0009464324043722826 1.0 0.01746957335509497 0.2385258164756701 0.7659142932569325 -0.0003056821734910198 -0.00018821592053993214 0.00016178497738684647 0.000447797923729047 0.0
0.03506041082827525 0.2458572172446264 0.7558524639836414 0.00023049195435483966 0.00018465530743492906 0.0006009907090152096 0.0006550439597320982 1.0 0.017181245114609167 0.23837621948611118 0.7659436030515249 -0.00028203645028966433 -0.0001347935476424441 3.5067209505783986e-05 0.0003194230939632119 0.0
0.035538668675332966 0.2461671042648622 0.7567512396596381 0.0004912641427635342 0.0002776485084594785 0.0008172281195975813 0.0010381114762978484 1.0 0.016975739322760048 0.23825161674115772 0.765910122292194 -0.00019885035524976622 -0.00013840196252778297 8.660361637511781e-06 0.0002354591781391945 0.0
0.03601830753306928 0.24665681454043928 0.757817384945656 0.0005392855455732845 0.0004804250749700322 0.0010543625690347808 0.001287730998936665 1.0 0.01681901118027578 0.2381598609690039 0.7658357113955431 -0.0001540925337513724 -0.00012103237778424874 -5.6692758246583473e-05 0.00020278385862177437 0.0
0.03575399499825586 0.24772961357895323 0.759328722917403 -0.00012979386828266908 0.0010293984321555656 0.0014931058462120707 0.0018713517457867542 1.0 0.016674988082120725 0.2380976086935746 0.7657311013534336 -0.00014392237865961104 -6.837370594171518e-05 -0.00012797778635224226 0.00018757759269285006 0.0
0.03575781713627791 0.2487704336681408 0.7601933160456121 -0.00016045784586439938 0.001156435215804604 0.0010473245540918216 0.0013586775600448755 1.0 0.01660929177944318 0.23805946246246915 0.7656497509445395 -8.343722865398692e-05 -3.7947595268081986e-05 -9.21159872357358e-05 0.0001130182791703664 0.0
0.03583059326619903 0.25026660011169366 0.7614290575976198 -3.314821278816148e-05 0.0014904805430094282 0.0011533515515687793 0.0019025001513740289 1.0 0.016519916688611226 0.23802292476534662 0.7655396216564938 -8.828564895742356e-05 -2.6635423964026814e-05 -0.00010348864999621668 0.00014232993245488323 0.0
0.035387690952151024 0.25204166762197666 0.7619526906206555 -0.00035837838290177796 0.001765055535534909 0.0005701077390067769 0.0019473764020904185 1.0 0.016469241772492895 0.23797690201330526 0.7654511428818158 -6.138556671791506e-05 -4.115052173135527e-05 -8.985341270199878e-05 0.00011534888839725445 0.0
0.0348102863748671 0.25325628114695986 0.7628547510210222 -0.0005298800227186222 0.0013177297909113233 0.000707621715352099 0.001614103281982413 1.0 0.016413000166314935 0.23792829749087674 0.7653657469003408 -5.4367115273006624e-05 -5.169988100118053e-05 -8.543024522311337e-05 0.0001123462133896962 0.0
0.034571651031859434 0.2545770751221638 0.7638453892774107 -0.00031147030472121815 0.0012168060999042242 0.000987112764547759 0.0016449949248637306 1.0 0.016352321245571205 0.2378630156029094 0.7652713805924221 -5.905989273887277e-05 -6.787638753198155e-05 -9.343295735799244e-05 0.00012884667365355628 0.0
0.03500123516035423 0.25584943680512334 0.7642529553108494 0.0003436597851078351 0.001194629339020297 0.0005808083768290256 0.0014141382472422465 1.0 0.016291646532501394 0.23781361674061335 0.7651810525132886 -6.362496717844156e-05 -5.462949475539493e-05 -9.388125950845976e-05 0.00012043800539721788 0.0
0.036046402287199936 0.2565738614687588 0.7644869490289348 0.0010789738650617024 0.0007827338058757756 0.00025582877016734043 0.001306942152462109 1.0 0.01623841323379663 0.2377802025291461 0.7651047648577035 -5.608130509537852e-05 -3.289142376522364e-05 -8.051162531618073e-05 9.927070784192539e-05 0.0
0.037306511909064026 0.25708574393686034 0.7649074222710809 0.0014751320035558037 0.00047731744009629306 0.0002797376422371304 0.0014033011645783802 1.0 0.01619900149380482 0.23775958506535405 0.7650375445639431 -3.7548169629917386e-05 -1.545622989060456e-05 -6.634071636565903e-05 7.864921925458332e-05 0.0
0.03990617637776029 0.25708591319966123 0.7649517321343103 0.0025067591828651288 4.673628436031017e-05 9.381726982370543e-05 0.0026031930163482545 1.0 0.0161608574051894 0.23773735216891603 0.7649928470957339 -3.662251260606149e-05 -1.6296902997868775e-05 -4.6616723541069305e-05 6.451360685493072e-05 0.0
0.04176239996872462 0.2568736564635941 0.7652978459720914 0.0020501943474043505 -0.00026021127349984993 0.00026362367174458947 0.0019423155768276109 1.0 0.016139101905584867 0.2377035107103094 0.764971824387673 -1.902285866762334e-05 -3.144953708963675e-05 -1.813845617372665e-05 4.541300189983406e-05 0.0
0.04294946996672218 0.2565920087577393 0.7657559162282589 0.0012092935219335833 -0.0003503859221571893 0.0005339704568678597 0.0012406887230315446 1.0 0.01612803010614283 0.2376645655057829 0.7649522634744826 -1.1137050490605558e-05 -4.297204023261554e-05 -1.5024575530093158e-05 4.423625503252045e-05 0.0
0.04477908636486972 0.2561427648175698 0.766362742099655 0.0014957107950333013 -0.0003839735351748115 0.0006491835610483196 0.0019689067689491893 1.0 0.016084020077126983 0.23761170128859027 0.7649196594824451 -3.8101565206728744e-05 -5.69808452992467e-05 -3.0458893334695293e-05 7.626712601055179e-05 0.0
0.04704980847617349 0.2558648192724328 0.7663420003222288 0.0021178110378474277 -0.00026632945288637016 8.038169899554182e-05 0.002362301815621022 1.0 0.016034874441314885 0.23754672885747788 0.764852265451311 -5.322894054328504e-05 -6.590204161623682e-05 -6.686964251284162e-05 0.0001064629149276129 0.0
0.04826546281681696 0.25568456345553603 0.7661398920372913 0.00149228159667142 -0.00016092649951194725 -0.0002545729282492186 0.0012428506561064341 1.0 0.01603964045005844 0.23747413468765272 0.7647821169720584 -8.79518413983405e-06 -7.271262480934432e-05 -7.95583569105631e-05 0.00010079820789222093 0.0
0.04907653116348097 0.2556178347278549 0.7658943095197446 0.000902633160188532 -3.2444604032687546e-05 -0.00036178077132041457 0.000758292716598024 1.0 0.016063811291341837 0.23737849189332072 0.7647073406596492 2.693145485632798e-05 -9.248843803655858e-05 -8.059988176857868e-05 0.0001222355643449739 0.0
0.04921921810702154 0.2557547831422802 0.7655683639167655 0.00015674868112643082 0.00012354936793131782 -0.00039605984621253064 0.0004338166678963201 1.0 0.016072627981903623 0.2373348208161608 0.7646933333194574 2.2214076780512193e-05 -5.3471484100691313e-05 -2.1183017748933146e-05 4.892269987508877e-05 0.0
0.04924301467598639 0.2560695819139026 0.7647920736456657 -0.00024727118758398033 0.00031755624223424935 -0.0006655020784518855 0.0008637230830920439 1.0 0.01609323333295266 0.23724722921255728 0.76465249437977 2.363120543083825e-05 -7.522799990099659e-05 -2.3004256922114414e-05 9.604836486441529e-05 0.0
0.04913630162740523 0.2562652074375565 0.764389995591656 -0.00018407537655366186 0.00023464999349169174 -0.00044847004085477607 0.00045716992092012976 1.0 0.016101702861474717 0.23719130395204358 0.7646252090008452 6.6456168494970355e-06 -5.874135346808219e-05 -2.1982232956429653e-05 6.641836122510059e-05 0.0
0.04882476662342534 0.2564285056969534 0.763747055943345 -0.0001417643857507952 0.00013979257376122524 -0.0005732495376186817 0.0006889153820764 1.0 0.0161374038476895 0.23708877801377112 0.7645836421068125 2.2620599433886734e-05 -9.485522747659594e-05 -4.078264265003858e-05 0.00011397789463079072 0.0
0.04827343040824321 0.2563338066043424 0.7629554949134287 -0.000422819967632868 -9.494289859101034e-05 -0.0007905295909721809 0.000991542751845808 1.0 0.01618366812336098 0.2369679483816796 0.7645124250823692 4.587445199963233e-05 -0.00012440140230153657 -7.49366480162187e-05 0.00014834416887809563 0.0
0.04806182202694511 0.2565021032981498 0.7625793358154459 -0.0003173327499581221 6.177873830924183e-05 -0.00044925391676211586 0.00047909441393643743 1.0 0.0161877482895838 0.2369004004129414 0.7644719528741041 1.878023863137236e-05 -8.435774042060159e-05 -5.397722939345463e-05 7.930492212000629e-05 0.0
0.0480757263869191 0.256504129881166 0.7623220906882696 1.8061391305870724e-06 3.2093985401891804e-05 -0.000228673305025208 0.00023519399294337343 1.0 0.01618787143964742 0.23684458118102503 0.7644503987954991 -2.443591307229062e-06 -5.3202340935793496e-05 -2.3209527184644234e-05 5.7613873806612346e-05 0.0
0.04823868445299415 0.256415797817793 0.7621627215770139 0.00019937589646108506 -4.081102112077727e-05 -0.00011929838381529343 0.00024042187265260328 1.0 0.016193385198930713 0.23680581068831086 0.7644419079922843 -3.498407390628823e-06 -2.7588356496152295e-05 6.978003007570714e-07 4.063162934442794e-05 0.0
0.048477326269507605 0.2563581301575866 0.7619244074086483 0.000309684420245444 -5.476378877756848e-05 -0.00019911028390774276 0.00037213041009257966 1.0 0.016201966217691297 0.2367524713558867 0.764408829492688 5.950174559330471e-06 -4.497145098336945e-05 -2.3501315625036405e-05 6.621516520376259e-05 0.0
0.04868950986727486 0.2564121276165694 0.7615954901704766 0.00022845174999188512 2.303599269792492e-05 -0.0003107652530225242 0.0003826480490272872 1.0 0.016195056252922516 0.23668398029548643 0.7643545227955527 -1.890693281151995e-06 -6.681218504945057e-05 -5.2195277040061354e-05 8.63498267606937e-05 0.0
0.04878863508574182 0.2564472522177181 0.7613957786703522 5.7099860891449237e-05 4.882843890515845e-05 -0.0003044682364721205 0.00021364872871688158 1.0 0.016187793814941582 0.2366217265255738 0.7642968879717024 -3.018043898614399e-06 -7.6064547559904e-05 -6.837159492106631e-05 8.41190819622103e-05 0.0
0.04883014022226622 0.25649936017869834 0.7612648537645803 -2.3980410209141446e-05 6.300367761764455e-05 -0.00016777571698060173 0.00014940593564433731 1.0 0.01618412333314518 0.23660617207706092 0.7642864363628268 -5.063300137863668e-06 -2.7561458339011563e-05 -2.5482169770838817e-05 1.964628634955329e-05 0.0
0.04905433201944983 0.2568407876432135 0.7605487718670216 0.0001778175551536348 0.00032632957056432087 -0.00058149401891273 0.0008229406397862799 1.0 0.016216435199612658 0.23652895000510588 0.76424366122854 2.397704085221725e-05 -5.771794544130698e-05 -2.8904707849047666e-05 9.122040394903965e-05 0.0
0.049353804378507476 0.2569523579175538 0.7601116623261422 0.00031764155195921403 0.00016326498342678292 -0.0005281390037513681 0.0005715700281231782 1.0 0.01627358549873646 0.23646104154664713 0.7642301510870525 5.99567848496067e-05 -6.892672040436303e-05 -1.1129676818179506e-05 9.535989317035749e-05 0.0
0.04965354564631952 0.2569174031205084 0.7599047040008898 0.0003549508096935863 -2.6804503113202825e-05 -0.00026677382800318423 0.00033311742015784603 1.0 0.016319878126457722 0.23639220796527863 0.764213250801039 5.74925444053517e-05 -7.269751288465762e-05 -1.2795971265885095e-05 8.260724340477496e-05 0.0
0.04991772921632659 0.25682319121224995 0.7598194604305419 0.00029950973018202335 -0.0001332022773444764 -5.87603844013875e-05 0.00028492882664347 1.0 0.0163315859730043 0.23629296799178254 0.764136270488833 1.8152767574911978e-05 -9.963147375846324e-05 -7.092721336298419e-05 0.00012293127091691903 0.0
0.050136890521259594 0.25675014159613585 0.7597558038390541 0.00020843385530115916 -0.00012194223815219795 1.76313863137909e-05 0.0002653481473522839 1.0 0.016260145171299485 0.23620759757761442 0.7640209202243179 -7.057869129355941e-05 -9.151737844320425e-05 -0.00012164954967480525 0.00016289802252278992 0.0
0.05032838678092993 0.2567337174541207 0.7596345527779846 0.00015386810788267852 -3.5533476023545235e-05 -5.9024468897874165e-05 0.00023006063295847586 1.0 0.01615830385360133 0.23607803810343414 0.7638546708486196 -0.00011908311085634029 -0.00012030602199081184 -0.00017219387467352895 0.00023528325665671214 0.0
0.050326210223806386 0.2565716231641222 0.7598680811931504 3.054444398024986e-06 -9.842670833978018e-05 0.00014231992533126158 0.00026431984489013306 1.0 0.01614004149595575 0.23601760619062578 0.7638212008090549 -4.583975107907427e-05 -7.161303936876253e-05 -6.278524455830541e-05 7.166783980160864e-05 0.0
0.05013177138361162 0.2562720487751002 0.7604239357321663 -0.00018262674778136772 -0.00025238268839517116 0.00047728229926275486 0.0006673905012929815 1.0 0.016135202065140568 0.23598644489694412 0.7638106779031991 7.821158594677931e-06 -3.248730247932031e-05 2.0282392506423874e-06 2.7190978966453362e-05 0.0
0.05032290849717913 0.2584220965345219 0.7613490862219662 9.859272541679848e-05 0.0017552286167089892 0.000965884992981662 0.0023431761910714236 1.0 0.016100774271529124 0.2358990938215246 0.7637009514185888 -5.645640679770966e-06 -6.471543641803152e-05 -6.530469765344796e-05 0.00014745978626338763 0.0
0.0511562195838961 0.26261413537874945 0.7628648465985802 0.0007807060986749592 0.004216185969661592 0.0015418505741166526 0.004557010170287944 1.0 0.016037349042683037 0.23584894609738957 0.7636051252118388 -5.197749454647397e-05 -5.680883923478175e-05 -0.00010055668960015357 0.00013337127669142825 0.0
0.054035002503639726 0.2678428239646824 0.7662757483791445 0.002745135450509424 0.005671473278650665 0.0032525569463732603 0.00687048475054636 1.0 0.016007421446420558 0.23580182618391055 0.7635387648914405 -4.87916580757635e-05 -5.3655071342808763e-05 -9.189035796929467e-05 8.000217230181554e-05 0.0
0.058825335969219995 0.27166299345975164 0.7654199764095905 0.004919292160398281 0.0044401302977724105 2.7737967007254716e-05 0.006192581830003037 1.0 0.016050271514882482 0.2356686279908267 0.7634885420807495 1.9390001022529903e-05 -0.00012360609379207812 -6.300895388513546e-05 0.00014238714244264595 0.0
0.0617900776429733 0.2704308256553887 0.7604669965311004 0.003723588635241664 -0.000795945361511268 -0.0048177613367139 0.005827911842246435 1.0 0.016082835888042143 0.23563563755167416 0.7635054194093501 4.684684773605985e-05 -6.0342451875669e-05 1.5234386308094194e-05 5.983611148915259e-05 0.0
0.06393288824864105 0.26809177638525145 0.7546651278310602 0.00212739807678864 -0.003484961803447128 -0.006843834099569569 0.006649346520709993 0.0 0.01609542675482927 0.23561543554761388 0.7634999353365164 3.388241534765701e-05 -1.1955223322437897e-05 2.6034610135231782e-05 2.0249369506619355e-05 0.0
0.06507183050680722 0.266424675038837 0.7536811711133263 0.000681566462399069 -0.0028453984103170423 -0.0024888706658342716 0.0023686738600393513 0.0 0.016121665019611136 0.23558231117371875 0.7634995631896043 2.1075901849536128e-05 -1.836227314446886e-05 2.558288697267364e-06 3.9889687509508156e-05 0.0
0.06376527167968779 0.265170555840446 0.7554323528267701 -0.00154127254625713 -0.0011652794876109954 0.0021785596603264424 0.0023277006604430234 0.0 0.01614522389377946 0.23556480313660802 0.7635181500469514 1.1986088147457978e-05 -1.6792464125605046e-05 2.61764716923235e-06 3.956673392945431e-05 0.0
0.06248940454586143 0.2652749179341674 0.7576970477758509 -0.0017307863447070548 0.0007733659566711436 0.0039458238304997595 0.002686814972568786 0.0 0.016138154068731425 0.23557959289535732 0.7635242667249779 -9.532939266712648e-06 1.2179875055561885e-05 4.298990136084483e-06 1.610234082370169e-05 0.0
0.06148834636810794 0.2657704381112375 0.7602767254773393 -0.000965999558337143 0.001329826711096692 0.00356602741958424 0.002899157326292483 0.0 0.016129723954939137 0.23558720247811055 0.7635124799935951 -8.50962748459126e-06 5.8963999288118274e-06 -1.0867051318265409e-05 1.2758729384796758e-05 0.0
0.06084182205692146 0.2666043597369425 0.7627402942734065 -0.0003344961099181489 0.0009970274230099987 0.001965656929891032 0.0025884078631431967 0.0 0.016122511713347894 0.23559455053529627 0.7635150360355707 -5.464507450407334e-06 3.19817987095875e-06 -1.4841701690300322e-06 1.393616467675701e-05 0.0
0.060659811144430774 0.26681067238953954 0.7631900184314849 2.854572835227394e-05 -5.4352068326012516e-05 -0.00021149732654291483 0.0004844648720650699 0.0 0.01612197198271568 0.2356007904721512 0.7635162869503979 -2.9985875485472304e-06 1.2200647507611668e-05 4.075699665897631e-06 6.292463076011429e-06 0.0
0.06071802988396325 0.2669490953432158 0.7633227169810544 0.00030446130772496987 -0.00014580473925671685 -0.0005253496525746103 0.0002357498609495516 0.0 0.01611813645599551 0.2356098549476887 0.7635038189294663 -8.003587309065853e-07 5.155573402996743e-06 -1.119665284636285e-05 1.4825855341840963e-05 0.0
0.06084083716518908 0.26701434565542104 0.7633180201033447 0.00012989872705865702 -0.00012579461246857004 -3.648654074523989e-05 0.00016520356606539773 0.0 0.016118773324737996 0.2356240765432562 0.76348370860546 4.247247712405545e-06 1.04025542822668e-05 -1.8196663476953086e-05 2.5157733485762853e-05 0.0
0.060895002182741735 0.2670250163628513 0.7633014858711977 -0.00012831273592856483 -5.103253443432959e-05 9.740991773012455e-05 9.046963361068359e-05 0.0 0.016118009333822222 0.23562712996612029 0.763479224151075 -2.0004412337166182e-07 7.158881835406537e-06 -7.647613104718128e-06 5.869004021863742e-06 0.0
