0.06297015021611889 0.27951576570153475 0.7642735850785066 0.0 0.0 0.0 0.0 0.0 -0.017297532715525425 0.27970984838727014 0.764181140237113 0.0 0.0 0.0 1.1053298140754683e-06 0.0
0.06294957814980078 0.2795105951225452 0.7643032586586156 -2.0572066318114146e-05 -5.170578989521779e-06 2.96735801089687e-05 3.6475555597785666e-05 0.0 -0.01728930915372231 0.27971100089563117 0.7641816779615801 8.223561803116092e-06 1.152508361024207e-06 5.377244670645709e-07 4.759493270649075e-06 0.0
0.06293226885001231 0.27949633411018937 0.764322903392608 -1.730929978846496e-05 -1.4261012355853975e-05 1.9644733992407737e-05 2.9814491547119044e-05 0.0 -0.017275524167006062 0.2797165332380017 0.7641715631108023 1.3784986716246228e-05 5.532342370551113e-06 -1.0114850777842577e-05 1.98856476666989e-05 0.0
0.06288866244758917 0.2794982232287549 0.7643330393386111 -4.360640242313807e-05 1.8891185655234288e-06 1.013594600307588e-05 4.480875475418321e-05 0.0 -0.017222646072843413 0.2797238957319772 0.7641614943611774 5.287809416264916e-05 7.362493975482387e-06 -1.0068749624836393e-05 5.55870382263494e-05 0.0
0.06288634526187112 0.27950888469811297 0.764331081392304 -4.467769868284823e-06 1.1544023116376123e-05 -1.3389799242164729e-06 1.1084666538356468e-05 0.0 -0.01718887239964257 0.2797078487663596 0.7641398129117624 3.5601145063196664e-05 -1.580535246414483e-05 -2.1049357222898852e-05 4.2894055590447196e-05 0.0
0.06288622014875755 0.2794999162593173 0.7643235749246231 2.7867390570709742e-06 -9.134065447079852e-06 -7.681262505245192e-06 1.169596532001228e-05 0.0 -0.017184309513746537 0.27969529273389354 0.7641022604351293 2.5654519959378305e-06 -1.3625031505167264e-05 -3.797759021672802e-05 3.744981831101037e-05 0.0
0.06289127398071355 0.2794794564848543 0.7643263279482985 6.671317354265487e-06 -2.273391415313101e-05 3.641505655626684e-06 2.184950899686612e-05 0.0 -0.017194350242427263 0.27968976442657556 0.7640815916718434 -1.5595551592983612e-05 -6.456475779688253e-06 -2.351106518961562e-05 2.5249351414846944e-05 0.0
0.06289191778768814 0.2794719939046076 0.7643232262024183 8.59250962569939e-08 -1.2054874296520982e-05 -7.552029099035828e-07 7.713127356695962e-06 0.0 -0.017194957283722778 0.2796875093045714 0.7640782144376667 -3.947041879452806e-06 2.2434815155086193e-07 -2.66024134901316e-06 4.3617955660564544e-06 0.0
0.0628930103074398 0.2794739065177333 0.7643176928629961 -1.817290805659484e-06 -1.5075279973119785e-06 -6.105367791669307e-07 4.998421435737485e-06 0.0 -0.017195491917884338 0.2796867139499093 0.7640753062021585 -2.2728172126330706e-06 2.3119387701295076e-06 2.7143505583047076e-06 2.9012566009639864e-06 0.0
0.06289555242768023 0.27947181104827756 0.7643136089015413 -1.5904844381986215e-06 1.553692622195041e-06 -4.3516609241857614e-06 4.8091460675833835e-06 0.0 -0.017191523904487967 0.2796768270130826 0.7640733801584207 8.875635861339372e-06 -5.8961030762435405e-06 1.8421690005565706e-06 1.0623283324564517e-05 0.0
0.06288821234948283 0.2794589077982257 0.7642840981043251 -8.629758560197412e-06 -6.922766691051443e-06 -2.698330715319503e-05 3.401124848749427e-05 0.0 -0.01719790142857626 0.2796783110562355 0.7640679517537108 2.6712563786223813e-06 -1.8230888247322283e-06 -4.708879910775178e-06 9.117402459516178e-06 0.0
0.06288734508826764 0.27944387424352446 0.7642460212015987 -1.7698693718610977e-07 -1.6064847806999837e-05 -4.148507352349581e-05 4.136002178696169e-05 0.0 -0.017199808113143915 0.2796747651702076 0.7640623305908196 -4.0419201442504435e-06 -4.955498171201774e-06 -9.737760782562734e-06 6.016660285856893e-06 0.0
0.06289718224789617 0.2794426071216973 0.764222223993264 8.503710514245944e-06 -8.130931950303704e-06 -2.985261339384846e-05 2.4978298395416548e-05 0.0 -0.017199174970139744 0.2796630174966434 0.7640488985450302 -3.129877498475592e-06 -1.0175249223370382e-05 -1.5686593663150206e-05 1.7792067258593777e-05 0.0
0.06287590475284617 0.27938433430020765 0.7641446260226589 -1.4340942704811135e-05 -4.995458251273569e-05 -6.813489710645117e-05 9.790898029212221e-05 0.0 -0.017193118331909406 0.27965616413498773 0.7640370630693302 4.646984143846263e-06 -8.157374971550153e-06 -1.230197761551584e-05 1.5884437590874742e-05 0.0
0.06288488513161318 0.2793812445814225 0.764091588437166 2.049188313288952e-06 -1.5114952157963261e-05 -6.0597730986416806e-05 5.7667477841768624e-05 0.0 -0.017186902547118285 0.2796444115451634 0.7640208581524147 8.465564852539279e-06 -1.1352326590349442e-05 -1.486100993162584e-05 2.04009524856225e-05 0.0
0.06289767500535909 0.27935562289698923 0.7640652226243505 1.308560374229653e-05 -1.966188883341911e-05 -3.0282001042487683e-05 3.5972186052851965e-05 0.0 -0.01718899255527647 0.27964382508015456 0.7640082384941301 2.58149214655423e-07 -2.6464923068805316e-06 -1.3191881370292677e-05 1.2808334305521506e-05 0.0
0.06288719932767296 0.2793319868452081 0.7640605902551357 -4.338512060033261e-06 -2.1646386076541978e-05 -1.1171024468873175e-06 2.5547933920849873e-05 0.0 -0.01718812512547543 0.2796374828459483 0.7639922156927287 -9.205238093844962e-07 -4.097899120608268e-06 -1.473174278565191e-05 1.7141583642865514e-05 0.0
0.06287472349574438 0.27932179053272277 0.764058601330983 -1.3929950337075417e-05 -1.1359058336006411e-05 5.8251073398051395e-06 1.8499963833395796e-05 0.0 -0.017182110340627155 0.2796362200931034 0.7639865833893551 3.1977357400022954e-06 -2.8604517165685875e-07 -6.829099593786667e-06 8.793508773147373e-06 0.0
0.06285271571484798 0.2793198868934311 0.7640532448529295 -2.3335307818061164e-05 -1.0590804587425987e-06 3.6211543925193564e-08 2.2899761923714163e-05 0.0 -0.01717420921917022 0.2796364538179928 0.7639830654982999 8.503705160378612e-06 -2.2961500937757512e-07 -2.4426900623566713e-06 8.190555329824748e-06 0.0
0.06279368703159093 0.2793115530730558 0.7640429705638303 -5.740966529734001e-05 -6.041827166193356e-06 -1.2838994718591247e-05 5.8382416808692715e-05 0.0 -0.017166617129425455 0.2796360862170551 0.763983157554328 9.391872899631038e-06 -6.543268800050974e-07 6.42898275686355e-07 7.843195273651476e-06 0.0
0.06275430650942587 0.2793139720907965 0.7640454692116173 -4.928664564423916e-05 -1.7259943183667373e-06 -8.863915701515488e-06 4.1915364880905934e-05 0.0 -0.017155653179883032 0.27962124232779173 0.7639961410615203 1.1540152301003085e-05 -1.2796683013294684e-05 1.2067732272098183e-05 2.2365739720713367e-05 0.0
0.06268546479161591 0.2793066544007718 0.7640443073171221 -6.198649418572626e-05 -2.472469758197354e-06 -1.829662027174765e-07 6.670226013940485e-05 0.0 -0.01706084699441523 0.279356656574772 0.763954992274884 8.274742825045487e-05 -0.00023178648014465832 -3.221349114579497e-05 0.00028217965026058753 0.0
0.06252565122608157 0.27929222365686057 0.7640294378242394 -0.00014718075737884845 -1.708729140118285e-05 -1.0168281036294925e-05 0.00016167757146728616 0.0 -0.01646897456245474 0.2775383927714587 0.7632468152672399 0.0005325888456586921 -0.00163537364005412 -0.0006207911878976146 0.0020305977769912676 0.0
0.06236948132521168 0.27925960186900606 0.7640126193829959 -0.00017051368435481873 -3.240008454250406e-05 -1.6661761072771925e-05 0.0001638377380858021 0.0 -0.01600014789162967 0.2744765596456756 0.7615699723412024 0.0005666957001634239 -0.0031364982852529807 -0.001641614557320396 0.0035578184074860205 0.0
0.0622644651650033 0.27914694418456054 0.7638687944076364 -0.00012122745006659238 -0.00010430058465748276 -0.0001282947677161044 0.00020675974560935008 0.0 -0.016213712604602436 0.2710047187144549 0.7591731788102345 -7.414841629459723e-05 -0.0037763281981176783 -0.0025136041021893794 0.004210101661973933 0.0
0.06225485134440393 0.27898736372931804 0.7635243220192404 -1.4837475536034453e-05 -0.00016590916805211872 -0.00033531159741765693 0.00037852898097674563 0.0 -0.01763232900706154 0.2669046082860116 0.755153266241243 -0.0013674115370805135 -0.004195849096584142 -0.004005743623883316 0.005862653533728801 0.0
0.06225584575965053 0.27888619523498154 0.7633301870883652 2.7318306694352462e-05 -0.0001247971130614343 -0.0002580617081011764 0.0002275399120984595 0.0 -0.018702179962812124 0.26487821971342906 0.7527327804232583 -0.0014251625510621744 -0.0022941353036374282 -0.0028977810249912208 0.003416810387855543 0.0
0.06223717695237174 0.27886111401362557 0.7632930609634186 6.8017024518747726e-06 -3.0109344220224718e-05 -6.0027011945815464e-05 3.923931807478762e-05 0.0 -0.01965927590704375 0.264072873135559 0.7513756784376574 -0.0011043979418754609 -0.0005051251810039047 -0.0013278818632673182 0.0017613999012151434 1.0
0.0622063283199583 0.2788414870324737 0.7632831636327673 -3.6766833454270626e-05 5.754883030740975e-06 3.828098043773266e-05 3.476746977068897e-05 0.0 -0.02007965997328988 0.2638059411613727 0.7509191923952205 -0.00036393403655568643 0.00022932181268133374 -8.317773601989524e-05 0.0006916352759504953 1.0
0.062172810354629404 0.2788369578670452 0.7632841424128326 -5.70387419202416e-05 1.4552298124305847e-05 5.115983587606862e-05 4.563145886581279e-05 0.0 -0.01998097380464563 0.2636462795125649 0.7509268282930851 0.0003228229392270812 4.6407467628414044e-05 0.00037388455631514895 0.0002564859178827421 1.0
0.062146642951221624 0.278834375370655 0.7632829094486965 -3.895709731114471e-05 -1.5838821069202347e-06 9.637025718714155e-06 2.533672469541009e-05 0.0 -0.019918969356057158 0.2635674642941424 0.7509553258857552 0.0002816884601634516 -0.00022500854070008959 0.00014128097160180582 9.314210856980164e-05 1.0
0.06212275166628985 0.2788399053743055 0.7632806023326495 -2.002079060468311e-05 -1.0924233275488091e-05 -3.604375908020475e-05 1.5982837834088373e-05 0.0 -0.019926686496274704 0.26361258003643034 0.7509604077992806 -1.816129314640314e-05 -0.00027014283666164677 -0.000208983580697625 0.0 1.0
0.06211346881379266 0.27884273083274685 0.7632905184385687 -6.025502952589377e-07 -6.7295548231614225e-06 -2.468704474232195e-05 1.6913103851048792e-05 0.0 -0.019958471386957197 0.2637100958152437 0.7509598963095281 -0.00019045826094610366 -0.00010788955066920458 -0.0003099703738088048 0.00013319312536005153 1.0
0.06211185436319747 0.27884058854202176 0.7632934766237478 1.94148016305859e-06 6.543032739550459e-07 1.1120361205072676e-05 6.129216762131419e-06 0.0 -0.01997940735446556 0.26375983134524406 0.7509545126781324 -0.00010678372909484184 0.0001545187841217174 -3.0041442902253683e-05 5.0138393656540443e-05 1.0
0.062107870606561505 0.27883056400710243 0.7633025123370365 -2.486430304453317e-06 -6.164891528580578e-06 1.87128438772587e-05 1.2820079799223086e-05 0.0 -0.020053257963938476 0.26391810595462883 0.7509034735353018 -0.0001090530996194028 0.0002063166134349797 -2.3947582170882973e-05 0.00018580767210285521 1.0
0.06210444042798825 0.27882232554203396 0.7632981388396937 -4.6234020199814015e-06 -1.088917256983549e-05 -3.4705483924646097e-07 1.0631082349908177e-05 0.0 -0.020087913270130445 0.26399518705721337 0.7508683002482216 -3.986714925136438e-06 0.00011649048239640745 1.4760154137815522e-05 9.727052881362591e-05 1.0
0.062106617933234916 0.2788200566527664 0.7632934173361053 -6.22353375708688e-07 -3.259692965460327e-06 -6.054065561749075e-06 5.2503800531480225e-06 0.0 -0.020131257082852277 0.2640947315934893 0.7508255581783772 2.6125009297182054e-06 8.878028029482717e-05 -9.718913974824728e-06 0.00010930769274263366 1.0
0.06210797051283358 0.27881631726775863 0.7632954539221015 8.009207627640135e-07 -1.7175802361082315e-06 -1.2178749910202147e-06 3.9998615923717315e-06 0.0 -0.020143129824568895 0.26412534667174814 0.7508167827687521 -1.3488614970019912e-05 3.7742294065822507e-05 -1.0062970086617213e-05 3.6868393068847314e-05 1.0
0.06211013702021562 0.2788151832094386 0.7632928736228141 2.1461113410900676e-06 7.822586634143979e-07 -1.1332808880631179e-06 4.058207935729274e-06 0.0 -0.02018886761295872 0.26423147251947376 0.7508201470585006 -3.84140341769353e-05 9.113276926933943e-05 8.527770411567866e-06 0.00011337768931033927 1.0
0.0621111073366395 0.2788162953622404 0.7632897113947179 2.275111692045777e-06 1.3978413960746704e-06 -1.312598787409336e-06 3.6764445313102334e-06 0.0 -0.020232754531767785 0.26432740372631774 0.7508150128556281 -4.5687111776429934e-05 0.00010139779876222548 4.263371172099732e-06 0.00011108043285677503 1.0
0.06209821575384518 0.27880952503897055 0.7632768157133236 -1.0995786719045699e-05 -5.998881551416772e-06 -1.146385616143854e-05 1.892294640736628e-05 0.0 -0.020388836446729196 0.2646384030624522 0.7508459253219549 -0.00014553082916738278 0.00028916115722631423 2.5447021781916476e-05 0.0003419561051595607 1.0
0.062084305474903616 0.2788140407855173 0.7632778511385441 -1.647939690506531e-05 1.0929323171510696e-06 -2.399179094065913e-06 1.5328979035545386e-05 0.0 -0.020529228031351095 0.2648923185821456 0.7508919119363463 -0.00016446052414945364 0.00030388474020943344 4.2134069457456456e-05 0.0003026849027115789 1.0
0.06205505186283467 0.27881029856357925 0.7632781908134455 -2.8924637619406458e-05 -1.971047614950877e-06 8.90410692271354e-08 2.8744525034691113e-05 0.0 -0.02070176529234266 0.2654174431720864 0.7511852321040601 -0.00017629518472279102 0.0004982020379559928 0.0002618514898699477 0.0006135426624440015 1.0
0.0620363250852011 0.27880436727153685 0.7632821685474107 -2.2069076812208847e-05 -5.42561581479477e-06 5.433240445469555e-06 2.055902252448792e-05 0.0 -0.02061557537715269 0.26562896401034186 0.7514848588599272 4.893638999274679e-05 0.0002836491417540212 0.0003343292638348148 0.00039119499482895715 1.0
0.06200165818685422 0.2787984556970094 0.7632759948369965 -3.148152684363858e-05 -6.842797363900658e-06 -2.8457710635854917e-06 3.5239141772228606e-05 0.0 -0.02023448898187295 0.26589204306618225 0.7522480374274295 0.0003846736812565337 0.00022005241848604257 0.0007282721315839308 0.0008736296142304062 1.0
0.06197207599349464 0.2787950108264298 0.7632670453361715 -2.9857006519712422e-05 -4.204142491951266e-06 -1.0253718954492896e-05 3.179751006478212e-05 0.0 -0.019591466443659708 0.2659155732356121 0.7530507870648903 0.0006854044233686807 1.7764165866386545e-05 0.0008597678038665609 0.0010498052830377306 1.0
0.06190935837397717 0.2787344447989101 0.763219060943766 -5.770199109872414e-05 -5.2173909291965335e-05 -4.523336383176571e-05 9.833306343438762e-05 0.0 -0.01883227970573131 0.26588680807890563 0.7539320326745785 0.0008183060729144907 -7.135514794423517e-05 0.0009071089195652972 0.001156014578548442 1.0
0.061861207118162474 0.2787064747610699 0.7631813564416549 -5.481261650514086e-05 -4.007993339892926e-05 -4.611119392511301e-05 6.987043014348284e-05 0.0 -0.018004799721157306 0.26585292501257135 0.7549662847782229 0.0008373096639322196 -4.995334525983686e-05 0.001007850051102465 0.0013178858361752072 1.0
0.06174727728857927 0.27867210137093745 0.763091175367692 -0.00010600926344884989 -3.4703475639228554e-05 -8.445374330082444e-05 0.00014540663044391804 0.0 -0.015241638801195686 0.2650180540409379 0.7583005155998527 0.0024642711001282647 -0.0007116159206502772 0.0029959863813807993 0.004383305612171849 1.0
0.06170034826708967 0.27862561572602224 0.7630311572256664 -6.414464175655958e-05 -4.251511957615937e-05 -6.936922856801795e-05 9.300838436028072e-05 0.0 -0.01372945337099052 0.26406749561469645 0.759649303933887 0.001915594201859567 -0.001008655779396649 0.0019450398204622328 0.0023681884958849948 1.0
0.06165258821438271 0.2785532103641179 0.762922677757243 -4.268543333900684e-05 -6.641535067133968e-05 -9.956093559292502e-05 0.00013551698221870022 0.0 -0.01051222071443529 0.2608584032647874 0.761881489835923 0.0030147795643178897 -0.0029993165000425687 0.0020903068592403305 0.004862016060179102 1.0
0.06154038755331429 0.2784100817422892 0.7627622793153432 -9.457440057087852e-05 -0.00013605488074078972 -0.00015432901832725056 0.00024410187905119502 0.0 -0.006539598536290094 0.2564509115207346 0.762718397568446 0.00395672040228673 -0.004560147878772437 0.0009298160142391066 0.006111478656963569 1.0
0.06146823277644751 0.27827369314466055 0.7625545679240009 -8.168149422871268e-05 -0.00015211453938139528 -0.00021020276266077437 0.0002613204585439891 0.0 -0.0050124138749894544 0.2541228390911966 0.7629285335986377 0.002021667150359277 -0.003008491253271607 -1.2456748742783802e-05 0.002863639260172703 1.0
0.06145718795358526 0.27813773025123467 0.7623029327901912 -2.4435719158326666e-05 -0.00014632736073614088 -0.00025924299190559815 0.00028330789686752675 0.0 -0.004188438357141835 0.25257654000967444 0.7632744878479784 0.0006144400044363064 -0.001428365953571678 4.4399121090666174e-05 0.0016055146131350403 1.0
0.061475722886744924 0.27807136304205504 0.7621829759371906 2.3526736290753564e-05 -6.950495063631522e-05 -0.0001476039475977996 0.00013756490867636442 0.0 -0.004089940454751151 0.2520636383891733 0.7632374014127733 -0.00025077245551123996 -7.286678075884346e-05 4.8087658126272706e-05 0.000570656613818463 1.0
0.06150529968659318 0.2780074660469924 0.7620879121781615 4.021158601448663e-05 -4.5897594929306846e-05 -8.017657246259127e-05 0.0001173493733494644 0.0 -0.0030086489778067696 0.25207409881881787 0.7632081151699247 0.00068030667820118 0.00043614677213206103 0.00016112047715393534 0.0012182720319292397 1.0
0.061521326497311755 0.27797877017157496 0.7620469876368164 3.005339919362491e-05 -1.9666596744819664e-05 -1.745602827475747e-05 5.6493689424378225e-05 0.0 -0.002419703230748978 0.25232275767762413 0.7628873543985923 0.0007575798397782539 0.0003487861586456741 -0.0002903535820127346 0.0006464856586842933 1.0
0.0615185499423503 0.2779561157414771 0.7620402374426436 -9.299074982136508e-06 -2.0001180649997593e-05 4.482585935276686e-06 2.3217916331564532e-05 0.0 -0.0022040397382102994 0.2524425850891134 0.7626902494617023 0.0007171220303673342 -0.00017252924671127125 -0.00013367645485493594 0.0002523050264229276 1.0
0.06151839504967346 0.2779597629473935 0.7620393978838096 -1.803254716199885e-05 -6.385365535069296e-06 -1.4511561278615447e-06 2.4166261195014184e-06 0.0 -0.0011987880184958723 0.25270096364516914 0.7628973840200692 0.0009891205025002558 -2.131566102788916e-05 6.227557969120919e-05 0.0010778615387769686 1.0
0.06154289300733365 0.27796905685032314 0.7620357904055122 1.7624620388653338e-05 6.867921816280237e-06 -1.537331004850307e-05 2.4910133357385604e-05 0.0 -0.0007472631435337196 0.25289392890564355 0.7629589330028808 0.00040704332795644385 0.00020380213974058314 0.0001427142888611975 0.0005407085766296381 1.0
0.061549042383588326 0.2779428579884759 0.7620127688141884 1.6798295606095277e-05 -2.129063620535704e-05 -3.157170192001979e-05 3.8587822404220166e-05 0.0 -7.220050792534e-05 0.25306659190354175 0.7631969198875473 0.0005738741230812306 0.00015868351238354375 0.00028070792005114887 0.0007139342746380708 1.0
0.06156079380851029 0.27790770294134415 0.761981766577235 1.6273869384359728e-05 -3.7076615392463884e-05 -3.192396209611325e-05 4.614488207867873e-05 0.0 1.3640229164730733e-05 0.2531953693504515 0.7632428291529995 0.0001511278892938634 0.00018202314217434187 6.846960535620682e-05 0.00014982575460042048 1.0
0.0616039135607101 0.27788135221642024 0.7619777482271729 3.964063613005896e-05 -3.628565053043552e-05 -1.3746887578223972e-05 5.106177050757509e-05 0.0 0.0005431452074907771 0.25273211888208813 0.7630853176132214 0.0004471534042760181 -0.00035448052295242416 -0.0001790158091299148 0.0007214131233369397 1.0
0.06162149425375567 0.27789308737969115 0.7619466351104366 2.305959023985381e-05 6.032286985230013e-06 -2.1235852735332537e-05 3.7801601100846506e-05 0.0 0.0013311068095473774 0.25162084903212834 0.7627377311135957 0.0006902480017167816 -0.001097176579987601 -0.0004181282781820153 0.0014320090912736873 1.0
0.0616304393552331 0.2778962904973957 0.7619338278060567 8.427805908748953e-06 1.3737522050491128e-05 -1.1583601111819697e-05 1.6140562072580412e-05 0.0 0.0020361116675367704 0.2500179223785419 0.7622048270885412 0.000802710876091868 -0.0016995159700230003 -0.0005563785031906759 0.0018205487894536608 1.0
0.061627409825642285 0.2778897128274224 0.7619319737556551 -4.557858646877514e-06 4.0588790523346424e-06 -1.1621937152628413e-06 6.983950270460018e-06 0.0 0.002469040030501644 0.2486706460353696 0.7617724163588039 0.0005856673293689163 -0.0015152113991935261 -0.00046439286620222236 0.0014754266060105787 1.0
0.06161870373950119 0.2778901122759034 0.7619324943095941 -1.2075934543221042e-05 -2.2329638532471783e-06 2.2254059453716016e-06 9.39792050038073e-06 0.0 0.0026964236696466882 0.24735377260413197 0.7613856858275887 0.0001797418968819875 -0.0012912248218936574 -0.0003775636429399935 0.0013584045714537152 1.0
0.06161029505715552 0.27789181976082666 0.761933371187548 -1.2588849510088473e-05 -5.3582460438355845e-06 1.2079359820936126e-06 8.685296063210012e-06 0.0 0.002524672251714995 0.24657575594262274 0.7610057901571956 -0.0002194257092079984 -0.0007071919635229867 -0.0003120334573677731 0.0009251475700616931 1.0
0.06160494094653823 0.27788337434485033 0.7619320785174577 -3.2460415240626468e-06 -9.387877174487814e-06 -6.855019743898581e-07 9.539956825039737e-06 0.0 0.0024123370961476086 0.24569475380050232 0.7601378139978954 -0.000264193454616344 -0.0006800673827938321 -0.0007698510369094074 0.0012291890140885041 1.0
0.061586348126422434 0.277887372539882 0.7619244044016142 -1.1903081362782608e-05 2.863903486807534e-06 -7.5135821666436725e-06 2.0338233717452436e-05 0.0 0.00332637873248202 0.2444747044701035 0.7596108133314332 0.0007899550112667409 -0.001135210668200035 -0.000648164484849305 0.001623013063526357 1.0
0.06157776872580327 0.27787699898714135 0.7619287761035054 -1.1611239802356738e-05 -4.778133568201269e-06 -1.8094715361626814e-06 1.4823627869426911e-05 0.0 0.004773884153889696 0.2433563687043985 0.7590280053092605 0.0015869450307384953 -0.0012600068180043185 -0.0006107148365693016 0.0019146405762796178 1.0
0.06156496583433012 0.27788141030567987 0.7619279314331762 -1.2394910707377404e-05 5.388007609334549e-07 1.7583840914670455e-06 1.3068520833852837e-05 0.0 0.006608633669834358 0.24281873781058158 0.7587840040250495 0.0020316898642775165 -0.0007355604860475129 -0.000277367374158165 0.001919560300907809 1.0
0.061559933703943144 0.2778695928329013 0.7619215395838737 -6.608616587422983e-06 -9.131700546283755e-06 -3.969644281025192e-06 1.4338880980629472e-05 0.0 0.007906276967711385 0.24275021499758834 0.7589728825652975 0.0015067437848306107 -6.2268009860553e-05 0.0002192045204699359 0.001308494913542061 1.0
0.06153442318753164 0.2778684643247648 0.7619225657023089 -2.1506171870232758e-05 -2.8710811295859384e-06 -4.979590400718028e-07 2.5836386936493136e-05 0.0 0.01020667443274897 0.24322786679202107 0.7583574197855749 0.002020367851332461 0.0005740334583119813 -0.00038290067496491885 0.002416532746636741 1.0
0.061513866538062144 0.277850353938432 0.7619006108749362 -2.292783677900182e-05 -1.579413693072145e-05 -1.8796210097155044e-05 3.528579889529387e-05 0.0 0.011133774251811675 0.24342743825009325 0.7575794646896947 0.0010273778383799541 0.00043371137386880834 -0.0008367623370858393 0.001292268074983494 1.0
0.06150458518358192 0.2778400291425098 0.7618867368682486 -1.2834175400856108e-05 -1.341276575711368e-05 -1.8077234144513704e-05 1.9453248145356878e-05 0.0 0.0114021084221565 0.2435783166846915 0.7572119580460023 0.0001989681922891173 0.00011874768513826317 -0.0006097066432068942 0.00041825685916428755 1.0
0.06148706347766133 0.27783096468869545 0.7618627360556748 -1.5521143948438384e-05 -9.043814995653356e-06 -2.3805949492608215e-05 3.025481588379056e-05 0.0 0.011608688746982449 0.24369766663400638 0.756990985992408 3.6501495265646184e-05 -3.72220509683675e-05 -0.00024882717461293443 0.0003075798418294164 1.0
0.061478764884440366 0.2778308632308033 0.7618479054088981 -7.495551870590149e-06 -9.089198525945999e-07 -1.5845674633863203e-05 1.8093612659119266e-05 0.0 0.011919480040169681 0.24391590954707795 0.7567713858158305 0.000198947613189278 0.00010292502739959195 -0.00012291982666780656 0.0004915120263812303 1.0
0.061461051804129294 0.2778074111535154 0.761820964075872 -1.5042093902481364e-05 -1.6948301207024886e-05 -2.4057397328377726e-05 3.933757965697364e-05 0.0 0.012386296857677366 0.24425542586352728 0.7562275562471765 0.0005184961736642497 0.00034447903972920795 -0.00037254570082658736 0.0008021597149302753 1.0
0.06141478399422177 0.27778878990850175 0.7618047631034046 -4.3162234112266876e-05 -2.1939510529862923e-05 -1.7433495297610936e-05 5.286070195570247e-05 0.0 0.012684742318632501 0.24481651405045052 0.7553103718740274 0.0004935783893506682 0.0006162506033129743 -0.0008938801997655415 0.0010664343526948668 1.0
0.06137168387863175 0.2777711250997532 0.7618037737338447 -5.050117458931973e-05 -1.984233047174201e-05 -2.146996237642669e-06 4.652610810431243e-05 0.0 0.012803360704002464 0.2450976812473622 0.7549028546860025 0.0002894258462036168 0.00041550534897721186 -0.0006775556209925595 0.0005357019957034801 1.0
0.061191476081809824 0.2777635574428866 0.7617857735706138 -0.00016368501475317804 -1.048350344640018e-05 -1.3761171329189135e-05 0.00017933867956902106 0.0 0.013432184505669702 0.24579226637605014 0.7540463413115367 0.00041652740627661335 0.0005980999559944879 -0.000795281286802722 0.0012371174021546436 1.0
0.06108150770914263 0.27774059064441464 0.7618028322229555 -0.00013800834597753222 -1.739959901709902e-05 1.2480086081428551e-05 0.00011873884968614901 0.0 0.013523233348599263 0.2459454717675428 0.7538580526791703 0.00014783739054396278 0.00023115787131305505 -0.0002276094865817749 0.0003154415108902954 1.0
0.06093224871902857 0.2777020601811575 0.7617942940448575 -0.00014761307309349165 -3.5601103357877975e-05 -2.7066160339829086e-06 0.00014866981677473962 0.0 0.013574030239951742 0.24608517524513188 0.7536655639614512 3.798646204353375e-05 8.076939506206508e-05 -7.805819883164672e-05 0.0002017897194369336 1.0
0.06050939093396623 0.27763478046894785 0.7619145177124382 -0.00037815427831108133 -6.69381500573739e-05 0.00010105617764985029 0.00044324014467418443 0.0 0.013764211250879394 0.24626358254492486 0.7535693516247121 0.00013703992650809937 0.00011647479743853438 -3.8444180354630685e-05 0.0002810757375450524 1.0
0.06007737779199786 0.277537627890508 0.7621586427109578 -0.0004623725595416887 -0.00010158490972168592 0.00024090846108164782 0.0005170805616322558 0.0 0.013899809124778305 0.24632988941346798 0.7535770043689461 0.00014084699646372466 8.019682873299072e-05 -1.8599101749030455e-05 0.00017348416053898364 1.0
0.05901887135536988 0.2770545437461845 0.7627591120224216 -0.0010003416982302736 -0.0004354032543751974 0.0005821711207967525 0.00129444954619236 0.0 0.014018856635322612 0.246427679624305 0.7535192788126388 0.00012298189504072234 0.00011230388123030255 -7.359913110080126e-05 0.00015792095768169922 1.0
0.05701187864967978 0.2756055008172775 0.7636074027768268 -0.001963772709328012 -0.0013678593953057145 0.0008790429796489655 0.002623004135572585 0.0 0.014073984197925568 0.24651224967630533 0.7533887173481233 8.988941904041929e-05 0.00010377928269591076 -0.00013671063572153808 0.00013892061123409573 1.0
0.05465842341135713 0.2723564490355674 0.7639116673413581 -0.002496487968899935 -0.003172986957539536 0.00044850071712039947 0.004037384398120673 0.0 0.01406839179370533 0.24651434414404616 0.7533182769797822 2.4444154011341263e-05 4.8113297522364674e-05 -0.00014403453375208444 9.983172673228111e-05 1.0
0.051957255642657574 0.2678570892125421 0.76337311712592 -0.0027848908122056755 -0.004689783540860058 -0.00048649024042266925 0.005263513447771046 0.0 0.014088235276693147 0.2465062062560464 0.7533178313933805 -4.5415132509538645e-05 -5.142711901343587e-05 1.8425500701975297e-05 9.301060818078626e-06 1.0
0.04895551265133709 0.2624908483471806 0.762613447072529 -0.0029926325909494134 -0.00560165541823888 -0.000960298274809435 0.006183405001838043 0.0 0.014113489857592292 0.2465021219521473 0.7533018812668897 2.293903717299504e-05 -1.0118380543725397e-05 -1.3401703275896899e-06 2.9601133573630377e-05 1.0
0.04623244289421676 0.25774958480870636 0.7617568949058362 -0.002723203584335018 -0.00498261780501106 -0.0010233518204191313 0.005554865113855789 0.0 0.014118838465865919 0.2465039720559118 0.7532835093111845 2.973420837191889e-05 2.5525152472600176e-06 6.585386675199488e-06 2.524146617020965e-05 1.0
0.04501001233856219 0.2558640167189922 0.7611543707003715 -0.0013082636991050816 -0.0020528619884566035 -0.0006468612900387692 0.0023209328089812344 0.0 0.014126115630858522 0.24650090221410276 0.7532884891870767 1.2484007428434628e-05 -5.882329065049429e-07 8.616052086385708e-06 6.021136252893288e-06 1.0
0.04368874188138013 0.25398946299337594 0.7600097039214302 -0.0010329129316685476 -0.0011367501601781058 -0.0008950510253806854 0.002486113644110627 0.0 0.01414106048551796 0.2464925852910138 0.7533002058161304 1.4403486863671954e-05 3.236287080219508e-06 -1.943027017736118e-06 1.858769457562846e-05 1.0
0.04288849296581025 0.25292990769704776 0.7589645516532797 -0.0007106402424404531 -0.0006847515833378732 -0.0009853611145468912 0.0018233234453708374 0.0 0.014143684439651853 0.24646977066522882 0.753335136327712 -1.0261427501431406e-06 -2.1642779622306715e-05 2.471998165989453e-05 4.4132235890171115e-05 1.0
0.04232963210566788 0.25219224403260465 0.7580529302837631 -0.0005502913380616382 -0.0007592490478415697 -0.0009831899685002216 0.0012811388009392349 0.0 0.014141540754275239 0.24647404997289746 0.7533245432079556 -5.514949626626258e-06 -8.874596790034258e-06 5.117551426164237e-06 1.2562918678938944e-05 1.0
0.04222807341465598 0.2520344126497506 0.7578476129497368 -0.00025224317084528505 -0.0004915941926731501 -0.0003458986071542626 0.00020716497667140534 0.0 0.014146690476461526 0.2464685931281915 0.7533205270166844 5.328827139516305e-06 -2.8625160580074612e-06 -5.367133240622601e-06 5.924108848838627e-06 1.0
0.04202315236565082 0.2516316769004243 0.7572653559533986 -0.0002478799727135268 -0.0005753066612806728 -0.00040134934673510174 0.0007173682362561669 0.0 0.014160057157480425 0.24643475105009768 0.7533353465506939 1.2369469388903288e-05 -2.6769772453906633e-05 3.7608072879573365e-06 4.003207287138091e-05 1.0
0.04197345161929005 0.2514933210670012 0.7570350725488619 -6.467137810004962e-05 -0.0001998402968091161 -0.00021692671081820886 0.0003725169149991804 0.0 0.014160310584083678 0.24644604249556726 0.7533093771952748 3.1499155816489558e-06 1.978995259370508e-06 -1.987029086909582e-05 3.060028803284105e-05 1.0
0.04194762145175591 0.25139626661240116 0.7568467396763263 1.8009991818984834e-05 3.2595893203505796e-06 -0.00018792906943748417 0.00015220435952332644 0.0 0.014147079677299087 0.24639415392760694 0.7533397585750403 -1.0570021135171223e-05 -4.14521224785131e-05 2.2538831948298003e-05 5.918756424669074e-05 1.0
0.04193389309006653 0.2512974043532787 0.7566720351482199 -6.90183255262222e-05 -0.00015014837573049979 -0.0002437230453248084 0.00020061499036116417 0.0 0.01414447011878709 0.2463127131587511 0.7534134251848118 -7.170930032319736e-06 -8.252803136790181e-05 7.435261092942025e-05 0.00010973834442223619 1.0
0.04193664286803253 0.25121572105897666 0.7566068568609587 7.249603301290189e-06 -5.543533559337183e-05 -9.790932612495839e-05 0.0001155229591650298 0.0 0.014152675256928813 0.24626788088532733 0.7534650427003645 4.310281174876487e-06 -5.9679700597600695e-05 6.747808410323301e-05 7.140637816664992e-05 1.0
0.04193488832490672 0.25112358359119896 0.7566104427299256 1.0413828971157692e-05 -7.331626092310769e-05 1.557896197022183e-05 0.00010240251471911057 0.0 0.014133007534252721 0.24625542068982495 0.7534647030171784 -1.287497762575384e-05 -1.4951685306695113e-05 7.846906236421686e-06 2.0407426682732897e-05 1.0
0.04191886859961812 0.25107185988189823 0.7566113480973184 4.455520565188717e-06 -4.1152040456616276e-05 4.2221437048318056e-05 3.4697097090596396e-05 0.0 0.014128435456960832 0.24623685879408314 0.7534743060588918 -6.486900954965303e-06 -7.4448713478715215e-06 -2.9630380770352266e-06 2.060809489402708e-05 1.0
0.04190733837251945 0.2509981107901418 0.7566521518438163 -2.68749306206862e-05 -8.976378628741365e-05 7.857326592515675e-06 9.71355728824736e-05 0.0 0.014111670806540995 0.2462448756463037 0.7534824786843368 -1.5310513433599524e-05 1.3286533350688079e-05 -3.830880906842209e-06 2.3988559866990504e-05 1.0
0.04189273147373824 0.25094628003283403 0.7566836154384804 -7.130169261575507e-06 -3.62674173594759e-05 5.1369117466057174e-05 6.052845752458193e-05 0.0 0.014091128407527404 0.24625645319637723 0.7535056375253624 -2.2642324778508128e-05 1.728098771194777e-05 1.6658655870410298e-05 3.220539277120795e-05 1.0
0.04186039634883709 0.25089421378787685 0.7567114817490495 -2.9241957029709197e-05 -4.9275909057317396e-05 1.85106762946856e-05 6.469755026228898e-05 0.0 0.014089933592947879 0.2463097091124781 0.7534415969958482 -5.45293321018666e-06 4.0647477391900295e-05 -3.948841069224698e-05 8.107740254322035e-05 1.0
0.04174488406524882 0.25088900910928535 0.7565528835200497 -0.00010423425301958657 -1.2233048332069754e-05 -0.000140020663010871 0.00019650170803096138 0.0 0.014103262073289383 0.2463462671486465 0.7533942366357893 1.53561242830641e-05 4.039731411621672e-05 -5.313109747456309e-05 6.349531316242057e-05 1.0
0.04130763199764173 0.2505187994752586 0.7559783529155154 -0.00040356549694406385 -0.00031234582598180856 -0.0005388503931576183 0.0008099104532464714 0.0 0.014136444524489592 0.24629411184417002 0.753437179773445 3.555608389888446e-05 -3.651943778053144e-05 2.0154084316528e-05 7.337533874415276e-05 1.0
0.039435278667792645 0.2487629597744651 0.7544939866676045 -0.0017252931855376461 -0.0016069663592350619 -0.001435011936550391 0.0029616324845745654 0.0 0.014158233609390645 0.24621867114339396 0.7535117931912582 2.7296857463161927e-05 -8.710650427779933e-05 7.992030437254825e-05 0.00010855699019987715 1.0
0.03696125255525551 0.24521164582566143 0.7515532979504257 -0.0026300460904673203 -0.003536490361502809 -0.00291324021122627 0.005260608206302725 1.0 0.014138601924654201 0.24624515431751373 0.7533862328412911 -1.3203756804162968e-05 -6.788867385638287e-06 -7.4546142604408e-05 0.00013182695454594712 1.0
0.03706083579964346 0.2445460849619183 0.7499371817180472 -0.0005138764877253062 -0.0015015252494429102 -0.0020994634228727075 0.001788407256073666 1.0 0.01416363875971176 0.2462722562150999 0.7533767619157068 7.57846510676492e-06 3.8177791802806803e-05 -4.4197871524640085e-05 3.816549523709008e-05 1.0
0.03683018025327623 0.24399231359158435 0.749906168794545 0.00014383177367278144 -0.0003486526467237309 -0.00019024032462438227 0.00041924313923368483 1.0 0.0144113902608212 0.24619059117086284 0.75358615703596 0.00021396480919157873 -4.4428344065912306e-05 0.00016281221077182827 0.0003268708996564912 1.0
0.03666327546430643 0.24371826336906469 0.749865671440974 0.0002486316514459469 0.00021064875807590133 0.0004677076351556917 0.000420834304534369 1.0 0.01369798537751194 0.24575420987339056 0.7535749919042976 -0.0005401222439234241 -0.00038822826599765073 4.762478244923036e-05 0.0008455977293801049 1.0
0.03664920453245084 0.24352145805948575 0.7498609051794127 0.000115832474129081 0.00014156959912942557 0.00038709561732527023 0.00032585586456961154 1.0 0.013979927455172661 0.2458906312306322 0.7535654788321344 3.78881935617251e-05 -1.5360320934264273e-05 1.177930537055741e-06 0.00032705991360127226 1.0
0.03663548134102097 0.24347355892219946 0.7498572222066271 -0.0001719524002340499 -0.00013505588488111134 -8.174740873556982e-06 0.0 1.0 0.014086844211519081 0.24595960144728363 0.753544212792179 0.00015714379422376328 0.00010115573909547211 -3.239573032395584e-05 9.24529486681196e-05 1.0
0.036668696776148195 0.24341693701709963 0.7498650747029297 -0.0002541849413273539 -0.00037730953448174265 -0.00030343201478540756 0.0 1.0 0.014039269866887954 0.24588547599945063 0.7535984815404435 4.547518041791947e-05 1.3158062341790779e-05 1.593604752432175e-05 0.00011351097511238743 0.0
0.03669563035971085 0.24351719059509333 0.7498723572398714 -9.810527111184415e-06 -9.68087456156932e-05 -0.0002504641723042084 0.00018189266344280927 1.0 0.013994890299037081 0.2458714088048673 0.7536315866642594 -2.4142644480528468e-05 -1.6366024523139042e-06 3.0182742196857612e-05 8.494327204425702e-05 0.0
0.03674126043745184 0.243855739909802 0.7498837390780956 0.00021340593063906262 0.0004964405348173244 8.7379213045434e-05 0.00033630204573987035 1.0 0.013894158513042671 0.2458106440613527 0.7537406519557647 -0.0001132366900272664 -8.169652483278433e-05 0.0001303846654981306 0.00014649549887121424 0.0
0.036374610079480986 0.24465338804046635 0.7501988586834508 -0.0003443853263633345 0.000769958314772454 0.0003815044551625218 0.0009267988977922166 1.0 0.015145320369992532 0.24448537618646407 0.7565631654122272 0.0010032846807479846 -0.0011958218018931288 0.0024655915907280017 0.0033174218986639636 0.0
0.03589243697431956 0.24519579746308393 0.7512645460977855 -0.0005232075048314784 0.0006785652474464749 0.0010008175164179587 0.0012973569056261465 1.0 0.017684356406046074 0.24260877913149298 0.761088850447261 0.002493200197919914 -0.001994836459889733 0.004656349520032982 0.005612026600985249 0.0
0.03568658635284206 0.2456405144394138 0.7524470103419769 -0.00030412961315774603 0.00046857527842697423 0.0013104265844039202 0.0012742813294273475 1.0 0.019632630247516235 0.2406082944184423 0.765532903942337 0.0024637056991755123 -0.0021654727176954047 0.005020645399613718 0.005222241026782825 0.0
0.035484573814178855 0.24586182888411193 0.753787392101335 -0.00017906029200879248 0.00018284577493895546 0.0014251810279284607 0.001359122831255826 1.0 0.02020011967299807 0.23949687449853588 0.7676909235986749 0.0008293331837945759 -0.0013260319717916453 0.0026696228550636067 0.0024082836982364272 0.0
0.03561335916979686 0.24628648078852564 0.7553567539917088 0.00015520495314261002 0.0002868624593011949 0.0015463036071783 0.0016429781472702973 1.0 0.02014963345558422 0.23879788619494288 0.7686228823176213 -0.0003586980806979577 -0.0005381267803931741 0.0005241408709648768 0.0011478437946563643 0.0
0.035490235278640425 0.24677368119184298 0.7564819183179221 7.093443788434828e-06 0.0004701832997369991 0.0011435750202806207 0.0012507758851405715 1.0 0.019938936854576126 0.23850848559588184 0.768779843247921 -0.0006819826754010836 -1.1439099995809074e-05 -0.0005876953664464347 0.0005191024676469103 0.0
0.03572807761197749 0.24723141650226818 0.757413259945689 0.0001821380545506397 0.0005396907804432495 0.000842062527206393 0.0010366908599097448 1.0 0.019754132756460534 0.2383527683621947 0.7687398835563544 -0.00036704162494585063 4.145513548104048e-06 -0.0004397718018926852 0.00024077270669636057 0.0
0.03598477946897318 0.2480412619806374 0.7587327149201253 0.00022109274032012087 0.0008276971304515197 0.0011722415608421608 0.0015669473510074026 1.0 0.01953794233433053 0.238244200641878 0.7686035218163233 3.4301292922688e-05 -0.00020008550387916102 0.00014538291141338942 0.00022193493108509912 0.0
0.03580955955138736 0.24901497015143248 0.7596967383566615 -0.00010910044928878906 0.000981521207964321 0.00106239591148546 0.0014188669491355655 1.0 0.0194427082569441 0.2382087458451155 0.7684715596587515 0.00016509556554652528 -0.0001789716820726284 0.00027044607757760334 0.00014624496685195854 0.0
0.035702568203142125 0.2500284502691912 0.7598256096975237 -0.00016310618719062416 0.0010448859180803684 0.0002699816960237963 0.001002139841943704 1.0 0.019381476540216817 0.23820429000687673 0.7683476576060181 -9.819159340177658e-06 -8.525445052602653e-05 6.312895432212216e-05 0.00016110858001244614 0.0
0.03566928220009635 0.25116755681327163 0.761313378740435 -9.939893507663196e-05 0.001125970016432527 0.0012012715602415238 0.0018420573653750315 1.0 0.019323801266502773 0.2381896555426583 0.768179823897027 -0.00011788674198415206 9.359713278952846e-06 -0.0002208461392365314 0.00017769713190699584 0.0
0.035914988038241835 0.25222517009332146 0.7620134822424076 0.00021635022866644906 0.0010761379979501847 0.0009054419151140543 0.001358270330005014 1.0 0.019292956266092134 0.23816114906639915 0.7680849988243744 -7.159227336751557e-05 -1.5641500419733912e-05 -0.00016258232091925003 0.00011424164527185782 0.0
0.03496683502348606 0.2542067527204636 0.7642393029296426 -0.0007148438918660737 0.0018124370655464787 0.002030969351155926 0.003070698223619859 1.0 0.019217735425215682 0.2381215440828427 0.7679328181874242 -8.445248194399529e-05 -2.455350824469944e-05 -0.0001835152103926448 0.00016570890840369632 0.0
0.03479071736862097 0.2557312463652904 0.7644355420290325 -0.0003619103214290083 0.0016857645526110673 0.0006941439155375229 0.0016077623100512058 1.0 0.019181087469456383 0.2380844977151822 0.7678554272069709 -5.706526265710922e-05 -4.114774911149609e-05 -0.00010131127283051575 9.474564857579905e-05 0.0
0.03552160041724534 0.25648089418774983 0.764052481647731 0.0005598801411913745 0.0009147847017468179 -0.0004197960254408385 0.0010423939969206731 1.0 0.019140818276282837 0.23806284960525712 0.7677917076749121 -4.6536690305324394e-05 -2.4106558371324413e-05 -6.562843930194351e-05 7.787142394467572e-05 0.0
0.038887553098596386 0.2566293868744339 0.7626802628708081 0.0031518668595372926 7.569805071764408e-05 -0.0016288946593949853 0.003627250146967129 1.0 0.019087961867704176 0.23802009629219686 0.7677386183841272 -4.1466409397105205e-05 -3.0238170722082132e-05 -4.600750362028467e-05 8.578341190446705e-05 0.0
0.04079339720454177 0.25596109150836055 0.7625477457792565 0.0026821491675746824 -0.0008067680587580906 -0.0006578005468331528 0.0021699776943038956 1.0 0.01907149258068627 0.23798378655214847 0.7677307498939955 -1.987055348690439e-05 -3.3774363922590446e-05 -1.1512285170252952e-05 4.263508716992518e-05 0.0
0.041796741749462976 0.25526673082318935 0.7631584481264576 0.0012846341045543383 -0.0009117851794666337 0.0007108597187538946 0.0012449489427229091 1.0 0.019055851329419924 0.23793537422278976 0.7677101779211136 -1.1630422555289372e-05 -4.815107190735611e-05 -1.652080315460002e-05 5.3800851677271655e-05 0.0
0.042143086419648985 0.2553232434720933 0.7634825938496193 1.3790919255771697e-05 -5.546317665842558e-05 0.0007861036903185946 0.00041658590385656546 1.0 0.019020644435563505 0.2378920903723734 0.7677059564368847 -2.8744470828383918e-05 -4.7440714245294304e-05 -5.149160159865758e-06 5.459625176397953e-05 0.0
0.04205779026563831 0.25571589629708963 0.7634293843910235 -0.0006407779903336397 0.0006431817484087545 0.00032068484286464105 0.0005166183603657539 1.0 0.019020026805450008 0.23780472353305496 0.7676908219480624 -1.0229346806899177e-05 -8.216639669502608e-05 -1.9839000955124852e-05 9.073762054941983e-05 0.0
0.04193879084496396 0.25625050767416835 0.76323928650754 -0.0003162976732241458 0.0007574975830180832 -0.0004192683413281116 0.0005942380506941173 1.0 0.019009431877919824 0.23763508395576635 0.7676002312341558 -6.063852550515264e-06 -0.0001622591231582306 -7.940881774045594e-05 0.0001912598038338066 0.0
0.04241244478529293 0.2569558327800868 0.7616301135593972 0.0005850552114589466 0.0007699112106094562 -0.0016848282745126613 0.0017399731385490504 1.0 0.018898849453535625 0.23748024828979714 0.7674610726535047 -9.717317090205587e-05 -0.00017209066397840426 -0.00014638059111082825 0.00023735198286715134 0.0
0.04312177931479362 0.2570050127772118 0.760280013134712 0.001098569585379504 8.316945489660998e-05 -0.0017279842945784126 0.0015893380422451096 1.0 0.018837652263268077 0.2374342472157947 0.7674121171468475 -8.308410916087593e-05 -7.019415871305703e-05 -7.776257773000233e-05 9.126932864565429e-05 0.0
0.04382540206286672 0.257142624783331 0.7594997254775886 0.0008144393071034257 -0.00010329796907942564 -0.0008557357943189522 0.0010074013360260856 1.0 0.018817335283588713 0.2374020806587932 0.7673921179096937 -3.0035266629380588e-05 -1.2818615835989373e-05 -1.4393655409139249e-05 3.6337942559175405e-05 0.0
0.044668422844309344 0.2572492326456827 0.7586516230449298 0.0008361948160710213 -8.92601934718816e-06 -0.0006243353514470138 0.0011958576322750976 1.0 0.018803385037880548 0.23737633143080847 0.7673768024869404 -5.064733809654785e-06 -9.28918155284656e-07 5.839117232130714e-06 3.8269826791784466e-05 0.0
0.046150009317592125 0.2581411218273674 0.7563594032771682 0.0013173965970835312 0.0008084458509640765 -0.0019035215933768533 0.00290380140262276 1.0 0.018780509176321552 0.23728841314102012 0.7672857447216019 -7.494146295061922e-06 -6.960086093126051e-05 -6.363327358633386e-05 0.00013184487960807146 0.0
0.047081550587718846 0.25877879430217254 0.754804452203824 0.0010110416830165494 0.000847377805531522 -0.0017914940702766183 0.0019866214167469074 1.0 0.018795679663669143 0.23723250141604196 0.7672404455341073 1.6446404613287585e-05 -8.197743748635639e-05 -6.5707862095779e-05 7.31067076073513e-05 0.0
0.04748091779126735 0.2589657635140242 0.7543100911189735 0.00044496616206007855 0.00036986417802300033 -0.0007858259097699783 0.0005525217864830745 1.0 0.018855994386246678 0.23717827420731313 0.7672379479188729 5.032764797002753e-05 -7.459342205823407e-05 -2.6937714559377946e-05 7.385226266228222e-05 0.0
0.04773592221928863 0.2589645614201141 0.7542092277868777 0.0001608611568878213 -5.566429047181227e-05 -6.575287018625398e-05 0.00025984274101536976 1.0 0.018863796451433764 0.23713186190886634 0.7672186594624018 1.4359968928857737e-05 -4.529331426119515e-05 -1.271817539292399e-05 5.4610957269895914e-05 0.0
0.047936993265405715 0.25887023314237484 0.7542389501280172 6.977510742093939e-05 -0.0002782577041345718 0.0003454691377817443 0.00030908777292636917 1.0 0.01881399024110873 0.2371462394528299 0.7671975267421239 -4.030200990475384e-05 1.9714295145810754e-05 -5.5129345685485235e-06 5.748437768891501e-05 0.0
0.048075954311395254 0.25880547516754177 0.7543452654457397 0.00011275957576004916 -0.00014663029593196282 0.0002668811025792611 0.0001989389630464005 1.0 0.01881117577338417 0.23711973134362904 0.7671689636069746 -2.3792689942918727e-05 -7.52707259114008e-06 -2.508252934263473e-05 3.970428063585921e-05 0.0
0.0486473199083928 0.25995673228245847 0.7553888488406838 0.0005966867047814496 0.0010261483086645019 0.0007840506922172393 0.0015744225129618898 1.0 0.01880448338504182 0.23710502247252294 0.7671112671851354 -1.350396939961315e-05 -1.6771898715385317e-05 -6.180554575605363e-05 5.6957386136221966e-05 0.0
0.051427983861467484 0.26374039552277023 0.7578701472998868 0.0026340680273422286 0.003703122090781324 0.002178065915658553 0.005337242999769719 1.0 0.01878229314491114 0.2370744201661952 0.7670276319936213 -1.5196602886484521e-05 -3.722468256774579e-05 -9.316993668398565e-05 9.380602853455852e-05 0.0
0.05545554461904437 0.2685699547532872 0.7606181429312819 0.004200580953491163 0.0052134601061813194 0.003020975504669008 0.006938473211811621 1.0 0.018770598185504826 0.23704268358346167 0.7669981289208927 -3.5956695007789095e-06 -3.6384246401148206e-05 -3.9860319806285974e-05 4.521696506196233e-05 0.0
0.05769533641389616 0.2706452046621856 0.7608817061818222 0.002911109327800029 0.002907542830753649 0.0008790624306624858 0.0030209350232789593 1.0 0.018791897029562115 0.23696151835501456 0.766942577982328 2.0926294162294325e-05 -7.803150170065975e-05 -4.331731731454748e-05 9.771781818338125e-05 0.0
0.05969057600110167 0.27172438695886253 0.7602171071469849 0.001884820093046055 0.0008317179174900409 -0.0009180158647218537 0.0021889415927401896 1.0 0.0187775087889766 0.23695498320790515 0.7669197298141817 -1.045418929140367e-05 -2.1633543376044925e-05 -2.243949938810769e-05 3.133832473346076e-05 0.0
0.06173537934343229 0.2728348372565137 0.7591949178160583 0.0015431710103259038 0.00027457499492210963 -0.001611467492113992 0.0027133002685264837 1.0 0.01877883209659187 0.2369476380853839 0.7669182237833388 -4.732479635006742e-06 2.4152751566349e-06 1.8944090469102428e-06 5.609191600118231e-06 0.0
0.0642441552276113 0.27352124516553733 0.7581474010772681 0.0020975710306133915 0.0002854765160737112 -0.0013660061855466886 0.00291203548888263 0.0 0.018786589238749853 0.23693177151994568 0.766914735144551 8.560033409459375e-06 -7.192099624832286e-06 9.796432232058981e-07 1.745373501943213e-05 0.0
0.06617134615201906 0.27344028848483737 0.7574614916811245 0.002138483379045732 0.00018608520124556302 -0.0005306103224663837 0.0019251499476504355 0.0 0.018788380433227028 0.23692980339145062 0.7669094303865541 1.3779235611227937e-06 3.546632016531581e-07 -7.092411616675517e-06 8.18622961087171e-06 0.0
0.06746730046287287 0.27215929285970303 0.7582412628911493 0.00168758942071762 -0.0007546999524622204 0.0010297682371969757 0.0018891771000934517 0.0 0.018794644716504404 0.23692192972157222 0.7669052346001998 4.610937733422051e-06 -9.509369971280596e-06 -7.835586505997749e-06 1.0409836522858173e-05 0.0
0.06820327397452211 0.2707002031401466 0.7594914754731106 0.0007793507010309046 -0.0015071384591784044 0.0015956239275209151 0.0021627586231323355 0.0 0.018797351973572456 0.23692136882918627 0.7669064777616803 5.344461386726607e-06 -7.03733141022389e-06 -4.1183416960648383e-07 8.644724548662557e-07 0.0
0.0680537202734577 0.27040324086176043 0.7600094805951801 -0.0003506531634655222 -0.0007809289145652917 0.0007342540702976966 0.0006381636649218751 0.0 0.018797543600042294 0.23693020663393963 0.7669118782507733 1.2667051692663356e-06 4.426519823767189e-06 1.784092601381846e-06 1.1996398068610157e-05 0.0
0.06760992393823538 0.2702506340724603 0.7602799969768642 -0.0006023889729756399 7.2982583236040274e-06 0.00016640698042702122 0.000469960697360381 0.0 0.018798153529814236 0.23693805905718238 0.7669105778241612 -2.960691557087202e-06 1.5003514450308869e-05 3.3364277360888882e-06 8.15377693847482e-06 0.0
0.06684185208704663 0.27022839695147 0.7604684618204786 -0.0007620869855654274 0.0003059535960579661 -0.00011482815189289353 0.0008164109116138526 0.0 0.01880458075621663 0.2369379483785362 0.7669196976708289 6.540451240906227e-06 1.3174830302366281e-06 8.795939422552806e-06 1.0564450926167546e-05 0.0
0.06648237523002794 0.27027582983107606 0.760563933402622 -0.00035180765786989874 0.00017656749007132822 -0.00011443425379239797 0.0004248837653384641 0.0 0.0188043493280858 0.23694078530305465 0.7669173218089759 2.0154524962273966e-06 3.03711273786575e-07 -8.059694788489339e-07 4.055971877335506e-06 0.0
0.06635501565658553 0.2702797570088477 0.7605812124032013 -4.504547486529472e-05 -9.585986718405146e-05 3.980059258360739e-05 7.376649525199204e-05 0.0 0.01880632318129771 0.23693848978201124 0.7669221565192207 1.5105365048787497e-06 -2.594967631263006e-06 2.440438179827736e-06 5.282965389371211e-06 0.0
0.06623844568135219 0.27025267345979403 0.7605873480215474 3.253083942679393e-05 -0.00022222915038595505 0.00017332734304760636 0.00010437123552895378 0.0 0.018805489325833282 0.23694028678192727 0.7669207001904614 -3.8918274377953775e-07 -4.0653241888335024e-07 -6.857206817306269e-07 2.9556902046353263e-06 0.0
0.06620731658848786 0.27023825671981805 0.7605801999692151 1.2028628287963838e-05 -7.517296667642107e-05 5.429449947587286e-05 8.377155197431463e-05 0.0 0.018805469399688312 0.23694008212017423 0.7669207850804585 -1.0577393579832481e-06 1.2706544687803426e-06 -1.4423782530539574e-07 6.808321765614119e-09 0.0
0.06622430992138016 0.2702125018398673 0.7605692910198663 -4.372777405302504e-05 3.6407949784387226e-05 -4.6965511985755165e-05 1.720794443333751e-05 0.0 0.01880414520951692 0.2369407969262842 0.7669186808679583 -1.4705870768312208e-06 1.9282423530871794e-06 -1.8798371904357525e-06 2.52400882645595e-06 0.0
0.06626086614329688 0.2701980648799315 0.7605564287310246 -2.4824680307292628e-05 -9.59396058721352e-06 -1.5836096021335064e-05 2.8496346558004116e-05 0.0 0.018801351701993974 0.23694301224703765 0.7669146021370128 -2.295840011996082e-06 2.0999108335966117e-06 -4.111761319879432e-06 5.4675427889779965e-06 0.0
0.06628245056113947 0.27017987491984086 0.7605051448609934 -1.6837104678049555e-05 -2.144498088706468e-06 -4.3323458023965765e-05 6.769384381727632e-05 0.0 0.01880489776001466 0.23693953215861815 0.7669220974081232 2.8170282035051436e-06 -2.8493151586780686e-06 6.0832843089272615e-06 9.12738162124122e-06 0.0
0.0663075774136433 0.27017551457861716 0.7604700187326404 4.267764721503642e-05 1.5583389744137346e-06 -4.664600074278245e-05 4.4074772681061886e-05 0.0 0.018801968264868085 0.23694184870566184 0.7669168350077809 -1.6071920670754594e-06 9.434711337581463e-07 -2.5147532891947696e-06 6.303642401547393e-06 0.0
0.06631848876008074 0.27015472513041094 0.760456973817406 1.576903466967355e-05 -1.9849054750734653e-05 -2.2406442041528858e-05 2.3514930488920593e-05 0.0 0.018804394286178736 0.2369398595812454 0.7669204899512786 1.7502385047817497e-06 -1.556725515311029e-06 2.6249819616594583e-06 4.724096474981355e-06 0.0
0.0663129130575397 0.2701280705917247 0.7604684255295108 -1.107843699792437e-05 -2.8790909613985764e-05 1.29343911419636e-05 3.11317185950191e-05 0.0 0.01880436022582634 0.23694061587562268 0.766920082757774 3.316576074488559e-07 5.513835472956307e-07 -1.99973594895293e-07 9.906451089732002e-07 0.0
0.06627471566168938 0.2700872373455188 0.7604664905893275 -3.2501002576497114e-05 -4.1326550452951765e-05 8.867988711800406e-06 5.640339613962999e-05 0.0 0.018802869162665794 0.23694170360695432 0.7669174529801136 -1.3557840792115636e-06 1.1377377907189124e-06 -2.5506194025681038e-06 3.185401624675701e-06 0.0
