0.06329380441285425 0.2795714596080959 0.7640863341457532 0.0 0.0 0.0 0.0 0.0 -0.016819964552892263 0.27972546116656355 0.7641965500521726 0.0 0.0 0.0 1.2262389538383258e-06 0.0
0.0632219438367855 0.27954185582028995 0.7640236140922665 -7.18605760687413e-05 -2.9603787805920767e-05 -6.272005348673115e-05 9.987057501971116e-05 0.0 -0.016803547882913154 0.27972287212148406 0.7641764558713755 1.641666997910865e-05 -2.58904507949298e-06 -2.0094180797070038e-05 2.520624682599465e-05 0.0
0.0631803281252319 0.2795475645672577 0.7639969333246988 -4.161571155360255e-05 5.708746967758582e-06 -2.6680767567732744e-05 4.976264259520309e-05 0.0 -0.01678408676834172 0.2797235332197245 0.7641647708960085 1.946111457143407e-05 6.610982404287036e-07 -1.1684975366965666e-05 2.2366354325479563e-05 0.0
0.06314617280561366 0.2795502164947037 0.7639792242605913 -3.4155319618242586e-05 2.6519274459735342e-06 -1.770906410747397e-05 3.8564614985315716e-05 0.0 -0.01675688075989988 0.279715952781866 0.7641607558014168 2.7206008441839347e-05 -7.580437858478728e-06 -4.0150945916916925e-06 2.9520103207090188e-05 0.0
0.06309585983493429 0.27953340563071805 0.7639625272582062 -5.208520414718061e-05 -1.8600136260791812e-05 -1.8767500421980355e-05 5.5612858721457144e-05 0.0 -0.01671746386612081 0.27970347730830253 0.76416547273358 3.9678424243016526e-05 -1.2935031386777735e-05 4.273443855817861e-06 4.00643923018486e-05 0.0
0.06306509140415274 0.2795166653266046 0.7639454474426154 -3.1627770844008986e-05 -1.6939960411014197e-05 -1.690062739211518e-05 3.8969914231210646e-05 0.0 -0.016699656090460317 0.27969699148897753 0.7641577271925575 1.8351369047797927e-05 -6.381533749809221e-06 -7.401853643210549e-06 2.1742952058722633e-05 0.0
0.0630536001760643 0.279511886700431 0.763936356051251 -1.6321195150944146e-05 -8.960940756554335e-06 -1.502713103530983e-05 1.542120739225529e-05 0.0 -0.016694863709033197 0.27970064835548764 0.7641505173714883 3.523839679662061e-06 3.839519116770799e-06 -1.0428961874266733e-05 8.941256433789542e-06 0.0
0.06303676287760591 0.2794981599053269 0.7639097894944176 -1.145609220086136e-05 -8.444639407686004e-06 -2.315980006952145e-05 3.454070754042861e-05 0.0 -0.016687832242563216 0.2796969679596938 0.7641371832470029 3.7115403037461837e-06 -9.093639776932032e-07 -1.3718133869379808e-05 1.4959566455524133e-05 0.0
0.06302601000680963 0.2794965036479437 0.7638964751441598 -1.4628568826546075e-05 -3.581351410211819e-06 -2.239774081208152e-05 2.0921223816146662e-05 0.0 -0.016688019636791385 0.2796955932708373 0.7641336630125339 -1.1116695618423223e-06 -5.305843312037579e-07 -8.706009291142753e-06 5.2871429172016035e-06 0.0
0.06301790574775615 0.2794931389744932 0.7638945524870456 -6.511125330540643e-06 1.789891931718671e-06 -1.377351419798064e-06 7.858085404963597e-06 0.0 -0.01668755505587935 0.2796919117309391 0.7641302695181476 6.143549735039783e-07 -3.7050789224844104e-06 -1.9096859702854825e-06 4.061286463815343e-06 0.0
0.06301023298290119 0.27948968870710833 0.763890249055779 -9.460264967528598e-06 -3.330046604454288e-06 -8.167607175170925e-07 8.33558273250031e-06 0.0 -0.01668791257996842 0.2796871373264143 0.7641286268260196 2.54787769399755e-06 -6.666466183509565e-06 8.55567745744216e-07 4.697162394220097e-06 0.0
0.06299992837945648 0.27948738512519306 0.7638882509740824 -1.215670736677989e-05 -4.335749444978549e-06 -3.4209682732841003e-07 1.1887264137788542e-05 0.0 -0.016688664664099857 0.2796866240672453 0.7641256775614763 1.327816580218221e-06 -2.211663898371199e-06 -1.2501934517594338e-06 3.7795035348099773e-06 0.0
0.06299139690528222 0.27948766886334464 0.7638855963061144 -7.982002039901965e-06 -3.3005063146830565e-07 -2.248240439463886e-06 9.23513971972343e-06 0.0 -0.016686266628323378 0.27968475438173485 0.7641209349637076 8.533768773247991e-07 -4.2927621374035705e-07 -5.6835577001613915e-06 5.398063887785922e-06 0.0
0.0629871669888053 0.2794880608006339 0.7638843634071024 -4.283360178694605e-06 8.756619182391268e-07 -2.7463711409031586e-06 3.449325995030104e-06 0.0 -0.016683831608163256 0.27968345523895516 0.7641200251057193 2.4815282629148592e-06 -2.637636145669982e-07 -2.6677894919969834e-06 2.7878147664430196e-06 0.0
0.06296099606107909 0.27947955500138577 0.7638840485258679 -2.296440608201916e-05 -7.5101496518129535e-06 -2.51188279550467e-06 2.7622928399064187e-05 0.0 -0.01666483822633422 0.27966708149416636 0.7641105206289093 1.728556144163662e-05 -1.4558736625055548e-05 -8.66729371178757e-06 2.6752790506275846e-05 0.0
0.06295013486151245 0.27947642028493513 0.7638848432029803 -1.5004090252933247e-05 -4.36514801365805e-06 1.7687400783690552e-06 1.248209858660382e-05 0.0 -0.016644768715954297 0.27965869483302164 0.7641151334949083 2.1856995850833134e-05 -1.168044713800271e-05 2.517894645312695e-06 2.295723886023848e-05 0.0
0.06289938185310068 0.2794719569208705 0.7638717119652122 -4.534526543248816e-05 -5.053828519699635e-06 -1.0214100445057973e-05 5.095617657134938e-05 0.0 -0.0165475813533148 0.27952952929203023 0.7641448286788871 8.824495961220333e-05 -0.0001131995743149723 2.7375895603383882e-05 0.00016223154031405328 0.0
0.06286027780675338 0.27946160455518393 0.7638639181083892 -4.5032065938717335e-05 -9.31910877920148e-06 -1.064465333004902e-05 4.2724105192407864e-05 0.0 -0.01643083668229632 0.27928414566234744 0.7641104408458257 0.0001246711057997871 -0.00024510932986148847 -2.0115809493572637e-05 0.0002773851404907566 0.0
0.06281448163073519 0.27945434861748963 0.7638581558043566 -4.663827035432577e-05 -7.833659625102342e-06 -7.0258740501790836e-06 4.578089364900542e-05 0.0 -0.01635184521796806 0.2790808452611216 0.7640364307126981 9.487521466569683e-05 -0.00023869276507332214 -7.407031478605901e-05 0.00023051522202723897 0.0
0.06269117468022371 0.2794471977953685 0.7638530028489923 -0.00011119543063985561 -6.93917283435391e-06 -4.5499920201048744e-06 0.0001228700140553942 0.0 -0.016093551784155346 0.2781028022839191 0.7635951709384361 0.00022858857196519873 -0.0008760766505768609 -0.0004033638552496034 0.0010892773957673584 0.0
0.0626184390502064 0.27944901955971085 0.7638568851598028 -8.889890521502749e-05 6.731356281510972e-07 4.1933952762709554e-06 7.610544706783813e-05 0.0 -0.016017735664871764 0.27742144849191425 0.7632246121297174 0.0001151274950172199 -0.00081732198743928 -0.00044049971017424353 0.0008136143635734661 0.0
0.06254962629395179 0.2794104002922096 0.7638307797341857 -7.074974843196394e-05 -3.164597813012103e-05 -1.9678682263886673e-05 7.958830287168412e-05 0.0 -0.015924502490928725 0.27619093854244614 0.7624242981430823 7.907012770624838e-05 -0.001184405027198736 -0.0007712623004552054 0.0014319872823400084 0.0
0.06247579019364315 0.2793332921850099 0.7637255659873352 -6.540628909869945e-05 -7.564952399369812e-05 -9.762300138513049e-05 0.00014928824897040787 0.0 -0.01597352734904123 0.2749425185588256 0.7617801058375746 -4.761171091999879e-05 -0.00127905910782774 -0.0007083011691890399 0.001425498111861566 0.0
0.06244004289106009 0.27927101662288156 0.7635965160646516 -3.6651959009982475e-05 -7.504341255930568e-05 -0.00014177971834997588 0.00015253501739961075 0.0 -0.015913869221896533 0.2729635079659754 0.7604791130410989 1.8669836294444076e-05 -0.00188555246942633 -0.0011987164834651447 0.0023594589623160316 0.0
0.06241322183167846 0.2791274141386583 0.7632928973704729 -1.9965649434113714e-05 -0.00013594240638212547 -0.00029241177433321383 0.00033229347371586406 0.0 -0.016061367831305674 0.2690941772584494 0.7577373753601085 -0.00011802495090981501 -0.00367268259303982 -0.002589124944179403 0.004750002950632069 0.0
0.062440601553884034 0.27909666299252167 0.763144434018794 2.0949824769124456e-05 -5.333416848908659e-05 -0.00019593797746466978 0.00015942800434552603 0.0 -0.01652887049897101 0.2672161195026554 0.7565306856016358 -0.0004278458368630084 -0.0024817735367526077 -0.0016735718164327177 0.002347263882731011 0.0
0.062479666141271976 0.27907072967884494 0.7630603770863059 4.02675695976364e-05 -1.3421413878128457e-05 -8.251395913616989e-05 8.8367377665078e-05 0.0 -0.016963859004932948 0.26587054210382727 0.7555386762272494 -0.0004840791728366372 -0.0013746383739986117 -0.000981732001240227 0.0015867745543085012 0.0
0.06251082439703007 0.2790433282079529 0.7630061006122565 4.102869435475878e-05 -9.64010017259234e-06 -2.0272811081962893e-05 7.0030341544099e-05 0.0 -0.01738730096510564 0.26484240830509626 0.7547770755338746 -0.00046929130271263647 -0.0006617875738700926 -0.0005229022071268463 0.0013852687793184486 0.0
0.06253402864344756 0.27903214761665657 0.7629677676482196 2.0681357146674702e-05 -9.52383893098874e-06 -1.1853842820210626e-05 5.2422858911564275e-05 0.0 -0.017708196291168578 0.26400895984398953 0.7540141031936922 -0.0003182022969690504 -0.0005519293358009752 -0.000545451232593425 0.0012798873763915919 0.0
0.06256268007857571 0.27903400846379056 0.7629344244294928 1.931923127484229e-05 -3.6046061705942507e-06 -3.177233998687205e-05 4.283495965394373e-05 0.0 -0.018015744137077374 0.2633838869347632 0.7532541405643124 -0.00025676699087350544 -0.0005915950805572453 -0.0007235536386482092 0.0009886380774211513 0.0
0.06262925083144279 0.2790187851445558 0.7629146200057944 5.7627991265746186e-05 -1.782391292151342e-05 -3.8963058955586655e-05 6.473685817520413e-05 0.0 -0.018369746362130828 0.26281561324508124 0.7521556921491389 -0.00029720290846931593 -0.0007852363283084012 -0.0012412760527597418 0.0012100383338730788 0.0
0.06267435332101515 0.2789979377032911 0.7629066100660712 5.390116146982504e-05 -2.808209004783311e-05 -2.9631367431917643e-05 5.5700946160772234e-05 0.0 -0.018530113851900135 0.2626795329320452 0.7516994035433582 -0.00020812221002393215 -0.00039494739328741185 -0.000752439974497714 0.0005787375098723086 0.0
0.06273409377299388 0.2789757261695161 0.7628940168009475 6.438700074352179e-05 -1.8295204249529467e-05 -2.4728597312893602e-06 6.251561148989726e-05 0.0 -0.01867733216925112 0.26257077020680014 0.7511583525959877 -0.00016065302298939033 4.4238502473780295e-05 -0.0003937337509065013 0.000525685151406571 1.0
0.06278023564795204 0.27897083502406156 0.7628786136168102 4.8666664513884577e-05 -1.0519833068583381e-05 -1.1874181144557974e-05 4.975590658693317e-05 0.0 -0.018750344046129845 0.2626133213218895 0.7508984292101026 -6.652884022807662e-05 7.520509364760883e-05 -0.00022112469395277703 0.0002982477310542733 1.0
0.06287457337659028 0.27895748240304985 0.7628377886602319 8.295232105189847e-05 -9.77218105710426e-06 -3.7922644667308855e-05 0.00010329972415433153 0.0 -0.018704750478813984 0.2627382353790398 0.7509253475911876 4.369907533845619e-05 0.00013434810310535548 6.263929131672201e-05 0.0001398813055258361 1.0
0.06296650206208414 0.27893691497656836 0.7627622491856496 9.532364395045285e-05 -1.556469321936855e-05 -7.579205313315487e-05 0.00012235200873446128 0.0 -0.018744094607122532 0.26276843844501363 0.7509864888505567 -7.82961319246891e-06 4.079184976285956e-05 0.00010320709501137053 6.890502195093192e-05 1.0
0.06303501613917513 0.278924203914618 0.762722822359746 7.794955051534067e-05 -1.4137990439830523e-05 -5.2963720932716744e-05 7.909254843989035e-05 0.0 -0.01880198149161297 0.2629517180284989 0.7509875723044853 -7.02851900556785e-05 0.00013060848395788835 2.1441339990080008e-06 0.00018486161152410949 1.0
0.06306288737066615 0.27891663103016584 0.762706319555941 3.281906807710072e-05 -1.0664750634154973e-05 -1.733530040067342e-05 3.1603531596133604e-05 0.0 -0.018849769929741814 0.2631021239757841 0.7509497938257736 -7.531616629463748e-05 0.0001486331045061776 -8.489883193190078e-05 0.00018151762723563948 1.0
0.06306040127867435 0.27891729491976053 0.7627035244378302 -1.158976780876313e-05 -1.1251353551481377e-08 6.332259971236205e-06 4.254627070391276e-06 0.0 -0.018880974352643565 0.2632899330661184 0.7509289816761939 -3.833900902024324e-05 0.00020546553788806856 -4.1358940275248524e-05 0.00017458315543600615 1.0
0.0630518508225835 0.2789156852276294 0.7627084690453605 -1.9902300126496484e-05 1.6531422541678968e-06 1.373847582465294e-05 1.2229160595534532e-05 0.0 -0.018918179489488353 0.26334655726410117 0.7509408917257803 -3.566780761200678e-05 7.800592098730326e-05 -3.304925477792733e-05 7.459412656203384e-05 1.0
0.06304507023125942 0.2789161586177197 0.7627110620620998 -1.0668875312096757e-05 2.107512873614294e-06 5.612610897438318e-06 6.89096159406575e-06 0.0 -0.01902872344033514 0.26350383640815556 0.7509609356438935 -8.555500853447986e-05 0.00013358847922539734 4.490652504626107e-05 0.00019049917895289504 1.0
0.0630415877148774 0.27891570509693997 0.7627130902092598 4.821824964323884e-06 -2.010182185005098e-06 -4.100189358675995e-06 2.705768588254085e-06 0.0 -0.01903906630318181 0.2636827655772895 0.7509751062836072 -2.55993537757295e-05 0.00017005316751241988 4.904653446312585e-05 0.00018794615352770626 1.0
0.06303342311028849 0.2788993438081248 0.7627077010497098 -3.008319684671756e-07 -1.5795688610630533e-05 -1.085466070665907e-05 1.8678247431291452e-05 0.0 -0.019037294432221203 0.2638317588238825 0.7510919671463032 -2.9050995122350646e-06 0.00015983409105925495 0.00010751132520087364 0.00018411558237742517 1.0
0.06300930929222957 0.27885570791508424 0.7626357087353853 -2.0054702624524285e-05 -4.2179323146127875e-05 -6.33189683185339e-05 8.811744464342906e-05 0.0 -0.018892970641030283 0.2641772834406663 0.751599674908275 0.00013564848810897586 0.0003358044471395096 0.00045787531480982914 0.0006248470321260648 1.0
0.06300534891687971 0.2788435380527988 0.7625766309642185 -1.1810015215679001e-05 -2.21074091760514e-05 -7.022916708830819e-05 6.28044506242085e-05 0.0 -0.01866005786438597 0.2646553807175322 0.7525422614797098 0.00024977155193091485 0.0004835865878870994 0.0009421737579632901 0.001093264511881233 1.0
0.06298217727253591 0.27881622001607115 0.7625379628926853 -2.2084098439340647e-05 -2.3531884404952686e-05 -4.6644918304984716e-05 4.921008322328855e-05 0.0 -0.018027874420750926 0.26501902273061845 0.7538840208284454 0.0006043188765218171 0.00041524837197199347 0.001394847672323411 0.0015278753451312395 1.0
0.06292549826631007 0.2787504301476306 0.762468031312619 -5.2535346439323414e-05 -5.732888332237328e-05 -5.9762199368222135e-05 0.00011113883879560397 0.0 -0.017380375497243115 0.26508329490301447 0.7552150140339814 0.0007026396494191897 9.695196918746158e-05 0.001435106939121367 0.0014742761909778297 1.0
0.06287326149282593 0.27871197540131537 0.7623482227840722 -5.7964620546178126e-05 -4.551460096447473e-05 -0.00010813385741272681 0.00014026419599483695 0.0 -0.016240454900764582 0.26427819172209405 0.7566741977354786 0.0011005891684801993 -0.0007466164174862332 0.0014436852836903816 0.0020054054818554614 1.0
0.0628429735178709 0.278674928145913 0.7622723161829391 -3.692686095461475e-05 -3.832986742664985e-05 -8.804201164531463e-05 8.895032549934767e-05 0.0 -0.015003106111563705 0.26310144008732084 0.757778352775625 0.0012810126196351273 -0.0013115098656331266 0.00109466554452562 0.0020614047246686035 1.0
0.06282894842293914 0.2786557139996744 0.7622371812355225 -1.2938178926023634e-05 -2.0556344913805607e-05 -4.361914668246845e-05 3.815328896169226e-05 0.0 -0.014097597330509758 0.2622225065775796 0.7582671633334224 0.0009809666520866963 -0.0010847332646794388 0.00046865124291085923 0.0013497297405520422 1.0
0.06279565245068226 0.2786187738830032 0.7621713445037294 -2.2149225528476178e-05 -2.9112755051336313e-05 -5.4260985169084995e-05 8.405846532603275e-05 0.0 -0.012033433591933483 0.2601275140720694 0.7588035776356585 0.0018366910913811822 -0.001875779665949982 0.0003875635008959341 0.0029421150979671404 1.0
0.06277293024603826 0.2785950302457882 0.7621265433884309 -2.0710072710990864e-05 -2.2564609058068217e-05 -3.9092100672297705e-05 6.0194723245982824e-05 0.0 -0.010779177912116088 0.2587782558794932 0.7589453099664377 0.001448488204926136 -0.001473804840970581 0.00014573259288463134 0.0019380500135737864 1.0
0.06274301753206116 0.2785256364473985 0.7620468162543225 -3.3155556938423944e-05 -6.651609720876358e-05 -7.323270908502616e-05 0.00010565897939955935 0.0 -0.008590503961256771 0.2561814339073913 0.758891129213582 0.002056898408140946 -0.002354591036708345 -2.756459551662559e-05 0.003312623867581373 1.0
0.06271400781084381 0.2784688227516954 0.7619603332480974 -3.476045546818481e-05 -6.819419353531235e-05 -9.732123346942067e-05 0.00010796368815722663 0.0 -0.0072585910510129786 0.25449014683843235 0.7589252819755973 0.0015044594423958913 -0.0019110477798102681 3.227567876650092e-05 0.002203405002939551 1.0
0.06267135578755698 0.27837728375900683 0.7617989386051132 -4.110084326671789e-05 -8.847386363100718e-05 -0.00016087546027273734 0.00018984599726364814 0.0 -0.004791072924852201 0.252127190817055 0.759336943734013 0.0022577007588349372 -0.002265377461369067 0.0004112841324483939 0.0033902111667935466 1.0
0.06266663141766633 0.2783120532252206 0.7616621574691796 -9.72932712611673e-06 -7.200554998999827e-05 -0.00014810320794990834 0.00015453249491058138 0.0 -0.0037726883675235964 0.25091136715533185 0.7595543022401249 0.0012585898681107752 -0.0013497957292765458 0.00032159306728734996 0.0016826392357602942 1.0
0.0626478426712514 0.2782447309702794 0.7615388437552292 -1.205296351571272e-05 -6.312488295108184e-05 -0.00012636197121242203 0.0001379290428215034 0.0 -0.003463785502117456 0.2503062950519736 0.7593920793428439 0.0002954686168118989 -0.0005316725593244316 -8.056287256380588e-05 0.0006086510118666942 1.0
0.06264630617952169 0.27819067727277447 0.7614450646056783 -2.2656155267547044e-06 -5.141723426799149e-05 -9.166186670254672e-05 0.00010974781686429113 0.0 -0.0030558114877059627 0.250258672571131 0.7590672359972467 0.00020102689409434217 3.653840826716684e-05 -0.0003619440334488845 0.0005574665003212752 1.0
0.06264592463641097 0.2781626252596755 0.7614109612626702 2.168461263491016e-06 -2.669880264824369e-05 -2.7468852220782342e-05 4.499885796153964e-05 0.0 -0.002797827401928182 0.2502801252839395 0.7589070314990375 0.00011515279813950076 0.0002086160574350229 -0.0003207706628413258 0.00032752045117420735 1.0
0.06264299090769485 0.2781539432290694 0.7614025154969251 -3.043605328928714e-06 -8.725598001489451e-06 2.1161220380743937e-06 1.209539242694213e-05 0.0 -0.0021229099942087245 0.2504250274548071 0.759019005029441 0.000709981775337161 6.42001884790357e-05 4.565463430120837e-05 0.0007103280285630084 1.0
0.06263856205976884 0.27814976247135137 0.7613865444799315 -6.406078093368997e-06 1.1234857899290176e-07 -7.2279720611233435e-06 1.6000040915480323e-05 0.0 -0.0014304001302073931 0.250673225396242 0.759102173812276 0.0008549896399831338 0.00017042533497979313 0.00020029214186688768 0.0006876025489185034 1.0
0.06263856068787438 0.2781473188086118 0.7613839367571218 -2.7857883790648725e-06 -3.442034291901294e-06 -1.1906324331967212e-05 6.0790302157584915e-06 0.0 -0.0007611205727375194 0.2508970048409097 0.7592232162234749 0.0008760147444314076 9.152457178775945e-05 0.00022255071395435014 0.0007432887161834905 1.0
0.06263408836092163 0.27812857748912634 0.7613944378188856 -2.2447539699319737e-06 -1.733404114518056e-05 3.1191820512347322e-06 1.9689610212369438e-05 0.0 -7.921374810363811e-05 0.25107330965274127 0.7593905654210086 0.0005882999475672066 0.00021007033471526953 0.00015257719615195176 0.0007165454017894458 1.0
0.06262901820652922 0.27811954585959336 0.7613860240833413 -6.122900167761836e-06 -1.6905501468805515e-05 -9.369022293987983e-06 1.3676709212349041e-05 0.0 9.988541464664412e-05 0.2511347426321099 0.7594108850868331 0.00017373948392255818 8.805548698694932e-05 -1.265618535183953e-05 0.00020043937117301264 1.0
0.06262589873141262 0.2781123822152993 0.7613779795574466 -2.445676906503605e-06 -9.524766473248991e-06 -9.345490262445969e-06 1.1477354302945271e-05 0.0 0.00028867738408411915 0.25123711625240525 0.759372932332668 8.686547058531723e-05 9.268973024314966e-05 -8.017759904443541e-05 0.00020847947040318518 1.0
0.0626171061468348 0.27812586483314966 0.7613603379998566 -7.94607217796516e-06 1.3079758257445027e-05 -1.5095289981431774e-05 2.3684962956484367e-05 0.0 0.0008934465655009565 0.2507630392759144 0.7591085607350004 0.00047206417346910894 -0.00040422650404917283 -0.000250347663075495 0.0008140735303741749 1.0
0.06259475182591685 0.27806150221705184 0.7613039748479383 -2.1163714263129064e-05 -4.756028853588679e-05 -5.271614206038066e-05 8.838515304817224e-05 0.0 0.0020765352192879502 0.24896497175386034 0.7589028780513384 0.001191572393043472 -0.0016731712031017928 -0.00024118117284809847 0.0021762450968908346 1.0
0.06257651194402551 0.2780098655187025 0.7612156112929123 -2.1116831756877514e-05 -6.104253129521757e-05 -9.061655498304334e-05 0.00010584681648443821 0.0 0.00283559148751101 0.24705826206976547 0.7585080759668098 0.0009972648905241758 -0.0021261407694718256 -0.00038046584075883215 0.0021046860371258156 1.0
0.06257076684066896 0.27800167623350797 0.76116339268818 -8.33882020950019e-06 -2.273459325709638e-05 -6.405041802438751e-05 5.143533529293294e-05 0.0 0.00334744616499458 0.24525753291635022 0.7578643294432081 0.0006000061605621904 -0.001986089540946097 -0.0006072986076374236 0.0019258309562694546 1.0
0.06256210690772067 0.2779771480901383 0.7611346403621527 -5.9537632938392676e-06 -1.7828170662830662e-05 -2.8881384080979162e-05 3.661077707659569e-05 0.0 0.0038606710576548258 0.24393786414533122 0.7570594087781438 0.000393949887149536 -0.0013393928605460474 -0.0008096158021296065 0.0016402509129449963 1.0
0.06256315346085144 0.27796854702355184 0.7611145951928421 2.4628871094028238e-06 -2.0299912419769347e-06 -1.0525351585718289e-05 2.44909823957461e-05 0.0 0.004371709305806601 0.24341188378219136 0.7566781488711126 0.00035553683752248804 -0.00039311267804519653 -0.0004886981575192762 0.0008594452817664938 1.0
0.06256057060971122 0.2779515835866645 0.7611045403655329 3.795829616167849e-09 -9.665563741876278e-06 -8.395724946677359e-07 2.1064835776423113e-05 0.0 0.004869554952298792 0.24274479418562472 0.7562622774760913 0.00048202559230845594 -0.00033762877819545076 -0.00036057737449506435 0.0009138755915169824 1.0
0.06255609383727347 0.2779386955550638 0.7610939205397527 -5.319721090488113e-06 -1.5576868428968102e-05 -8.735966234740224e-06 1.5626394048810728e-05 0.0 0.005228894425264663 0.2420654180442935 0.7559995177687103 0.000461387726200705 -0.0006285323604868886 -0.0002147318449718473 0.0008177270587479991 1.0
0.06255481372661566 0.27792895909008697 0.7610768390408005 -4.3112939732782696e-06 -1.8716608941816427e-05 -2.2870531965805553e-05 1.9168721319872573e-05 0.0 0.005655941186511862 0.24099469254940178 0.7555139605018737 0.0004638088964694019 -0.0011801102560287063 -0.00039325018979431995 0.0012508331125245255 1.0
0.06255716753735652 0.2779254870155884 0.761059345938982 1.6096965593752508e-06 -2.919899012814744e-06 -2.3969765018268813e-05 1.8830372546837896e-05 0.0 0.006338964559397555 0.2396972192242141 0.7550695828712528 0.0006121999198196542 -0.001446878119534359 -0.0004978686549021208 0.001526030356924789 1.0
0.06255865402088734 0.277917149687477 0.76104857161125 2.870947823183459e-06 -3.83205327625112e-06 -1.1946999151343771e-05 1.3388896692024575e-05 0.0 0.007091455623804925 0.23874127170247195 0.754973010543642 0.0007709783796212167 -0.0011404367374271813 -0.00021828152368179245 0.0012221193522464232 1.0
0.06255516513661155 0.277907179472437 0.761037493092426 -2.2694977906215992e-06 -1.0594425612950156e-05 -9.42083215178618e-06 1.5352123042107188e-05 0.0 0.007522546098149769 0.238263470758357 0.7548889261727377 0.0005313020138323114 -0.0004846632524935252 -5.812258365460693e-05 0.0006431087189395573 1.0
0.06255230237999532 0.27790532726174244 0.7610312787169625 -3.1554709653651078e-06 -3.267224437999477e-06 -4.977320852281111e-06 7.321613568176538e-06 0.0 0.008004163635516065 0.2379573372897149 0.7546779717907959 0.00044385694355205123 -0.00012715702172276435 -0.00011244847461761541 0.0005976492855032072 1.0
0.06254770250658379 0.2779060086965451 0.761021631107962 -5.727208245049541e-06 -2.1522409210046553e-07 -7.1741760683555834e-06 1.0432598088046664e-05 0.0 0.008374410997667914 0.23735170194920585 0.7541696717446762 0.00032522470676986165 -0.0004347108318245166 -0.0004701618256143219 0.0009040781774072006 1.0
0.06254361973359282 0.2779017771435758 0.7610145290596607 -4.743368623974052e-06 -2.0653614894327086e-06 -7.906000382959369e-06 9.398087511577775e-06 0.0 0.008400258181879663 0.23706899838309023 0.7540275065327594 2.486229090881538e-05 -0.00035726638995510235 -0.00027365462797613975 0.0003245250729673561 1.0
0.06253514979708522 0.2778830596355612 0.7610000786195921 -7.26648943903803e-06 -1.630634509988203e-05 -1.4503317080762986e-05 2.49571959915185e-05 0.0 0.008475222032403305 0.23677655482937263 0.75398089927474 3.092034114078352e-05 -0.00038159877461406 -9.330901090539353e-05 0.00026084956115179664 1.0
0.0625206208163743 0.27783708123375833 0.7609516590524402 -1.3568784014102791e-05 -4.486483393067107e-05 -4.485797666452279e-05 6.835421280202707e-05 0.0 0.008562934234674474 0.23651952737445892 0.7539201810126669 9.313224875538191e-05 -0.0003028263540084473 8.967334504966285e-06 0.00029413177116110827 1.0
0.06251823180762535 0.2778089564703108 0.7609081158553345 -5.404455304057191e-06 -3.7556315442484475e-05 -4.957915912325043e-05 5.2934872883142426e-05 0.0 0.008588293105042813 0.23638737496317372 0.7538313552416483 5.562236539156029e-05 -0.00011504394123196889 -1.2232470447272271e-05 0.0001838786926595835 1.0
0.06251225583551065 0.2777668315548085 0.7608438741775945 -4.733598284244994e-06 -4.09058426951092e-05 -6.473244583027907e-05 7.49699221794918e-05 0.0 0.00860064187632297 0.23631853081565338 0.7537118302908277 2.5114194982147633e-05 -2.590053591511798e-05 -0.00012495793545595408 0.0001222143052967556 1.0
0.06252199220824017 0.2777480577183004 0.7607878448760815 8.892331586905713e-06 -1.957980321663958e-05 -5.871140089507522e-05 6.108669473553684e-05 0.0 0.008665214229838734 0.23629154725624446 0.753580401792866 7.93309363405264e-05 -2.2122790704429628e-05 -0.0001854326239272086 0.0001406279561887027 1.0
0.062540442342276 0.27770046852843105 0.7606907540898761 1.9826654850310187e-05 -3.788516588881908e-05 -8.91440007563709e-05 0.00010930617661889423 0.0 0.008950439140153501 0.23630912835900744 0.7533013898911611 0.00024980972805172143 -1.900591680934979e-06 -0.0002956730047072499 0.000412205303152289 1.0
0.06255230390752599 0.2776855370733414 0.7606583841125737 1.5458123593961485e-05 -2.0140040407865127e-05 -4.3434638571239226e-05 3.976973571168103e-05 0.0 0.009559326372105076 0.23665778716366495 0.7531010359682758 0.0005803122136546369 0.00032157584130078636 -0.00020502937156264 0.0007281197928179334 1.0
0.06256389215277504 0.2776766872566974 0.7606359238224876 1.072484600569573e-05 -9.683564723719964e-06 -1.8424459103196068e-05 2.2853907147489138e-05 0.0 0.010468513960111506 0.23714256665723424 0.7531331415584116 0.0009494324101386542 0.0004995969516426524 4.712201815813632e-06 0.0010299797843168915 1.0
0.06256914608710247 0.2776479537876124 0.7606214730449208 3.659079102866503e-06 -2.4061058454278868e-05 -7.65313279274784e-06 3.426928922033436e-05 0.0 0.010900671393082612 0.23760626984426916 0.7531198228497318 0.0005792811244934581 0.0005177456955207083 3.8671434093977326e-05 0.0006368975977851557 1.0
0.06256680867978168 0.277629269349798 0.7606066650575871 -3.5187163924499067e-06 -2.0279627923213005e-05 -8.883488285703906e-06 2.5750795183649588e-05 0.0 0.011130046674450545 0.23802078785177389 0.7530324443083871 0.00019790845055041545 0.0004353257072821769 -4.233065442259895e-05 0.00046282733361530847 1.0
0.06256354492783445 0.2776234800295739 0.7606006127899656 -5.579605588170349e-06 -1.017702339493534e-05 -1.0067444601676957e-05 8.115569690130159e-06 0.0 0.011517766190832848 0.23865495349704552 0.7528645156628534 0.0002278987138081148 0.0005634983812420664 -0.0001683012684792681 0.0007726226180403796 1.0
0.06255447473519166 0.2776158229312808 0.7605918503800349 -7.65347651275745e-06 -5.9309623156219494e-06 -1.297342806908647e-05 1.2316880921789001e-05 0.0 0.011768751744264014 0.23919693349475543 0.7528490485662165 0.00021287401173322837 0.0005401529045542533 -8.50295207580202e-05 0.0006223126100964669 1.0
0.06252405912635471 0.2775839287002227 0.7605654290819502 -2.7047092698601217e-05 -2.8280440204778913e-05 -2.843213567047497e-05 5.368202129899683e-05 0.0 0.012193842875713162 0.24047504904029798 0.7529473573026381 0.0004287259901702085 0.0011769514082657219 6.578287822558396e-05 0.001319804386005867 1.0
0.06251321171866228 0.27755533518257425 0.7605225148490579 -1.6534111929393994e-05 -2.957239732245124e-05 -3.962716020776152e-05 5.345408488959665e-05 0.0 0.01221621192441602 0.24128227257866694 0.7532271317746686 0.00016901981991937856 0.0009951622716848911 0.0003027581434759385 0.0008742863050916405 1.0
0.0625156653537048 0.2775567884818324 0.7605039402112939 1.5715690909129446e-06 -6.721784179469094e-06 -2.6633126334358157e-05 1.7347212279087932e-05 0.0 0.012281513260759814 0.24173260319345727 0.7534544963319864 5.347486813685675e-05 0.0005177790835625394 0.00030517970300315405 0.0004903666946407723 1.0
0.06252187810495043 0.27755502337582416 0.7604801247086418 1.0174888803957998e-05 8.292477017374631e-07 -2.1611211507493313e-05 2.3264399473316594e-05 0.0 0.012767853713282803 0.2425531239612282 0.7542374266635402 0.0003504103315663818 0.0006480422421550722 0.0007099486741862695 0.001221397046814483 1.0
0.06252482791047738 0.27755227953332406 0.7604774278617112 7.496018100898619e-06 3.534932639751242e-06 -1.7361707780866473e-06 7.398208264963671e-06 0.0 0.013194919301165512 0.24293124986206227 0.7546727264412063 0.00048085770254256385 0.00038553986243998 0.000528045479232949 0.0007713538083170971 1.0
0.06252679901981117 0.2775471951714341 0.7604809996727621 2.258451402859374e-06 -2.4479429730343267e-06 8.787732027122957e-06 6.219458018175418e-06 0.0 0.013541295483819249 0.24327168724478088 0.7549159368054217 0.0004338000726840246 0.00032042647563038947 0.0002544803331899988 0.0005108603915509666 1.0
0.06252927079705992 0.27753971335224004 0.760491200500028 -1.3159935565864641e-06 -1.0511241352325483e-05 1.1983118200222327e-05 1.1910833758668795e-05 0.0 0.013889436535591148 0.24377966630625164 0.7551118628998921 0.0003505774822843137 0.000486632274971937 0.00013121007389079578 0.0006171529727908258 1.0
0.06252898352291172 0.2775319585599457 0.7604996503717639 -3.2027875714007457e-06 -1.2524947436324325e-05 7.576494420503826e-06 1.1923831197615017e-05 0.0 0.014053989336428917 0.24420604002296664 0.7551492662928293 0.00015518299591328155 0.0005126359580191336 -9.679158136342386e-06 0.000504322293858306 1.0
0.0625284012773859 0.27752381580644525 0.7605138726743927 3.341355411066321e-07 -8.10565452452686e-06 1.1106449380085327e-05 1.6407099883126063e-05 0.0 0.014085200433038472 0.24483180618452396 0.7551205192178561 -3.7477169604382846e-05 0.0005832108321595702 -5.3084139890589627e-05 0.0006169277124553818 1.0
0.06252665032094577 0.2775129663664259 0.7605375926599269 -6.737170775208499e-07 -8.095845032233244e-06 2.2265108897069765e-05 2.567433889378364e-05 0.0 0.013882922829598774 0.24577104536630134 0.7550798098833342 -0.0001988618028698434 0.0009278848146569992 -2.7839261861664638e-05 0.0009419917923169789 1.0
0.06251623557723002 0.2774931342885334 0.7605762862892115 -9.048375774632502e-06 -1.8778547848487525e-05 3.686253778130092e-05 4.5343178527200594e-05 0.0 0.013387539988493605 0.24655882033857782 0.7550747301113253 -0.0004655707140467818 0.0008965313161782126 4.472692494577766e-05 0.0009555660931776851 1.0
0.06249800348480964 0.27747431207347556 0.7605853670672933 -1.8508972657401612e-05 -2.036617476036447e-05 1.7523631719305553e-05 2.7997692461437972e-05 0.0 0.013214542755309354 0.24681896965150119 0.7550309684596862 -0.0002751847124742494 0.00031262844407652015 -3.863285009203369e-05 0.00030472437969092316 1.0
0.06245963477104334 0.27745924132309124 0.7605930075598953 -3.747336999483795e-05 -1.662844583774217e-05 5.48217054418544e-06 4.054158683062306e-05 0.0 0.01300604455052255 0.2469031751355158 0.7550113138485902 -0.00017032721335162322 1.0482986957116862e-06 -1.6894744749408402e-05 0.00020232193943298246 1.0
0.06242265961319093 0.2774528023016998 0.7606041528630728 -4.077105480861321e-05 -6.892180431446734e-06 5.954772729452776e-06 4.028584449406337e-05 0.0 0.012908961248963275 0.24690264702834008 0.7550109180513852 -4.345480640080855e-05 -0.00011133460545688346 9.601621689042184e-07 0.00012838459191400668 1.0
0.06234987179600576 0.2774517885347508 0.7606484793651495 -6.92653762497063e-05 9.41680412824343e-07 3.7548482664570916e-05 8.48868277270294e-05 0.0 0.012851913767912039 0.2469474217677453 0.755002723256911 -1.501854280917548e-05 -1.745299019384293e-05 -1.413843413826976e-05 7.64421266662307e-05 1.0
0.06223943736214854 0.2773891692871964 0.7607774202567528 -0.00010851693679853331 -5.136917713004925e-05 0.000123735389164289 0.00018108666833732012 0.0 0.012862005463747557 0.2469912254081615 0.7550691058053122 1.0032153285831715e-05 0.0001127441965480959 5.278877913752961e-05 6.379564310354205e-05 1.0
0.062042318617539914 0.2772822717996208 0.7609421880555136 -0.0001919789027253119 -0.00010922369394129692 0.00017903231903041786 0.0002789683332097723 0.0 0.012936907421447949 0.24710331650049713 0.7550080220174742 4.0455061406033814e-05 0.00019544377103916405 -3.3338012961168676e-05 0.00014500041422257318 1.0
0.061666827752496677 0.2771261271682271 0.7612138242944594 -0.0003659178512840074 -0.00016468037063665378 0.0002730164292844674 0.0004873672072862989 0.0 0.01295607099912405 0.2471024725027293 0.7549863648044982 1.3466642856762082e-05 4.29836322744894e-05 -3.725091513353095e-05 4.1170517354425454e-05 1.0
0.06054316105894918 0.2765827943269708 0.7620685329030581 -0.0010508159127884937 -0.000502154651674275 0.0007862949127919144 0.0015066347601623805 0.0 0.01303834333944209 0.24710708954971267 0.7549312749169906 8.270675302996037e-05 -3.5793615137948175e-05 -6.425741367838295e-05 8.826113705399767e-05 1.0
0.05912710724287079 0.27524245839157657 0.7627125289695522 -0.001496889409514089 -0.0012830663069778082 0.0007583562982320848 0.002077060150119182 0.0 0.013097151978029012 0.2470770199603019 0.7547930893939905 5.091628767715255e-05 -5.369597814515535e-05 -0.0001309442531895214 0.0001597778424123609 1.0
0.05735042514988358 0.2729189926045817 0.76375799206231 -0.00184595671807023 -0.002333895419113326 0.0010185311259259622 0.0030826623011457875 0.0 0.013176702464955484 0.24705676490675932 0.7546817687598584 7.642675969449141e-05 -3.845474077434732e-05 -0.00012467445030026972 0.000140731465844423 1.0
0.05544191035025938 0.27022702581722985 0.7636089745705171 -0.0019543664922722797 -0.002865982245238814 3.96503054074475e-05 0.0033115659599818703 0.0 0.01321308937206653 0.24703073087603986 0.7546587563051701 4.3907878863575704e-05 -2.076141137993633e-05 -3.507473918663266e-05 4.573047910709354e-05 1.0
0.05376707433003913 0.26788956125732355 0.7636495978314777 -0.0016877916827756324 -0.0025231074422248216 -0.0001635493438485847 0.002872511494025482 0.0 0.013270993223138119 0.24699715434132188 0.7546271608360419 5.469380440486791e-05 -2.3125574422531716e-05 -8.621549793049699e-06 6.989714079085766e-05 1.0
0.05160446836879531 0.2648621067054612 0.7636469507400994 -0.0019862934550738008 -0.002819394953205679 -0.00014689284977562167 0.003698872253859017 0.0 0.013383964033105307 0.24699863703337824 0.7545976341827535 0.00010453587560360284 3.383758939015072e-06 -1.9146487721804677e-05 0.00012487631537976072 1.0
0.04974355562687561 0.26226689771336914 0.7633400651830756 -0.0018899190986025366 -0.002548679863607594 -0.00026266879971523286 0.0032607344778111894 0.0 0.013505638554949372 0.24700393101114917 0.754565847974523 0.00012650793642488041 3.019264196316035e-06 -2.3977153322894512e-05 0.00012533980523023278 1.0
0.04604470836462295 0.25721607739118363 0.7630720638140985 -0.00346057600732508 -0.004622522545949756 -0.00020632076519423807 0.006210483330673407 0.0 0.013596700918332285 0.24699134091668334 0.7544833612926473 0.00011003454838278375 -4.902825233085633e-06 -8.738054095768027e-05 0.00011942501126991059 1.0
0.04258474659296195 0.25221245215444393 0.7631202092073444 -0.003743374476274787 -0.005350314589784824 4.445414111417176e-05 0.006164325101556283 0.0 0.013686144259276344 0.24693951591640925 0.7544739425771542 8.649760963544267e-05 -4.968439988492719e-05 -4.05897623824482e-05 0.00010355526793544229 1.0
0.041681020895676026 0.25096191433919895 0.7623190560982348 -0.0014552799113678634 -0.0021075463682354786 -0.0006044838149143879 0.0017053036295356623 0.0 0.013745905317728669 0.24693009263325025 0.7544129174417424 5.495945372195637e-05 -2.4884812093310656e-05 -4.794019041669292e-05 8.838062716769366e-05 1.0
0.04175048720030991 0.2508063868817238 0.7617616365906067 0.0003275211093905087 0.00021987769987052855 -0.0007284509600502242 0.0004280101137247635 0.0 0.013773617527349341 0.24693564386287112 0.7544069332807156 1.8783983558771544e-05 8.079674224259656e-07 -5.860837806523811e-06 2.896075899363047e-05 1.0
0.04186272910827684 0.25072415571836904 0.7614326730553665 0.0007147707521956796 0.0007331510938776804 -0.00039177920292655195 0.0005011606041376341 0.0 0.013787211253539548 0.24693339997219196 0.7543973278354641 1.0417111670703397e-05 6.507561769688077e-06 -3.3783248285198734e-06 1.511652049221102e-05 1.0
0.04191830346961513 0.2506281707809761 0.7612908088701187 0.00029543159955733073 0.0002148473448881172 -0.0001387342521350968 0.0003009364077691725 0.0 0.013784759132674133 0.24692644457522397 0.7543977741447263 6.715410867531559e-07 2.056700621028809e-06 3.320076751759613e-06 8.645139577409983e-06 1.0
0.04191594093696457 0.2505580214754415 0.7613076213693611 -0.00021120322887337802 -0.0003569766637879861 7.508725883145255e-05 0.0 0.0 0.013776465495943073 0.24692733062765895 0.7544035193124681 -7.677803921470736e-06 -1.671735977224529e-06 4.379660718093552e-06 1.0339544121908416e-05 1.0
0.04187692906131918 0.25046707593438544 0.76140356298418 -0.0005021160786053405 -0.0007008602234259537 0.00018447681508825897 9.94582234608403e-05 0.0 0.013764917981178348 0.24692567987717062 0.7544149555014393 -1.0394615766683136e-05 -6.838449597440023e-06 7.963951633584974e-06 1.5694004696393545e-05 1.0
0.04185584836748409 0.2504472665590493 0.7614228095167754 -0.00013711217022547347 -0.00017046096852265432 4.8522074576981655e-05 0.0001170259724540294 0.0 0.013758081980560128 0.24692154899383892 0.754410906143896 -4.288107336718137e-06 -7.0435760425632895e-06 6.007760256728406e-07 8.676326533493302e-06 1.0
0.041630452445531214 0.2502569494498663 0.7611064005074337 -2.6232834766819636e-05 9.023015020720709e-05 -0.0003704880517304153 0.0004124159964773973 0.0 0.013766246775138883 0.24691930038227106 0.754388065593351 7.282525635863397e-06 8.108010255187227e-07 -2.647276105857635e-05 2.4495175341656086e-05 1.0
0.04055390285783534 0.24931703681214418 0.7592374030885582 -0.0009041059444217402 -0.000773812611416913 -0.0017227104078925384 0.00234269915797214 0.0 0.01370424895281985 0.24691913848726452 0.7544775040393369 -4.9517127905042616e-05 3.6157368484152543e-07 7.155908615099023e-05 0.00010852295437805029 1.0
0.03892667866804307 0.24807890158019907 0.7577044673963824 -0.0016822859748998715 -0.0013177699856899503 -0.001848058198785835 0.002608108956364684 0.0 0.013725485192812446 0.24689603989534145 0.7544570550639759 1.3527151599496385e-06 -2.031759297632063e-05 7.334114263217599e-06 4.077657635391972e-05 1.0
0.03696799249476634 0.2461732990133576 0.7556927862738632 -0.0020945760028851577 -0.0019500560152753478 -0.0020732432260598998 0.003328537240074066 0.0 0.013765303090731975 0.24690955363927114 0.7544221351323664 3.9248040546529724e-05 5.389345631115537e-06 -3.325597607736279e-05 4.919177549273583e-05 1.0
0.03516521004223145 0.2434042126752296 0.7528508152752958 -0.0019252336402367576 -0.0027664444315577113 -0.00270361618792528 0.004354286819784852 0.0 0.013777545868339878 0.24689216820993437 0.7544454350245529 2.6686778880248395e-05 -9.984131729390242e-06 3.133949428756414e-06 3.367856926381847e-05 1.0
0.0357557409453724 0.24224053137473786 0.7520452820027653 0.00032713155739430794 -0.0015122654600530794 -0.0010909306173670222 0.001614715081363104 0.0 0.014111436459897942 0.24699695235219127 0.7545304370833908 0.0002914949001477939 8.706078083916994e-05 7.481547488240992e-05 0.00035892548135593044 1.0
0.03587820486502637 0.2421023459618173 0.7517170415916704 0.0006767715692350332 -5.88344346961591e-05 -9.983556560279444e-05 0.00026977045381518033 1.0 0.014190448827760832 0.24705565293517068 0.7545526888811501 0.00015619216461439645 8.044967767161201e-05 4.57855357847114e-05 0.00011330371476678418 1.0
0.035523701617214416 0.242619079095159 0.7521087998504787 1.1199168177563874e-05 0.0008470381230754992 0.0006091978986332032 0.0007561614801046607 1.0 0.014001013206620328 0.2468589076517481 0.7546351116921632 -0.00015601564959659759 -0.0001534612875213089 8.136156060884974e-05 0.00026349169387611973 1.0
0.035297544498795304 0.2430070136046109 0.7522821844404016 -0.0004071527411593836 0.0007122537506951206 0.00036976705703760355 0.0006030447269894877 1.0 0.013716667008898988 0.2466351823911236 0.7547131761598667 -0.0003447653257758024 -0.0002617596031554301 8.465546212848168e-05 0.00038109531342246606 0.0
0.03532299492269036 0.24430693526413505 0.751995538948373 -0.0003171301792305847 0.0011503321595025978 -0.00024625134365380383 0.0012445553939695385 1.0 0.013433974503040173 0.24606948007391016 0.7553944670517665 -0.000349923547179422 -0.0005624093281691723 0.0005841376242912882 0.000931135668275582 0.0
0.03560226548757142 0.24552820463276168 0.7515229775690964 9.448089030000828e-05 0.0010681024270816257 -0.000791779421459279 0.00130251922329568 1.0 0.017588595125788763 0.24379428751819887 0.7618317446252413 0.003511373768002178 -0.0020890931998154036 0.005706560125083808 0.007937551759944376 0.0
0.035668204128179906 0.24572237427569665 0.7548890253297151 0.00023525924131032267 0.00020880185047883774 0.0025530396595697864 0.0033944895043500818 1.0 0.01934414018154868 0.24097777765523384 0.7670266586797375 0.002764883927465483 -0.00299916485962996 0.0062614258699351145 0.006388969376391226 0.0
0.03527756053336463 0.24787685974859672 0.7590279701089685 -0.0001198335355847356 0.0017778149153704144 0.004643511701095112 0.004728337508823159 1.0 0.018993555675323535 0.2397181655176547 0.7677464792489563 0.00020419482190459288 -0.0017287615331959215 0.0018745923985645594 0.0012673486846284715 0.0
0.03506314153786517 0.25091207182884334 0.7614412985655783 -0.0003925842837815847 0.0030580798412511937 0.0033200878664513917 0.00387385546811766 1.0 0.018706099824405166 0.23935188524686885 0.7671879857905006 -0.0008918488757703546 -0.0003051935173633578 -0.001220640026162437 0.0005630119458690442 0.0
0.033429185382702245 0.25528039064968266 0.7645808167591583 -0.0015446055253723256 0.0045138105663876885 0.002998319784186377 0.0055325161186739425 1.0 0.018269786503970042 0.23880476349746713 0.7668781191555766 -0.0010831888328286922 -3.7795849315588615e-05 -0.0016420449809449616 0.0010722289163280442 0.0
0.035908186408276574 0.25577635436399937 0.7646793095609152 0.0017208413875863943 0.0014210483181528312 7.920786294187635e-05 0.0026523794085172732 1.0 0.018200770992797304 0.23859555774871477 0.7668442880308131 -0.0003263770851295488 3.188276457842006e-05 -0.0006093849958305224 0.0003189360671738198 0.0
0.037174339727042344 0.2553240481195733 0.7648012175561012 0.0019233602137370758 -0.0007237839593640499 -0.0006733015145420191 0.0012720386737006103 1.0 0.018167752109023407 0.23853110976744257 0.7667852127640709 0.0003606481443784098 -0.00015829096510889775 0.0005179464336459609 0.0 0.0
0.03826138874349453 0.25490784953841794 0.7648251817185966 0.0014849921492003097 -0.0012782429875478505 -0.0002927916450880014 0.0011518998285042698 1.0 0.018124979687960986 0.23846369784150104 0.7666965860037279 0.0005319281005953218 -0.0003437158119410994 0.0008880163401742756 0.00015714008245181139 0.0
0.039576280711596856 0.25517408228511457 0.7637479460509822 0.0012128883092280918 -0.00023379033259946283 -0.0005780561472436022 0.0018008966601555578 1.0 0.01806854318823486 0.23841280120618827 0.7665774639353863 -0.00019208430751405537 -0.00015487793282964414 -7.108148866950565e-05 0.00023116885501327927 0.0
0.04020282326061119 0.2554341930580894 0.7630452346272255 0.00045547548967721794 0.0007224113555713667 -0.0006407522993230439 0.0009912628146039673 1.0 0.018050370836078217 0.23840321604571615 0.7665409288107838 -0.0001961121123752194 7.332966374613663e-05 -0.00040731361773409507 1.538448119952577e-05 0.0
0.04045138552057636 0.25532870577442823 0.7629061582562204 -4.558228027011003e-06 0.0005151131829372571 -0.00015431840631578188 0.0001726462601771032 1.0 0.018050064552006563 0.2383842627492497 0.7664961198675788 -2.9773836642041753e-05 1.1327498202618478e-05 -0.00015135278516551854 3.015036502870285e-05 0.0
0.04048521966143329 0.2554413135568139 0.762936814927185 -8.806356242096504e-05 0.00024562187882705595 0.0002205963717848672 0.00017899741207290463 1.0 0.018047105863536913 0.23831663731794814 0.7664339602637995 -1.2040097775477927e-05 -8.615025023488886e-05 -3.109261299900749e-05 0.00010551514793669125 0.0
0.04041348653742682 0.25560423112215075 0.7629128298331764 0.00016564954973010337 -0.00018721626722184234 -3.018137724866742e-05 0.00021656129537492384 1.0 0.018054277841464544 0.23823467290240266 0.7663830934025323 3.5265679007365615e-05 -6.675622985637065e-05 -3.0688876812087307e-05 9.872809487086135e-05 0.0
0.04015470959060163 0.2560865618106943 0.7627943946442675 -0.00031536621002044383 0.00034181465286013744 -2.3525657741495264e-05 0.0005552411258842624 1.0 0.01806835806805588 0.23811335080860627 0.7663100581812685 1.4621785221866438e-05 -0.00011867539151475467 -7.662850119999016e-05 0.00013709292311509232 0.0
0.03987155484803889 0.25645640547262294 0.7626638364326247 -0.0002369803713719084 0.0004664711576981409 -0.00022991296778637654 0.00046163804589489303 1.0 0.01806167004517462 0.23806589042104842 0.7662735355384844 -7.200585028438324e-06 -6.848960116098208e-05 -5.198934482407243e-05 6.0809838734644e-05 0.0
0.03944851204685258 0.25693653182864806 0.7624624472687618 -0.00035243428037181126 0.0005490642304949168 -0.0003528510429852678 0.0006633858662335359 1.0 0.018070382432551314 0.2380113608982096 0.7662456345572123 1.6992770366778035e-06 -4.182853658339029e-05 -2.730483247970703e-05 6.104940433443505e-05 0.0
0.03903731672445564 0.2574260466298867 0.762244597000028 -0.0004513431836237478 0.0004690074857294011 -0.00021668300584904788 0.000687914884316922 1.0 0.01809125787830992 0.23795108823234917 0.7662342129547842 2.0661127975791196e-05 -4.276332126626739e-05 -1.6332530700533194e-06 6.645981923029246e-05 0.0
0.03885824076905016 0.2576742204118714 0.7621523651796769 -0.00022513754382375158 0.00023533355182085776 -6.921713455352219e-05 0.0003268431570650058 1.0 0.01809993363368315 0.23787368865079067 0.7662123254959354 1.3728765992234792e-05 -7.193586095822638e-05 -1.645303743902121e-05 8.200154416711813e-05 0.0
0.03885379247696815 0.2577836611455398 0.762092896450611 1.022159271532922e-05 9.216972921876525e-05 -2.6091225445900112e-05 0.0001117986783135655 1.0 0.01806495511065943 0.237805072150708 0.7661453996471572 -2.8085962995015334e-05 -7.941003430674938e-05 -6.268420552194218e-05 0.00010096759718878032 0.0
0.038926553096809244 0.25780077895011594 0.7620484600615207 0.0001240309287454144 -1.8167443404323963e-05 -2.2070778851869057e-05 8.774957683336875e-05 1.0 0.018017499124306193 0.23776789000886625 0.7661260532949347 -5.220906439888882e-05 -4.9149709651479236e-05 -3.67931329314808e-05 6.219430820710417e-05 0.0
0.039054842801339015 0.25778320598365095 0.7620316676365397 0.00015118350044571378 -2.9697291285588068e-05 -1.322479639711812e-05 0.0001451026618430962 1.0 0.017987178155093507 0.2377313128549438 0.7661196176283573 -4.1607547949904644e-05 -3.3517020458394755e-05 -1.1210391709312728e-05 4.811954118295356e-05 0.0
0.03973972006624664 0.25804220658155763 0.7611188168101061 0.000600889690764817 0.00021581176397816328 -0.0007904692617967652 0.001152663009546534 1.0 0.01796584733177109 0.23771015286845487 0.766115454878089 -2.331213474651035e-05 -1.2071366356411896e-05 5.0567185741648115e-06 3.071742531288358e-05 0.0
0.040723421821922325 0.2579511083653556 0.7603537674827823 0.0009798961478859115 3.557229963460634e-05 -0.0009285553925383962 0.001275164251398256 1.0 0.01795338545490459 0.2376839853281081 0.766119807834092 -4.3240735308221346e-06 -2.2889159971354337e-05 1.0524063449043325e-05 3.0252839037682696e-05 0.0
0.041992318168167696 0.25757792789171147 0.7597045298007479 0.0013138877920496777 -0.000325168201810275 -0.0007601048328199772 0.0014466733590611865 1.0 0.017946817578452283 0.23767147936644095 0.7661255434651743 1.0286666776364709e-06 -1.7166506002771792e-05 8.05976220441663e-06 1.5033527105843961e-05 0.0
0.04361881907782347 0.25752966524346416 0.7593278441975811 0.0016550637400149434 -0.00018065373627065379 -0.0003762640755924738 0.0016634668040520525 1.0 0.017948967098266707 0.23765756892732914 0.7661271596654765 1.9802094804396014e-06 -1.6599241812401613e-05 -2.357701592047848e-06 1.2905414800059263e-05 0.0
0.0450007331333053 0.2581347982798591 0.7592087694148626 0.0014575620338531368 0.0004936236357096916 -2.1812594875554117e-05 0.0015375389123816398 1.0 0.017949499248085834 0.23764885734283825 0.7661310570868384 -2.6275897777191027e-06 -9.142492479259035e-06 -1.8855853901812548e-06 1.0410568031978324e-05 0.0
0.046382557529798835 0.25936937772216895 0.7593440647885487 0.00131772862747117 0.0012778568294004972 0.00023759728055300816 0.0018513899581455166 1.0 0.017956465139239944 0.23762816173658985 0.7661201835732587 4.205124538089793e-06 -1.716575233377388e-05 -6.708410532406902e-06 2.4165393200049922e-05 0.0
0.047547074175888826 0.26077704941515123 0.7599238602626366 0.0011107990231620053 0.0016036305522893546 0.0005711748526742014 0.0019143291252250068 1.0 0.017952966262141993 0.2376044180142327 0.7660994809409293 -1.5265624864597047e-06 -2.5276903155382113e-05 -2.1134898217500498e-05 3.218844864978571e-05 0.0
0.04825879646134379 0.2625440724539979 0.7610065495093047 0.0007229125145603904 0.0018361778185578938 0.0010051078995940324 0.00219417756478787 1.0 0.017931889177897807 0.23758226733658183 0.7660652435189925 -2.0073523181702204e-05 -2.423320995110372e-05 -3.5180314038728804e-05 4.535518631956567e-05 0.0
0.04919695073693434 0.2647280556186898 0.762241693085423 0.0008237356447425461 0.0020859746097087197 0.0012996636383736564 0.002671357811910003 1.0 0.01791996836654619 0.2375626702763582 0.7660376417734979 -1.7047796717613135e-05 -2.093937599807879e-05 -3.089027876117145e-05 3.622203273752896e-05 0.0
0.050102462381685794 0.26693890595770586 0.7631544428014855 0.0009260607210652168 0.0021697235211288134 0.0009997487117243986 0.002569568520396983 1.0 0.017914398403988674 0.2375309723114841 0.7659993655940796 -7.413086636312546e-06 -2.7835521662034286e-05 -3.61940617303835e-05 4.926152499919683e-05 0.0
0.05124786429522943 0.26864204273343517 0.7637365038427999 0.0011818273556584015 0.0017726906446237077 0.000554848927975643 0.0021246841831398123 1.0 0.017923106920398692 0.23749349983899584 0.7659598772262386 9.696464272632817e-06 -3.6842847289450885e-05 -3.8100085750120266e-05 5.607894442517495e-05 0.0
0.05213769023021322 0.2699181705236257 0.7639142668787204 0.0009995604458118382 0.0012594093358589032 7.861318782221666e-05 0.0015539100606845096 1.0 0.017929638190245307 0.237461187247429 0.7659244226864301 1.1998156616765346e-05 -3.4704719330237796e-05 -3.5055780009304544e-05 4.838707896120794e-05 0.0
0.05331615766080063 0.2712404968290477 0.7636992282171633 0.0011533520776500228 0.0011660511698171703 -0.0003028291093515529 0.0017930647083089944 1.0 0.017947005267567824 0.2374188343459789 0.765905482192627 1.8583818301709764e-05 -4.209685514201768e-05 -2.1170238450055642e-05 4.8839237259387224e-05 0.0
0.0543024224930811 0.2721396783217043 0.7633178276164011 0.0009948753519387712 0.000882055709553662 -0.0004206295904072462 0.0014173986449323023 1.0 0.017960365171088427 0.23739922419691395 0.7659130565008789 1.3222888503738358e-05 -2.2984377076668242e-05 6.457895397250779e-06 2.5307181034728028e-05 0.0
0.05559664064715842 0.2729168897080971 0.762756213366707 0.001205332232962492 0.0008051311145505695 -0.0005138784066811087 0.0015764005976905478 1.0 0.01797365930180449 0.23737907491043878 0.7659219595697575 1.0839407513807644e-05 -1.6362022389983473e-05 1.4523003519841302e-05 2.5522392190883933e-05 0.0
0.05649489304141372 0.27324931680286785 0.7622010578555447 0.0009922652620601264 0.00044097272596118416 -0.0005208656364902307 0.001117242766764225 1.0 0.017982465669534407 0.23736600493494303 0.7659250295302517 8.429132848463994e-06 -1.1031969252891211e-05 7.617164568347002e-06 1.6431353699384776e-05 0.0
0.057591238386328916 0.2733537346165214 0.7614200512706352 0.0010419275628622232 0.00010062575904839447 -0.0007169903973850294 0.0013371442208712529 1.0 0.017990969458550287 0.23735281925326898 0.7659257370307315 7.421653267543314e-06 -1.2587170290177148e-05 -2.2327385609971788e-06 1.561065966396511e-05 0.0
0.058804166063830654 0.2733087790034784 0.7605856901783645 0.001187234923154241 -0.00010730695386136071 -0.0008264368200961125 0.0014940769923723297 1.0 0.018003185923551466 0.2373397113071947 0.765930311870083 1.1515476866287933e-05 -1.3892389204359092e-05 -1.051355239955779e-06 1.835219496372234e-05 0.0
0.060075640357026554 0.2733507748367077 0.7601736463646377 0.0012721832385239843 -1.6463886875735592e-07 -0.0004997985807438313 0.001333953114475588 1.0 0.017998278002515272 0.2373445681714974 0.76593491509312 -1.8910734625843986e-06 7.611008738004033e-07 2.446925446266654e-06 8.326808921512139e-06 0.0
0.06155456562412824 0.27341438258376694 0.7594484593158298 0.0015023508427161772 0.0001138056898288462 -0.0006379472775666878 0.0016346755034972555 1.0 0.017993590232236806 0.23733512270708895 0.7659181683178299 -5.469909218449688e-06 -6.4072190474387855e-06 -1.1945481709894014e-05 1.9576646212224787e-05 0.0
0.06243067417850954 0.2735182131361425 0.758847347267206 0.0009990761379531175 0.00014421402152724303 -0.0006017487845808621 0.0010793363854455379 0.0 0.017988503572391602 0.23732042785052848 0.7658942865224175 -6.921987485741052e-06 -1.2817052786813931e-05 -2.3282140071877767e-05 2.8780729582809862e-05 0.0
0.06353512633460333 0.27337698001848176 0.7580709418572408 0.0010092271939522884 -6.809380918603824e-05 -0.0007594525393662187 0.0013451585417209224 0.0 0.01797516536718208 0.23732542386071 0.7658568794498479 -1.2470372197684376e-05 -3.706878658875491e-07 -3.9075212553239374e-05 4.024460491426715e-05 0.0
0.06409637393022269 0.2730916183178707 0.7577836128865694 0.0005513673927307965 -0.00031823140254868653 -0.00039704492929625257 0.0007110872315089303 0.0 0.017974725414908556 0.23732849508392811 0.765843097543312 -2.574196947521027e-06 4.353187008964782e-06 -2.0643090857423543e-05 1.4074774469562728e-05 0.0
0.06420151870399339 0.2724683369567454 0.7583103947055124 0.00010915274241133103 -0.0006500636917978907 0.0004342144387347579 0.0008029886381505438 0.0 0.01797541924293611 0.23732818345665446 0.765840377773935 2.8351559371542863e-06 1.939415922915532e-06 -8.503850218625279e-07 1.7453294842796808e-06 0.0
0.06414983678039005 0.27172956489891203 0.7590662671303249 -0.00011625262164975626 -0.0008047581830268408 0.0009070341937817276 0.0010701261285955155 0.0 0.01797593687497157 0.23732647190802855 0.7658409918076728 2.718040828911976e-06 -6.23807463527391e-07 7.433294581080522e-06 2.724433812089156e-06 0.0
0.06382035221075229 0.2707955865090797 0.7602091582205323 -0.000331574844849017 -0.000939113753868111 0.0012569180202813206 0.0015134130485873795 0.0 0.017979840614384537 0.23731983176788352 0.7658392726884238 3.1107715119438433e-06 -6.449333008921607e-06 2.5190059122791984e-06 8.48765789137632e-06 0.0
0.0635322569950273 0.27042994562660466 0.7607839924201728 -0.00030286174308691207 -0.00045111271321354675 0.0006857434896059614 0.0007546015105332419 0.0 0.017982160001281475 0.23731651456393774 0.7658354034845964 2.598090566939777e-06 -7.227123856059956e-06 -5.846691588923523e-06 5.3781595015869735e-06 0.0
0.06333089707752676 0.2703262286969606 0.7611826594866067 -0.00019552930257755227 -3.490509855504767e-05 0.00028223171980915616 0.00040612251120175657 0.0 0.01798463911602266 0.23731248411928682 0.7658383074359908 1.4224196174449316e-06 -4.144631482001399e-06 -2.161995933670984e-06 4.620602491364385e-06 0.0
0.06319335769967685 0.270354536073733 0.7614937483067965 -5.192872822917501e-05 0.0001409136519823738 0.00011753458147954537 0.0003740413711029575 0.0 0.017987402474095495 0.23731045157086383 0.7658416819741475 1.7529259891674338e-06 -1.6663813933288627e-07 1.5015015394482758e-06 5.313660339605321e-06 0.0
0.06308249070306453 0.2704406585880283 0.7617450103262928 -8.938989776706777e-05 0.00014983270254486131 0.00019633186806071814 0.0003074050584672527 0.0 0.017988583512728886 0.2373119971227919 0.7658463113638059 2.0730931860015113e-06 1.7090288109540295e-06 6.807231377933236e-06 5.210692069108238e-06 0.0
0.06300285428761815 0.27053488569896406 0.7619425595209843 -8.171865534194222e-05 6.061207804924912e-05 0.0002577764101521929 0.0002207036601621842 0.0 0.01798836289003695 0.23731371803412685 0.7658436468715969 -2.935664219502509e-07 2.365194100014101e-06 -2.4247601303250566e-07 3.169627222872647e-06 0.0
0.0629153180113551 0.27058049906582354 0.7620630758557325 -9.870002719447642e-05 -2.1030504517705506e-05 0.00019650815973070704 0.00013605548230970633 0.0 0.017989032849135216 0.23731412503817254 0.7658435332023601 2.3685713698323347e-07 7.648709200767436e-07 -1.5147350017787141e-06 6.01606049349283e-07 0.0
0.06279746093123124 0.270663154058035 0.7621544125539407 -0.00014464849669375214 1.6167758101473073e-05 0.00013513868748173184 0.00018414751338779642 0.0 0.017989468779490272 0.2373138187563002 0.7658441526263505 6.401321241409688e-07 -8.688006890345068e-07 -8.094045970982806e-07 8.6462711860775e-07 0.0
0.06270216638164589 0.2707337250231303 0.7621689967122705 -0.00010990678312292659 9.190710457869554e-05 -1.301139066927021e-05 0.00012156238088810206 0.0 0.01799013901057764 0.23731742371032688 0.7658467773535115 7.163205655390054e-07 2.5269705113221368e-06 2.3767094318003683e-06 4.552485171037641e-06 0.0
0.06261858998239245 0.27078884105010465 0.7621945194625716 -8.549385821453884e-05 7.127620893616898e-05 8.335209481968604e-06 0.0001009693121115596 0.0 0.017990726573519737 0.23732268276925522 0.7658393093923407 8.837134252138542e-07 5.0799547259331165e-06 -4.645114980501102e-06 9.231259490291424e-06 0.0
0.06257014260979521 0.27080614722646795 0.7622260943331486 -4.690097854576978e-05 3.143645700756604e-05 2.926042981858082e-05 5.960272376998949e-05 0.0 0.01798937138674755 0.23733459130061418 0.7658321442098615 -9.812020314689453e-07 1.1884832263696355e-05 -7.940395755882936e-06 1.3875965946970406e-05 0.0
0.06254273567358315 0.2707972481499164 0.7622612334222848 -1.8949157046688924e-05 -7.355371406696827e-06 4.278486101491158e-05 4.5666296315128934e-05 0.0 0.017991107362189465 0.2373375115017836 0.7658295287892415 8.566791094459901e-07 5.767621143327839e-06 -4.575495647685005e-06 4.369287834000256e-06 0.0
0.06253360254643067 0.270802165972956 0.7622867638213248 -1.4905060281163559e-06 -6.52965984910334e-06 3.4737255995141226e-05 2.8909201859334183e-05 0.0 0.017989847300968975 0.23734167177727267 0.7658242209108007 -7.428578999823393e-07 3.2547793208617892e-06 -5.037465751924234e-06 6.444522023541931e-06 0.0
0.06253452567799722 0.2708106053591248 0.7622877319092525 1.2668345130169555e-06 5.410947065166095e-06 4.3458299987672794e-06 7.390966218777536e-06 0.0 0.017988784720272627 0.23734373878085285 0.7658214618529101 -1.087953282723836e-06 8.572536065746069e-07 -2.0405894143731145e-06 4.084401488712659e-06 0.0
0.06253523182100408 0.27080333233239523 0.762272211211862 -2.256701233950125e-06 4.705124408279614e-06 -2.065963646525636e-05 1.7191004605159656e-05 0.0 0.017987214372208207 0.2373462516936521 0.7658176183757354 -1.668557262972106e-06 1.4593362611462547e-06 -2.7344731342167405e-06 4.848322921514642e-06 0.0
0.06253360483356513 0.2707853514656838 0.7622400653431874 -3.7381441349224596e-06 -1.3140488764379243e-05 -4.1515482315540884e-05 3.6984662325384964e-05 0.0 0.017983532173500433 0.2373510226823791 0.7658089498075835 -3.5184210015442135e-06 4.733460135015339e-06 -8.028040920824495e-06 1.0361454854448907e-05 0.0
0.06254022669921135 0.2707847940057628 0.7622234001157373 1.9988170049498895e-06 -6.024792708032186e-06 -2.1942283324673633e-05 1.8953896365492227e-05 0.0 0.01798453395381488 0.23734868292677824 0.7658128578608309 -1.5662928003910542e-08 -2.0664490471586662e-07 4.302316510066678e-07 4.806372836363115e-06 0.0
0.06252858831396496 0.2707718144921678 0.7622063098294162 -8.476546554062972e-06 -1.4041811565941677e-05 -1.3357787531473534e-05 2.243995364255203e-05 0.0 0.01798353631309022 0.23735166385475098 0.7658124558366872 -2.2267114720139823e-07 2.135173791122535e-06 1.3896436922648053e-06 2.9880642564138944e-06 0.0
0.06247574601358979 0.2707624576211906 0.7621979257531218 -4.818923622839272e-05 -1.0398092074887651e-05 -3.717934698289327e-06 5.488582373247285e-05 0.0 0.017995043025760448 0.23735964570483015 0.7658016064876053 1.0300466811109263e-05 6.666856212174972e-06 -8.24124704257971e-06 1.7519802964583685e-05 0.0
0.06244936535149761 0.27076577720286404 0.7621819138753654 -3.674055383691301e-05 3.87676374801616e-06 -1.1174478319576863e-05 3.306866629541753e-05 0.0 0.017995238174340542 0.23736907081129963 0.7657947283170429 3.3450134009316846e-06 1.0436151406185013e-05 -9.118477734610436e-06 1.2545499544886243e-05 0.0
0.06235727559801727 0.27072551166722186 0.7621466339331295 -8.387447540266755e-05 -3.20730412536284e-05 -3.404467374460991e-05 0.0001035040290594154 0.0 0.017967475471785715 0.23739159574135982 0.7657784001205667 -2.410774058520149e-05 2.1771337408585445e-05 -1.621010201004821e-05 3.8291918953349346e-05 0.0
0.06232198861552992 0.27071631529717416 0.7621527489297073 -4.848606958982818e-05 -1.967448880820186e-05 -5.754823935077043e-06 4.006442960940216e-05 0.0 0.017949911433445317 0.23738733358621542 0.7657722629831141 -2.458962951972815e-05 1.724810867840475e-06 -9.212751462495267e-06 1.999051361102744e-05 0.0
0.06228184460134067 0.27070614082415395 0.7621677158867138 -3.42316417745336e-05 -1.1058748121292661e-05 1.5148752188561743e-05 4.097578962791138e-05 0.0 0.017935697768894764 0.23738458448376545 0.7657621473273253 -1.7785679423306203e-05 -5.870124902444549e-06 -8.383957457536527e-06 1.673635491722494e-05 0.0
0.062257338654816016 0.27070066526611114 0.7621757567405039 -1.8411152838936782e-05 -2.6367117839566277e-06 1.6290510629992355e-05 2.7457136114046478e-05 0.0 0.017934692651885978 0.23738390978907412 0.7657529828156823 -9.200492461794496e-07 -5.143356243791838e-06 -7.10482297140117e-06 9.551438365557686e-06 0.0
