0.06356236113411912 0.2791889617224046 0.7637983932621192 0.0 0.0 0.0 0.0 0.0 -0.01665335616565723 0.27965440873609476 0.7640351726998215 0.0 0.0 0.0 0.0 0.0
0.06353064487962347 0.2791673837176419 0.7637643227676613 -3.1716254495647855e-05 -2.1578004762712322e-05 -3.407049445791621e-05 5.130623433247891e-05 0.0 -0.01665604418566439 0.2796517512661889 0.764032916433565 -2.6880200071598137e-06 -2.657469905853471e-06 -2.2562662564951097e-06 5.126084101959966e-06 0.0
0.06349314828749067 0.2791414624051241 0.7637154863064011 -3.74965921327991e-05 -2.5921312517773742e-05 -4.8836461260193254e-05 6.68050058950371e-05 0.0 -0.016659947508045243 0.27965204494982765 0.764026708838961 -3.903322380854196e-06 2.936836387412711e-07 -6.207594604012989e-06 7.3242752376623325e-06 0.0
0.0634582904993408 0.2791059842919004 0.7636769243694512 -3.4857788149864066e-05 -3.547811322368588e-05 -3.8561936949843556e-05 6.293476697293149e-05 0.0 -0.016661624792091684 0.2796518912216449 0.7640238567305142 -1.6772840464411576e-06 -1.5372818273906574e-07 -2.852108446749213e-06 3.7004586698557738e-06 0.0
0.06343293790025954 0.27907896391185594 0.7636524693726418 -2.5580656491320018e-05 -2.7672897427262696e-05 -2.4070081970338376e-05 4.4394843021178644e-05 0.0 -0.01666209334408303 0.27965049698065636 0.7640098775062412 -3.7673384760118533e-07 -1.560136034239871e-06 -1.3539348657554102e-05 1.348670997190178e-05 0.0
0.06339652447213745 0.2790324421522167 0.7636141540739547 -3.6043718884082695e-05 -4.553316430361825e-05 -3.8163990364668536e-05 7.041501246902123e-05 0.0 -0.01666977886458815 0.2796530064297406 0.7640014570947825 -7.643381257948641e-06 2.4618513773793397e-06 -9.176953560262128e-06 1.2108392067189458e-05 0.0
0.06336098828580018 0.2789412929335202 0.7635325968738144 -3.811282746002509e-05 -9.02198324945729e-05 -8.14358071196378e-05 0.00012757746826010002 0.0 -0.01667137965415541 0.2796432979129946 0.7640071577580968 -3.094928938629833e-06 -8.635735231445993e-06 4.929886877077105e-06 1.1272763902404886e-05 0.0
0.06337013507818716 0.27890594660328266 0.7634487762139517 4.716377940895492e-06 -4.5465224377870795e-05 -9.133687968704808e-05 9.132973125816222e-05 0.0 -0.016643481361255194 0.2796334362124966 0.7640045546948092 2.6093544357159154e-05 -1.0961889037829946e-05 2.5034349703302125e-07 2.9268324388482704e-05 0.0
0.06338605238171326 0.2788913921348606 0.7634095177920179 1.809681934744512e-05 -1.6394733609167885e-05 -5.5598050812711107e-05 4.159124493098176e-05 0.0 -0.016612472785771406 0.2796311267553692 0.7640079288045127 3.4987830013555786e-05 -4.944342894233783e-06 3.65312419389612e-06 3.207958521765024e-05 0.0
0.0633913191570503 0.2788853224419552 0.7633974231584382 1.2852531777375418e-05 3.2280882446094688e-06 -1.1078868518250833e-05 1.4329991486696535e-05 0.0 -0.016598414121569743 0.27963167527352617 0.7640109656679288 2.090889326133327e-05 1.1648660298337942e-06 3.1162279937961433e-06 1.4199747641712436e-05 0.0
0.0633944928740248 0.2788748314865298 0.7633944980563757 3.8005884918080503e-06 -1.0769040713776376e-06 1.0796120269570639e-05 1.4149949220233424e-05 0.0 -0.016587351695291536 0.27963157419584184 0.764013994807467 9.714301414070573e-06 2.0471044174718254e-06 2.267617243256198e-06 1.0402243118973361e-05 0.0
0.0633956377815819 0.2788696301589137 0.7633884865433703 -3.5131798728082155e-06 -5.767070153237627e-06 4.2885454605931906e-06 8.437161139700312e-06 0.0 -0.016578569013363506 0.27963235384178453 0.7640151901927761 3.5502973506563036e-06 1.9071640980703674e-06 4.096826190191313e-08 9.86940728723888e-06 0.0
0.06339423022760075 0.2788644576904876 0.7633826403276217 -7.055736046797994e-06 -1.2855694084116145e-05 -9.583172840911522e-06 5.838727275473691e-06 0.0 -0.016565885445823093 0.2796262845547102 0.7640168815257957 7.91011834292811e-06 -5.328152703670376e-06 1.8228591179656368e-06 1.451185852077795e-05 0.0
0.06339225205074862 0.27886463763198316 0.7633795394824723 -2.540940358509037e-06 -6.312371781023349e-06 -1.3395007221208342e-05 3.868098872467719e-06 0.0 -0.016560750075581665 0.27962832975531104 0.7640240520884796 7.868510856999062e-06 -1.7728170872606592e-06 6.813198154339716e-06 8.619673728677277e-06 0.0
0.06338985816736785 0.2788653042080905 0.7633765394918084 1.5243413832988212e-06 4.724393330032882e-06 -6.519177958377712e-06 4.16716544253355e-06 0.0 -0.016557287166257737 0.2796202409810096 0.7640396172573053 6.972494733491342e-06 -6.626235561444132e-06 1.459686149363538e-05 1.7371092050280017e-05 0.0
0.06338223957546456 0.27886517397466176 0.7633683833865429 -6.046678068495439e-06 2.00552522496191e-06 -4.75645065550508e-06 1.1432880907230334e-05 0.0 -0.016553961374355667 0.279599585330369 0.7640623422649993 3.0645045616965177e-06 -1.8843912757223505e-05 2.4157212320117636e-05 3.1427366154661627e-05 0.0
0.06336989505585523 0.278863327355832 0.7633696990728019 -1.2780889408664005e-05 -1.496497763143653e-06 1.3529244226499157e-06 1.2640011056673007e-05 0.0 -0.016510985049486927 0.2794474165519292 0.7640479967915812 3.58314758903492e-05 -0.00013582525188472893 -6.975301580086228e-06 0.00015783681565924412 0.0
0.0633452205540211 0.27884563875463725 0.7633551681757311 -2.4076063232564216e-05 -1.664287639064118e-05 -1.116058400412224e-05 3.323122735796466e-05 0.0 -0.01639564923265715 0.2789412149960866 0.7637595400533387 0.00011083643348717134 -0.0004764272660249989 -0.00025459318138287655 0.0005935096345614441 0.0
0.06328315256936438 0.2788233126912591 0.763326811337464 -5.9124493382880746e-05 -2.4275687344628548e-05 -2.7973138178143252e-05 7.194897983967656e-05 0.0 -0.016115696318871265 0.277354285438605 0.7626591061475734 0.00027235015372077085 -0.0014997905171869517 -0.0010302613793525472 0.001948873555922624 0.0
0.06317554328333898 0.27876200455054007 0.7632694622067827 -0.00010761356076771479 -5.8395393218505526e-05 -5.668166635470709e-05 0.0001367276889147658 0.0 -0.015920217667809905 0.2747724435757769 0.7608788156723857 0.00023999111106844237 -0.0026353929985306235 -0.001833634123188498 0.003161267086941082 0.0
0.06307872783593804 0.2787040985612697 0.7631793406934583 -0.00010844612094928475 -6.385982522975938e-05 -9.146206265523564e-05 0.000145090484861514 0.0 -0.016138258996930534 0.27162979790749786 0.7585209488532929 -0.00015566497005194894 -0.0033212577853733148 -0.0024677303886464553 0.003923031626753085 0.0
0.06291647664195249 0.27854296299298464 0.762973048110497 -0.00015541749167542588 -0.00014914276161728804 -0.00019737430688861697 0.00030465415972468065 0.0 -0.016598266471571227 0.2684919586483042 0.7559421030629232 -0.000504806516775148 -0.0032948690417070403 -0.0026828700725142563 0.004071213470108168 0.0
0.06286701789286528 0.27846210626908297 0.7628415427222479 -6.915576387299803e-05 -0.00010457226320072379 -0.00016024474345723691 0.0001689162731361693 0.0 -0.017127802931601783 0.26652771552001087 0.7535332665120685 -0.0006259986788101586 -0.0020666300956268886 -0.0024345210542247096 0.003161862499386222 0.0
0.06279174667566143 0.2782660906716238 0.7626184964476295 -5.627221347457741e-05 -0.00017688654449683834 -0.00020888411779021503 0.00029660516418493976 0.0 -0.0175730038629945 0.2653164197457298 0.7515717397372477 -0.0005015018224220832 -0.0009682557396231572 -0.0018917574176192423 0.002343306447070367 0.0
0.06279556523322831 0.27812687643259276 0.7624318378077345 5.320463731567741e-06 -0.00015163983697587407 -0.00019105026641366623 0.00024092758951759768 0.0 -0.018643236751207656 0.26471193792825853 0.7499570388451324 -0.0009296203174589419 -0.0003142498509193833 -0.0014767516000498489 0.0020366897858363955 1.0
0.06276754724886494 0.278011958209767 0.7623100776577229 -1.2676742851594074e-05 -0.0001151390814259541 -0.00012403227964911972 0.00016807308709066175 0.0 -0.018689195314752938 0.26423215446258097 0.7496490449768659 -0.00019688879106494585 -0.0003361594295206236 -0.00036746462008668736 0.0006059150099224198 1.0
0.06277774594095298 0.27794462714559554 0.7622051839812203 2.2445406423523328e-06 -6.444399118460242e-05 -9.16474032097749e-05 0.00012237318009248536 0.0 -0.018419932637821355 0.26371650928071 0.7496836824433948 0.00032029314174095933 -0.0005911966642781197 0.0001754079532260487 0.0005254627515388713 1.0
0.06277786180900996 0.2779106524763596 0.7621449124834152 -3.395977099459601e-06 -2.456307541524185e-05 -5.595079455242808e-05 6.964453300680257e-05 0.0 -0.01842656313741353 0.2636242440286049 0.74970745202347 0.0001729751683779058 -0.00035693522415923464 0.00013742156803150918 0.0001231399371122814 1.0
0.06277790732664702 0.2778899810272948 0.7621184517071474 -7.34754240350809e-06 -1.4872236042276317e-05 -2.684307258096385e-05 3.801381594501594e-05 0.0 -0.018516222713377148 0.26370167332285926 0.7496918054190272 -4.5976835519339216e-05 -2.6172203637887023e-05 -5.961459208581087e-05 0.00012576964924975505 1.0
0.06276486217689387 0.27784113611681144 0.7620607023807621 -8.485846358691489e-06 -3.946930751342928e-05 -4.6129810471914114e-05 7.119998301853336e-05 0.0 -0.018598844833636833 0.2637924954050549 0.7496366159111874 -0.000170863224343864 0.00017311903734615894 -0.00019930750613840866 0.00012330567187096662 1.0
0.06275737942442472 0.2777554605155309 0.7619684124647156 -1.3333109769710834e-05 -9.808996687358505e-05 -0.00010200508067055523 0.00012974712459477226 0.0 -0.0186520117867481 0.26385186758037577 0.7495889178294163 -0.00017589701680517954 0.00012531581253916462 -0.00018094229899334908 8.643479382405709e-05 1.0
0.06276453676340168 0.27772689972683273 0.7619335223739325 7.643041669795159e-06 -4.884863792900811e-05 -5.535687186419746e-05 4.621477244182154e-05 0.0 -0.018684491117275884 0.26389187117986046 0.749563684123192 -8.850211341296323e-05 4.633602619659254e-05 -5.098050433989575e-05 7.269414209454175e-05 1.0
0.06275908145091995 0.27768034312876694 0.7618913850147246 -2.6412390658664875e-06 -4.340378153492474e-05 -3.989393406381118e-05 5.738655306333437e-05 0.0 -0.018711281505752717 0.2639296409375842 0.7495248017841882 8.076964022509252e-05 -1.3202012639180311e-05 6.06363852415383e-05 4.596604795798929e-05 1.0
0.06271981956199674 0.27767214573582016 0.7618685187715755 -3.0489719563672318e-05 -4.864125926099436e-06 -1.914620159887263e-05 5.0290628876047274e-05 0.0 -0.018718281171415455 0.2639502702936845 0.749510037144369 2.5497233187637714e-05 -3.0668966652030527e-06 1.4131954931540056e-05 3.917122943584354e-05 1.0
0.06269191116491785 0.27766058268919364 0.761858590873822 -3.585130374906427e-05 2.897536269093757e-07 -1.112762849031352e-06 3.370420116433076e-05 0.0 -0.018723698926525277 0.26396507751993453 0.7495054515799912 -2.4139634793639942e-05 4.2799318436361096e-05 -1.725348071320811e-06 1.0976245100502934e-05 1.0
0.06264966436094475 0.2776577566259417 0.7618530017244521 -4.442070820621056e-05 -5.067455830569787e-07 -1.4085611745985003e-06 3.987570073547638e-05 0.0 -0.018722602494646044 0.26397688655796825 0.7495029239778519 -7.702449880645234e-06 2.581525397933692e-05 -3.5666387828598453e-06 1.1475871202424419e-05 1.0
0.06261208450794654 0.2776511880360051 0.7618488751988016 -4.0057399835962895e-05 -1.0388077526452996e-05 -8.574266889522855e-06 3.832070955473678e-05 0.0 -0.018732540514897398 0.2640049516771833 0.7495037281719443 -9.46244635863469e-06 2.7865077306638594e-05 -1.8151817193070235e-06 3.0898926780731966e-05 1.0
0.06257369481587753 0.27764116731739175 0.7618412187322501 -3.488783430585411e-05 -1.403508206325718e-05 -1.053967560515773e-05 4.188749494838726e-05 0.0 -0.018766077030026012 0.26405502260139274 0.7495128762449011 -3.141279385596641e-05 4.862762144372456e-05 8.03979416181662e-06 6.117164874219717e-05 1.0
0.06252787545941146 0.27763621257412807 0.7618340798667056 -4.11137805143304e-05 -5.5739982343304645e-06 -6.330312109153045e-06 4.5229078492214203e-05 0.0 -0.018860179689453267 0.2642225737309078 0.749548197642402 -9.075008991147037e-05 0.00015676070490889318 3.181228240225163e-05 0.00019380410066906272 1.0
0.06248140836696192 0.2776367025592742 0.761835688611262 -4.780328249964607e-05 -2.130216115576974e-06 -2.260702485692821e-06 4.728648274519412e-05 0.0 -0.01900432548919728 0.26447785787355127 0.7496038906741856 -0.00014902799166935222 0.0002629752206466003 5.5203726150015246e-05 0.0003012337582874586 1.0
0.06242982061433025 0.2776092655644293 0.761816683979135 -5.34816057391889e-05 -1.981148372258089e-05 -1.408531752947904e-05 6.127102160374295e-05 0.0 -0.019187568562814124 0.2648856262814887 0.7497828454694958 -0.00019033802640855315 0.00041049328889855596 0.00016868969508525243 0.0004790950154243795 1.0
0.06236538292726143 0.2775524270380571 0.7617682432229954 -6.282621383208863e-05 -5.564220514445075e-05 -4.507383383820817e-05 9.838761730527026e-05 0.0 -0.01930341630536669 0.26533439501118855 0.750037426728509 -0.00013377863591588726 0.00047130870617121426 0.00026342437314361215 0.0005305552730415157 1.0
0.06229169876710648 0.27752926980165316 0.7617312447994782 -7.51263485299327e-05 -3.495427146029996e-05 -4.4711951184712706e-05 8.685679008805196e-05 0.0 -0.019277646206721444 0.26576327834430485 0.7504385959836221 1.87583116280091e-05 0.0004429196336110043 0.00040304904114864655 0.000585093687375871 1.0
0.062236806286921555 0.27751284652802083 0.7617093527167519 -5.9342563586060384e-05 -1.7361634132590458e-05 -2.668145843888452e-05 5.981957663077692e-05 0.0 -0.019248263597628937 0.26633011560812553 0.7511574547502394 6.658118984786858e-05 0.0005317576787346824 0.0006997493768606919 0.0009143541857531747 1.0
0.06220257641471413 0.27750168784716917 0.7617010470798036 -3.5073047083654366e-05 -5.119730875534818e-06 -5.879866912165735e-06 3.6573594705997295e-05 0.0 -0.01911473077603731 0.266681172386681 0.7517848473081459 0.00014352804051598943 0.00037720083904460496 0.0006902892173350755 0.000743943986696083 1.0
0.062172923729847895 0.27749144906524004 0.7616836107296319 -2.3985296125563816e-05 -3.2932569798786372e-06 -7.894558063386109e-06 3.704545337178213e-05 0.0 -0.019023405959248816 0.2671399302617136 0.7527043977349983 0.00010611029944609165 0.00041956567467467935 0.0008873724939566226 0.0010138123880554615 1.0
0.062132242569005486 0.2774724984309037 0.7616693570931429 -3.3955052173919064e-05 -1.6672433478999358e-05 -1.1885554240988437e-05 4.770042667035418e-05 0.0 -0.018857557420911716 0.2674229210606243 0.7536478046937525 0.00013982061028014898 0.0002996655574278714 0.0009502557845351364 0.0010093824399270293 1.0
0.062077342304853116 0.2774570196029764 0.7616592408297784 -5.499426938495048e-05 -2.244203034573338e-05 -1.4931711489274326e-05 5.714783962886195e-05 0.0 -0.01865500708913321 0.26770562107178886 0.7550288578898288 0.00018613479160561216 0.00027057392882790193 0.001323695083591556 0.0014206641436403209 1.0
0.0620308804026689 0.2774475245662535 0.7616504401313745 -5.5404709104510414e-05 -1.4416138002227717e-05 -1.2821227710407836e-05 4.808684011106192e-05 0.0 -0.0184164340373038 0.26771112923052176 0.7562738507411627 0.00024124049279693262 3.353580148140236e-05 0.0013123156599844947 0.001278338304405561 1.0
0.061986667390792206 0.2774237107441474 0.7616269245596247 -4.819939355257225e-05 -1.8770666643353074e-05 -2.0495743382576964e-05 5.477557660015024e-05 0.0 -0.018007110354907988 0.2673981805925669 0.7574835569729992 0.00039906573575695736 -0.00030012255150094815 0.001237414557225522 0.0012956224302649198 1.0
0.06194988131837138 0.27740110731923445 0.7616092318391016 -3.4789017824172675e-05 -2.2942842424394594e-05 -1.8965967279325016e-05 4.773799057487863e-05 0.0 -0.017394403858659476 0.26687846413306154 0.7587294116371066 0.0006087238496275535 -0.0005509881369205496 0.0012139187885513239 0.0014904208565941152 1.0
0.06191027628830456 0.2773762508060886 0.7615798219583371 -3.417352981234785e-05 -2.526301783382966e-05 -2.832567134220595e-05 5.497515793577929e-05 0.0 -0.01659534022662054 0.2661886044382635 0.7599058446774152 0.0008198474392819225 -0.0007339795885999238 0.0011357117786729163 0.0015875949583245108 1.0
0.06185271321181252 0.2773388167596244 0.7615367541632619 -5.356139996860096e-05 -3.653386703126795e-05 -4.326102110867969e-05 8.090763647838713e-05 0.0 -0.015423030589578252 0.26498238615788555 0.7610804028132478 0.001160184881695319 -0.0011477049515044293 0.0011623874553703668 0.002047843777287603 1.0
0.06180427319353604 0.27732594338148214 0.7615130559832116 -5.4219093586856686e-05 -1.8291678217093927e-05 -2.838763394395806e-05 5.62939385931756e-05 0.0 -0.014512288949977315 0.26384328619434866 0.7619339803065163 0.0010092031119802699 -0.0012005104318241423 0.0009031319681350764 0.0016941496018665484 1.0
0.0617664809086949 0.2773231124751422 0.761507015598512 -4.215487638849203e-05 -9.256669578976446e-07 -6.366195308796706e-06 3.695925673287542e-05 0.0 -0.01353845741762799 0.2624644726905312 0.7624840531546436 0.0009413813346892352 -0.0013474850101296175 0.0005796149175556454 0.0017579914266393614 1.0
0.06173644926653465 0.2773144258308433 0.7614945660206072 -2.8362513106418753e-05 -2.7988412716822297e-06 -5.9208321544939164e-06 3.351153300826886e-05 0.0 -0.01248902652042802 0.26110370052790977 0.7630491202518465 0.0009813480717885965 -0.0013712048413822829 0.00047488094265990023 0.0018186693794564194 1.0
0.06171599573576087 0.2773028415031812 0.761484821181026 -1.744710078707428e-05 -1.0461796385621547e-05 -7.68577686272693e-06 2.7100667786655107e-05 0.0 -0.011158381516371442 0.2593702177572882 0.7632453336486851 0.0012683613238329942 -0.001665300432864311 0.00021732783659803544 0.002201934451879569 1.0
0.06166012890315043 0.27722062400786507 0.7614212371578569 -4.720693437792885e-05 -7.43295601836354e-05 -5.63539585155369e-05 0.00011661256207072803 0.0 -0.0075454334123310025 0.25548570197060844 0.7635808048318019 0.00334147504310656 -0.003602910324960025 0.0002980422007831801 0.005292102961762019 1.0
0.06163970239087723 0.2771873549317607 0.7613834124132893 -3.110050374544025e-05 -5.3708841376163695e-05 -5.280990124967953e-05 5.715723363762049e-05 0.0 -0.005390076506950583 0.2540259228682896 0.7638588692412855 0.002745767474583045 -0.002143158800827736 0.0003130477484899061 0.0027223692643121977 1.0
0.061620592052713 0.27715235823277873 0.7613371634709908 -2.1612624457989318e-05 -3.7910006342968076e-05 -5.0124840974400134e-05 5.6665178782353654e-05 0.0 -0.003510790577036476 0.2523739855173953 0.7638214010864061 0.0020052701803097463 -0.0015596388231743836 4.525209139709038e-05 0.002328828105676692 1.0
0.061605872909269464 0.27712261853110315 0.7612992801908243 -1.1896936949092668e-05 -2.2363344642095105e-05 -3.560729118780284e-05 5.147324431768418e-05 0.0 -0.001546798783934148 0.2504537116354904 0.7635407998620514 0.0016847255583014578 -0.0015761839695228185 -0.0002852587900439721 0.0028052073740472837 1.0
0.061587668825899666 0.27708669731255364 0.761274507080905 -1.3907616907342072e-05 -2.7059214269472987e-05 -2.0503309094438758e-05 4.9558960407315466e-05 0.0 -0.00040565696340277656 0.24928178990825348 0.7631838625196934 0.0010066701540450797 -0.0011266882331868418 -0.00041951018711811007 0.0018039841588973508 1.0
0.061572201554502944 0.27704562142030187 0.7612340608893736 -1.5365321589327636e-05 -3.899732238405097e-05 -3.3289590261372677e-05 5.923404840694763e-05 0.0 0.00035045148608812553 0.24863615195909228 0.7629652295051352 0.0006319934219354995 -0.0006666017281327921 -0.00028111189076884975 0.0009405498329391792 1.0
0.06155350200037053 0.2769812377047554 0.761154353097005 -2.0584405866413755e-05 -6.635009828473151e-05 -7.562377281172174e-05 0.00010192724340592506 0.0 0.0013386795558171976 0.2478390465899034 0.7625170764490351 0.0009556504299956963 -0.000818139758406523 -0.00039897398430331513 0.0012612117934304764 1.0
0.061547204328227745 0.2769238476707839 0.7610793575859525 -1.1557634921962846e-05 -6.810944927709602e-05 -8.717549158604034e-05 9.763988079914017e-05 0.0 0.0018438858283670494 0.2475080223587239 0.7622471011338748 0.0007531616089176078 -0.0004892847287158949 -0.00024965122464533997 0.0007946142482401922 1.0
0.061548317467525114 0.27686405930166735 0.7610045999521745 3.837355155612382e-06 -5.7722898530560165e-05 -7.892976405004359e-05 9.31618639132483e-05 0.0 0.002654379675834778 0.2473835857277161 0.7620615851870534 0.0006939820676979264 2.364897420007372e-05 -0.0001719126684967454 0.00077503052202035 1.0
0.06155693745897641 0.27679522841355264 0.760927138358672 1.0226387304867594e-05 -6.618828093713907e-05 -7.692155057508149e-05 0.00010424253678789356 0.0 0.0032989996860995504 0.24731936259697584 0.7618009093509256 0.0007421325921293329 -0.00011378155042652367 -0.00024199408128863277 0.0006907255497756496 1.0
0.06155944067196881 0.2767242916806539 0.7608584968571458 5.718799918618918e-06 -6.918673784569649e-05 -6.47891842514055e-05 0.00010027982453169138 0.0 0.0035640198631136247 0.24721442202152744 0.7615030394248185 0.00036045077919379586 -0.00012623320840249525 -0.00030112914545214157 0.00043899840152870776 1.0
0.06155541721646419 0.2766266438096413 0.7607570374216394 -4.163224174937977e-06 -9.416630323781621e-05 -9.167283958996768e-05 0.00013995801189577365 0.0 0.003802987168992173 0.24705206213531009 0.761144140686625 0.00013738204971153515 -0.00013370285620900395 -0.00036676549587614317 0.0004464401488706547 1.0
0.061537430371957164 0.2765437617338649 0.7606556748541641 -1.9251607423712775e-05 -8.954955269355444e-05 -0.00010610971416425282 0.00013277330999598405 0.0 0.004014595882196688 0.24694667574164483 0.7609275502937657 0.00015236969184452933 -0.00014890834679721454 -0.00026163213963712134 0.000320144581330576 1.0
0.06150363853544908 0.2764860991455445 0.7605932933398748 -3.603248714918667e-05 -6.305719544961953e-05 -7.445770161309002e-05 9.101677416735771e-05 0.0 0.004275999552338329 0.24677753082627385 0.7607007314396571 0.00025595267368941333 -0.0001987039710454686 -0.00023151929649133386 0.00039691658690470515 1.0
0.061457722720953574 0.27642781301796093 0.7605296696791668 -4.745322020245391e-05 -5.1309548824867395e-05 -5.8149013106863077e-05 9.599193528308528e-05 0.0 0.004439554808343533 0.24666182195239614 0.7604986855074216 0.00019346966976128445 -9.627984466864135e-05 -0.00016778682706268332 0.00027472328612749273 1.0
0.06142529451998654 0.2764009321357607 0.7604783319004641 -3.636822454991264e-05 -2.5811812670062728e-05 -4.630010275343287e-05 6.900802898444246e-05 0.0 0.004499182372540234 0.24648079986275603 0.7602735387141569 0.000126662014416484 -0.00014903706093971365 -0.00020395615678075167 0.00029397989977221495 1.0
0.06139134269076124 0.2763741499918061 0.7604332104590811 -3.084329477886914e-05 -2.1962700252948587e-05 -4.1719323685369806e-05 6.215226963966178e-05 0.0 0.004599078928137541 0.24631079583059406 0.760042688732061 6.46061678453016e-05 -0.00016961192122172159 -0.00024263516676952204 0.0003083475867394082 1.0
0.06135894410531439 0.2763458311343108 0.7603719009306764 -2.8859193506008637e-05 -2.779499941442623e-05 -5.9249429296559105e-05 7.358451103923922e-05 0.0 0.004779646449428376 0.24594673395636707 0.7597527651267438 0.0001336399133939661 -0.00034466019276588214 -0.0002991970702204623 0.0004956975950719786 1.0
0.061341616638541194 0.2763166280321064 0.760338278109109 -1.7205207664229588e-05 -3.355721332021988e-05 -4.482609058745325e-05 4.9172659180471203e-05 0.0 0.004897373210729241 0.24576609000923313 0.7596711094547683 0.00014570516196647532 -0.00023638587061371432 -0.0001272276945351845 0.0002406024394500571 1.0
0.061311874581922644 0.2762632353771695 0.760293857250895 -2.661854759105109e-05 -5.229225621006698e-05 -4.233163834259924e-05 7.420316984463194e-05 0.0 0.005348569896615637 0.24552051218111126 0.7594918872405719 0.00042083690661482353 -0.0002282273357345391 -0.0001331198151033359 0.0005233180477184266 1.0
0.06120712602525806 0.27609905855710065 0.7601429224803772 -9.61530684480025e-05 -0.00015311280253473616 -0.00013295646459821612 0.00024557885455540646 0.0 0.00586679509699494 0.24523234647378825 0.7590652244807972 0.0005585830997508634 -0.000269205284785372 -0.00037857876436840415 0.0007477205375973775 1.0
0.06114148661451304 0.27603776956716036 0.760082234869481 -8.427795741961365e-05 -9.466788700096616e-05 -8.912666752582648e-05 0.00011567815984403962 0.0 0.005982767203203654 0.24516073693179843 0.7587531056399615 0.00020589241727257278 -9.504893217000341e-05 -0.0003672610467678409 0.0003476487574986374 1.0
0.06108550580804755 0.2759830735037711 0.7600186316303291 -6.145002623016933e-05 -5.2067323266148674e-05 -6.35789023739703e-05 9.026352337022182e-05 0.0 0.006145478120040611 0.24513825648665924 0.7584770131636706 9.796567260806125e-05 -7.728191853586042e-06 -0.00031012068250178327 0.0002948648606801507 1.0
0.061038642083299115 0.27592775210599885 0.7599548745939585 -4.241156650734101e-05 -3.952744148080866e-05 -5.4140827305112356e-05 9.864038280880683e-05 0.0 0.0062962534631534825 0.2451786967409905 0.7581908683691562 8.774457284657045e-05 5.670711672303786e-05 -0.0002756148211069069 0.0003356844670880571 1.0
0.06101258558880036 0.275869907671087 0.7599113686126098 -1.863394329981293e-05 -4.4606317054188574e-05 -3.7504478781774344e-05 8.370256638875249e-05 0.0 0.006483323134085056 0.24521427044906716 0.7578997678172597 0.00015584440501317394 4.531556284950676e-05 -0.00026237080424943533 0.0003672025069896373 1.0
0.06098814071487987 0.27578975293129654 0.7598488646409715 -1.6170812064898195e-05 -7.653267321924875e-05 -5.342673096777842e-05 0.00010146647310406042 0.0 0.006753768459120527 0.24534542191089379 0.7575884256097546 0.0002850039161455903 0.0001223835122208953 -0.00028260598051663144 0.00041695262348320636 1.0
0.060977369907652026 0.2757477974201012 0.7598129852135954 -1.4508108877016795e-05 -6.136237410866241e-05 -4.75032551536104e-05 5.339008801832845e-05 0.0 0.006938216192709949 0.24543237254781466 0.75741571366886 0.0002680199243067008 7.78131106456895e-05 -0.0002138668277731572 0.00026501878258377914 1.0
0.06096720910925879 0.27570968534510604 0.7597765923887838 -1.5523420244338603e-05 -4.5372962677773244e-05 -4.302175830841245e-05 5.542660289622617e-05 0.0 0.007141592064815584 0.24556109939238993 0.7572500563819986 0.00020428265183552161 0.00011276861328765939 -0.00017051825096339157 0.00029314031023003914 1.0
0.060941186249373946 0.2756703151871099 0.7597344909720186 -2.2088674083474527e-05 -2.6524004056657834e-05 -3.355598565631804e-05 6.290719937231267e-05 0.0 0.0073425813199869926 0.24561654323297816 0.7570940912246138 0.0001624508331742346 7.589531276650869e-05 -0.00013043493221714562 0.00026374670299951454 1.0
0.06090963726152572 0.275647917790731 0.7597065956929072 -3.438393201581968e-05 -2.177956498342268e-05 -3.1092250494150324e-05 4.9295093494713593e-05 0.0 0.007525733986946485 0.24566853301489563 0.7569952687039796 0.00018017806767566018 4.1770502810912415e-05 -9.973805261889103e-05 0.0002170199374502551 1.0
0.06089162485820253 0.2756379303912949 0.7596923560043682 -2.358595439799716e-05 -1.0957832845774283e-05 -1.5762537686562554e-05 2.399635685583948e-05 0.0 0.007794349957865478 0.24571800096327903 0.7569958967361672 0.0002527464375713308 4.0280795688365836e-05 -1.560341468591879e-05 0.0002682700667830374 1.0
0.060874565204228744 0.2756314930754926 0.7596770682325144 -1.579356843517497e-05 -6.90219471667087e-06 -1.2236457305699421e-05 2.2199299871969983e-05 0.0 0.00775164153546914 0.24567215131497352 0.7569533929953456 1.9062268717805604e-05 -3.4234800246429294e-05 -2.8804233035929208e-05 7.8640122173985e-05 1.0
0.06086422287436253 0.2756233722250912 0.7596713179709847 -8.154342806069034e-06 -8.074879926302826e-06 -6.638582699973505e-06 1.667265975950165e-05 0.0 0.007476182925634331 0.24565111709673276 0.7567101825035198 -0.0002709507892168949 -2.825965368329469e-05 -0.00021322651790319264 0.00036121124911013444 1.0
0.06085433346676327 0.27561399933070974 0.7596630286330034 -5.98297546723517e-06 -7.770074266742782e-06 -5.59335302120502e-06 1.5370858469329556e-05 0.0 0.0072462873571858665 0.2456319788143182 0.7564879153888394 -0.0003114226427480061 -2.4021986040845768e-05 -0.0002551846778522201 0.00033258256028980635 1.0
0.060839295950408476 0.2756052161958473 0.7596647941111024 -1.395609880040374e-05 -1.163435056761473e-05 -1.3709372109546857e-06 1.6950136741425222e-05 0.0 0.007513843701439388 0.24575937415855073 0.7564032422352931 0.0001706553007902752 0.00011418682884561854 -0.00013933211764014146 0.0003019759019505521 1.0
0.060826263547206424 0.27559700789040875 0.7596608633711173 -1.637202286730674e-05 -1.0069270834947407e-05 -3.704359033279524e-06 1.6175824013952524e-05 0.0 0.008045254571076804 0.24602145783821275 0.7562921223940311 0.0005905118796673526 0.0002677363383461511 -9.039536791944776e-05 0.000594433515596533 1.0
0.06081050990586557 0.2755928284342782 0.759657050918741 -1.6934030516272544e-05 -3.6913629091924594e-06 -3.3211670915869902e-06 1.6747435173190906e-05 0.0 0.008534910430257257 0.24627056223495078 0.7562006255686144 0.0006405074577616356 0.00029393887248722384 -5.613070113071655e-05 0.0005713362662625044 1.0
0.06078100291723069 0.27559259559670657 0.7596563520236921 -2.7408180443354556e-05 9.569531935490538e-07 -1.4730069741832084e-06 2.9271999176858315e-05 0.0 0.008655494655184885 0.24612135574462726 0.7558761960974056 0.00022505835496045842 -8.003310696986294e-05 -0.00026811053163478655 0.0003744635365058545 1.0
0.06077280387571058 0.27559354242217965 0.7596548828987122 -1.3060701920645926e-05 2.1546865749018543e-06 -1.7592590936692704e-06 9.231027240752558e-06 0.0 0.008563242921894417 0.24587985056766873 0.7558234975199015 -0.00018843370038676015 -0.0003068367615060672 -0.00013712145697266945 0.00024873528414843675 1.0
0.06076607763748551 0.27559281198897106 0.7596537777661668 -4.8322265800280795e-06 -6.030868154702036e-08 -5.843462669106743e-07 5.660488853805472e-06 0.0 0.008617341690686162 0.245683906156634 0.7558773847194709 -0.00012755822465741333 -0.00028754995209154775 2.449956106823641e-05 0.00022289776701961135 1.0
0.060755188516552164 0.27558684110240356 0.7596460786907677 -7.36024559069576e-06 -5.837012769003076e-06 -6.58249602638403e-06 1.4964132798648806e-05 0.0 0.008844978630024891 0.24555327594748796 0.7559262735534502 0.00017599991798050588 -0.00015702188481817253 9.831682839814493e-05 0.00027181706431841815 1.0
0.060739195443702494 0.2755855238309836 0.7596497929193927 -1.4568042517274896e-05 -3.608885428669274e-06 1.6865496264667805e-06 1.7350161337707894e-05 0.0 0.009023709471802711 0.2453717572250865 0.7559610676349776 0.0002977831088931195 -0.00011317300741082531 7.83877161347218e-05 0.0002510981488296506 1.0
0.06072463394171942 0.27558016681977004 0.7596487520147456 -1.650782804003464e-05 -5.228930899472229e-06 -1.7071225182059264e-07 1.5000159862463269e-05 0.0 0.00910853380046102 0.2452471776611057 0.7560121162860047 0.00018420179214080067 -7.765565677474691e-05 4.055567167892792e-05 0.0001573342472065414 1.0
0.06070749992120371 0.27557919862812025 0.7596548562592996 -1.931091187704866e-05 -1.3057953053830483e-06 5.818651494106411e-06 1.7518184971719877e-05 0.0 0.00923515461276453 0.24505779350725482 0.7561098720602689 0.00010832223190795822 -0.00017098165374987754 6.108881404156045e-05 0.0002446686839933117 1.0
0.06069758929229873 0.2755817888624075 0.7596545224638876 -1.2065523400551945e-05 3.1140192214099613e-06 1.804969578632068e-06 1.1115665041796594e-05 0.0 0.009481183716301859 0.2449534459552406 0.7561764842873292 0.0001706441843566311 -0.00015594612793295371 5.114170284380791e-05 0.00028307889872842466 1.0
0.06069023646812731 0.27558366982366284 0.7596541625256 -4.670679403556195e-06 3.1701538233060983e-06 -8.968536546446451e-07 7.292837222807995e-06 0.0 0.009659455219005759 0.24482686809053159 0.7562377731255289 0.00018194816357460994 -0.00012756171364910562 8.31713816670969e-05 0.00022749793609302304 1.0
0.060685526630567026 0.2755873154084666 0.7596510422743377 -3.3662811131749206e-06 3.6055981726716247e-06 -4.026915354054984e-06 6.678202218367518e-06 0.0 0.009704492870655158 0.24462993999084967 0.7562584746796616 9.034872072064203e-05 -0.00017780412506550816 2.9303901790438087e-05 0.0001959084134704893 1.0
0.06068233359111542 0.2755894996775657 0.7596484168105052 -2.862811191103253e-06 2.1052121957506017e-06 -3.887748353003991e-06 4.90789346688693e-06 0.0 0.009696974064457216 0.24430679027275606 0.7562718542449256 -9.639120927666664e-06 -0.00031209605723172 2.095284047747894e-06 0.00032451141111925733 1.0
0.06068242676405771 0.27558310241614514 0.7596527654585424 -6.348376904675524e-07 -5.529096508323373e-06 3.8885468298563915e-06 7.5694116700443296e-06 0.0 0.009847086641878371 0.2438605322558653 0.756116616016085 8.707505078577996e-05 -0.00046123818005426695 -0.00013992404860280533 0.0005028319319796806 1.0
0.060682777587111554 0.2755805358108006 0.7596543214260651 2.0096645543115103e-07 -5.08797680979256e-06 3.1763625328806002e-06 3.039546392927059e-06 0.0 0.009993275444963985 0.24358880056953547 0.7558866242795345 0.00015090694882411405 -0.0003301500917380672 -0.00024016028794559652 0.00038471174891928876 1.0
0.06067256025719692 0.27557770603528586 0.759650849592468 -9.015737506497478e-06 -3.112600185734829e-06 -1.486851597782221e-06 1.0998038572852891e-05 0.0 0.010454602219076266 0.24374066268130656 0.7551740768883232 0.00045533487845200027 0.00010469354679085502 -0.0006675261185419388 0.0008466655060455328 1.0
0.0606623655454277 0.2755762044181997 0.7596472929955232 -1.1554420053993248e-05 -1.031134697017168e-06 -4.843113126243052e-06 1.1220222541951048e-05 0.0 0.010787158987782047 0.24375384841780648 0.755060248760393 0.00042087348383330187 0.0001379608031661126 -0.0002735896322619922 0.00037723228702539246 1.0
0.06064060709052114 0.27557321025610065 0.759645267653115 -2.168344708496981e-05 -1.7821632365624516e-06 -3.5162580109220827e-06 2.1804861406631758e-05 0.0 0.011228573244193829 0.24372568375910006 0.7549811592506832 0.0004330114994624879 3.12218984379461e-05 -4.1798168460065405e-05 0.00042388193591181276 1.0
0.060619948294168544 0.2755733121069943 0.7596464656468785 -2.2597451507272173e-05 1.8538260680584868e-07 3.6813352600984653e-07 2.0938934187030394e-05 0.0 0.01146261107995321 0.24376277493710272 0.7549344786336383 0.0002402861758508332 -3.167368081609238e-06 4.554968632760588e-05 0.000252868289028149 1.0
0.06060042772400051 0.2755688671877646 0.7596430442197679 -1.9916317283156725e-05 -3.885996291296648e-06 -1.4512514749718703e-06 2.000163476661991e-05 0.0 0.011636307685860211 0.24383417968174262 0.754963601873154 0.0001324980485585281 8.712450200389684e-06 7.904728252043962e-05 0.00019406206314526178 1.0
0.060571043204287016 0.2755679223433925 0.7596424076835562 -2.6506923623381522e-05 -2.4497932393605844e-06 -3.067966860054801e-07 2.9410763654336853e-05 0.0 0.011949666282892927 0.24408708470302015 0.7548961693382501 0.0002541815225636808 0.00020363143413505588 -6.085780745849795e-05 0.0004058185784014275 1.0
0.060541459060896356 0.2755686243039222 0.7596440569749571 -2.9638689039798664e-05 7.013724475057264e-07 8.817606164068435e-07 3.0014623473395342e-05 0.0 0.012267429931517464 0.24436056982015686 0.7547858522889502 0.0003279263825959986 0.00032482831694143874 -0.00016671696035468555 0.00043110774966679264 1.0
0.06051862555944434 0.27557349629383465 0.7596461254923513 -2.480818873324308e-05 4.7616282368902585e-06 1.8831633800232699e-06 2.3367603854571318e-05 0.0 0.012636407011968848 0.244627815213655 0.754652867258689 0.00041182589630319073 0.0003222167549231272 -0.0001938197495036193 0.00047914701715485807 1.0
0.06050071039709733 0.27557881597610306 0.7596494940474379 -1.776528494242525e-05 6.286559494527715e-06 3.6265220756168594e-06 1.84581306673014e-05 0.0 0.013180222954397403 0.24491140444704249 0.7542416133753376 0.0005410009517819777 0.0002644506717623369 -0.00034816116093959156 0.0007252541456533602 1.0
0.06049001594078474 0.2755713587190597 0.7596556551600537 -1.0237282413753696e-05 -5.123301232765069e-06 6.243351500337865e-06 1.4817793021064152e-05 0.0 0.01354029652243485 0.24513316893041187 0.7539356211436258 0.00041957044151434204 0.00020885994177760728 -0.000358961061430425 0.0005407192035006042 1.0
0.06047305768528581 0.27556848612095064 0.7596609876675188 -1.3474066761077566e-05 -5.476569057904905e-06 5.815770468091619e-06 1.8120745601168384e-05 0.0 0.014104320769845484 0.24566793740105014 0.7534015741776392 0.0005032410806616809 0.00046963996250199894 -0.0005064386411668423 0.0009258166300528069 1.0
0.06046332986655827 0.27556938622637944 0.7596667803495097 -1.1176288045833326e-05 -1.4194387173892858e-06 5.3482522475885755e-06 1.1391170611201422e-05 0.0 0.01459571573193589 0.24611705586786334 0.7531153705463636 0.0004975019728192362 0.0004972890750448713 -0.0003284488627661803 0.0007401458778875204 1.0
0.06045256327889761 0.2755574305111455 0.7596707519421834 -1.2112704457703595e-05 -9.237437764504574e-06 4.2112842645807625e-06 1.6148169262573926e-05 0.0 0.014835957451627248 0.24633576697801862 0.7530793344954242 0.00027948921255634504 0.00028882864127885693 -4.304383528412685e-05 0.00032075305338235486 1.0
0.06043446947802421 0.2755476662066164 0.7596734125661865 -1.7513962012413608e-05 -1.0239738561009222e-05 2.429599917822691e-06 2.1006532175833835e-05 0.0 0.014944525707601509 0.24634051418413147 0.7530807785138176 8.347214704144615e-05 -2.307135268017006e-06 7.44873149977001e-05 9.617548496737273e-05 1.0
0.06041014311287605 0.275536876219576 0.7596752828119528 -2.4266428981456055e-05 -1.0858244678852078e-05 1.4138582408510505e-06 2.6768399751809185e-05 0.0 0.015130468245797023 0.24639684436200024 0.7529332183090174 0.00012595539742830692 -3.2590828006870463e-05 -7.849432813878825e-05 0.0002527360753788031 1.0
0.06037049619056705 0.2755242830527989 0.7596700832621949 -3.906294987174999e-05 -1.281663735116421e-05 -4.37324874867121e-06 4.173081550928831e-05 0.0 0.015301382752445386 0.24642146821638788 0.752713190740099 0.0001703010994757069 -8.421306591562975e-06 -0.00024884571257754973 0.0003002473914918752 1.0
0.060315390024593483 0.27551797015260177 0.7596663009237533 -5.5831069300456664e-05 -7.70433068766868e-06 -4.748781811586862e-06 5.568909252356074e-05 0.0 0.015380331048712349 0.2464600768395245 0.7525028585468281 0.00011358992596087258 5.959912189218528e-05 -0.0002755396778640098 0.00020639100344111002 1.0
0.060250200835188984 0.2755232708392102 0.7596634984064015 -6.756188597989345e-05 5.583463968265854e-06 -3.376113026692924e-06 6.559744537963411e-05 0.0 0.015393415600470589 0.24649611744560643 0.7523542661165655 5.752852645717413e-05 9.793234729897447e-05 -0.0002095145021224184 0.00014853761998129646 1.0
0.06017144804804045 0.27552226846987526 0.7596903346146731 -7.837998977349549e-05 2.5831800502293748e-06 2.3197181054311255e-05 8.279182072625862e-05 0.0 0.015392429074306364 0.24652639051795422 0.7522307717873112 -1.7120374428509816e-05 4.345384183224491e-05 -9.200159265672933e-05 0.00013405664122138525 1.0
0.06010628453241909 0.27551519929665097 0.7597895611512369 -6.826556135233741e-05 -6.368838701069876e-06 9.389866103867789e-05 0.00011906836848482447 0.0 0.01538438125580399 0.24651965919885452 0.7521741547387535 -3.9118701547102895e-05 -1.8562406207835776e-05 -1.759779684773366e-05 6.412198104766259e-05 1.0
0.05999673525813676 0.2753869832728601 0.7599580892866756 -0.00010065182449526275 -0.00011294778381090618 0.00017298665841591538 0.00023817979140713659 0.0 0.015374048585985891 0.24650043154089324 0.7521367459965226 -1.3078765376356395e-05 -3.743128875396528e-05 -1.776373760429334e-05 3.7602285593159714e-05 1.0
0.059719443693949284 0.27505675215518066 0.760133903805252 -0.00025616393078503445 -0.0003212115976640498 0.000193156547021262 0.00046624666151695257 0.0 0.015366866010126897 0.2464899245238885 0.7521050986886851 1.1163816658194182e-05 -1.5063118563330818e-05 -3.793715501637157e-05 3.412334250712394e-05 1.0
0.059257289329160134 0.27460568843469774 0.7603110665146161 -0.0004638907993352785 -0.0004779022496191551 0.00018310494349532675 0.0006714530369658704 0.0 0.015352186968909047 0.2464843240496831 0.7520757273141137 -6.3172532774985165e-06 -8.201158732219695e-06 -3.9666435267616515e-05 3.4287501344758275e-05 1.0
0.05860362104049909 0.2738733542198106 0.7603494977401334 -0.0006740536876443552 -0.0007326814232356396 4.99386115316064e-05 0.0009787288300439005 0.0 0.015344256090866143 0.24647928461624294 0.7520556440650316 -1.3479686808352863e-05 1.5352478213399074e-06 -2.8676017235891392e-05 2.20295361339813e-05 1.0
0.0575908031411813 0.27269994734659475 0.760462802964104 -0.0010092957091592115 -0.0011530052558927635 7.015062007916572e-05 0.0015530544768895468 0.0 0.015360951137327187 0.24647202524662754 0.7520503226297243 9.592964807851869e-06 -1.8946203437676865e-06 -9.533662377638787e-06 1.781439034750332e-05 1.0
0.05673932491083548 0.2716275203646278 0.7606199135413376 -0.0009301085234761787 -0.0011541803023160124 0.0001390900937938656 0.0013925645295306355 0.0 0.01538446024994202 0.24646873950743847 0.75204477847088 2.5843663504650964e-05 -3.7843705707329362e-06 -3.4701912875155234e-06 2.5496333671870015e-05 1.0
0.05498346922978864 0.2693476332318431 0.7608750842498835 -0.0016152172889109446 -0.0021181740299305927 0.0002602074825114634 0.0028527688400197845 0.0 0.015481157797720975 0.2464520827294412 0.7520501662092509 9.021515460167389e-05 -1.8202161026503366e-05 9.403631546470601e-06 9.769235825925744e-05 1.0
0.05318010610826381 0.26717406158352314 0.7612079890582912 -0.0018722082893623854 -0.00231708867038233 0.00035840483998331385 0.0028974705194646337 0.0 0.015509043066319103 0.2464402956094973 0.7520387808756575 4.866677830682311e-05 -1.5353680105671196e-05 -7.245767258455137e-06 3.5069966464541866e-05 1.0
0.05054437170631019 0.26399804484899286 0.7611967584949412 -0.002594298008691779 -0.003112976921400792 6.662062895437804e-05 0.004083652631183725 0.0 0.015512016791579396 0.24643001098145056 0.7520247917009457 3.083131867667981e-06 -1.0711336500516389e-05 -1.646979906681759e-05 1.3073311970371758e-05 1.0
0.048104093631194236 0.2610830606484139 0.7606503326488067 -0.0025845398124153818 -0.0030555561570454947 -0.0005192773349564413 0.0038650751009435902 0.0 0.015531342596808925 0.24641343304101307 0.7520169634798355 1.693265703514577e-06 -1.4703408445149554e-05 -1.2355417013435969e-05 2.753421395523152e-05 1.0
0.045810290648293436 0.2582389809482625 0.7601224101775502 -0.002330134557661564 -0.00285354482168247 -0.0006713991320132802 0.003669183670698103 0.0 0.015555763557210877 0.2463969235298863 0.752001931723605 1.5948709219737734e-05 -1.6310628137746686e-05 -1.392337996553936e-05 3.630052386125146e-05 1.0
0.04368157403801743 0.2557063677434851 0.7596830965866255 -0.0020481459529693557 -0.002467094659567375 -0.0005252293072320332 0.0033503400659346573 0.0 0.015546662653978189 0.2463834715240112 0.7519970601982016 -3.832747028512403e-07 -1.4061779296539039e-05 -5.003194972516955e-06 1.623180921802424e-05 1.0
0.041467146346807746 0.25326672779773873 0.7589530515355087 -0.002060674872239319 -0.00229934454050189 -0.0006478329899605661 0.003367203374843142 0.0 0.015550394524280234 0.2463704409679324 0.751989895102725 6.057136688693919e-06 -1.2812747691505608e-05 -4.641741467200785e-06 1.2049328413560528e-05 1.0
0.03945101804296258 0.25138378260079847 0.7584212332045331 -0.0020418455787621958 -0.0019298171816091547 -0.0005041359597683248 0.0028452174576396715 0.0 0.015551037432192504 0.24636134626212713 0.7519839580822633 5.4793567503965576e-06 -9.780171350005075e-06 -4.584474211061509e-06 1.3254989070780737e-05 1.0
0.03738764688661643 0.24970721982994287 0.7578951656273011 -0.002065073228946953 -0.0016282872981836088 -0.0004781444737046754 0.002662283505037961 0.0 0.015552311701445734 0.2463479154348067 0.7519765998860974 -4.259981019662641e-06 -1.1314927676052917e-05 -8.326456365567747e-06 1.5499920381055747e-05 1.0
0.035343994009304026 0.24815732372918822 0.757161548650726 -0.0021182384497013965 -0.0015794226616656815 -0.0007080901061861759 0.0026869400519114787 0.0 0.015552998553214448 0.24631888765892163 0.7519655356218997 1.1424360889690844e-06 -2.7072633192297647e-05 -1.110742288482544e-05 3.061816255686382e-05 1.0
0.034749921683818706 0.24755037135049207 0.7566565943515011 -0.0007968768151690631 -0.0007163960571487139 -0.0005855980079563107 0.001010631595261633 0.0 0.015563254352927646 0.24628840090103335 0.7519656596954968 1.1881642497004644e-05 -3.377359830766923e-05 -2.361234751195064e-06 3.232351037659596e-05 1.0
0.034359883114956115 0.246598861000367 0.7555982370186289 -0.00021305655879926694 -0.0008112792724774085 -0.0009640968827093556 0.0014123224251133154 0.0 0.015592552205861887 0.2462256500753217 0.7519607091529713 2.770008693273587e-05 -6.070725381263385e-05 -3.615057502087299e-06 6.885475843677981e-05 1.0
0.03441844918686731 0.2461337872873986 0.7548157966213183 0.00019849315392478752 -0.0005165787859070397 -0.0008813427314841104 0.000973823427032219 0.0 0.015603386732091837 0.24620550422468537 0.7519573194347607 1.5021751328441188e-05 -3.0661919893707184e-05 -2.212779023908021e-06 2.4540302217329598e-05 1.0
0.034757360994632024 0.24541946173286677 0.753507970590579 0.00038187619115523375 -0.0006813799056058127 -0.0012658034001231029 0.0015191121073515686 0.0 0.01560597641911602 0.24618778291701016 0.7519555240457019 4.3873506211335365e-06 -1.4147881768782602e-05 -2.123695453701682e-06 1.5883931727854958e-05 1.0
0.035176241857337684 0.24494100675921035 0.7525443972319235 0.0003825190274366415 -0.0005480558522639005 -0.0010410694825469672 0.0011480610216199234 0.0 0.01560579029984468 0.2461766664069121 0.7519550348101952 -4.238788497643305e-06 -4.670787019069042e-06 -8.383100206591699e-07 1.2041180330572329e-05 1.0
0.03618802250591655 0.2440338302212104 0.7517703609447048 0.0008193581392314116 -0.0008844916239481454 -0.0007838154923687604 0.0015316897622979701 0.0 0.015619511350132486 0.24618815929636736 0.7519312506540554 7.812042246866049e-06 1.2440178690260108e-05 -2.07308093572901e-05 3.0644154693478635e-05 1.0
0.03646887694729231 0.24342417385507056 0.7514431138665174 0.0004051766069030349 -0.0006972333596675909 -0.0003136574968873697 0.0007982354559306851 0.0 0.01564391220978571 0.24628021520791576 0.7518272030004644 2.4329990543920308e-05 8.263287146912548e-05 -9.588879267863195e-05 0.00014024526384544638 1.0
0.03616247328490485 0.24304681045877266 0.751202998356957 -0.00022068729169209887 -0.00037151467991778514 -0.00012184367240075796 0.0004964865939632215 0.0 0.015675505662998156 0.24631266812766722 0.7517508392282357 3.668457575363158e-05 5.114405632291253e-05 -9.389716365795919e-05 9.1093915641446e-05 1.0
0.0356333251179626 0.24249352793135012 0.7510384997899576 -0.0006921532814565972 -0.0004875522205044932 -0.00013416388261243027 0.0008063906373274321 0.0 0.015748138286285164 0.2462537254766554 0.7517875885588381 7.167554399340702e-05 -4.821401610311511e-05 1.430126442578172e-05 9.611967590850598e-05 1.0
0.03530723598198162 0.24184527674843567 0.7505494554792941 -0.0004897687274976279 -0.0005770978886506276 -0.00044560438216506614 0.0008869776340233095 0.0 0.015745445995908266 0.24616046138147057 0.7518668101297753 1.2400917481206571e-05 -0.00010822764231042988 9.466004564505122e-05 0.00012301794465395614 1.0
0.0356523469688372 0.24139096475999214 0.7499148858040848 0.00028347239642214847 -0.0005245701744278155 -0.0007491936209387738 0.0008485434194495572 0.0 0.015804762032272976 0.2461996109086429 0.751769926075754 4.207950905917111e-05 -4.782013961501933e-06 -4.2749435219808916e-05 0.00012402242041903292 1.0
0.03588167375937113 0.24134443064286007 0.7497517957461258 0.00048473114646483886 -0.00011544187457164328 -0.00031579383608917877 0.00026062882034482197 0.0 0.01577370295465386 0.2462505132186484 0.7516130338760187 -2.0601706242957936e-05 6.213845479420487e-05 -0.0001630542531201762 0.0001659041135163741 1.0
0.03580096334894439 0.24186258175083666 0.7500239679591892 0.00015105920292843994 0.0004810261757520444 0.0002537476894571044 0.0005927340888688638 0.0 0.015693661010831 0.24615708960176963 0.7516489012214776 -8.188847961252938e-05 -4.078972554390523e-05 -3.4859815924296984e-05 0.00012746547051248122 1.0
0.03569742430610636 0.24217971429413132 0.7501907068158742 -0.00020214900647305516 0.0005181580566838877 0.00035369083946408433 0.00040539611781900513 0.0 0.015629423727059683 0.2461530781734601 0.7515877126129478 -8.055434408522769e-05 -1.791347822342387e-05 -4.757726723715585e-05 8.895321853136107e-05 1.0
0.035833082130587675 0.24252593151041782 0.7503446630761643 -5.772801404115889e-05 0.000391328453085272 0.0002417439433630128 0.0003863001232663005 0.0 0.015459307547025167 0.24611651898540132 0.7515114161196152 -0.0001575410925486365 -4.9015014539843455e-05 -5.155693674622645e-05 0.00018795330685560652 1.0
0.036071314100014934 0.24288943306935426 0.7503940981182197 0.0001864921777385007 0.00027462340736251947 2.8621067272202317e-05 0.00042740129102416505 0.0 0.015395071328856171 0.24607556707582628 0.7515141488320181 -8.602478285402389e-05 -5.331725776002725e-05 6.689810383994606e-06 8.295947106040794e-05 1.0
0.03634317628751555 0.2433107079105005 0.750283067944387 0.0003568943395559813 0.0003219948741903637 -0.00020857711348060978 0.0005185282046699289 0.0 0.01543819259288605 0.24605688414159338 0.7515584566461159 3.679507271143103e-05 -1.8110634314891453e-05 4.048671865249051e-05 5.809618715420905e-05 1.0
0.03670044325883639 0.24473522104612294 0.7499471872435931 0.0004412672074361959 0.0012694393829579369 -0.00038448148528541374 0.0015079090644503006 0.0 0.015568426838848093 0.24595853499134987 0.7517193765102003 0.0001542445469990638 -7.023050136224394e-05 0.00013934177966922354 0.00022724169162395048 1.0
0.03565423319948006 0.24633948445479883 0.7498485151357862 -0.0008563096378171322 0.0017664783236831497 -0.00014377687190026984 0.001931929388368921 0.0 0.015717333531047824 0.24568736766726512 0.7520671066037973 0.00017389136371822683 -0.0002581757012456446 0.00034684913087889506 0.0004734315465551116 1.0
0.03535347969276466 0.2463800913678111 0.7498762127778694 -0.0006470523314155165 0.0004464962897336934 5.862229930566799e-05 0.0003100235391101254 0.0 0.01572369846538135 0.24571485218355552 0.7520258484266455 3.6098877027889235e-05 -5.65943133714882e-05 6.31014641154619e-05 5.555137160742694e-05 1.0
0.03500165998380578 0.24609074918924448 0.7495669919281497 -0.0004257110459398579 -0.0004633485788701337 -0.00019818887488743812 0.00047154683344258566 0.0 0.01572425451725576 0.24569653385713217 0.7520160220804629 -3.3714820658947776e-05 1.4470504611504276e-05 -6.430999496939623e-05 0.0 1.0
0.035092493235735385 0.24562940392811256 0.7491248423151333 0.00011642819392041368 -0.000767788876243387 -0.00042049844605972133 0.0007199896720527631 0.0 0.01581253671964055 0.24570916409170104 0.7519242294587738 3.154222290141089e-05 4.093766893156254e-05 -0.00013915377848523075 0.00014268771999235064 1.0
0.035096522631370405 0.24526291594945981 0.7489003217256931 0.0001994500020178658 -0.0005511254958345286 -0.00032182601190326634 0.0004637638193123349 0.0 0.01581890141272327 0.245700384542558 0.7518294374091007 2.6435784448333412e-05 1.549039223072643e-05 -0.00012456503018549927 0.00011142837687739377 1.0
0.03499784284279384 0.2449630427404015 0.748767491482008 1.8559617145855547e-05 -0.00019696726083521127 -0.00017326069560640785 0.0002764701008340005 0.0 0.01581034265107365 0.2457048836987737 0.7517763362323114 1.0572654918714217e-05 -5.715086920486083e-06 -4.921474734707147e-05 3.937390755878404e-05 1.0
0.034938433321466345 0.24474547898157775 0.7486988791664987 -0.00013292024084407794 3.298098798685655e-05 -3.750182536263783e-05 0.0002283159642626233 0.0 0.015771059118784007 0.24569087748199342 0.7517380192800828 -2.752108278158215e-05 -3.8980223091004155e-05 3.987916651415296e-06 4.663717719109875e-05 1.0
0.034876919644362625 0.24446414135548467 0.7486578242714896 -0.00021047675673372787 -0.00017846872049183935 3.34526499751154e-05 0.00033327594652452115 0.0 0.015762184518254882 0.24568384968102486 0.7516820305518025 -2.4015608825357892e-05 -2.290779188545775e-05 -2.4613532711078337e-05 7.143320890964032e-05 1.0
0.03453142916171788 0.244442692612371 0.7482361691956776 -0.00027999472069443684 -0.0001574578267294032 -0.00035151339950019667 0.0005286427254249583 0.0 0.015734939046316777 0.24569008027162706 0.7515519359661058 -3.461962544099816e-05 2.381172790764092e-05 -0.00014041954085791068 0.00013072028372650038 1.0
0.03423953148747282 0.24459300472281464 0.7478898146567646 -0.0003307433659270975 0.00011877288799443128 -0.0004580848015910529 0.00048144408466804404 0.0 0.015718142023165908 0.2456956346327764 0.7514914134357433 -9.679679242135248e-06 5.5587745762332756e-06 -8.344966170527597e-05 6.241821610102584e-05 1.0
0.0341948253913603 0.2444793327095557 0.7478315791943875 -6.856245578500234e-05 -4.72083825670686e-05 -0.00016023512456483598 0.00012980328320286183 0.0 0.01574510049770735 0.24566146672310643 0.7515413572492339 3.12017619116151e-05 -2.4159475353086863e-05 2.4278856866084658e-05 6.273366469410259e-05 1.0
0.034110883561229245 0.244344932328504 0.7476914109609315 -4.541977702191485e-05 -0.00014363153639491933 -7.259179920761339e-05 0.00019940500271810617 0.0 0.015776643032422696 0.2456164064737803 0.7516105669375899 3.273571603088205e-05 -4.9819222724135195e-05 9.016900476492703e-05 9.021595592539127e-05 1.0
0.034003340920652436 0.2443659072127891 0.7475339119802651 -6.144259913543022e-05 -4.987664655033234e-05 -9.378180976634388e-05 0.00021377099077650935 1.0 0.01574680254286733 0.24557953589066794 0.7516279507468375 -1.70473259302915e-05 -4.5097757738074494e-05 5.196897357803578e-05 5.3742962998794166e-05 1.0
0.034014023417399 0.24429849022590389 0.7475000106002734 9.612394966782542e-06 -6.823424054514757e-05 -3.174506940052835e-05 7.720215331726227e-05 1.0 0.015716642287621707 0.2455163139452601 0.7516635830917401 -3.9999219090921804e-05 -6.218042179762553e-05 2.9694105088572776e-05 7.546740206452725e-05 1.0
0.034094512330669416 0.2443588395476179 0.747563477603201 5.985093955487797e-05 4.9864393882799094e-05 3.783029267952373e-05 0.00010091989188488654 1.0 0.015663047586155575 0.24551645547499137 0.7516008094102172 -6.035826599550985e-05 -7.520639035986202e-06 -6.94271042279609e-05 8.214149745250929e-05 1.0
0.034130972026860495 0.24445787599648092 0.7475961122075131 2.7362397949790593e-05 0.00014344331590358813 1.9329590150012657e-05 0.0001174755752056267 1.0 0.015868706991586174 0.24548719596640112 0.7517029770248888 0.00015984549127534187 -1.3789778230352134e-05 4.9402128666132896e-05 0.00023237242897897593 1.0
0.034177565481609516 0.2445602373486999 0.7476547224509144 5.4400346872335835e-05 0.00012541948208766933 7.381695464902057e-05 0.00013339342726635087 1.0 0.01575294331151339 0.2453430724025482 0.7518011851460885 -3.10279057329345e-05 -0.00012375834501981612 0.00011692849311787542 0.00021271445915153574 1.0
0.034202138806933416 0.2447279259955292 0.7476893907772028 3.305576639317764e-05 0.00013906441453237343 4.952915082469744e-05 0.00016598150683822693 1.0 0.015715986930240372 0.2452264397561018 0.7519148627894512 -5.3473013234252894e-05 -0.00014137497340165623 0.0001415916227428143 0.0001619775009282758 1.0
0.03424554098796482 0.2449545102627822 0.7477546345217907 1.922426182463103e-05 0.00022128223192106135 3.4976799846613176e-05 0.000241103243107465 1.0 0.01574031897906684 0.24517168277713136 0.7520212768002801 -9.047279573043054e-06 -7.776001153129321e-05 0.00011832163369953568 0.00012140095004904538 1.0
0.034229118767820046 0.24522921842261108 0.747824837212258 -1.3174963197037326e-05 0.00028089674096006944 6.240057853444135e-05 0.00028667739195238195 1.0 0.015740628593674727 0.24513561542127515 0.7520911327934328 -3.848957758180394e-06 -2.8870257630190442e-05 6.597628144172024e-05 8.175495397566894e-05 0.0
0.03394862554658722 0.2457633413311542 0.7484885881524859 -0.00023859193498344366 0.0005000224820563686 0.0005924194293470338 0.0008887204682213111 1.0 0.015516727779606347 0.2449441869146812 0.752201875780806 -0.00018229667288201625 -0.00014870343917284948 8.656031863127703e-05 0.0003139247170207988 0.0
0.03370516568435615 0.2460730269321182 0.7493367534891515 -0.0002868305933908752 0.0003863444166242514 0.0009136349212952995 0.0009544129063816675 1.0 0.015245225441774665 0.24465307497998887 0.7524207282967047 -0.000281608873483321 -0.00028399990473859275 0.00019524458224440117 0.0004582186735544001 0.0
0.032449111179721386 0.2464909464333293 0.7513904250104401 -0.0011425562905745127 0.00039372817622509586 0.0019781744508083187 0.002413016814454965 1.0 0.015996738586361213 0.24430477948568508 0.7540878683376999 0.000581777559162612 -0.0003821800846532857 0.0014935324403772578 0.0018464199689523317 0.0
0.032333469630768955 0.2466202646527651 0.7520760988692158 -0.0004109525561911688 0.00014807797973124517 0.0010708050580714775 0.0007651819768802789 1.0 0.017053158968613355 0.24444123600588122 0.7553618491811457 0.0011252904254958347 3.201282227395215e-05 0.0015510392003626732 0.0017007430155758312 0.0
0.0325161738639944 0.2469820488198428 0.7529951234267144 0.00020674356230536772 0.00027728329092983087 0.0007822817651685559 0.0009124778252875622 1.0 0.01828354250304792 0.24489001387551318 0.7571373231394509 0.0014004225386096717 0.0004799741433546001 0.0018252811040245162 0.00215607919903245 0.0
0.033950943078398264 0.24711996657914573 0.7540356281692506 0.0014607071118996767 0.00016796610349186216 0.0008218948476662687 0.001821366489368568 1.0 0.018646542726150555 0.2454538649564215 0.7586560284456876 0.0005765061459113179 0.0006778747108777493 0.0015645891269601463 0.0016788076580416633 0.0
0.03446119443509338 0.24758023026122516 0.7551842991405106 0.0009413388402711513 0.0004225455195470152 0.0010468374653500138 0.0014020446141055354 1.0 0.018404572489168294 0.24574476255853442 0.7593332079443011 -0.00034610048274000244 0.0004007786249024262 0.0006761709224067541 0.0007808028775944955 0.0
0.036295519807868944 0.24824246593564392 0.7582875842109293 0.0016374425278762414 0.000689129463460733 0.0029117733399870167 0.0035793558378525783 1.0 0.017639910894637432 0.24589246778352794 0.7598058347729512 -0.0010175270806845604 9.445535015302564e-05 0.0002573045734079785 0.0008982138381137662 0.0
0.036969368620575725 0.24906131992791478 0.7593876389208553 0.0007951871287498005 0.000852480512170237 0.00177687323966692 0.0015874966749608228 1.0 0.01716378179248591 0.24588626363579558 0.7598154899680929 -0.000721410304953584 -0.00011670580954602742 -7.26374339800835e-05 0.0005001982368159764 0.0
0.03769283170047644 0.2545594388135552 0.7608435240365848 0.000488769587866098 0.0048928204470093765 0.0014260021002021428 0.0056268564886948575 1.0 0.016014093572188696 0.2458816241558719 0.7596225567058318 -0.000944698636172231 -9.177617761163033e-05 -0.00017042159354324935 0.001157782180377075 0.0
0.03918055191087279 0.25651184864387744 0.7620463343555375 0.0012938404325107038 0.0031028145226532455 0.000926141192185471 0.0029149482484742855 1.0 0.015621656203849477 0.24586833814325654 0.759530158792576 -0.00040614825943691656 1.4975699445540032e-05 -0.00012440145115773607 0.0004060333934745128 0.0
0.04174376080992621 0.26150953486293205 0.7619001651954395 0.002497334954212886 0.0046038442928824225 -0.00012031479467826043 0.005427230585757129 1.0 0.0152773917008074 0.24586818482838527 0.7594510392381624 -0.00020205779465001642 5.570886417530048e-05 4.181441657438961e-05 0.00032317802084838 0.0
0.04431397930885477 0.2652884822063478 0.7635155637425084 0.0028969496951987304 0.0039004724087537187 0.001156764034444445 0.004976997511825905 1.0 0.015034541681685528 0.24586194719298227 0.7593977299011923 -0.0001925233056869443 3.333470368688653e-05 8.133512949416461e-06 0.00026897902811547905 0.0
0.046426012579373614 0.26816232621250763 0.7646224753611218 0.0023304237096673838 0.0027797421848823416 0.001402084954413586 0.0036932534023900697 1.0 0.014916937344370248 0.2458457090708912 0.7593664149457668 -0.00011762882840610721 -1.8096313314047447e-05 -2.60960176123651e-05 0.0001339451772339104 0.0
0.04851658126337897 0.2708277811235993 0.7662648630218309 0.002061014929514252 0.002328852054402423 0.0018573781604227615 0.0037481800574737786 1.0 0.014831634038266017 0.2458354050151069 0.7593491339597339 -0.00010734773725725935 -2.1221187819372175e-05 -1.3536043620864056e-05 8.633762799325031e-05 0.0
0.05068935504963516 0.2731219567895752 0.767691089410445 0.0018527711504615907 0.002216803740566413 0.0014712882553857306 0.003449335317469014 1.0 0.014774816860236508 0.24581680250413818 0.7593215000964915 -8.711182514978429e-05 -2.910813017823426e-05 -6.255495331131231e-05 4.4170716491177646e-05 0.0
0.05217401243095692 0.27419682482607005 0.7681829377333745 0.001488369342993516 0.001370155449942936 0.0006485285370685327 0.002015977812775469 1.0 0.01474785070410941 0.24580905080636742 0.7593011685928325 -9.211713553102679e-05 -1.0183184126625948e-05 -4.002056850533109e-05 5.4674516753387583e-05 0.0
0.05374843775377812 0.2749907290246814 0.7682705496463199 0.0015585765577561315 0.0005278150684733798 -0.00013174353707214796 0.001609503928532729 1.0 0.014721855176752546 0.24580341813300263 0.7592661986117323 1.3992357972575408e-05 -4.685517614611486e-06 -3.0493568119062978e-05 3.571125753441752e-05 0.0
0.055355882418080433 0.2756971569138007 0.7681001075484094 0.0016516400491111685 0.000860130803628656 -0.00042000186012558537 0.0018374761732539613 1.0 0.014701381944370375 0.24580496065646296 0.7592284027933459 -2.9439251655226362e-05 3.502466214664237e-06 -4.117829829699574e-05 4.437265350715555e-05 0.0
0.05664390938995276 0.2760902478151245 0.7676986506946958 0.00134834941185867 0.0003666406963852495 -0.0003536160309048486 0.0014421325614099667 1.0 0.014698417933778487 0.24580441750188145 0.7592024256901782 -4.161971784943832e-06 9.090705081272829e-07 -2.8554256232894248e-05 2.743631492754594e-05 0.0
0.05802774781188125 0.27637302415461246 0.7670057069804506 0.0013520242180372287 0.0003261694498749132 -0.0006524393623799768 0.0015137941731201933 1.0 0.01471415947272052 0.24578472380428315 0.759162152687029 1.9467835335227322e-05 -1.7409841271979697e-05 -3.5231832185283705e-05 4.560990602146982e-05 0.0
0.05953660143485981 0.27628567315326347 0.7655512175663604 0.0015180537658067974 3.681398691757253e-05 -0.00125428062087271 0.00209780474007582 1.0 0.014747965254071889 0.24577483078978643 0.7591503646058028 3.521300554911003e-05 -1.4915609660992004e-05 -1.4641527694537329e-05 3.859600860620476e-05 0.0
0.060384251124911005 0.2757786563071624 0.7640913716085047 0.0009720463754069914 -0.0004938241334461703 -0.0015477512867739585 0.0018114826602781612 1.0 0.01481377397254326 0.24570945590947596 0.7591290508303555 6.722730866706832e-05 -6.0005575481737526e-05 -1.6889491015576428e-05 9.441563656283814e-05 0.0
0.0604751429402796 0.27451514144984157 0.762176981731 9.603262324408808e-05 -0.0013076840255268102 -0.0019607001430162587 0.0022452440859820656 1.0 0.014898688172870694 0.24565328869407582 0.759093904611673 8.893478776449465e-05 -6.384412685456203e-05 -3.123780815312672e-05 0.00010873295012385305 0.0
0.060677904692651795 0.27343818307795414 0.760530206277245 2.612110461102388e-05 -0.0012416569547074319 -0.0017280237531973324 0.0020021525568629287 1.0 0.01495818678526479 0.24562691820100596 0.7590554423105809 6.639426276774123e-05 -3.399923276783982e-05 -4.18853942653757e-05 7.509202432870067e-05 0.0
0.060852306448605134 0.27301935168481173 0.7598640733233043 8.799001650449507e-05 -0.0005365584951181212 -0.0007422439678547615 0.000815586947946456 1.0 0.014990137715163833 0.24561705848128704 0.759048999003401 3.143915032005352e-05 -5.486426186709148e-06 -1.4725945170071277e-05 3.2641030871353815e-05 0.0
0.061043675319757254 0.2725109147832104 0.7591369027980452 0.00022371051732611512 -0.0003293255181303982 -0.0004910957995695896 0.000862948352042108 0.0 0.015016818665551336 0.24560436356898677 0.7590304142452985 1.694740988512649e-05 -2.148592783616119e-06 -1.3485292486643226e-05 3.505930180852443e-05 0.0
0.06150758566414249 0.27215393077812877 0.7582131041718718 0.000558748326691552 -0.00020843747794047822 -0.0007568671185070534 0.0011339237666578364 0.0 0.015037768480250178 0.2455954715209494 0.7589982811808861 1.4169843285534624e-05 -5.07578734742984e-06 -2.7228105647919514e-05 4.219569786377619e-05 0.0
0.062079326784055554 0.27152787418141894 0.7582333970879422 0.0006712346242529479 -0.0005475683247549328 -0.00018521843496079363 0.000875283305663839 0.0 0.015059945067354018 0.24560487824768806 0.7589646275866098 2.2081508790618592e-05 4.720687387139461e-06 -3.3156921577626744e-05 4.0050413503835764e-05 0.0
0.06264152474448643 0.270164768749304 0.7595908812484518 0.0005651320376820577 -0.0013773904008880279 0.0011687952994944534 0.0019347968915909412 0.0 0.01506875918721325 0.24562908163783254 0.7589360899187194 1.706725358317085e-05 1.6933852201041514e-05 -3.42615434767378e-05 3.7266255301580426e-05 0.0
0.06302194834786135 0.26903062550195456 0.7607988296244689 0.0003642475118957831 -0.0014104236632936223 0.0014141848476758089 0.0017477112339863469 0.0 0.015063334410758817 0.2456627017248393 0.758912437084386 -5.610977189590336e-07 3.570575906775616e-05 -2.6556066312211328e-05 4.1619694477538366e-05 0.0
0.06304497062591911 0.26854620229757736 0.7614477031906026 2.8579165950975684e-05 -0.0006323429428925029 0.0009013128671970878 0.0008039341327029268 0.0 0.015057796441064286 0.24567184003150522 0.7589031703231199 -9.673937837982648e-06 1.757765898450369e-05 -8.212720783281397e-06 1.5322129499089268e-05 0.0
0.06294095600815852 0.26838574871333715 0.7618762783762082 -0.00019538059378719564 -2.8502839265174412e-05 0.00036454553583963457 0.0004248545021049927 0.0 0.015050801993630623 0.24566931745246523 0.7589183640033025 -1.001551108192923e-05 -4.007390230436541e-06 1.811762744736541e-05 1.57210253593081e-05 0.0
0.06285480692413838 0.26831483608952666 0.7620767609073203 -0.00016045019643309133 0.0001245928624434158 -7.59008816307447e-05 0.000272540967026677 0.0 0.01503761943193127 0.2456854182006156 0.7589217561121598 -1.1738651344251377e-05 5.603086528075893e-06 9.215347612858487e-06 2.17902146111555e-05 0.0
0.06283131250937513 0.2683352787755261 0.7621369744358207 -9.652732552175924e-06 0.00011907154734634587 -0.00011031676524553215 9.231095493208075e-05 0.0 0.01502580909045889 0.24569463850961654 0.7589139375753754 -1.0964431027613289e-05 9.296300242732657e-06 -6.788962198339763e-06 1.7342010457293774e-05 0.0
0.06284331504334854 0.2682720745210657 0.7622315506862182 7.4745303889613e-05 -0.000119063611295721 0.00015989937063585883 7.036076418039301e-05 0.0 0.015022004269797305 0.2456944825395886 0.7589159767637682 -3.966486311063585e-06 4.9682945774063205e-06 -4.281759510426294e-06 3.608968818397709e-06 0.0
0.06285033779781939 0.26823852046322566 0.7622676239869884 6.554241565601777e-05 -0.00018144705988032677 0.00019911496318710892 5.780575971969185e-05 0.0 0.015017856152633149 0.24569611892148555 0.7589138507607446 -3.4594429265268074e-06 3.45979440456389e-06 -4.720941355833523e-06 4.3278682425763605e-06 0.0
0.06285725597080716 0.26822017834021533 0.7622887348288307 1.121346285841505e-05 -5.4404825991782434e-05 5.4955583525204696e-05 3.514267701217044e-05 0.0 0.015018976704514997 0.24569755711880573 0.7589142849631494 9.866223781847697e-07 8.633371958750174e-07 -2.7271600913915216e-07 3.07026656318807e-06 0.0
0.06285395132199138 0.26821537459359307 0.762293595882053 -3.378501445134712e-05 2.5249146571061035e-05 -5.8660493488843415e-06 3.44159852017664e-06 0.0 0.015022934387044013 0.24569817299206012 0.7589108026041161 4.704441629620051e-06 -1.7593933426104747e-06 -2.0918265083638829e-07 4.995413754080953e-06 0.0
0.06285172910189175 0.2682141279009852 0.7622967139607794 -2.1919360013604108e-05 2.331040625643601e-05 -4.3918645832051245e-06 6.983421523421539e-06 0.0 0.015024613589532542 0.24570100158719974 0.7589076449405079 2.148249750458978e-06 2.84063633393584e-06 -1.4753826516359567e-06 4.364132808251708e-06 0.0
0.06284902712616454 0.26821167222756354 0.7623017209355915 -5.864134686921606e-06 1.0176519628891516e-05 -9.992633075334026e-06 7.5896042066308654e-06 0.0 0.015025399979655832 0.24570511159726277 0.7589023098678321 -2.136383468942863e-07 6.217782609434189e-06 -6.694693199423277e-06 6.681035380024681e-06 0.0
