0.06331397449149499 0.2793007107354495 0.7645689531113574 0.0 0.0 0.0 0.0 0.0 -0.017030003769289745 0.27970379922245653 0.7638644915239081 0.0 0.0 0.0 7.970113140782043e-07 0.0
0.06332065306887602 0.27929188465415966 0.7645767375818973 6.67857738102795e-06 -8.826081289825538e-06 7.784470539839994e-06 1.353148507572703e-05 0.0 -0.01703104373781141 0.2797050470081132 0.7638615898970171 -1.0399685216634647e-06 1.2477856566883716e-06 -2.9016268909831666e-06 1.7940855019551865e-06 0.0
0.06335267571870105 0.279233653870018 0.7646209732983756 3.202264982503367e-05 -5.8230784141688474e-05 4.4235716478380205e-05 7.983152845792372e-05 0.0 -0.017036469893760002 0.2797000393754005 0.7638235976050901 -5.426155948593664e-06 -5.00763271271687e-06 -3.79922919270248e-05 3.9186737802377326e-05 0.0
0.06338472023159503 0.27920599294274245 0.7645994541914409 3.2044512893972255e-05 -2.7660927275519054e-05 -2.151910693470871e-05 4.748736324140283e-05 0.0 -0.017051554355052803 0.27970438999950925 0.7637928043209735 -1.508446129280111e-05 4.350624108750978e-06 -3.0793284116592545e-05 3.641067616811495e-05 0.0
0.0633766418759601 0.27924548956146766 0.7645600912213144 -8.495001095150762e-06 4.183861946611749e-05 -4.3377111188282466e-05 5.634435320127928e-05 0.0 -0.0170671492557569 0.2797031657840968 0.7637804609074975 -1.5828413316412554e-05 -4.575918302821209e-07 -1.0836020318746576e-05 1.8339240666445907e-05 0.0
0.06336992406187883 0.2792527303407943 0.7645421246012118 -8.095680708452699e-06 8.563839383057641e-06 -1.5698223294298102e-05 2.050261810591558e-05 0.0 -0.017073931965957405 0.27969574084292376 0.7637788319213896 -6.579207059531799e-06 -8.065712339300978e-06 -1.80116473523137e-06 8.948442405700098e-06 0.0
0.06336195619852791 0.27925436071533294 0.764517989468837 -9.562306024353943e-06 -4.611198447451875e-07 -1.8240505156136842e-05 2.447925475338209e-05 0.0 -0.017076840657516964 0.27969338514013253 0.7637744481672947 -1.2992674874884605e-06 -3.89985864555844e-06 -1.453578754446697e-06 7.538929596597652e-06 0.0
0.06335272407147552 0.27921385298364615 0.7644344476440249 -5.186505370330481e-06 -4.753904840346442e-05 -7.338188209176936e-05 9.398642550084057e-05 0.0 -0.017074061326993142 0.27969140692797073 0.7637599822066329 3.3315631792172686e-06 -1.8946368655612688e-06 -1.7150288054204333e-05 1.5070596811632062e-05 0.0
0.06333549868961279 0.2791083793024681 0.7643356515032061 -1.2563560623831917e-05 -0.00011193488869028278 -9.800550637441917e-05 0.00014614314545944134 0.0 -0.017072403351340543 0.27969415913677237 0.7637521915643387 3.9856990024031955e-06 2.558562318500802e-06 -1.2676735164747657e-05 7.932928014224355e-06 0.0
0.06335523632736204 0.27901728945008514 0.7642109399910347 1.854257290567271e-05 -0.00011439361305936636 -0.00012748610177656009 0.00015557761582426415 0.0 -0.017062738369483448 0.2796872329230607 0.7637469276684512 8.096279265838068e-06 -4.309167263630869e-06 -1.110448999346456e-05 1.2497457920053107e-05 0.0
0.06337975272268469 0.27898147269594664 0.7641622304288372 2.8495608355695678e-05 -4.454820379956413e-05 -7.082455948150182e-05 6.341258760758883e-05 0.0 -0.017040272963287133 0.2796935238652984 0.7637329192577831 1.9820581018135788e-05 4.4474369524865495e-06 -1.2006312419269417e-05 2.740231457835453e-05 0.0
0.0633942770139698 0.2789425182252685 0.7641340874556026 1.8471326571787736e-05 -1.9535757415084992e-05 -1.8961316184697155e-05 4.891731793507177e-05 0.0 -0.01702077140385897 0.27969370106797103 0.7637365833938863 2.1707016368117125e-05 9.110183802542933e-07 2.5979697724308725e-06 2.058509792539561e-05 0.0
0.06335710316381785 0.2788889251681008 0.764068754809441 -2.97463640789628e-05 -3.775421485777611e-05 -3.959019055977745e-05 9.555170854346238e-05 0.0 -0.016993840974037493 0.27968889409797415 0.7637304097753247 2.7181120344557286e-05 -4.318622402811429e-06 -2.248085267700772e-06 2.7202729903758038e-05 0.0
0.06327092757865717 0.2788664033471499 0.7640552170367325 -9.047729125005125e-05 -2.4738848803324996e-05 -1.9721917041862216e-05 9.23332113996902e-05 0.0 -0.016957614457711864 0.27968053831512485 0.7637473191833196 3.5193708847186765e-05 -8.495386083925835e-06 1.3466578417616978e-05 4.0873305669335905e-05 0.0
0.06322527273667226 0.27885551383939106 0.7640509038976876 -6.838438721314897e-05 -1.8570631526235742e-05 -1.1400658809729632e-05 4.372510848382406e-05 0.0 -0.016944924034460133 0.27967811334613146 0.7637531190523275 1.6755752477730487e-05 -4.712458219982603e-06 9.227667115545776e-06 1.523845289993824e-05 0.0
0.06317112088498004 0.27884602054191127 0.764052368727036 -5.3624255377559e-05 -1.3757980663567825e-05 -1.3653716203544279e-06 5.205695118392831e-05 0.0 -0.016932010695165558 0.2796665670161201 0.7637568422516731 9.62587689025968e-06 -1.0061427831540187e-05 4.878596743389852e-06 1.6150645483089118e-05 0.0
0.06305021590638629 0.2788250099965358 0.7640296302424635 -9.958165386839703e-05 -1.5699670594299938e-05 -1.8469476869476092e-05 0.00012854927447350614 0.0 -0.016920882052870834 0.27965837662359255 0.7637405079491035 8.590630902569419e-06 -9.04491087284476e-06 -1.5583435959793175e-05 2.1992291158697184e-05 0.0
0.06299250083722777 0.2788162015299734 0.7640303271105211 -6.752743612962679e-05 -9.54746144997183e-06 -1.5011668401163325e-06 6.157113486035431e-05 0.0 -0.016923225143975144 0.27965868864346877 0.7637322191920133 -1.2487910319043288e-06 2.506433086763979e-07 -1.4515568168326075e-05 9.690263135960684e-06 0.0
0.06291977074925097 0.27880253232006214 0.7640336124324183 -6.91754030030474e-05 -1.6608450703668418e-05 -4.177382277208353e-07 6.754472266117418e-05 0.0 -0.016940312225349686 0.27965356346859316 0.7637197411029039 -1.6113551136603297e-05 -3.34562197998402e-06 -1.291867036259643e-05 2.0351576535771983e-05 0.0
0.06287299029112726 0.2787886011659471 0.7640356700232052 -5.098576140090674e-05 -1.563576315702118e-05 9.212758212647878e-07 5.092421940357378e-05 0.0 -0.016945356489140875 0.27964769256185595 0.7637107838584146 -7.914481076139248e-06 -5.530270403808685e-06 -8.802369323236713e-06 1.2327290831602937e-05 0.0
0.06281387529727249 0.2787590364292378 0.7640184261794897 -5.255422179819054e-05 -2.4980598364279073e-05 -9.130097414281349e-06 7.018862454122023e-05 0.0 -0.016940568113183545 0.27964373861136665 0.7637108250018988 4.350793469056072e-06 -4.776250111222765e-06 2.5152917458286798e-06 6.456823767687128e-06 0.0
0.06276403601783466 0.2787402665983083 0.7639968866065644 -4.6475004434805785e-05 -2.1792817433284684e-05 -2.3146709577306795e-05 5.740236380870242e-05 0.0 -0.016936679597471176 0.27964344086781134 0.7637019319511265 6.586506792558942e-06 -1.2006363121116156e-06 -5.60291146591072e-06 9.117271541735069e-06 0.0
0.06273038693703617 0.2787398012906452 0.7639945983071866 -4.0428042055950566e-05 -3.874589837595457e-06 -9.670525824059743e-06 3.163806779554647e-05 0.0 -0.01693631754971888 0.27964919593048554 0.7636895260139244 4.524177119133402e-06 4.691008748543965e-06 -1.2376672159210605e-05 1.4179305835999791e-05 0.0
0.06270288549427683 0.27872390613163534 0.764001982518247 -3.1309209180082945e-05 -1.0288073274176019e-05 6.146320942958843e-06 3.3390252035705434e-05 0.0 -0.016932127203573493 0.2796382789809176 0.7636760871326979 3.296652778702373e-06 -6.546672483961988e-06 -1.631121655021995e-05 1.804947784259725e-05 0.0
0.06267395903423031 0.27868501576459886 0.7640026393104006 -2.251122675351183e-05 -3.32448689663928e-05 8.806648703905656e-06 4.8558606618136045e-05 0.0 -0.016932783843348547 0.2796318259235979 0.7636696110203574 -2.6495781047635225e-06 -8.158672733916227e-06 -8.559542248294064e-06 8.631261587350985e-06 0.0
0.06264461120135549 0.27866952891043223 0.764004737489415 -2.9790304952683566e-05 -2.3819737768843295e-05 4.456039882165553e-06 3.478663091037153e-05 0.0 -0.016918822599167646 0.2796167625687569 0.7636505826808363 9.696452639896503e-06 -1.611889615586485e-05 -1.6731463718708695e-05 2.7698289845404027e-05 0.0
0.06259860583943985 0.27864345208084584 0.7640138388527861 -4.423773861538362e-05 -2.6562976541061164e-05 6.247961612153298e-06 5.126603985712259e-05 0.0 -0.016908798264169037 0.27960314285114396 0.7636228064391124 1.3215317928613582e-05 -1.545513758529202e-05 -2.6180646496741903e-05 3.347939512141009e-05 0.0
0.0625645167194696 0.2786143889897569 0.7640428358933143 -4.117747615598736e-05 -2.8777352418450815e-05 2.3397781689336988e-05 5.4424473260468384e-05 0.0 -0.016896969912597055 0.27958682126246837 0.7635987093294453 1.3465255728341332e-05 -1.571503426418666e-05 -2.623619877461958e-05 3.112467232653321e-05 0.0
0.06253751684045346 0.2785788074418474 0.764059184800755 -2.827337516866914e-05 -3.229410971792169e-05 2.1034001924561522e-05 4.794817724212753e-05 0.0 -0.016889441617563707 0.2795644883440869 0.763569378662389 7.978898542157086e-06 -2.038271848250198e-05 -3.026594050382758e-05 3.695383625896409e-05 0.0
0.06247945637472956 0.2785035099327043 0.7640540517913097 -4.997062982403279e-05 -6.955188596759197e-05 2.7185713927713176e-07 9.400939314768125e-05 0.0 -0.01687582018643876 0.2795023408939972 0.7635053022136296 1.1194076030239475e-05 -5.6721372528202745e-05 -5.918686705498897e-05 9.028918184417848e-05 0.0
0.06244995837422224 0.2784838048178401 0.7640544530793422 -3.506853823568206e-05 -3.599677190938433e-05 -4.96811345365526e-06 3.77612497356052e-05 0.0 -0.01686552445251508 0.2794202802988457 0.7634037490914359 1.0455120684746226e-05 -8.617598307904942e-05 -0.00010000829812335693 0.00013262503550451582 0.0
0.06240200332551531 0.2784462850379796 0.7640359358147261 -4.473622059571811e-05 -3.2581159069646674e-05 -2.059874111808013e-05 6.066681117682365e-05 0.0 -0.016778003699680192 0.279057953416495 0.7631196921532055 7.65718321844414e-05 -0.00032981828379319837 -0.0002666797548294508 0.0004647171051893313 0.0
0.06234615521500012 0.2783681699031653 0.7639603451680097 -5.546919792663017e-05 -6.552932247923097e-05 -7.015188096787752e-05 0.00012316406949124714 0.0 -0.01667039662759396 0.27831988344221364 0.7624953409132199 0.00011658444466587059 -0.0007268132004173186 -0.0006072379181797684 0.0009773427251113045 0.0
0.06227771087269902 0.27822322454450754 0.7637891945892562 -6.913542343399716e-05 -0.00013991022350068067 -0.00016460425420365332 0.00023640452715000234 0.0 -0.016486247525700243 0.27730888072427157 0.7619060596978257 0.00018506647747273158 -0.001055217871859068 -0.000661505930110805 0.0011897125063298562 0.0
0.062189509828512325 0.2779581783142108 0.7635284588328201 -8.714713119900987e-05 -0.00026402227536150924 -0.00026551434934831374 0.00038147132036801123 0.0 -0.01606663692903675 0.27480937626569046 0.7605013544341815 0.0003994912486239309 -0.002367850961836388 -0.0013188024861013074 0.00287075548023588 0.0
0.062135265105192974 0.27763088001377895 0.7632265580616588 -6.347099180155362e-05 -0.00034707364090893437 -0.00031979166190911144 0.00044773719628556677 0.0 -0.015981891846188468 0.272018065421139 0.7586106775936491 0.00016759149750109157 -0.0029663570847047447 -0.0019130360225400054 0.0034187984564835374 0.0
0.062216619092280656 0.27737376458522234 0.7629511375988811 6.449631579189509e-05 -0.0002884610203866787 -0.0002905117451883481 0.00038565420188015667 0.0 -0.016519673757112715 0.268967964897786 0.7559917516258039 -0.00047694378705536225 -0.0031781708158051024 -0.0026380548932130425 0.004025143574142323 0.0
0.06231523257676893 0.27724216032411547 0.7628213109487344 0.00012353290650404474 -0.00013309748681939755 -0.0001372025165501174 0.00020752331049910216 0.0 -0.017477976337180675 0.2669341184186941 0.7535466711395857 -0.001037258486648114 -0.0021891326605306457 -0.002604613797847909 0.003319283276405634 0.0
0.06235125047517609 0.27708524104991716 0.7626688725302502 6.546260367062297e-05 -0.00011093913733566537 -0.00010937183934079529 0.00022045550948794943 0.0 -0.018519715856478648 0.26590756882990807 0.7514404302409423 -0.00118797223699626 -0.0009125423822204765 -0.0021563717391343004 0.0025547758207318384 0.0
0.062390455757661556 0.27693363624391154 0.7624903098066906 3.0272965463927735e-05 -0.00012634055866670173 -0.00015160212502513218 0.0002447961328817583 0.0 -0.01922430869926074 0.26568374623948754 0.7504323267830905 -0.0008053576940326617 6.632418996259173e-05 -0.0010005134949846429 0.0012780673027396226 1.0
0.06247639733253157 0.27682335543130726 0.7623747825581947 5.609062586651813e-05 -0.00012267476635119902 -0.00013539341144037166 0.00018092437891778067 0.0 -0.019513718125242604 0.2652868652137847 0.7502260986527624 -0.0002204891467148884 -9.10032896149448e-05 -2.1610071478589464e-06 0.0005139489033569207 1.0
0.06252565300463042 0.2767638679612626 0.7623016960344475 4.5802967419908904e-05 -8.583593120793569e-05 -9.49023164206976e-05 9.952828831926027e-05 0.0 -0.019414507313298697 0.26519402685335863 0.7501864712570413 0.00025868727220534427 -0.00023416741613392525 0.00018096987337635145 0.0001616963668178838 1.0
0.06253897286457481 0.2767359323743713 0.7622716675721943 2.4031522305702582e-05 -3.4424924260449826e-05 -3.683342006905187e-05 4.321208864124646e-05 0.0 -0.019447340396285755 0.2652172825166899 0.7501903148307167 0.00011954657089200413 -0.00017312043440820398 4.483956468062287e-05 3.0126240335199336e-05 1.0
0.06253635177807414 0.27672615973373926 0.7622477237211798 4.918775522439201e-06 3.790380246746297e-06 -8.738699425382679e-06 3.075027472176846e-05 0.0 -0.019592768709862592 0.2654066187554661 0.7501819429517507 -0.0001639070445718237 2.6010011157830658e-05 -0.000164185655777136 0.00023644617189960866 1.0
0.06252168225569338 0.2767239565375856 0.7622373545995836 -2.226170333069518e-05 8.009719539923098e-06 9.581815379134046e-07 1.7755989964067314e-05 0.0 -0.01962981199435163 0.26546023865154755 0.7501598466827656 -0.00018158297094639426 0.00011480928487755731 -0.000180472626308117 6.628061849159837e-05 1.0
0.06251829859160724 0.27671916760174503 0.7622400229583817 -1.3987517307892039e-05 -1.1369215134052912e-05 -7.441813428184929e-06 5.030830731322515e-06 0.0 -0.019686712677694635 0.26557585168787196 0.7500519508626404 -0.00013479146030818305 0.0001589921000419406 -0.00017436125510444152 0.00016321705905794756 1.0
0.06251603128362933 0.2767167245533422 0.7622445378886665 4.065647886158408e-06 -9.750515003591713e-06 -2.5136071803091723e-06 4.793021919318228e-06 0.0 -0.019710496139002335 0.26564005131636254 0.749996932713436 -2.1817482636376107e-05 8.409874751352179e-05 -2.5843728669995656e-05 9.451451257616334e-05 1.0
0.06251554654102512 0.27670961242643194 0.7622509715350472 9.180248776372871e-06 -8.544230005945935e-06 7.564588666578127e-06 1.0176521799250081e-05 0.0 -0.019732105733333113 0.2656721037261101 0.7499800806842972 2.8030142981667048e-05 -4.117611155751374e-06 2.7002455765790054e-05 4.5825915293048374e-05 1.0
0.06250685029507107 0.2767008408797549 0.7622532161186356 -6.834102831716703e-06 -7.979370666856949e-06 4.11085336730633e-06 1.3275346394089421e-05 0.0 -0.019751467996145015 0.2657039078757919 0.7499669483807886 1.383627794330339e-05 3.862617213574657e-05 1.1847235177651737e-05 3.656374643226353e-05 1.0
0.06250130605828143 0.27669334618168084 0.7622619137115457 -9.24570073996397e-06 -6.881463797026884e-06 7.988981945070278e-06 1.2305013170875264e-05 0.0 -0.0197721050114651 0.2657293307357261 0.7499463795781581 -3.6122521642605824e-05 3.562672057611805e-05 -2.1202339823420263e-06 3.6764451215571094e-05 1.0
0.06249482669074997 0.276691873553352 0.7622649516441015 -9.029632181681542e-06 -1.1152170521983636e-06 3.1830810838318212e-06 7.145161548269005e-06 0.0 -0.019782956774363692 0.2657444950227851 0.7499286370509742 -2.2404915854522888e-05 2.7834646878427978e-05 -1.6475143273724665e-05 3.045799981040511e-05 1.0
0.06248464498494843 0.27670162065780707 0.7622583417100637 -1.0637768300772798e-05 9.939381943512976e-06 -4.77792356809094e-06 1.5547654702728014e-05 0.0 -0.0198343518273911 0.26585505508658924 0.7499623691188807 -3.9776513967158784e-05 9.221967722263994e-05 1.7570656165606824e-05 0.00012011290291618097 1.0
0.06248240530670741 0.27670378042921934 0.7622606180094302 -2.6285428550693572e-06 5.918096439926562e-06 7.88810566314945e-08 4.43858671000073e-06 0.0 -0.01993591172958355 0.2660615533810188 0.749992927234502 -0.0001011536895147751 0.0002130258446314414 2.8220214898559916e-05 0.00023673515618746494 1.0
0.06247893608720235 0.2766898701635064 0.7622666275182749 -2.100115673183288e-06 -1.1102911353297652e-05 5.474152293063896e-06 1.4809347895533257e-05 0.0 -0.02006223378150717 0.26640690363327074 0.7501156505682658 -0.00013259744381701407 0.0003481368830843878 0.00011917156904565496 0.0003871136057489433 1.0
0.06244732661795505 0.2766796690122026 0.7622694317819064 -2.6833794453523616e-05 -1.4894792848374266e-05 4.96843637179528e-06 3.3648150320708396e-05 0.0 -0.0198669789367628 0.2664670201549042 0.7504476765974386 0.00013955434371943013 0.00013095929838242244 0.00031815656471578753 0.0003899533746863636 1.0
0.06239787848642151 0.27667813383167933 0.7622667303264186 -5.1244818715950936e-05 -5.881700164012043e-06 -8.934106182791033e-07 4.991562539263357e-05 0.0 -0.0193173220670786 0.26637685504611175 0.7512516682227018 0.0005449814234208271 -0.00010011154590729694 0.0007734206025548663 0.0009689561647078761 1.0
0.06235195648233095 0.27668057389266376 0.7622594720042839 -5.2507338048510744e-05 3.25222114135832e-06 -7.198336810068078e-06 4.635733275434819e-05 0.0 -0.01895070011110031 0.2662894386609244 0.7518540205734813 0.0004896593765310399 -0.0001613724078696497 0.0007180343000562129 0.0007340302943304594 1.0
0.062291745891051166 0.27667188770849344 0.7622437203800007 -6.049254982700902e-05 -3.03705740683723e-06 -1.7312263416949765e-05 6.184398003982447e-05 0.0 -0.018422282256346574 0.26606019905128503 0.752576881419573 0.0005305246827505479 -0.0002500445568637518 0.0007261023240337531 0.0008981170301618065 1.0
0.06218301175066509 0.27664390949737006 0.7622370663102488 -0.00010113744624708657 -2.4347932232036438e-05 -1.0513942188479738e-05 0.00011327038145528303 0.0 -0.017548847058046064 0.26550470750780386 0.7535929608073119 0.0007959959044072029 -0.0005099940204864916 0.0009434801246424912 0.0014537842514530048 1.0
0.061990670681951174 0.27661513000997745 0.7622572634366881 -0.00018435785451921855 -3.4242139032123184e-05 1.803953547288813e-05 0.0001961315079866434 0.0 -0.015555607172005008 0.26373952825790326 0.7556365607912392 0.0018385361070279024 -0.0016124663607226515 0.001891277515973137 0.0033636124255667374 1.0
0.06190071138941132 0.276601661496378 0.7622806204123828 -0.00012064392059862942 -2.0408373288241347e-05 2.902112210813489e-05 9.566697356366496e-05 0.0 -0.01452227709140332 0.26253132564230813 0.756735908149138 0.0013486734652601582 -0.0014714685790242924 0.0013935530604032192 0.001990219883613802 1.0
0.06180694648936944 0.27658939875745847 0.7622906811476181 -8.971379616977749e-05 -9.54037189667842e-06 1.6657908286718854e-05 8.881056950794474e-05 0.0 -0.013288839307813697 0.26086064048476115 0.7580471342715484 0.0012262175666301798 -0.0016791549351804333 0.0012896881221175637 0.0023309314640399185 1.0
0.0617482144187278 0.27657052314639596 0.762280222910182 -4.740120538235063e-05 -1.2576179305285419e-05 -9.452025280509808e-06 6.65089486100245e-05 0.0 -0.012018904355760845 0.2592463139585891 0.7589635871733903 0.0011575527270574835 -0.0015882871375543911 0.0008855837239960646 0.0023130547897005737 1.0
0.06165855143086921 0.2765172873019333 0.762227032892515 -6.839055413320186e-05 -4.6945692760948526e-05 -5.5164958076713534e-05 0.00011867367441977653 0.0 -0.010551135488568886 0.25767456594610955 0.759779588720811 0.0013214672450312544 -0.0014846000104980373 0.0006645207735909691 0.0023366211062171775 1.0
0.061584933671378767 0.27643973384660886 0.7621455760033757 -7.824141885632798e-05 -8.168608308302007e-05 -8.941028785918218e-05 0.00013448870103625364 0.0 -0.009075194275753422 0.256184599891974 0.7605665737622198 0.0015006051320270576 -0.0014360736868316913 0.0007270210279699124 0.002217473220758107 1.0
0.06150146643737534 0.2763182882229087 0.7620323395295143 -9.510247238455558e-05 -0.0001256998928341565 -0.00011662580892110575 0.00018234482227642005 0.0 -0.006610006431631653 0.25320776564324915 0.7612432537725854 0.002432586860498123 -0.002769283525050904 0.0007529325057835432 0.00386967032473397 1.0
0.06141291345154486 0.27621173826292666 0.7619732407514985 -9.706636612076756e-05 -0.00011753073786250338 -6.973422188808329e-05 0.00015343344157612448 0.0 -0.003629627566453921 0.249334250639977 0.7614314212138865 0.003115772253738834 -0.004001302034024767 0.00033695182881642374 0.004981436249667873 1.0
0.06126964043134647 0.27604182769161884 0.7618583396425183 -0.00013054325158740675 -0.00015936904785463592 -9.709830776770468e-05 0.00024659084425666987 0.0 -0.001848757540853117 0.2471127807835462 0.7610408322365927 0.0020520649905609346 -0.0027270627481280644 -0.0004150826384139879 0.0028522237709156604 1.0
0.06119947010963636 0.2759320236351376 0.7617504207569732 -8.813242437866047e-05 -0.00011997211616060667 -0.00010451381743054883 0.00017527226708127336 0.0 -0.0006899692259006124 0.2460270027330018 0.7602560228058886 0.0011346318791268485 -0.0011660225248329454 -0.0008393803299497108 0.0016739248799868217 1.0
0.06116512241846349 0.2758934453258805 0.7617030470314347 -3.348224190800665e-05 -4.175041479181478e-05 -5.727263469299622e-05 6.575170046354352e-05 0.0 0.0011896657873289923 0.2456699229664561 0.7595603514184532 0.0014542387674907832 3.201274962260758e-05 -0.0008484104109980288 0.002083385252179934 1.0
0.061138127708066876 0.27586117442684865 0.7616789863655585 -1.5099125884626507e-05 -1.5352723123936752e-05 -2.271766086820271e-05 4.6403449959027485e-05 0.0 0.002118132330172187 0.24542181132063307 0.7586486943853255 0.0009666479370108627 0.00019605736565408136 -0.000868664087364492 0.001436704732678326 1.0
0.06111950842085962 0.27584408702247903 0.7616650400771946 -7.750847596061587e-06 -6.579351789979863e-06 -6.2673320945642365e-06 3.332430955853547e-05 0.0 0.0024200922674085046 0.2452431878100418 0.7581639133699529 0.0003962196789247859 -0.0001325814744578349 -0.00046879916073765484 0.0005130656151607648 1.0
0.06110183550632223 0.27581385279657905 0.7616385710513807 -1.8047278883445063e-05 -2.8421504934893354e-05 -1.879768738683726e-05 4.506738988155001e-05 0.0 0.002930632563805211 0.2450961422396295 0.7577387041341976 0.000507495965070809 -0.0004779816209447747 -0.00031385973287213927 0.0006214756225213871 1.0
0.061073222454807945 0.27576973177687547 0.7615989717711718 -3.5626101780184664e-05 -5.242201519178467e-05 -4.0034658812103683e-05 6.156048638157908e-05 0.0 0.003587205135338807 0.24487430359439732 0.7575469267313719 0.0006290428241331521 -0.00044795247760463786 -0.00016558162915796253 0.00079666355778725 1.0
0.061046955139744404 0.27575059155210613 0.7615783854478274 -3.6563973617415174e-05 -3.8365854181925607e-05 -3.828935692252936e-05 4.018355694483089e-05 0.0 0.004681290865675893 0.24448635373276334 0.7573628198768246 0.0010205569194399757 -0.0003420204086662655 -0.00017036874055151232 0.0011732345528756433 1.0
0.06102456607837073 0.2756883721538799 0.7615213231855384 -2.05546801805467e-05 -5.27012189897707e-05 -5.396362634899063e-05 8.600799829574563e-05 0.0 0.005098455215344059 0.2440697587347394 0.7571107957311555 0.0006846201866922152 -0.0003883829168561449 -0.0002609865983857927 0.0006220924820317312 1.0
0.06101289383964949 0.275600418815846 0.7614391524965747 -1.0743772638571072e-05 -8.259092358663704e-05 -7.720918784840443e-05 0.00012271316968183435 0.0 0.00571642341409497 0.24355614174621054 0.7564010785648874 0.0006454473529475099 -0.0004828466193434141 -0.0006894057666292998 0.0010482783642396711 1.0
0.06101576338464215 0.2755711261747654 0.7614293759989353 4.1425642898916575e-06 -4.369874291106285e-05 -2.4107749685752277e-05 3.269793820281805e-05 0.0 0.005934496536330399 0.2434505482343547 0.7562042988040043 0.00012780586965538258 -0.0001695546558515663 -0.00038849331146651746 0.0003560807232098379 1.0
0.06101746478939877 0.2755515475383748 0.7614244323478363 6.585970428531185e-06 -1.5578316309973723e-05 1.8738919786267742e-06 1.4957524137374066e-05 0.0 0.006296072500802204 0.24340844747212084 0.755935465037171 0.00020961677076064523 2.135523695901483e-05 -0.0002339226312241577 0.0004237798958587702 1.0
0.0610114419479776 0.2755223584501882 0.7614167244856954 -3.7214704903450094e-06 -1.8489944711481107e-05 2.976249303647545e-06 3.31980436875833e-05 0.0 0.00667118434594682 0.2434489761950539 0.755590497114716 0.00038005629746258357 0.00010797330125271259 -0.0002748854752832289 0.0005248362152001267 1.0
0.0609847804711139 0.27551090559955643 0.7614045170449418 -2.7100856818201995e-05 -9.121092316708917e-06 -6.898108860444595e-06 3.515693634934591e-05 0.0 0.0069294138576715975 0.24349827019660997 0.7552908947178718 0.00034325637693249076 7.524931187723244e-05 -0.0002613074324092941 0.0004019211394771701 1.0
0.06095600728131595 0.27551278675957996 0.7613920072863879 -3.449898197048666e-05 5.469143541191978e-07 -1.6024278036006864e-05 2.8261701708009033e-05 0.0 0.007235878020439296 0.24357836422350088 0.7548979450970791 0.00034062706503823465 4.726494218486809e-05 -0.0003863558804658045 0.0004973423093836527 1.0
0.06092620038717693 0.275508773097827 0.761391490135877 -3.3510809126282796e-05 -8.146531293124678e-06 -1.21473564894498e-05 2.849580775520184e-05 0.0 0.007526077919378366 0.24369835643481533 0.754500271363915 0.00025857033734220654 7.585755591399163e-05 -0.00044496682272895406 0.0004962982892119776 1.0
0.06088612756264229 0.2754917937336806 0.7613955773717213 -3.760395522019007e-05 -1.67847156125908e-05 2.4007347582961615e-06 4.5801502801854165e-05 0.0 0.007751748913732896 0.2436518941718449 0.7542281725110384 0.00024230427008190187 -3.7813172034781805e-05 -0.0003259114557052612 0.00037774026014770644 1.0
0.06078573806107286 0.2754527901578259 0.7614060680850866 -8.981846559294751e-05 -3.5126201397679054e-05 1.7420254979622884e-05 0.00010780599138518 0.0 0.008639646297682475 0.24340690639891555 0.7540247663339045 0.000762822681044737 -0.00021571614236876258 -0.00015614158088221965 0.0009212616475201545 1.0
0.06066695162097373 0.27539884786054974 0.7613748679150766 -0.0001238951987244081 -5.855653002366993e-05 -2.3034666036752433e-05 0.00013531476019728998 0.0 0.009260969709200916 0.24353402576204697 0.7537668918213584 0.0007610978697985034 2.6305436776591227e-05 -0.00022520032952964896 0.0007118778757198012 1.0
0.060550311870104616 0.27533403291458597 0.7613345187607686 -0.000126907763448685 -6.959451827498583e-05 -4.538761256749714e-05 0.00013811615959821274 0.0 0.00973020078589233 0.24370390548244208 0.7534359557810955 0.0005325429328720637 0.0001917171548736165 -0.0003169061997266131 0.0005789347528366819 1.0
0.06018498075438589 0.27503667207782895 0.7610936018101007 -0.00033249972711038735 -0.00026498987612894775 -0.000220724980099353 0.00052439739878184 0.0 0.010302290845938812 0.2439303124382093 0.7526988766207021 0.0005023175490062193 0.00028137779286813375 -0.0007034148042234115 0.0009484550223438651 1.0
0.06007351163734207 0.2749378602041145 0.7610154471151033 -0.00017599933560854858 -0.0001569094253778343 -0.00013178689850784332 0.00018549634348798526 0.0 0.010658376265199752 0.24418698184034232 0.7522003415149877 0.0003319804917465852 0.00030052145450035824 -0.0006227722091434241 0.0006973812381332484 1.0
0.05998734905734615 0.2748645218513998 0.7609818650986013 -7.679962419116057e-05 -7.397599062168414e-05 -3.717018774673019e-05 9.575842414701777e-05 0.0 0.01090299157368332 0.24437453834488138 0.7517171177319903 0.0002058338103366528 0.00019718366383435722 -0.000503780570108078 0.0005570161502814985 1.0
0.05991303225320518 0.27473062898027334 0.7609600314973225 -4.028142991104718e-05 -9.600856067991761e-05 7.419659225044213e-06 0.00015820420353744173 0.0 0.011025224050699906 0.2443869715614265 0.7512621312451299 0.0001244020774596621 -1.638666656564959e-05 -0.0004081211809746251 0.00045624497056417793 1.0
0.05988613618459045 0.27465826533070825 0.7609424545483899 -1.0525247513324962e-05 -6.581773050282434e-05 8.824294240830786e-06 9.584280021561606e-05 0.0 0.01091921205008131 0.2443975558261012 0.7510364204283256 -5.056068163000841e-05 -4.911845771269027e-05 -0.00020331326595605028 0.0002716935728827705 1.0
0.059871830692370655 0.2746049225982817 0.760930918318471 -9.736698535629354e-06 -5.252721738140458e-05 -9.783030765266736e-06 4.893430827296465e-05 0.0 0.010950737095395758 0.24442751126019993 0.7510663139812942 -4.2062327037831106e-05 2.3716255366112467e-05 4.171598252922812e-05 4.798399963286664e-05 1.0
0.059866545038030204 0.27455661983888335 0.7609164069349073 -2.1747871173905483e-05 -5.765307384398715e-05 -3.0190044733934944e-05 3.921016604327032e-05 0.0 0.011180163414492328 0.2448139723839036 0.7510760908201134 0.00021120141521184846 0.00034454575624456553 5.241741705287921e-05 0.00043425851539167685 1.0
0.05985602810087211 0.274507503828626 0.7608825099617932 -3.0501480211133307e-05 -6.124171815436487e-05 -5.17898210213218e-05 7.257032288190821e-05 0.0 0.011455895614435916 0.24523461636865004 0.7510317545075679 0.0003445551702138726 0.0004944674948927953 -4.3632079282781395e-05 0.0005314011032966253 1.0
0.05984576718196333 0.27447598772533166 0.760850953144911 2.36276483728319e-06 -1.981618047835061e-05 -2.5386562151001303e-05 4.377466072333998e-05 0.0 0.011770264540831788 0.2456450433360957 0.7508881135021895 0.0003571696016899118 0.0004788448134355734 -0.00014638685007471828 0.0005220797172354388 1.0
0.059844141424793156 0.27444727970622 0.7608119566361294 -7.230658447668199e-06 -3.1624742084091626e-05 -3.786646038521372e-05 4.535459743088306e-05 0.0 0.01201310580473297 0.245925478633116 0.7508813246449934 0.0002656334957877142 0.0002968057265466921 -9.002655402613421e-05 0.0003621482756941968 1.0
0.05983523147754154 0.27442146515876586 0.760780426675321 -8.233693600483337e-06 -3.078379394946158e-05 -3.2845246844182886e-05 4.36922598607956e-05 0.0 0.012215239567708907 0.24611168821565005 0.7509156657993072 0.00016561637141417111 0.00013337894227036478 1.4113377563448339e-05 0.0002821898742984883 1.0
0.05983282879503994 0.274394151021633 0.7607474991048165 -4.249133101186898e-07 -2.2578349222080114e-05 -3.0303081204023236e-05 4.2836792750612017e-05 0.0 0.012356190299042029 0.2462016609442985 0.7509856391933117 9.544782930350789e-05 3.865702277106983e-05 0.00010771671414496121 0.00019130833110632297 1.0
0.05980495752618465 0.27432949439182497 0.7606893737433966 -2.298093337574653e-05 -5.946926774898677e-05 -5.1847884658737874e-05 9.07661211695656e-05 0.0 0.012575927884630125 0.24631521013189098 0.7508491278254593 0.00019501340547075526 8.077449011001062e-05 -6.506383189158391e-05 0.0002747795041959199 1.0
0.05974422418991861 0.2742898616470306 0.7606537303196016 -5.901671566118661e-05 -5.012469653215952e-05 -4.2106375116978623e-05 8.220698139348753e-05 0.0 0.0126435365357167 0.2463472865422996 0.7506804136939838 0.00010936265232785417 7.287522066003482e-05 -0.00019333021273627797 0.00019082788461544626 1.0
0.05966789717981322 0.2742559233897267 0.7606280152607646 -8.235139686429183e-05 -3.6484772579816106e-05 -2.839086147734901e-05 8.576354149423084e-05 0.0 0.01264298202021938 0.24631438187753535 0.7505504422398375 1.020853915388394e-05 -9.47550124930389e-06 -0.00018403589979847697 0.00012538178438796732 1.0
0.059545403493834456 0.27420593970230583 0.7605776123063304 -0.00012215200402384475 -4.278680061867822e-05 -4.309374998676541e-05 0.00014084210996814794 0.0 0.012677890371693727 0.24628372132207701 0.7503936356494391 1.4531461140781566e-05 -3.21372245920978e-05 -0.00016681860082422468 0.00016399718617290753 1.0
0.05943477443634458 0.27418151972084165 0.7605607645906162 -0.00011831774567632995 -2.5913437992868632e-05 -2.2064375175936468e-05 0.00011778076255468232 0.0 0.012752612962360915 0.2462985299675183 0.7502657964739292 5.959837096870089e-05 -8.145526233906478e-07 -0.0001062413559417316 0.00015486812926480042 1.0
0.05929698363815627 0.2741355453416703 0.7605472897191039 -0.0001331458653933436 -3.991650391757557e-05 -1.1410175540451066e-05 0.00014312495719570863 0.0 0.012862158887362436 0.24629075219737892 0.7500636685968122 0.00011895740297186537 1.6912365175372258e-06 -0.0001665316188734511 0.00022850393051663653 1.0
0.059132647509945395 0.2740657769916308 0.7605604629352984 -0.00015786272514765033 -6.887442571502018e-05 1.1158380390193408e-05 0.0001789673633254153 0.0 0.01287039641480863 0.24626657641970082 0.7498915094666799 4.721910270663249e-05 -1.3268273301583603e-05 -0.00017938078755940734 0.0001724354791102154 1.0
0.058932563998473846 0.27391098419821047 0.7606429982172659 -0.0001979288350341582 -0.000150698742990127 7.623677428277354e-05 0.00026761256269604083 0.0 0.012814199904579625 0.24623723880304513 0.7497541357773352 -4.7109857860452446e-05 -2.547097690042836e-05 -0.00016241668501740838 0.00015036962842822964 1.0
0.05861355102436721 0.27361217096263357 0.7607076985624452 -0.0003095151682541561 -0.0002925079370163937 8.094452900407202e-05 0.0004413615862206967 0.0 0.0127799573436838 0.24624099048494938 0.7496591172192618 -7.565029745328382e-05 -1.3087107721546383e-05 -9.531859073373048e-05 0.0001018518303086585 1.0
0.058153180573652645 0.27318982981026363 0.76079895805119 -0.0004607774349026895 -0.000435344845373531 9.098334095014608e-05 0.0006317127608144566 0.0 0.012777277160589068 0.24624528166358792 0.7496001159591947 -2.3812199715506572e-05 1.5709610066356416e-06 -4.675802357025308e-05 6.00954400731885e-05 1.0
0.05755812810342788 0.2724627893615839 0.761028883020107 -0.0006089138608722691 -0.0007161474425407498 0.00020709601084591765 0.0009659561641319691 0.0 0.012784247910266886 0.24625117281803505 0.7495597660571544 2.0879830697975482e-05 1.2995439780415359e-05 -3.0921104485645746e-05 4.192419576806345e-05 1.0
0.05672130346745835 0.2711808447083571 0.7610794875450203 -0.0008320385663972197 -0.0012496173827070836 9.240184922412059e-05 0.0015311344356820963 0.0 0.012776688771057131 0.24624530526523022 0.7495050581840533 1.7217005173528748e-05 1.490073096024343e-06 -4.876230644269318e-05 5.381819852921617e-05 1.0
0.055822496935279214 0.26971035139626787 0.7611847550473134 -0.0009281473730823612 -0.0015396958579331685 8.427190152081501e-05 0.001735291519444216 0.0 0.01275905832744141 0.24622924925748782 0.7494811136596702 -9.743741156106165e-06 -2.0054369969326115e-05 -4.063277678055839e-05 3.584662490223122e-05 1.0
0.054059533553735085 0.26678233883986874 0.7606252060252605 -0.0016566836251650562 -0.0027923242774137804 -0.00047914978585798996 0.0034369009542654337 0.0 0.012745198085193627 0.24620945772396866 0.749469416954288 -2.8956317368045037e-05 -2.6293845304178935e-05 -1.6175839847644988e-05 2.4620040744887354e-05 1.0
0.052643233216323186 0.26446495811653964 0.7605417800606831 -0.0015712721355796069 -0.002598328245887207 -0.0002480810214803069 0.002774852129824531 0.0 0.012745836336996738 0.24617773936524284 0.7494458605188798 -1.0624008385326698e-05 -3.268866874118164e-05 -1.9356527115893356e-05 3.9751376115061845e-05 1.0
0.05140736982816935 0.26248499429032834 0.7605707913383473 -0.0012898611453122694 -0.0020487861039787626 2.0243493260312943e-06 0.002272061665053577 0.0 0.01274409749472616 0.24614236036240808 0.749414026767035 2.7816276559453174e-06 -3.374302978944315e-05 -2.8615083400858874e-05 4.9116926078003896e-05 1.0
0.049401940703662335 0.25938741117633324 0.7600767015685613 -0.0018100860904768303 -0.0027558743439455385 -0.00033469402766683846 0.003704028182542024 0.0 0.012744795909319371 0.24609515732587145 0.7493713295372069 6.14566173425102e-06 -4.547711216432447e-05 -4.2902170934745786e-05 6.317199162351432e-05 1.0
0.047330349945461335 0.2564186260065308 0.759701560457194 -0.0020720772966533944 -0.0029704439397350247 -0.0003852228108356336 0.0037387006296799694 0.0 0.012738677868686253 0.24604955239792276 0.7493401884573022 -3.6955842087233315e-06 -4.6449002262063247e-05 -3.7761136673897677e-05 5.497912499012442e-05 1.0
0.04497213907415863 0.25310955715877376 0.7594332319149556 -0.0023897396505091545 -0.003338544431748486 -0.00032609593822742196 0.004026511602123743 0.0 0.012733988718311032 0.24601839279420912 0.7493179180025482 -8.146159779162963e-06 -3.371425785967311e-05 -2.45687005711364e-05 3.868583358737036e-05 1.0
0.04365056453857926 0.2514894120996056 0.7594520384007682 -0.0015602931845944568 -0.001976287373720818 -3.520074504931371e-05 0.002058866933003671 0.0 0.01273111241142336 0.24599928540031865 0.7493060144264821 -5.608981028436011e-06 -1.784088409374203e-05 -6.832310513053683e-06 2.264845250770194e-05 1.0
0.0416416779279996 0.24918771643006862 0.7590414735261212 -0.0018108842420233044 -0.002046020998600552 -0.00031077724042811376 0.003053084023310541 0.0 0.012732639367744589 0.24598362200635132 0.7493037749741553 1.4484942748611394e-06 -1.1431080083614264e-05 1.6610293287668083e-06 1.618453487157932e-05 1.0
0.04060801460683829 0.24819492920966993 0.758821191741171 -0.0010444522947278669 -0.0009398876582102241 -0.00020383477792197338 0.0015664381321448492 0.0 0.01273747663579081 0.245972375843669 0.749302780883041 6.658831483777783e-06 -9.799622556071665e-06 6.351046273246567e-07 1.2653143374509448e-05 1.0
0.03942905571890584 0.24709062441210045 0.7582346658188619 -0.0010512096031953747 -0.0009316758458991089 -0.0005671599066679158 0.0016333172900061688 0.0 0.012742060222703458 0.2459651880013238 0.7493003465790399 5.918397295102445e-06 -8.31752535650012e-06 -3.2156291575047156e-06 8.420169807848674e-06 1.0
0.038404483681253127 0.24619002990340585 0.7573654387031746 -0.0010706712183604348 -0.000989444838890225 -0.0009319785147232034 0.0016344517074449298 0.0 0.01274839748564807 0.24595347087378286 0.7492925626313217 6.401125469321816e-06 -1.3228348734322272e-05 -9.713863517970108e-06 1.5197792852595504e-05 1.0
0.037867223802957616 0.24571684299421492 0.7566176465029207 -0.0006354915025137116 -0.0005973734000144578 -0.0008290738178315678 0.0010432523154360238 0.0 0.012752582745941581 0.24594185426765008 0.7492848557240427 3.6453238374484455e-06 -1.3221069771618476e-05 -9.742389403870595e-06 1.4916212807064672e-05 1.0
0.03748665333851606 0.24524855211175264 0.755761144185547 -0.0003720130646112105 -0.00048200244405669944 -0.0008318360191119077 0.0010443242464649827 0.0 0.012757527537274249 0.24592964191412564 0.7492805890097937 4.1271130966337415e-06 -1.2477905849719754e-05 -5.8600246336236e-06 1.3735180570613356e-05 1.0
0.03722669781977144 0.24488536523588567 0.7549220127497589 -0.000190993848161554 -0.00030810123183976513 -0.0008016056682214267 0.0009271041578961005 0.0 0.01276167373327122 0.24591420541474956 0.749281077809399 3.911516232484609e-06 -1.5005738370244669e-05 9.652408768012645e-07 1.5816216469288328e-05 1.0
0.037043837539160254 0.24461789840091494 0.7541765692677873 -0.0002169883664077609 -0.00033533925200634855 -0.0007426993915973469 0.0008586657915627431 0.0 0.012773568195429734 0.24589527653044238 0.7492691894879677 1.091942062478026e-05 -1.8721451677718708e-05 -7.760529317840764e-06 2.548409479653351e-05 1.0
0.03689287203400914 0.24432396564975206 0.7535122987476228 -0.0001178669866485143 -0.00022761288041426523 -0.0006285807955796383 0.0007093166993046075 0.0 0.012777275504045104 0.24587525133922578 0.7492662410706096 6.136839268077158e-06 -2.0080884850716903e-05 -4.804589220869847e-06 2.0957033127402954e-05 1.0
0.03681088773574275 0.24404841153039825 0.7529654824899625 -0.0001482624513868139 -0.00031953643396415035 -0.0005647881133867276 0.0006207961830706548 0.0 0.012780253026983728 0.24585829957123315 0.7492550736814002 2.953066820942042e-06 -1.7587023342463168e-05 -1.0608683524636474e-05 1.9868745044947164e-05 1.0
0.036788787609687845 0.24360676320252944 0.7520802244610003 -3.616323365501881e-05 -0.0004186827430916755 -0.000823860757591531 0.0009951549457024428 0.0 0.012781539146473009 0.24584332750287372 0.7492529660336137 5.790095886986458e-07 -1.4924290897117365e-05 -4.591577537800894e-06 1.5364652293791288e-05 1.0
0.03678024593991133 0.2433950400221868 0.7516400073139708 2.1270840858363506e-05 -0.0002535836516607805 -0.0005371876620668533 0.0005015006829147668 0.0 0.012783153448607136 0.24583738233667493 0.749251566048657 4.4862313948993445e-07 -5.945485212956455e-06 -5.515506863092907e-07 6.529008669109753e-06 1.0
0.03675312147553731 0.24294933021232656 0.7510451096240458 -1.536801581099572e-05 -0.0004072500579955713 -0.0005748703288145754 0.0007144778298681471 0.0 0.01279235684099931 0.24586026050204618 0.7492105582805199 8.073248463560199e-06 2.0726231275709898e-05 -3.3700758730595285e-05 4.7264204869762864e-05 1.0
0.036824398175955876 0.24247043986497918 0.7506937473213054 5.495600935312477e-05 -0.00047221751859377966 -0.0003715064364721623 0.0006174177986582514 0.0 0.01283098422427835 0.24593240733872643 0.7491181014292023 3.62552984548202e-05 6.997731533399447e-05 -9.03008161460337e-05 0.00012422730914408097 1.0
0.03690583012968829 0.24191566372803386 0.7503915930060934 8.507268812776896e-05 -0.0005566349211053297 -0.0002675285841562127 0.0006379724148017314 0.0 0.01283903873308609 0.24602675497166956 0.748975328809982 1.8309467564505e-05 0.00010097391310639991 -0.0001487757150741444 0.00017222546102126034 1.0
0.0369166150501122 0.24094517067137453 0.7502761706913802 2.902072401129264e-05 -0.0009343177952903987 -0.00011048844664150357 0.0009708154817927324 0.0 0.01281786567558495 0.24605770129234208 0.7489049904267973 -1.824434765786977e-05 4.791446802042521e-05 -9.410603360101595e-05 7.906043357407658e-05 1.0
0.036795268876788946 0.2407486907907351 0.7503042692736314 -0.00010669119143677793 -0.00037057637403688985 2.5500904042278995e-05 0.00024382398001032105 0.0 0.01281233749841266 0.24605585963452162 0.7488952056100401 -1.6333846859135925e-05 -6.723425076766094e-06 -1.1339880409159988e-05 7.701716952781685e-06 1.0
0.03652656913383861 0.24044961422717248 0.750399016597002 -0.0002782692815355574 -0.00021528004957730183 9.174901335214872e-05 0.0003884074375747219 0.0 0.012820800137462701 0.24602688571214743 0.7489242371557842 1.666077077214865e-06 -4.450920290991552e-05 4.9796737782184754e-05 4.38830166514142e-05 1.0
0.0363225561050479 0.24075745633524284 0.7505827397482158 -0.00025873679517850315 0.00032986233791297564 0.0002043791905415145 0.00042766326253123926 0.0 0.012701873136553986 0.24607286276934018 0.7487722038116262 -9.698646463601618e-05 2.1416639170552836e-05 -0.0001038977339204046 0.00020198355293027801 1.0
0.036412990955603464 0.2412432265697566 0.7508597903351827 4.327370050342789e-05 0.0005624814057485889 0.00024966779204766895 0.0005813820182626717 0.0 0.012516196308996332 0.24600023179378938 0.748703157012502 -0.00018688050416097062 -4.3261901899757e-05 -0.0001059740248955615 0.00021287267145903843 1.0
0.03660462937832994 0.2418978554713203 0.7506629363944375 0.00025209616933360697 0.000695325388548949 -0.00011915473803584224 0.0006955268845146955 0.0 0.012720181328871745 0.24598653410001958 0.7487874145094745 0.0001276248771263869 -1.7715705171493527e-05 3.714693909133078e-05 0.00021342129515951032 1.0
0.036676432769068644 0.2425474430109687 0.750530363624422 0.00016559137848870748 0.000633542144471546 -0.0002148805819316366 0.0006576683036092859 0.0 0.012798783390313912 0.24596792969022716 0.7488597551433868 0.0001387851476885335 -1.6295797167584878e-05 9.24412480222323e-05 0.00010993854236575386 1.0
0.036725953545359506 0.24275244055635944 0.7503580321115525 5.1847165990728724e-05 0.00020456376099666526 -0.00021745589222820156 0.00028815394492034323 0.0 0.012813069973228751 0.24593940784946353 0.7488756922251119 6.096687604262464e-05 -2.9168711994621656e-05 5.8252112365157296e-05 3.693270228958428e-05 1.0
0.03677092019999575 0.24285743975463284 0.7501870664042557 -1.2568645476022957e-05 4.0072817762555526e-05 -0.0001760879443064415 0.000187584254449678 0.0 0.012821552826835551 0.24594240335340728 0.7488722790029977 3.6244551752848313e-06 -1.5341683600795254e-06 2.708150337475909e-06 1.1421927257275626e-05 1.0
0.03685059407048691 0.24276370696967473 0.7499101856642152 2.438018499912521e-05 -0.00017857102353416294 -0.0002281172449919753 0.0003184045864705426 0.0 0.012828172040817327 0.2459517497680465 0.7488554943681084 -2.881341057814489e-05 1.445264526279016e-05 -4.1374384827751554e-05 2.0171519687483308e-05 1.0
0.03676149890859133 0.2419732175775567 0.7498958953225349 -5.7579401555673735e-05 -0.0007059589739527326 -2.364966285802112e-05 0.0007979255237893386 1.0 0.012868158825058944 0.24596749771915521 0.7488644866215777 1.942649452270279e-06 2.1147195285869692e-05 -2.5383580203634707e-05 4.397165024268551e-05 1.0
0.0363315575077062 0.24120119641354107 0.7497530310497109 -0.00036868324044198226 -0.0008455020839028969 -9.122977840745993e-05 0.0008965865951194717 1.0 0.012812657560922596 0.24594606190341006 0.748823416173168 -2.8915503690909013e-05 -2.213649264584944e-05 -2.1436281072356744e-05 6.990826903831177e-05 1.0
0.03580201452832649 0.24147473149188156 0.749690561505207 -0.000573309272040965 0.00010533341791795327 -9.08589675478989e-05 0.0005858984820302782 1.0 0.012719214666257934 0.24595448119274635 0.7487537183299613 -6.234340219793596e-05 1.967922623190673e-06 -5.175784319531254e-05 0.00011769798671920463 1.0
0.035041966935679826 0.24199566669573147 0.7499783555108459 -0.0007938400455590923 0.0006673359897799374 0.0002484972309243652 0.0009531316242698528 1.0 0.01265179138319739 0.24596801016856323 0.7486947557810079 -9.556139296455822e-05 8.831872567920378e-06 -6.789536823584192e-05 9.18943706912276e-05 1.0
0.03482729307874689 0.2421521062889993 0.7501568318159761 -0.0003258090454011995 0.00042068687523137737 0.00023614417334097003 0.00035681966775763356 1.0 0.012563286771142634 0.24591354392604564 0.7486953837670444 -9.379578775232903e-05 -4.268827744286517e-05 -1.4671265979658961e-05 0.00010194586562671145 1.0
0.03479499183168067 0.24230639609271604 0.7502997435007516 3.67483668489693e-05 0.00018963625802590254 0.00016392124989021784 0.00018947347739749557 0.0 0.012422717463803582 0.24583995374644851 0.7486933521335326 -0.00012777815274468354 -7.491918085052468e-05 9.047329136303329e-06 0.00015935715886160359 1.0
0.034977272982447745 0.24234345035958782 0.7505488333948328 0.00028803163256263585 -9.459557529445218e-05 0.00021003338071248098 0.00030612941223670206 0.0 0.01232476105406585 0.24574647465379618 0.7487357133413352 -0.0001022393207054859 -0.0001005621245917683 4.8878238712678295e-05 0.0001446038782741579 1.0
0.035039344218199875 0.24248383442360374 0.750792023405244 0.00015304075531184962 -5.806122830197415e-05 0.00023544354648090589 0.0003089005884916307 0.0 0.01240790868868661 0.24576238602485065 0.7487326778623936 6.165982464603793e-05 -7.039003910587804e-06 1.329449866979124e-05 8.225271691537251e-05 1.0
0.03513391836406288 0.24263315763977789 0.75094467709446 4.72697521840656e-05 0.00014985072433250281 0.00014568524218559612 0.0002268423745565045 0.0 0.012421325173379663 0.24577526575804656 0.748717235512541 4.7235961860892086e-05 2.9153175406813542e-05 -2.4370504473177518e-05 2.2072536841294347e-05 1.0
0.03529370048387254 0.24288010514153346 0.7511261798042707 6.971329738239643e-05 0.0003516916216544249 0.00017922237694975468 0.0003241141582263999 0.0 0.012432549924870827 0.24574419660211105 0.7487381506872394 2.732980089868614e-05 -2.0441505807878988e-06 1.208436575078185e-06 4.117646779264284e-05 1.0
0.035613376492092376 0.24380472578982296 0.7511952265215125 0.0002523318771184114 0.0008757049937367265 9.750605644281133e-05 0.0009977857789752772 0.0 0.012650677498521395 0.24579418965659344 0.7488128988304682 0.00018301835360187355 3.6541980006815216e-05 6.713621254442272e-05 0.0002367444870762809 1.0
0.03570172258209724 0.2442709089414763 0.7511848751769323 0.00017971498066017327 0.000614191965836593 -2.8015859703874925e-05 0.0004953821088419462 0.0 0.012779297463000513 0.2458066437814102 0.7488824807496338 0.00014896832968008643 1.1147788902279359e-05 8.666380769358935e-05 0.00015172827405066298 1.0
0.03570285639088764 0.244637871687818 0.7510881852927175 1.8835512409445392e-05 0.00038913249327231377 -0.00010415968148203003 0.0003390200940872579 0.0 0.012815217395888584 0.24578620390019343 0.7489224597863002 4.721393253775682e-05 -2.2091300256880017e-05 5.457833647665461e-05 4.8075771360700495e-05 1.0
0.03563506185097073 0.2450988170833375 0.7508782086722608 -9.091620992044312e-05 0.0003590348680730217 -0.0002026146905086445 0.0005179243515173681 1.0 0.01282028553626184 0.24576682419715906 0.7489264064371841 -6.8053391227801505e-06 -2.6971762096935237e-05 5.649772605021602e-06 1.9122493411543906e-05 1.0
0.03560891782637353 0.24548023626636975 0.7506515544021074 -8.164443416668212e-05 0.0003306633420058214 -0.00024268346009257322 0.00047496605225526794 1.0 0.01280004528203348 0.24576255703045696 0.7489007209592627 -3.736094402692478e-05 -5.8501575533371775e-06 -4.146247349412451e-05 4.0993741273659526e-05 1.0
0.03523596138337384 0.24599656383582047 0.7502859953238478 -0.0003182435384270028 0.0004771107647628357 -0.00035125783984159135 0.0007180269924480782 1.0 0.012805955950470944 0.2457624697548352 0.7488870545197346 -2.0686656664612157e-05 -2.139830479666938e-06 -2.9592816207983058e-05 1.665311832330228e-05 1.0
0.03504989841842652 0.24610693458228386 0.7501816692309504 -0.0002245340219417694 0.00022797091163410068 -0.0001446900560799629 0.0002352544564828801 1.0 0.012803959132987602 0.24575887099019295 0.7488796644529946 1.4071271378103513e-05 1.7974145936357614e-06 -4.981951232968345e-06 1.0427200885176458e-06 1.0
0.03505915076693955 0.24607665398840892 0.7500695848097261 -6.139589973429109e-06 1.5771152918631352e-06 -7.988387282935241e-05 0.00011072611452534489 1.0 0.012932370627687574 0.24569507618175296 0.7489897842670566 0.00013878708742494285 -4.626732042891347e-05 0.0001056720743331285 0.00018092729250127233 1.0
0.03520371760720491 0.2460127128585435 0.7497526047378049 0.0001627096341516063 -0.00016100479792676575 -0.0002503644161852694 0.00035768271787454953 0.0 0.012486326320640844 0.24550145662873782 0.748883874507601 -0.00034761202204259336 -0.0001879909569506945 -5.207855966495418e-05 0.0005019267703107991 1.0
0.03524880120576341 0.2459976934410981 0.7495076628271784 0.00012423361409288523 -5.674600950144362e-05 -0.0002758612462707415 0.0002704649402380364 0.0 0.012485675730653473 0.24558263821338513 0.748752633861336 -0.00013538417279833516 1.2574868040952979e-05 -0.00014409249497508275 0.00016256481886751595 1.0
0.03509927524083722 0.2455208410224043 0.7494943020003898 -0.0001104283496454029 -0.00037661524449861885 -7.972074419534906e-05 0.00048191076871489556 0.0 0.012564469496008195 0.24570575304522183 0.7487086458745904 5.732888009587104e-05 0.00014017085834302703 -9.000594435282551e-05 0.00012900485182086116 1.0
0.03467152904685653 0.2452356290136523 0.7495676296317011 -0.00045627915034915747 -0.00032898661088855667 7.973009638986673e-05 0.0005136698604848678 1.0 0.012816177795015536 0.24565692720812823 0.7489410770057352 0.0002792873392813306 2.154612387847194e-05 0.0001891400070918037 0.0003553484808615621 1.0
0.034442964027063 0.2452016007095839 0.749389590799539 -0.0003761325254600319 -6.894224069960863e-05 -9.529074047327386e-05 0.00030488587063099603 1.0 0.01279478937514897 0.2456321627060075 0.7489401573530666 9.361037962968312e-05 -2.979350481198193e-05 9.148786923537518e-05 5.5022666597204955e-05 1.0
0.03430808666399973 0.24526087893306905 0.7489510752010783 -0.00014569832994974248 7.616275268396779e-05 -0.0003960922412159418 0.00044899140847835155 1.0 0.012919038415538634 0.24562741512398292 0.7489733613888911 9.584998932468189e-05 -3.783685612579349e-05 5.008338606747245e-05 0.0001030257560949197 1.0
0.03428775022518261 0.2452609938301738 0.7488762818027979 4.003685708406078e-05 8.005515129015935e-05 -0.0002196132866255952 9.235569788213318e-05 1.0 0.01249746941590077 0.2455621385836058 0.7487601372823021 -0.00038957922476005955 -8.270864853591025e-05 -0.00019697340950146277 0.0004753557816318712 1.0
0.03421125158262631 0.2453178444477571 0.748859940929856 1.2554372487982355e-05 7.345950174513915e-05 -4.889318952180853e-05 8.807495004698279e-05 1.0 0.012530524744110032 0.2456200489053982 0.7487183012786266 -0.00015882707540093 3.422016017448008e-05 -0.0001448649460710921 0.00010845018252990512 0.0
0.03401320367819845 0.2454899745638359 0.7491294902115779 -0.00017280054816372041 0.00012454723878342652 0.00029919905631988755 0.00037276430320503994 1.0 0.01243008641259655 0.2455903273665761 0.7487813518574712 -4.3632405486084046e-05 2.5204757549720082e-05 3.5997040487712535e-05 8.931904605183637e-05 0.0
0.03439163257011462 0.2459696163933834 0.7493793235205103 0.00023533619036583323 0.0003934266187121965 0.00036216547342856427 0.0006736474093016982 1.0 0.013246349829333832 0.24457581655427962 0.7510665584119585 0.0007383147854629101 -0.0008720136887640784 0.0020280578584051935 0.0026114406326694364 0.0
0.034215383071708676 0.2469832319553502 0.7506677326499206 -7.163534219876215e-05 0.0010034730980373928 0.0011726876497684718 0.0016376610386652488 1.0 0.015008976664580504 0.24393428361689926 0.7541991113947347 0.0017936160915304085 -0.0008528800088755012 0.0033808862893168904 0.003743787849611907 0.0
0.033528416321727775 0.2476612434794255 0.7527774243286028 -0.0006154774803679177 0.0008552949301795709 0.0020845083768208767 0.002325832305382138 1.0 0.016016171222276682 0.24379713668384292 0.7559803798028121 0.0013464772813436357 -0.0002792953553092893 0.00235151575080317 0.0020123930650570165 0.0
0.033540792476086566 0.24788697497280635 0.7554023336494409 -0.00020435421941199776 0.0002985125109238915 0.002740683814384182 0.0026362952766077826 1.0 0.01649774250944123 0.24372931910253545 0.7568573476914491 0.0005504009757761817 3.7709489602384284e-05 0.0008962527589280276 0.0008908327486912314 0.0
0.03521295926779492 0.24866915648350021 0.7558876584396738 0.0014417498783969524 0.0005556616214047594 0.000961230408909384 0.0019000917917384465 1.0 0.01657104223163973 0.24382782892254612 0.7570701366538056 -0.00014924911227943543 0.00023789931490037367 -0.00021566442475353165 0.00032477801296228843 0.0
0.03608691256802368 0.25037411983843527 0.7592714541073873 0.001301593712725574 0.0015246855325768177 0.0026424156160587656 0.0038490050135691354 1.0 0.01648499457680222 0.24400337833921845 0.7570309914515525 -0.00032083695204547914 0.0002617941032279174 -0.00047504140825499084 0.0002690073494516792 0.0
0.036889863329813304 0.2520705125038685 0.7605613441209857 0.000983736352226565 0.0018825588594272725 0.001587874647969837 0.002396165604707215 1.0 0.016425367518357704 0.24405915102557202 0.7569651790472444 -0.00017144067503581834 2.775701695513643e-05 -0.00014739211311062372 5.9305259579832376e-05 0.0
0.0367695846163186 0.2550482659880266 0.7614391476222151 -6.729891240453913e-05 0.0029951666750152083 0.0008579155536785376 0.0029897591501689682 1.0 0.016348307459809048 0.24410407888332664 0.7568741950713362 8.154429072924034e-05 -8.66934802052826e-05 0.00023188332153403817 9.111248193504784e-05 0.0
0.04014720515426594 0.2597884167127657 0.7605912556645505 0.002495276437024891 0.004702762160145672 -0.0007031272345121857 0.005887649041887593 1.0 0.016255114297580288 0.24416041010563838 0.7567820324955119 6.927025528007417e-05 3.8520645286241545e-05 0.00011736385403400508 0.00015995054736074902 0.0
0.04524303746392428 0.2632268752032164 0.7598713763406273 0.0051140980978869035 0.0038734438185753168 -0.0010480931457864263 0.006308217616604295 1.0 0.016177319177628012 0.24416751260653413 0.7566936520331351 -8.087051630525205e-05 2.720129844259152e-05 -9.526109401046751e-05 0.00012176112249079286 0.0
0.04796395552771559 0.26499216360635147 0.7605262017992019 0.003835434318596297 0.0019107343243928905 0.0002542495537876247 0.0032503056846778836 1.0 0.01611440197005327 0.24414157947836682 0.7566401121869085 -8.57562553378073e-05 -1.973363982810133e-05 -8.997898407154593e-05 9.126953634251223e-05 0.0
0.05058866410572946 0.2674521343310421 0.7611536130776209 0.002726542019384741 0.0018816577608349193 0.000888463641941005 0.0034704404464815323 1.0 0.016022890311369952 0.24409701378325666 0.7565922481254471 -0.00011157279351364677 -2.971257676521501e-05 -8.298604485228297e-05 0.00010710555494514227 0.0
0.05169215570029313 0.2685739395925216 0.761427061282657 0.0007273563837523443 0.0009950986857662299 0.0009066944821371715 0.0018312717046643258 1.0 0.015999708654960764 0.2440854628795221 0.7565840180548216 -4.356715843357512e-05 -1.6252555066762796e-05 -2.3957827168522927e-05 3.227967805652046e-05 0.0
0.0525243972641251 0.2693586027504505 0.7615922470536184 0.00017393006211929195 0.0006718768965303639 0.000128469743160949 0.0011203193551356707 1.0 0.015981207343357003 0.24406914318570452 0.7565752681519171 -1.085530636389636e-05 -1.8155903259958343e-05 -4.2515950638279015e-06 2.1415049819190844e-05 0.0
0.05350304063495318 0.2702421152932744 0.7617471834351656 0.0006942806148622195 0.0010028966134113524 -5.01455010758899e-05 0.0012530872508079007 1.0 0.015970046971795215 0.244059062836358 0.7565692382993561 -7.076228076505969e-06 -1.0386765958930673e-06 -6.962957958469757e-06 1.742254185873011e-05 0.0
0.0544773922482556 0.27086913848761573 0.7618139408819956 0.0014174011699459124 0.0008631231926733963 -0.00018113782429857894 0.001199165538853093 1.0 0.015967205713049146 0.2440509785131943 0.756565053902351 -2.461573903899246e-06 -2.061626068675878e-06 -7.928574595231065e-06 1.1233255692433717e-05 0.0
0.05570656100378563 0.27163265094119066 0.7620832363083789 0.001502790290462356 0.0007032817953215023 0.00025677774418918914 0.0014813214776562356 1.0 0.015961337686888684 0.24403488797475723 0.7565484699996751 -6.0476016474001046e-06 -1.8374396282570266e-05 -1.84433344044978e-05 2.254165048175223e-05 0.0
0.057455498989958165 0.2723006717825319 0.7623655286251078 0.0017069499312657608 0.0006967153381780469 0.0004379065112446058 0.0018458393168008713 1.0 0.015946363820547146 0.24402830333128692 0.7565344793403345 -1.840232001267467e-05 -1.3534624049095063e-05 -1.7036840331915277e-05 2.075018660474052e-05 0.0
0.05890951215237818 0.2725790171730753 0.7625818178936435 0.0016200223246916304 0.0004207900474393765 0.00026442184548399427 0.0015514911093960624 1.0 0.015942815217823432 0.24402735997119507 0.7565261706248201 -1.0623748035007644e-05 -3.1519234303532923e-06 -1.0447516877842946e-05 1.0497368185158771e-05 0.0
0.060628773653670254 0.27257951060507324 0.7622638737042688 0.0015853074325275613 -0.00010377611047658174 -0.0002651405100033025 0.0017093043095172309 1.0 0.015947860609373404 0.2440220191464488 0.7565212917203192 7.702531792792475e-06 -1.1350953938515384e-06 -1.8534803146182829e-06 7.49552697474369e-06 0.0
0.06214347638330087 0.2722146794859863 0.7612788595469375 0.0015019584991054072 -0.0004136223556579445 -0.0009921772329909656 0.0018567581767109228 1.0 0.015949696235667287 0.24403581458508447 0.7565166892288674 4.665385504134007e-06 1.1297398583095395e-05 -2.572607894711941e-06 1.5472757667987785e-05 0.0
0.06309004551996387 0.2719471618840458 0.7600738507561777 0.0009701131226773312 -0.00036076709929442697 -0.0013524152230687978 0.0015757026134137154 1.0 0.01592272634976392 0.24408027840267438 0.7565144797650794 -2.0770599799348033e-05 4.2584656721307215e-05 -1.0278841373062629e-06 5.2195227641638284e-05 0.0
0.0638380974169179 0.2715865363946576 0.7586837378501662 0.0006476701463229599 -0.0003533871669642593 -0.0014793658552226493 0.0015904465866725304 0.0 0.015901814285983293 0.24410415801510452 0.7564944850858282 -2.5823357895367398e-05 3.2291987497061356e-05 -1.7604241165582878e-05 3.803815442658506e-05 0.0
0.06429989864801176 0.27057882589690707 0.7569756931618106 0.0004208083419966908 -0.0008462750936139336 -0.001647170453410059 0.002037530850607824 0.0 0.015904408765092654 0.24409521409546475 0.7564942243453422 -5.306562202272696e-06 -4.27091606606615e-06 -7.007683958905155e-06 7.930111471868488e-06 0.0
0.06494752324417306 0.26936548376960195 0.7554050892888431 0.0005910171216548345 -0.0012314009071116246 -0.0015466417885013858 0.002118073544713502 0.0 0.015938172654231357 0.24405955060461965 0.7564869927227218 3.216580347686617e-05 -3.9746471867124315e-05 -5.8219291861042095e-06 4.8727438233023664e-05 0.0
0.06541347377637279 0.26778446488825075 0.7556872646813785 0.0005299350290947338 -0.0016369195404326194 8.24367444878059e-05 0.0016505120815619122 0.0 0.015949286939756134 0.24405177888190957 0.7565058175784606 2.520585172494605e-05 -2.3557545622459247e-05 1.6670745108752735e-05 2.6632323496667423e-05 0.0
0.0654273618499252 0.2664421795265514 0.7565100449186406 0.00016516557399953464 -0.0014693036769765936 0.0010307909057088761 0.0015539611173935733 0.0 0.015954283256931934 0.24404795983571292 0.7565098630160112 9.14467033221696e-06 -5.093426518613627e-06 1.0614265028288565e-05 5.75351781185306e-06 0.0
0.06518051894676238 0.2658332909613071 0.7571002836461225 -0.0002605761978408756 -0.000682931557529663 0.0009249380010700293 0.0009154668244930357 0.0 0.015954262648418947 0.24404513986879797 0.7565106955297854 -5.545375889953014e-06 6.877070243138669e-06 2.173424607641282e-06 1.264277166633697e-06 0.0
0.06496789826332997 0.2656332677003482 0.7572989822799306 -0.00033816276886611805 -3.985159050516878e-05 0.00028943397416258205 0.00034505292157677365 0.0 0.015953623586230207 0.24404582521893423 0.7565082837320856 -9.071124937706394e-06 8.599446870643869e-06 -5.010228922678746e-06 4.470778365403228e-06 0.0
0.0646806447985615 0.26549780010625235 0.7574955402611687 -0.0003149859438362196 5.419100923758381e-05 -7.750129194626946e-05 0.00036059069658933855 0.0 0.015952643271093143 0.2440434981267448 0.7565097576659412 -2.211264270589017e-06 -2.5147497021366915e-06 -3.11572776822131e-06 3.479545149103402e-06 0.0
0.06447320271828284 0.26542702448687605 0.7576869128134616 -0.0001896390601514471 -5.3189750467192115e-05 -9.710496830003606e-05 0.0003122090261383512 0.0 0.015950161541483456 0.2440447646827513 0.7565056886930418 1.5698396337252667e-06 -4.188662355204305e-06 -2.6883253174794693e-06 3.3311390835297943e-06 0.0
0.06416268247446488 0.26528660187262676 0.7579543046642027 -0.00021392995256471533 -0.00021280144173560056 0.00021864621855266107 0.00042676690960229136 0.0 0.01594812310535192 0.2440454171383275 0.7565025641881948 1.0901353176398953e-06 -1.7388110487427628e-06 -2.691333576837066e-06 4.441665806547564e-06 0.0
0.06405142585297996 0.265260691658471 0.7580191964054701 -0.0001320255665814401 -0.00017636231049450338 0.0002859284181203909 0.00012144114107733245 0.0 0.015948168455102774 0.24404554869147851 0.7565021313214414 -1.396010956201378e-06 2.076695976418795e-06 1.2268769063701963e-06 4.781053715993222e-07 0.0
0.06396856371594199 0.2652421962170063 0.7580452476245555 -9.684982604232372e-05 -4.5358553121979976e-05 8.848454735163104e-05 8.535907075131878e-05 0.0 0.015946249867664644 0.24404879735211799 0.7565026701867643 -1.5871111593447822e-06 2.884341849854366e-06 -1.743011761096139e-07 3.6721899164341294e-06 0.0
0.06391589988759071 0.2652531089482969 0.7580431154272181 -4.80177329621991e-05 5.765944540049215e-05 -4.000610173598431e-05 6.48027751861725e-05 0.0 0.0159446486453262 0.24405044711428356 0.7564953644540344 -1.8522205284423153e-06 2.2359302409185006e-06 -5.776473126194731e-06 7.872533440159282e-06 0.0
0.06389213648072706 0.2652629041504906 0.7580220471461672 -1.484933044905868e-05 4.3718775352675284e-05 -6.118639976597756e-05 3.550305661289405e-05 0.0 0.015941816538490576 0.244051598953763 0.7564917921055531 -2.7953046714162687e-06 1.3813885766711945e-06 -4.9424588940237015e-06 4.774835245094665e-06 0.0
0.06388582766532283 0.265265595391386 0.7580033874296618 -1.5857185690595042e-05 6.9348486754133366e-06 -1.369504895507026e-05 1.7053995240624723e-05 0.0 0.015939285013886917 0.24405275138968296 0.7564885259402665 -2.9483248402484315e-06 7.420140185921136e-07 -3.732188413345934e-06 3.9135633318280986e-06 0.0
0.06388629949697586 0.26526251320816413 0.7579931257874682 -8.527409019398302e-06 -9.212401472864833e-06 7.401612781672605e-06 4.039552861153511e-06 0.0 0.015937084691788762 0.24405232663753 0.7564876926357056 -2.4753840256586334e-06 -2.377046460343027e-07 -1.4160118469324042e-06 2.525095176986583e-06 0.0
0.06388686945250997 0.26525091410983004 0.7579935821704914 -1.0997069550040697e-05 -2.1500982524718426e-05 1.3933899264909164e-05 1.8072964862647352e-05 0.0 0.015935452356881426 0.24405240057078667 0.756486075195165 -1.4694013875628707e-06 -3.957309169323134e-07 -4.610002954201472e-07 2.4678757856051977e-06 0.0
0.06388890825355749 0.26524131423157676 0.7579748095048046 1.1096780463173354e-05 -6.336754486324154e-06 -2.316204766856112e-05 1.953286955410472e-05 0.0 0.015934397379434723 0.24405259863187068 0.7564849287328844 -7.65933414058912e-07 1.8215719767107708e-07 -4.748118950192549e-07 1.509919255680994e-06 0.0
0.06388981454593624 0.2652290333716717 0.7579475680083281 -1.2253802369843167e-06 -1.1676733717705995e-05 -2.842310571510885e-05 3.0138743409293463e-05 0.0 0.01593402567138382 0.2440530017713233 0.7564840820828065 -3.7533558462064724e-07 7.339021237502234e-07 -1.1367782734386971e-06 9.206656632385865e-07 0.0
0.06390459311583406 0.2652352478318951 0.7579210244227198 1.2474829819032e-05 6.723486720086289e-06 -3.2954601251631e-05 3.083262415438205e-05 0.0 0.015933441302736377 0.24405302866794246 0.7564835775388703 -4.102505971593893e-07 1.5945206175741684e-07 -1.2948201172907363e-06 8.203565132992922e-07 0.0
0.06391266467637813 0.2652289739412256 0.7579093673947414 1.2086301278442961e-05 -9.2546718303365e-07 -1.7791099396997285e-05 1.538196167887604e-05 0.0 0.015933531121953726 0.24405304826078755 0.756483590802296 -1.2458610273440512e-07 5.511064628555448e-08 1.3575749822618768e-07 8.514848025069881e-08 0.0
0.06391754600803465 0.2652135254059833 0.7579175204353245 7.088717235411088e-06 -1.3526748339534356e-05 8.40058468735809e-06 1.7801262726310116e-05 0.0 0.01593311557424683 0.24405283674983994 0.7564835400572686 -3.607334529253543e-07 -2.661136720279014e-07 9.854321729773796e-08 4.761752071225201e-07 0.0
0.06392001064560607 0.2651986218288514 0.7579290647457617 1.990150444537857e-06 -1.8052020039471228e-05 1.8674121385992784e-05 1.9756147404544986e-05 0.0 0.015933313706871458 0.24405275316746408 0.7564837651904844 2.4681932069192904e-08 -2.817233463100169e-07 3.4970211977583175e-07 3.1717857467767856e-07 0.0
0.06391948850423106 0.2651776357729193 0.7579488946272558 -1.9942773001673376e-06 -2.3220988157160994e-05 2.319749877105318e-05 2.8827923003697392e-05 0.0 0.015933268911751362 0.24405260243449847 0.7564839002316951 6.630977463206847e-09 -1.0159142043069684e-07 6.047845130196996e-08 2.0352196918338793e-07 0.0
0.06391607342147139 0.2651594166549644 0.7579675510878948 -4.2573761042257316e-06 -1.9782143595930544e-05 1.7714303046640926e-05 2.6121324955107584e-05 0.0 0.01593353703333337 0.24405253849246997 0.7564841737999165 2.5586733086576257e-07 -2.86319540049617e-08 2.2677717879317785e-07 3.723094569559485e-07 0.0
0.06391050780877656 0.2651525796663086 0.7579621258659139 -5.353085439055464e-06 -7.1995912477920366e-06 -4.941452735710706e-06 1.0061265453668457e-05 0.0 0.015933078983861294 0.24405429684893468 0.7564825066189239 -3.0544085033589645e-07 1.5447660268522827e-06 -1.407573394796695e-06 2.4609787613965903e-06 0.0
0.0639087246751607 0.26515674906956377 0.7579551253478986 -1.4144686064916963e-06 6.776336074490385e-06 -1.2535706800740637e-05 8.180353241047845e-06 0.0 0.01593349437421393 0.24405369043196745 0.7564825308877975 1.9541879118166384e-07 -2.0935359895161175e-08 -4.7288623222505113e-07 8.275456384648598e-07 0.0
0.06390708813135762 0.26515293143517255 0.7579567708785253 -1.3338315687431139e-06 -3.897338190769985e-08 -2.9279516991359826e-06 5.025994438164742e-06 0.0 0.015933608757877436 0.24405292088201014 0.756483717111814 2.115160598836538e-07 -8.637157020713333e-07 1.0462292629403276e-06 1.2741436909137458e-06 0.0
0.06390628418621407 0.2651515516325586 0.7579567300250177 -1.0911484107921567e-07 -1.872722530230715e-06 1.949251186538838e-06 1.776558850983222e-06 0.0 0.015933759716293756 0.24405237291586493 0.7564845209391917 1.6079668189195977e-07 -9.084281114798472e-07 1.2155291037411499e-06 1.0482335695058422e-06 0.0
0.063905924536091 0.2651542367746725 0.7579519593178459 3.081948227179586e-08 3.0061228581599567e-07 -8.402990271978434e-07 4.900497740116844e-06 0.0 0.015934042512980213 0.24405201322894776 0.7564851804876249 3.162533503068462e-07 -5.385807149951588e-07 9.50973216374617e-07 8.409098739189257e-07 0.0
0.06390008464354044 0.2651527889359555 0.7579410003247603 -5.2314818975117795e-06 -2.486384588894022e-06 -8.027006539884475e-06 1.262312367193884e-05 0.0 0.015934349903740205 0.24405185414629457 0.7564856061071222 2.93264355298395e-07 -9.027573778307199e-08 4.068403387031707e-07 5.247248880082491e-07 0.0
0.0638905466720796 0.2651405737355287 0.7579279663943624 -1.0276157610106762e-05 -1.0978100253086315e-05 -1.4671447177917199e-05 2.0529952641943815e-05 0.0 0.01593454868918012 0.24405184196370214 0.7564857652859343 2.1102322275066933e-07 2.357730181342923e-07 -8.371401257945955e-08 2.174350597947177e-07 0.0
0.06388898231993792 0.2651337056302795 0.7579260676258832 -4.158448800449443e-06 -8.449790101617361e-06 -6.836488510263044e-06 7.23879192481595e-06 0.0 0.015934685646570367 0.24405188395814756 0.7564858101333716 9.719473691725316e-08 2.2684473809392523e-07 -2.3019699178040563e-07 1.984060884992078e-07 0.0
0.06388764978472468 0.26512323474746985 0.7579315949577294 -5.361007974199243e-07 -1.024263361477554e-05 6.184914006434414e-06 1.1263652425089687e-05 0.0 0.015935103648983498 0.24405203698385006 0.7564859212123257 4.0583959897851344e-07 -4.002689078249874e-08 2.0898911035519852e-07 4.2962449372775154e-07 0.0
0.06388653452617493 0.26512128959846437 0.7579302574721023 3.1306521017164913e-07 -3.595338776666588e-06 3.6540979389032385e-06 3.3834936391117272e-06 0.0 0.015934975848521514 0.24405205448453274 0.756485803739921 -5.424065081026787e-08 9.808219649485757e-09 3.075928546773651e-08 2.0005777224637883e-07 0.0
0.06388317100629876 0.26511403465799244 0.757918937559017 -2.0979832838897735e-06 -4.249213364432157e-06 -9.299166444419598e-06 1.360643018875035e-05 0.0 0.015931022743910023 0.24405843578198472 0.7564886861191056 -3.4463789111419254e-06 5.457834205225877e-06 2.4537727804444747e-06 7.94170830229964e-06 0.0
0.06388292143038156 0.2651066653134672 0.7579107423810932 -1.2834457166182533e-06 -6.2487043779363755e-06 -1.1976398101004348e-05 1.1296001061069803e-05 0.0 0.015930593495424545 0.2440579387957311 0.7564858154761779 -1.5101141846048785e-06 1.3522105428984113e-06 -1.633788984479074e-06 3.2529249131741397e-06 0.0
0.06388435423055182 0.265105736080187 0.7579059812263667 2.666412811051643e-07 -2.8417895876290122e-06 -8.118867719271572e-06 4.662226335472669e-06 0.0 0.015926659146221368 0.24405815540512077 0.7564833088312989 -3.4211213537455673e-06 -8.793903982334488e-08 -3.017536054021805e-06 4.2631869145936946e-06 0.0
0.06388581607362914 0.2651009434688729 0.7579057797869165 1.690246895654481e-06 -4.612300526965598e-06 -2.920872879457007e-07 4.927331412261716e-06 0.0 0.01592311272937833 0.24405805475216907 0.7564814013127803 -3.652798439989491e-06 -7.765400772489331e-07 -2.641033029243397e-06 4.149557630496304e-06 0.0
0.06388641241711968 0.26509238903465476 0.7579109904261232 1.6728534727094082e-06 -7.66606526979843e-06 7.750239494849127e-06 1.0187740980700296e-05 0.0 0.015919852392867702 0.24405793485434366 0.7564796401411593 -3.280631039650504e-06 -6.390426190029742e-07 -1.913710652798529e-06 3.8702085995073916e-06 0.0
0.06388618018312046 0.2650882948852702 0.7579134056296657 -2.984369924561068e-07 -5.5729116248056514e-06 5.346400857965591e-06 5.309246403422979e-06 0.0 0.015918165128201198 0.2440576687146075 0.7564790099289023 -1.7694519654500107e-06 -2.3064542638804728e-07 -4.39549141088059e-07 1.7898307043537495e-06 0.0
0.06387910969584332 0.2650818809564091 0.7579010315444478 -6.723499564559729e-06 -5.829710791762589e-06 -1.1002784539695288e-05 1.4736795407091906e-05 0.0 0.015915079649692708 0.24405327351897177 0.7564774824053284 -2.6322780141127713e-06 -3.3477392921713217e-06 -7.795088488778749e-07 5.329341882980128e-06 0.0
0.06387532279826393 0.26508247792222733 0.7578984098416361 -5.664708445364026e-06 -7.904155483485034e-07 -7.895177538244629e-06 5.284363344879023e-06 0.0 0.01590922045204223 0.24405805035188638 0.7564802588076656 -5.496697990122893e-06 3.3615579261858723e-06 2.360625112226088e-06 8.37707818791238e-06 0.0
0.06386489950969075 0.26506895722587015 0.7578822457821142 -9.570116531869196e-06 -1.0193945740301531e-05 -1.538276800639567e-05 2.2929909833570528e-05 0.0 0.015907698115745956 0.24405692311423138 0.7564756150520277 -2.4740606769181823e-06 4.1284569627686315e-08 -3.5727957748157694e-06 4.9468712507389004e-06 0.0
0.06384941887187277 0.26505290106254464 0.7578704553406317 -1.503325624947943e-05 -1.641335521807399e-05 -1.3183031355731966e-05 2.59171102674397e-05 0.0 0.015900963117411286 0.24406270076124387 0.7564646100238264 -6.141536811238784e-06 5.1467458224780304e-06 -1.0729514880121139e-05 1.3812559028614108e-05 0.0
0.06383560342591281 0.26503825239922246 0.7578628518882975 -1.4862738793493592e-05 -1.7347247718692664e-05 -7.352210192246719e-06 2.126903708091198e-05 0.0 0.01589452478953396 0.24406329230374513 0.7564542093128976 -6.683101559353067e-06 1.9521595764464173e-06 -1.2265513435823114e-05 1.2697423251074387e-05 0.0
0.06382928181441597 0.2650272341309016 0.7578574925817592 -7.4885522524520824e-06 -1.2377452316589948e-05 -3.685615964022435e-06 1.3457574944172102e-05 0.0 0.015889892465729534 0.24406562153852446 0.7564475199067245 -5.09399782200184e-06 1.7287321015258223e-06 -8.210609788775168e-06 8.326145318912588e-06 0.0
0.0638244438456272 0.2650185900020645 0.7578547312220425 -3.4709141485556466e-06 -7.310994917281608e-06 -2.0076055422613665e-06 1.0228452729742238e-05 0.0 0.015885740913305704 0.24406658062870096 0.7564425039983466 -3.944938888260645e-06 5.04243741103292e-07 -4.282158679408293e-06 6.286536497811304e-06 0.0
0.06381656395331169 0.26501399461460134 0.7578525392063955 -5.7851828170405415e-06 -3.113073070928285e-06 -1.9438193602606607e-06 1.0075724186517171e-05 0.0 0.015884414518203008 0.24406392837529994 0.756439586092721 -1.430242838927601e-06 -2.6002701055158564e-06 -1.3821444398830494e-06 4.416886257476709e-06 0.0
0.06379967085052002 0.26499531204934973 0.7578414924241172 -1.5261257689165564e-05 -1.508925040622444e-05 -9.351060252626385e-06 2.695857124735385e-05 0.0 0.01587589456182893 0.2440632313793029 0.7564325751498824 -6.837912477677897e-06 -1.0983586229051047e-06 -5.0299653635913535e-06 1.1135531763508343e-05 0.0
