0.06301638226581704 0.279651389113369 0.7641145688089748 0.0 0.0 0.0 0.0 0.0 -0.0168756804424539 0.2796555282667174 0.7639412523032332 0.0 0.0 0.0 0.0 0.0
0.06303047541518236 0.27963591132825344 0.7641020741902279 1.409314936531847e-05 -1.547778511556963e-05 -1.2494618746861086e-05 2.4378149822050436e-05 0.0 -0.016841292291399353 0.2796473136403752 0.7639428698037171 3.438815105454712e-05 -8.21462634220671e-06 1.6175004838858698e-06 2.675784818796606e-05 0.0
0.06302817430259822 0.27959112337778047 0.7640744131363435 -2.3011125841465585e-06 -4.4787950472968685e-05 -2.7661053884409093e-05 5.269145593632991e-05 0.0 -0.01682793544198914 0.2796262496784489 0.7639198604807032 1.3356849410214866e-05 -2.106396192630422e-05 -2.3009323013911676e-05 4.731894433336596e-05 0.0
0.06303489374655233 0.2795665513887529 0.7640682750964347 6.719443954111837e-06 -2.4571989027555308e-05 -6.138039908787363e-06 2.620322701013398e-05 0.0 -0.016826901608075324 0.2796171644289024 0.7639139215810725 1.0338339138139807e-06 -9.085249546514351e-06 -5.938899630630878e-06 1.3973448096756298e-05 0.0
0.06302731557715481 0.2795630002223558 0.7640470392438675 -6.0833805663734595e-06 -1.9500267876457e-06 -1.9626259120748162e-05 2.2825443444825814e-05 0.0 -0.016816108328099343 0.2795634669353478 0.763856194853456 1.1518330882212773e-05 -5.21134683894975e-05 -5.517676948631718e-05 6.640300455464023e-05 0.0
0.06301887724588377 0.2795445807728024 0.7640215661641431 -9.659597124546586e-06 -1.859126810547232e-05 -2.7198675265624043e-05 3.254780095701655e-05 0.0 -0.016822008503066525 0.2795564923353556 0.7638329526044377 -5.015752996117843e-06 -1.025095853944842e-05 -2.703776410690604e-05 3.0169542618432624e-05 0.0
0.06300528081493222 0.27950198726870584 0.763978145260381 -1.2863358824482602e-05 -4.292163631976616e-05 -4.441294865439723e-05 6.196875426546342e-05 0.0 -0.016831433754817285 0.2795545506766692 0.7638113551515053 -7.4091719035206715e-06 1.5639765809701e-06 -1.881227306189635e-05 2.510381821526226e-05 0.0
0.06299365701264811 0.2794796874418685 0.7639485879226603 -1.2588215217412887e-05 -3.0841119912251723e-05 -3.3453825952143505e-05 3.902640472719692e-05 0.0 -0.016839112448910155 0.27955549669848945 0.7637943407815889 -9.732347005181975e-06 4.455669312350139e-06 -1.4611317531289925e-05 1.6477274902448066e-05 0.0
0.0629760153267415 0.27946313362191083 0.7639260318257657 -1.5495122323575348e-05 -2.1973887193424738e-05 -2.5075531676255932e-05 3.05972861467059e-05 0.0 -0.01684551616228373 0.27954975668106813 0.7637859208341837 -3.887333174870889e-06 -1.260460774973192e-06 -5.268586108164699e-06 1.4276577328132709e-05 0.0
0.06295303196108129 0.2794593159096819 0.7639140406272865 -2.2712211350247933e-05 -5.182331006598479e-06 -1.0346765300903001e-05 2.739450438693158e-05 0.0 -0.01684776307895814 0.2795408359185298 0.7637709340755064 -3.1749646330817192e-06 -1.028785202440541e-05 -1.2627907911835586e-05 1.7322121209534713e-05 0.0
0.06288283536486851 0.2793970903506877 0.7638679097145027 -6.367545509337625e-05 -4.670192876940738e-05 -3.5269257842045584e-05 0.00010469887246460967 0.0 -0.016836864860734626 0.27947925840248455 0.7637101693535818 1.0649826959399127e-05 -5.879880530369985e-05 -5.5732332860985277e-05 8.484433652753143e-05 0.0
0.06287009947850643 0.2793701433856581 0.7638290892026394 -2.8898403686922686e-05 -3.666251493214504e-05 -4.4054976223448e-05 5.1794143926198324e-05 0.0 -0.016845658132078684 0.27946885310666963 0.7636999600506351 -2.625487986316237e-06 -2.9820131892256088e-05 -2.920444711675527e-05 2.135734224278894e-05 0.0
0.0628745407933647 0.2793444735578426 0.7637973039554173 4.774189760852031e-06 -3.111563439608014e-05 -3.789959764240526e-05 3.6152787786241435e-05 0.0 -0.016849769740659073 0.2794289373892828 0.763689048091107 -7.38439107610102e-06 -3.129058117072263e-05 -7.98845949555931e-06 3.633584624611193e-05 0.0
0.06286674835717941 0.2793214517894454 0.7637856334385749 3.9796708233690784e-06 -2.2533898435782848e-05 -1.564002489063989e-05 2.8096938005569854e-05 0.0 -0.016848333098307633 0.279416679385801 0.7636920240892688 -1.8334404876929933e-06 -1.2916016472238288e-05 6.926285195840635e-06 1.5243495489206064e-05 0.0
0.06285641104118521 0.2793199597466941 0.7637764028892953 -4.647389788046375e-06 1.5214694168597272e-06 -2.825630899841187e-06 1.6202197503989012e-05 0.0 -0.016843696951875566 0.2794030644887957 0.7636904704470348 4.073479236036258e-06 -7.740990585702866e-06 5.961555983080446e-06 1.5359944019810632e-05 0.0
0.06284487430741868 0.2793130443424018 0.7637714641854101 -1.4513019628365588e-05 -4.0258460270444343e-07 6.49131121694279e-08 1.3958418802217499e-05 0.0 -0.016838690575668332 0.27939138259119134 0.7636849543811329 6.722276326639065e-06 -9.100348757563537e-06 -3.6731858476831717e-06 1.3357918106033687e-05 0.0
0.06281934930652153 0.27926464099079673 0.7637324969774388 -3.071100487748724e-05 -4.2526382627143585e-05 -3.3464707803192254e-05 6.486448385304954e-05 0.0 -0.016832658160447843 0.27937617529479336 0.7636610950667253 7.853158683778615e-06 -1.6262142840364138e-05 -2.6908695359583818e-05 2.754876790341144e-05 0.0
0.06281285005778747 0.2792347502104104 0.7637095818389965 -1.5681406902639412e-05 -4.387611259792176e-05 -3.443295906977734e-05 4.166650300395178e-05 0.0 -0.01682624112650752 0.2793748656505657 0.7636536115597322 6.750981940359369e-06 -7.610875000001796e-06 -1.7819716473729073e-05 1.2126014661433474e-05 0.0
0.06280732093002912 0.2792263474821437 0.7636903682514747 5.61529579658565e-07 -1.3568780240485532e-05 -2.3196310028794866e-05 1.8630898775162208e-05 0.0 -0.01681973789429845 0.2793661595811031 0.7636490996748346 4.4349339224588984e-06 -4.596767665603246e-06 -2.1088005927590597e-06 9.446005049471452e-06 0.0
0.06280282826135938 0.27921842481106396 0.7636720748042839 -5.173845263687426e-07 -4.108555849242599e-06 -1.6272130139370535e-05 2.0298353250711866e-05 0.0 -0.01681197755568743 0.2793552165811366 0.7636362147101399 7.591838555311588e-06 -1.2406401158381598e-05 -8.713676429253555e-06 1.977630693472276e-05 0.0
0.06272999980316733 0.27908979865140476 0.7635407772842322 -6.235925901132388e-05 -0.00010465005121342247 -0.00011063741228351122 0.00019826080182796027 0.0 -0.016792045709284265 0.27931918602062067 0.7636158305516226 1.863189279820005e-05 -3.1581629170370074e-05 -1.7092022605248475e-05 4.6186228723169244e-05 0.0
0.06272014618183114 0.2790581676430927 0.7634798443876674 -2.8922948269662925e-05 -5.869272999710538e-05 -8.498889885106673e-05 7.628822232132851e-05 0.0 -0.016774211947884414 0.2792778293673442 0.7635963186879824 2.009830640137847e-05 -4.5480746706248555e-05 -2.1812024131563522e-05 4.944087336496687e-05 0.0
0.06271456457638899 0.2790435303348535 0.7634504709551682 -7.324640758583423e-06 -2.1555517720338293e-05 -3.873189517224756e-05 2.231881332964007e-05 0.0 -0.01677005960300179 0.2792519098902815 0.7635799352411191 7.238738329251562e-06 -3.2315347164244134e-05 -1.946523085547971e-05 2.985130487032468e-05 0.0
0.06270134101421587 0.27901629240482945 0.7634266103697038 -5.269109482572229e-06 -1.641347410481187e-05 -1.4636531920105845e-05 3.994082328382967e-05 0.0 -0.016764964004824207 0.2792088006048749 0.7635407358798902 2.7196942879505612e-06 -3.865484673380255e-05 -3.639610115937851e-05 5.7906440339712885e-05 0.0
0.06265791554498369 0.27896329942998854 0.7633910651380763 -3.226377616762394e-05 -3.7051589464484644e-05 -1.8000819484977764e-05 8.384993759962655e-05 0.0 -0.016759850046043922 0.27915292540040737 0.7634942525940167 2.3919396339030193e-06 -5.108821381590153e-05 -4.572972387743499e-05 7.467030376583166e-05 0.0
0.06262414405292155 0.2789490163592143 0.7633790351454239 -3.978849103426044e-05 -2.1256862724185813e-05 -1.221078524873086e-05 3.904401905630411e-05 0.0 -0.016766828557605563 0.279131104587806 0.7634832461492383 -6.073903994529263e-06 -2.826098653528664e-05 -1.8921850513409e-05 2.5901898366280097e-05 0.0
0.06256953443928756 0.2789287498407723 0.763364385092605 -5.9308241653472056e-05 -2.617752235524966e-05 -2.0429783109570934e-05 5.1606078762608726e-05 0.0 -0.016778539726325262 0.27906658421722885 0.7635016953915487 -1.134928292813717e-05 -5.60376072943284e-05 1.7537831105380973e-05 6.449794173390973e-05 0.0
0.06254375094105008 0.278905279484578 0.7633499042004039 -3.6798119323300626e-05 -2.908503261867915e-05 -2.4096146309093836e-05 4.310028964314678e-05 0.0 -0.01677533617656391 0.2789938221881009 0.7634984496110891 9.991983017359295e-07 -7.506779712257489e-05 9.538591841741449e-06 7.612240276177173e-05 0.0
0.0625145884617528 0.27886972862003917 0.763316001719179 -1.9284090330277967e-05 -2.484737590195884e-05 -2.6232088644276112e-05 5.682792218412571e-05 0.0 -0.01674068013982997 0.27885186155351416 0.7634336761152581 3.164613422522107e-05 -0.00013632543981798546 -5.280377724573564e-05 0.00015944082099819885 0.0
0.06244027572584357 0.2787791667052775 0.7631942345355849 -6.266436540944478e-05 -8.472813372816121e-05 -0.00011096757167123827 0.00016808395500817462 0.0 -0.016454296871185735 0.2776697694123964 0.7627418789182224 0.00025716189502183383 -0.0010464576512289215 -0.0006165690948925118 0.0013882256414001776 0.0
0.062376629786608837 0.2786736999970352 0.7631086156953056 -7.116736356977642e-05 -0.00011620853763418025 -0.00010690190837756667 0.0001528818101089125 0.0 -0.016115059225979927 0.2758343224768822 0.7614597263854577 0.00037276956822111183 -0.001898830910057105 -0.0013022384916605782 0.0022946124783998125 0.0
0.06230502374947132 0.2785530470602428 0.7629884879769048 -7.740387376647525e-05 -0.00012865800912274065 -0.00012162696076954203 0.00018090610769249277 0.0 -0.015973625416846084 0.27447723778344785 0.7604084201435344 0.00020659061925957112 -0.0016398176375312786 -0.00124501752958916 0.0017188001764293123 0.0
0.06225326298208605 0.27844651203870335 0.7628939238052818 -5.582017985339971e-05 -0.00010829869471120832 -9.52382649580409e-05 0.00015179790621570568 0.0 -0.015993744967940336 0.2718240001592544 0.7584799063300769 -2.3861708946711233e-05 -0.00247161138617211 -0.001833600915595266 0.003208096178077669 0.0
0.0622171678586298 0.2783578510564474 0.7628256049067907 -3.382175214980104e-05 -8.53243837493411e-05 -6.303186481085022e-05 0.00011941646654229932 0.0 -0.016153109451301453 0.26984825080745173 0.756927568367935 -0.00021272432995560225 -0.002098954545525011 -0.0016367052838411578 0.0026118660840114623 0.0
0.06218216375368808 0.2782691224293729 0.7627420548427924 -2.5330358263918467e-05 -7.822867962122136e-05 -6.967647160311679e-05 0.000126246250816876 0.0 -0.01636849271669089 0.2683966122184831 0.755728513149444 -0.00027368720841902075 -0.0014329887539319094 -0.0011923876777103482 0.0018650662034442528 0.0
0.0621750429194182 0.2782083707407224 0.762675702421296 -9.039689853782005e-06 -6.011400182125811e-05 -6.839183202251564e-05 9.072196493682486e-05 0.0 -0.016889020934927 0.2667951256691133 0.7542509707144445 -0.0004893179907942346 -0.0014025375025703052 -0.0013079383869630406 0.002191729893641599 0.0
0.06217420832397628 0.2781232383629248 0.7625670298264179 -2.028883033990379e-06 -8.137846557773384e-05 -0.00010786671448946889 0.000137259602014381 0.0 -0.017781144877089216 0.26510584002040544 0.7525417029982072 -0.0008395831701997588 -0.0016271321583450397 -0.0016526700719589622 0.0026212043677962785 0.0
0.062179807525183504 0.2780718092438439 0.7625028246009148 6.564482924986066e-06 -6.006070418846202e-05 -7.619902334587206e-05 8.357200041063815e-05 0.0 -0.01823726895752619 0.26456504825386623 0.751833186566865 -0.000574236287798807 -0.000728570970008377 -0.0009150878119779238 0.0010373292503978034 0.0
0.0621687910421059 0.27788574181926234 0.7623111845864751 -9.28161760338418e-06 -0.0001680519239351863 -0.00017615985814142533 0.0002636104282410241 0.0 -0.01924214200616287 0.26410961379083026 0.7504857653873153 -0.0009052605752203451 -0.0003780544608384627 -0.0011847698124658323 0.0016116871798155879 1.0
0.06220593094835956 0.2777915815773441 0.7621696335822363 2.7371008989250417e-05 -0.00012383125206627264 -0.00015990174660302506 0.00018176319560300627 0.0 -0.019490874653654094 0.2637639219030584 0.7500785849338749 -0.00035759737280015844 -0.0003424433143195942 -0.0005818148960467515 0.0006968104453873513 1.0
0.06219745729363833 0.2777073822385809 0.7620195199276955 7.630523126938015e-07 -8.799319812263648e-05 -0.00015297267842820784 0.00016468272254679855 0.0 -0.019450005872092644 0.2636047424307121 0.7500154925959964 9.257108800607333e-05 -9.54760323328644e-05 1.3181806206852493e-05 0.00015654317794163352 1.0
0.062213604646828104 0.27765763111474423 0.7619432797908967 1.0691456696932987e-05 -4.3208596070213747e-05 -8.327224584117699e-05 9.380134126957691e-05 0.0 -0.01948678689769873 0.2635881556798852 0.7499347406814255 0.00010007330125537544 -5.492860059841745e-05 4.225403284345759e-05 5.888018273375118e-05 1.0
0.06222556995981505 0.27760802960656067 0.7618885671760491 1.334322800200673e-05 -3.214346872033683e-05 -3.916208369205078e-05 7.604255467730866e-05 0.0 -0.01964419867123156 0.26381105503674845 0.7499398575442422 -0.00012380295200221426 0.00010992808700668617 -1.806135571753094e-05 0.0002926977224018575 1.0
0.062225955146603375 0.27757074656014646 0.7618708267692929 1.9279022287487126e-06 -3.3008028673995476e-05 -7.380204407618951e-06 4.45163079530991e-05 0.0 -0.01996022797383519 0.2641364358490124 0.7498380192043317 -0.0003696017831663883 0.0003264938557371378 -0.00013059825156078652 0.0004915459517753525 1.0
0.06223499757504246 0.27756437774182124 0.761865200125017 6.065248371369375e-06 -1.4498080915975372e-05 1.154341960911908e-06 7.87296802431874e-06 0.0 -0.020124303157992848 0.26434742136379585 0.7498126245382795 -0.0002813125630653588 0.0003240957449661527 -8.04649163160039e-05 0.00022520998410291296 1.0
0.06223697542212997 0.2775619831585389 0.7618621318634916 3.044622904673407e-06 -1.157716853509899e-05 -1.2689357751683814e-05 6.0928882776300895e-06 0.0 -0.020180229574834663 0.2644406140296572 0.7498277707610835 -0.00013466463106946702 8.110332749511524e-05 -7.708866867154208e-05 0.00012035920948971746 1.0
0.06223688833906039 0.27755999043624446 0.7618615482967023 2.2629104658371347e-06 5.512256231902772e-06 -4.149494603117039e-06 1.3299668231640089e-06 0.0 -0.020253329808554377 0.26458884977940633 0.7499038125042535 3.160554380430105e-05 8.106938125856044e-05 0.0001392344038377946 0.00018386262908691355 1.0
0.062236669764856 0.2775614591074359 0.7618592234994148 -3.3892768271463036e-06 7.406184227397175e-07 -8.086879044581541e-06 3.975603323670701e-06 0.0 -0.020307673744837607 0.2646490731704472 0.7499913307034947 3.313961501321826e-07 4.6834988292619284e-05 0.00012584559095915653 0.00013445652488177837 1.0
0.062235674111636156 0.27755865358410897 0.7618618683850842 8.941864261628192e-07 -3.1589148014549102e-06 2.5406120891823035e-06 2.9819211084683797e-06 0.0 -0.020288707615868307 0.2646387674674216 0.750215323068592 5.503646559381099e-06 2.6401436747146376e-06 0.0002143549535112953 0.00021444364449406956 1.0
0.0622390908685333 0.27756947133250104 0.7618632572364047 2.343435287184794e-06 5.4208279286616966e-06 1.8730575305168229e-06 1.1528846243856824e-05 0.0 -0.020030775441403578 0.2645615342379111 0.7507920440992737 0.00020620660039972441 -5.140449854672243e-05 0.0005440475969106929 0.0006288629119479437 1.0
0.062236846877114116 0.2775676637955585 0.7618657351788207 -9.899838594065206e-07 1.547206537736482e-06 4.782068032605282e-06 4.312687984768746e-06 0.0 -0.019508548141436616 0.2644118918325747 0.7514002850995304 0.0005065107574119313 -0.000143310008037736 0.0006526506362007151 0.0008304689914296047 1.0
0.06223578677509085 0.2775687206738659 0.7618671942639149 -6.10030730678268e-07 2.3122270322676e-06 2.3680309742719873e-06 1.5787495765408221e-06 0.0 -0.01869425079654961 0.2641227989501739 0.7521994789375474 0.0008488431167140193 -0.00029162624462846653 0.0008178190993567337 0.0011669585362179325 1.0
0.06221953496942035 0.27753099181268215 0.76183563849018 -1.5018277237603018e-05 -3.301843960834143e-05 -2.703677346586755e-05 5.145279427596166e-05 0.0 -0.01613240829494385 0.2623076361267602 0.7536565166972354 0.002387504197209121 -0.0016223240109490317 0.0013836347249853585 0.003440863569036735 1.0
0.06219559893095598 0.27746945256577676 0.7617837376109285 -2.5329360879267693e-05 -6.416623711902148e-05 -5.396039014093338e-05 8.560402098643846e-05 0.0 -0.014080614377784465 0.26029702398314786 0.7542401030684657 0.0023766595222405856 -0.0021984067990192847 0.0007829958166691683 0.003010221745751755 1.0
0.06211092459520409 0.2773735466570857 0.7617197075838107 -7.890112217602556e-05 -9.891721109043776e-05 -6.935182025133633e-05 0.0001419485053897898 0.0 -0.006076472368105242 0.2503223293660664 0.7569933845111498 0.007256926069082472 -0.00905392191245986 0.0023671774015881593 0.01290208133259481 1.0
0.06203244939721901 0.27730761953518696 0.761668080451385 -8.856504765405479e-05 -7.746505837689498e-05 -5.72046895058321e-05 0.00011513958255133688 0.0 -0.0030839738567248545 0.245338919821454 0.7575866100355978 0.004433328987497338 -0.006824223451092074 0.0010855026196354312 0.006233453236591976 1.0
0.061969318670034516 0.27723949223681155 0.7615886905459147 -7.014361892718233e-05 -6.338602918474039e-05 -7.21859490284851e-05 0.000120383300713837 0.0 -0.0010165006326803693 0.24201784640537485 0.7577240217057987 0.002039871734498778 -0.003668246185911507 0.00010685976935474826 0.0034505033746558343 1.0
0.0619450425129119 0.27717002967880194 0.7615020573474375 -2.518198981046283e-05 -6.11821507365101e-05 -8.30933581754196e-05 0.00011535199463938637 0.0 0.00038404965075719295 0.24013165469975284 0.7576701930853628 0.0006598166657542701 -0.0010962316821888762 -0.0003331674765877572 0.0024052483931985063 1.0
0.06192155168247693 0.27704096450822824 0.761409356216976 -9.789974303685074e-06 -0.0001152088988857695 -9.301887988398353e-05 0.00016064474730993463 0.0 0.0015296156006642074 0.2391423286224204 0.7571121454003944 0.0004834326735227728 3.558262405460653e-05 -0.000680021731642501 0.0018981321687745855 1.0
0.061916813307777825 0.2769618770183418 0.7613419649038183 1.3920270889488238e-06 -9.684856197640065e-05 -7.486030945904735e-05 0.0001058097016240518 0.0 0.0019593977355681406 0.23897061540586553 0.7567435928675493 0.00045730375901320564 0.00017774391084678716 -0.0004353735031443249 0.0005999992775595918 1.0
0.06190598164855357 0.2768893627863616 0.76127159002481 -9.111250390618637e-06 -7.74625447371702e-05 -6.702897502068696e-05 9.737345113006277e-05 0.0 0.0023045776961491157 0.23891159906727766 0.756352025107675 0.0006685231516433843 -0.00038886929089210296 -0.000268502207395204 0.00020404358927853233 1.0
0.061903016533935394 0.27684105782538376 0.7612246271965857 -1.1950637098462859e-05 -4.715242066868165e-05 -4.542821368427575e-05 6.972318965277863e-05 0.0 0.0026785818193220574 0.238942061800361 0.7558793113626547 0.0008874206858050155 -0.0007622485731811936 -0.00020746949086387456 0.0008085948895073104 1.0
0.06190064507323251 0.2767902688599949 0.761185141742193 -5.401849812073099e-06 -3.8535657464914945e-05 -3.522619431254683e-05 6.468240258942796e-05 0.0 0.0029425839705271534 0.23898957537755539 0.7554170637552083 1.2174131593444687e-05 0.00019556702215876333 -0.0005628960500656849 0.0005096325843403065 1.0
0.061897813262700996 0.2767711686596115 0.7611782903600265 -2.8129088000134335e-06 -2.0265342894667402e-05 -1.1210192815965156e-05 2.121056927239887e-05 0.0 0.0029494918251085954 0.23904018950317762 0.7553303474525354 6.078504410006284e-05 1.0616325493852975e-05 -0.00014986383438969847 8.948882364476825e-05 1.0
0.061893808924579345 0.2767575176900623 0.7611726745926866 -2.2431415712092086e-06 -1.487477992042961e-05 -2.7497521133412354e-06 1.2773433652764869e-05 0.0 0.0028638721699719505 0.23911726265382516 0.755351236080007 -9.404350389498155e-05 8.366012189174078e-05 3.648237090514496e-05 9.73941707351181e-05 1.0
0.061887721945174036 0.27674701613624414 0.761164279079028 -6.3091724950557995e-06 -1.3852827932331392e-05 -6.413875101491957e-06 1.6656788561514465e-05 0.0 0.002591617194112941 0.2392405997122377 0.7554779483800543 -0.00029583807302623684 0.00015768858581945698 0.00014438639670362664 0.00035467676687606564 1.0
0.06187950547386999 0.27673823568974026 0.7611537576554982 -7.733599935221499e-06 -6.425596045006571e-06 -1.1452523195512669e-05 1.5882336588721543e-05 0.0 0.0018695322366686384 0.23948903771408284 0.7557856785592193 -0.0007384575747256302 0.000287484604940007 0.00033019624169213315 0.0008233496433159707 1.0
0.06186836658782283 0.27671628891414124 0.7611292607134056 -1.180161381124752e-05 -2.1894474715224816e-05 -2.7252118460278556e-05 3.431599959489312e-05 0.0 0.001492625811844847 0.23964308599513254 0.7559685681877245 -0.0004848550714205491 0.0001959278036115185 0.0002030710881275133 0.00044680644514051994 1.0
0.06186461104655914 0.27667853505334206 0.7610902129637788 -4.7723744057233785e-06 -3.881112532330557e-05 -4.0723275633626054e-05 5.4136363152393476e-05 0.0 0.0008960345456596148 0.2400873301728163 0.7563321438066982 -0.0005363034396810799 0.00040848942186242444 0.0002925466172137006 0.0007928720482193575 1.0
0.06187402831181353 0.2766546917292076 0.7610665658264575 8.586871374571449e-06 -3.0919155146787446e-05 -2.9237252194879934e-05 3.595864123589716e-05 0.0 0.00041682241739278387 0.24042500472638473 0.7565648640363392 -0.0004648404853542943 0.00037690475161067735 0.00023918858260115058 0.0006642453957010838 1.0
0.06188091581786463 0.2766461164833588 0.7610537084648848 1.0365236706981486e-05 -8.940429568992254e-06 -1.1228110887271548e-05 1.5458242790135747e-05 0.0 0.00039868364076645535 0.24060034345598422 0.7566917174998435 -5.27537456599176e-05 0.00020277346405151502 0.00014461034632159698 0.0002176062775134743 1.0
0.0618849782891899 0.2766403712694349 0.7610431825261341 6.09832630973377e-06 -9.062110434402829e-07 -5.883855976471149e-06 1.290134638698437e-05 0.0 0.0004905102381071305 0.24076031408404522 0.7567618269566231 0.00016056262901571175 0.0001248813822051165 4.873401817912448e-05 0.00017716801260407605 1.0
0.06188502707553326 0.27663333416537117 0.7610412817752361 -6.210457203199255e-07 -1.7642820456063614e-06 9.353018198327703e-07 8.577875735449092e-06 0.0 0.0006283472945918092 0.2409713703277868 0.7566888569802159 0.00018270764782210715 0.00016618865686965812 -7.301610118027663e-05 0.00027237338245772805 1.0
0.061883970581708934 0.27663129488378907 0.7610407805065125 -3.8000036664596403e-06 -2.158600536525193e-06 7.167399620435262e-07 1.902828810775988e-06 0.0 0.0007840028009076281 0.24112362980817328 0.7565983869576466 0.0001469790976820238 0.0001590412577621724 -0.00010557658019338297 0.00025393947037724893 1.0
0.0618821177127132 0.2766298486380321 0.761040058350773 -3.631824183100016e-06 -4.403825772201464e-06 -2.669669800021759e-06 1.6255411775730361e-06 0.0 0.0010055605867884678 0.24134943158643468 0.7564585883561248 0.00019437408948820047 0.00022812001686244322 -0.00014177258318886701 0.0003201016643238826 1.0
0.061879847536974314 0.2766268726783792 0.7610419401921157 -1.581959250801679e-06 -4.973442067897016e-06 -7.252459650092014e-07 4.67080298839259e-06 0.0 0.001110445620402731 0.24163127404987922 0.7562456640396972 6.423200619709324e-05 0.00031494082352074204 -0.00018279993634917106 0.0003743897326444455 1.0
0.061878958246890506 0.2766239859312989 0.7610448477753144 3.385552350547651e-07 -2.3542838313812004e-06 3.08788565626189e-06 4.378312952741037e-06 0.0 0.0011427727484963944 0.24171505080556713 0.7561461882978062 2.353942724644801e-05 0.00011948269410749004 -0.00012185647926078123 0.00014254004517086913 1.0
0.06187793508183081 0.27662461547324013 0.7610440961846201 -5.445148115677129e-07 6.735569711620371e-07 5.4588726348399314e-08 1.187915823441552e-06 0.0 0.0011392583940978498 0.24175865065164376 0.7560867031615669 2.8390290069467243e-06 1.7442903763391273e-05 -5.027508630569077e-05 6.228797397910219e-05 1.0
0.06187733870296432 0.27662401346494975 0.7610445861371085 -4.946141043998866e-07 -2.1489021696250845e-07 -1.0816590875848717e-07 9.114714654312692e-07 0.0 0.0011380098753416815 0.24178791096396152 0.7560281561948952 -1.573272811042984e-05 -1.3445754816523417e-06 -3.5764683724653505e-05 7.123196898461712e-05 1.0
0.06187563102332595 0.27662400499331846 0.7610396902237924 -1.6686964027533063e-06 1.0297585320813895e-07 -4.023160979720609e-06 5.323131713777673e-06 0.0 0.0011574631303213876 0.24177778471585198 0.7559827006176993 2.0190508467335288e-05 -1.9028423022469926e-05 -4.113461913841774e-05 5.7459870682176686e-05 1.0
0.06187625951567453 0.2766233677467161 0.7610308190279849 3.499759589945459e-08 -1.3532747611737286e-07 -9.148973952932113e-06 9.043748023517949e-06 0.0 0.0012456401770532873 0.24166637249348938 0.7559088144245383 9.945769890177357e-05 -9.638572791558089e-05 -7.23054999274608e-05 0.00015184016692020588 1.0
0.06187462158467414 0.27661298530321865 0.7610140599015097 -1.2872207996728642e-06 -9.29169807148266e-06 -1.6661173273584336e-05 1.9580341162718087e-05 0.0 0.001413583877329321 0.2414689878444211 0.755866047504066 0.00018458414897381433 -0.00017803201709391266 -6.629953387527755e-05 0.00026255030650353757 1.0
0.06188053298378626 0.27660081104132894 0.7610134431023293 4.736401956260813e-06 -1.3691963482085081e-05 -4.103325314318711e-06 1.377420618742526e-05 0.0 0.0021745540519454783 0.24147563024953958 0.7557586535307173 0.0006922537854362126 -3.572553355992155e-05 -0.00010733747223281602 0.0007683404980645375 1.0
0.06187589915935417 0.27657667598665264 0.7609969933349462 -2.1884973939529363e-06 -2.3849462757927967e-05 -1.2397876075709888e-05 2.899965578536367e-05 0.0 0.0022463823290437604 0.2417104291225281 0.7556328917165395 0.00025595741556278494 0.00021225110421029954 -0.00012218923146754896 0.0002917853559032514 1.0
0.06187847360141758 0.2765664254296971 0.7609827834565006 8.537890213307527e-07 -1.3858366749666713e-05 -1.4229247114255823e-05 1.8521242267691993e-05 0.0 0.0020791344305813916 0.24195452925254493 0.7556860839629549 -0.00016969828955125897 0.00030987236820499405 2.1667174233284112e-05 0.00026998153869296613 1.0
0.06188453587478094 0.2765540554336391 0.7609784558658814 5.3452478743681424e-06 -1.0706592415585853e-05 -6.1068190672894264e-06 1.3866536979553754e-05 0.0 0.0016946969518117526 0.24220279761707803 0.755954522410123 -0.00048461293367537295 0.00029305700455686205 0.00026076949600447577 0.0005419213799506652 1.0
0.06188708030911135 0.2765482742436221 0.7609743658729397 3.826425687428119e-06 -4.232551534050423e-06 -3.545659794774771e-06 7.562525288519345e-06 0.0 0.001373595968926749 0.24253513276718433 0.7562636863762936 -0.00045014369702615627 0.00030966973367675985 0.0003597940533989833 0.0005785981174275358 1.0
0.06188738207914812 0.27654772882997486 0.7609721887950118 1.0046407174991424e-06 6.932370484655883e-07 -1.4456664873681176e-06 2.438866522323575e-06 0.0 0.0010534268393319274 0.24279252094521717 0.7564014237462994 -0.0003248789404033477 0.0002347975753022501 0.0001990495364732539 0.0004198442262331755 1.0
0.06188416515197484 0.2765422361098416 0.7609642626011885 -3.396031089267e-06 -4.099882474771497e-06 -6.2989263861187216e-06 1.0247753910755871e-05 0.0 0.0007535133213473598 0.2430264672366866 0.7564240962978225 -0.0002109356584662875 0.00020712585373738247 7.893029546347333e-06 0.0003601614946898545 1.0
0.061887012515080865 0.2765452540978348 0.7609611874727134 8.882909625692795e-07 6.740450471491933e-07 -4.1429859383437865e-06 5.142341578741633e-06 0.0 0.0004907180358507275 0.24330594505532724 0.7564259269588217 -0.00017469604743699054 0.0002715365664221447 -7.249321805956361e-05 0.0004047877567688616 1.0
0.06188933659684293 0.2765383275187713 0.7609672539123733 2.0134441307240525e-06 -6.308681840710398e-06 2.7007218250450394e-06 9.283909614978155e-06 0.0 0.0003196669993380559 0.24364981431609883 0.7564123538038507 -0.00020864635205693107 0.000346377719246938 -5.466593567537829e-05 0.0003861662863335239 1.0
0.06189123538822782 0.2765289301920394 0.7609787153665516 3.618126475036776e-06 -9.49445089823787e-06 1.2442331504824389e-05 1.4891157789369089e-05 0.0 0.0003176402245123729 0.2438585556899371 0.7563810941671641 -2.9009200877982677e-05 0.00024226168874876705 -1.1102095757209023e-05 0.00020597262930063847 1.0
0.061892523311381904 0.2765171477917768 0.7609934979919306 2.056646643872646e-06 -1.3242555326452898e-05 1.722905819830435e-05 1.9272285266128364e-05 0.0 0.00038003968130037423 0.24403533396858873 0.7563252584171426 7.038887766370222e-05 0.0001783843473878892 -1.587585437385536e-05 0.0001887593015642783 1.0
0.06189225578041982 0.27650970988802337 0.7610017471066807 -6.430039791691514e-07 -8.600001747608298e-06 1.0375765694402629e-05 1.1117783512332394e-05 0.0 0.00048156901587960535 0.24414720143802743 0.7562713426122963 0.00012484750745576472 0.00010484061144661386 -4.284021888150384e-05 0.00016779454753669976 1.0
0.06189099959863419 0.2765034304010072 0.7610092469604867 -2.0371383323941592e-06 -5.567500088015235e-06 6.0057162147213795e-06 9.284777658752251e-06 0.0 0.0006584043440772494 0.24425774642326537 0.7562148942747876 0.00016767526946994315 8.262289095429661e-05 -6.646135434221982e-05 0.00021714698414408674 1.0
0.061891160244723145 0.2765048014011024 0.7610113155358058 -5.918809456655936e-07 1.6724238514462918e-06 1.617268095886589e-07 3.0332041350427945e-06 0.0 0.0009353668029999722 0.24436303402630283 0.7561986059750999 0.00025554646969794286 0.00010228924072985777 -2.701007548918813e-05 0.0002946067496385014 1.0
0.0618861971081398 0.2764936986935618 0.761010694738661 -3.629768113196673e-06 -6.97279196445205e-06 -1.6410759106549542e-06 1.1993792981359762e-05 0.0 0.0014456025860362627 0.24444295850773107 0.756199113429249 0.0004810100674272766 0.0001003664877763246 6.028499821650601e-06 0.000513795048728621 1.0
0.0618827489840496 0.27647424366299117 0.7610067693306085 -4.05097232988675e-06 -1.9966844385562303e-05 -3.6128321570208802e-06 2.0395083771300678e-05 0.0 0.001885653597454136 0.2444004590529461 0.7562404899077376 0.0004904663589482289 -1.468636448701845e-05 4.398920525809745e-05 0.00045145588258271223 1.0
0.06188659741631917 0.2764627375390143 0.7610035474637826 2.6171572579283333e-06 -1.597418544887225e-05 -3.1046721275299516e-06 1.2528127285288025e-05 0.0 0.002376049904886967 0.24433809085329442 0.7563212535032169 0.0005025243852106496 -8.315570077072808e-05 8.206238111196484e-05 0.0004904901005041401 1.0
0.061892110026107276 0.276447432749982 0.7610074361583645 6.426339452109461e-06 -1.5669253872010865e-05 3.444784990822583e-06 1.60935127277312e-05 0.0 0.003366615132045071 0.24428525125037048 0.7565180651284872 0.0009066582335525255 -7.284225015993033e-05 0.00018574672858264542 0.0010110703002568823 1.0
0.06189325962945399 0.2764395849986189 0.7610112039932506 3.123364123945662e-06 -7.742003034523e-06 5.159581706982616e-06 9.256897710982229e-06 0.0 0.0036724259785756784 0.24434082043129157 0.756600673113548 0.00045117517799010806 3.7385178860029755e-05 0.00011492655887758167 0.0003482775225990744 1.0
0.06189326146585965 0.2764378480203903 0.7610107318608298 -7.271420697458682e-09 -1.0913551285083656e-07 1.5190448081861381e-06 1.9899190055356564e-06 0.0 0.0038710564376586995 0.24439723942922698 0.7567146810972301 0.00016706691347021438 8.617912126429092e-05 0.00010165702048831583 0.00019708912229966544 1.0
0.061893874147807 0.2764408485805039 0.7610051704834235 -8.139765772666063e-07 4.802253087967129e-06 -5.576330726105011e-06 5.913179830983406e-06 0.0 0.004161585776165354 0.24449362156219895 0.7568169959820417 0.00018590317252348339 0.00011681157266645731 8.993992442079621e-05 0.0003306947657420097 1.0
0.06189269473617834 0.2764402181456922 0.7609991424009126 -2.1709283129904297e-06 1.1878679531373665e-07 -8.062861158036584e-06 6.5559608603982684e-06 0.0 0.00471246882418131 0.24460929772823145 0.7570954760189753 0.00048122585436121703 0.00011908534431569128 0.00024236457633812516 0.0006541252575330387 1.0
0.06189350367437832 0.27643707081027685 0.7609919334729274 6.271395154674688e-07 -3.7340766448755186e-06 -8.601009880566959e-06 7.897873896100325e-06 0.0 0.005778276510702211 0.24490253678891657 0.7575016552721332 0.0010522564137726194 0.0002565244983050123 0.000413939884100076 0.001167860726161393 1.0
0.06189582753984276 0.276432862295324 0.7609908069583278 3.1736782970504524e-06 -5.4875181856979e-06 -1.8358521257835355e-06 4.596789845853338e-06 0.0 0.007301346469124574 0.2454657781349643 0.7574649412320797 0.0016332838848023166 0.0005410740703735716 7.446951066371326e-05 0.0016090645682617995 1.0
0.061890022893241865 0.2764213421225635 0.7609768783419131 -3.989364881438482e-06 -1.2271471829294763e-05 -1.0049113714693897e-05 1.8943011913674675e-05 0.0 0.00802224365818161 0.2452952993856236 0.7572043570724326 0.0010050856398723354 -1.1147002965574245e-05 -0.00026851098878821614 0.0008067248836735882 1.0
0.0618854867383893 0.27641922655687856 0.7609816741172981 -5.87091214607932e-06 -4.243164301261015e-06 1.6141142766240075e-06 7.701771530923658e-06 0.0 0.008491034482747833 0.24517163196159902 0.757093652352884 0.0003670720772655561 -0.00019904838673655989 -0.00024058640958480392 0.00045757257782117855 1.0
0.061880575934571656 0.27641757783816795 0.7609814947955368 -5.768881546925724e-06 -3.279340531797629e-07 1.5217393751552446e-06 4.309732174627089e-06 0.0 0.009511688039519572 0.2449409615940349 0.7569996113846919 0.0007307413617230793 -0.00031609428823117157 -0.00012762387747123312 0.001069511798172932 1.0
0.061877438139937915 0.27641824111696744 0.7609796781819157 -3.5449339728901166e-06 2.239234981287871e-06 -8.197317363497506e-07 3.8266958719107155e-06 0.0 0.009979012250740322 0.24500544252390646 0.7567673467033619 0.0005085430896803404 -2.4772223439558738e-05 -0.00016614642241308736 0.00057702321668316 1.0
0.06187422198464939 0.2764158792237574 0.760981369751343 -2.5453204551123557e-06 -1.0207011979445224e-06 9.506935802007249e-07 4.734730262968856e-06 0.0 0.010173659468474339 0.24500129879117571 0.7566292616342948 0.0002664145476613004 7.605610307794835e-05 -9.714925063736605e-05 0.00018603971974065356 1.0
0.0618728745929746 0.27641810681079587 0.7609784608242529 -6.589060703784412e-07 1.0734978506957702e-06 -2.644027392754741e-06 3.919141185022793e-06 0.0 0.010284516632144821 0.24493642240879965 0.7565895450756619 0.00014470921522403068 4.205739838844717e-05 -3.68339849946548e-05 0.00011543940234102091 1.0
0.06187048967752133 0.2764166309905866 0.7609752889975463 -1.8754597613414336e-06 -1.56835884128664e-06 -4.050542023762105e-06 3.7460479551380585e-06 0.0 0.010314917036443811 0.24483269715038047 0.7565344186198475 1.006112465973567e-05 -8.316372432544644e-05 -7.181553260436299e-05 0.00016380989250733887 1.0
0.061863985813222555 0.27641360864873243 0.7609744831416113 -6.556270398492822e-06 -3.6356595061540906e-06 -2.2284594409749097e-06 7.505257770583009e-06 0.0 0.010440356406727847 0.24479702732810957 0.7565611439312074 3.6425993468773045e-05 -0.0001276055732256876 1.8602363915559616e-05 0.00013219067208954907 1.0
0.06184924440783044 0.2764083451081644 0.7609685176323427 -1.4345321952021486e-05 -4.889110618094469e-06 -3.7290268329972137e-06 1.670816042270777e-05 0.0 0.010867216921438232 0.244822570650237 0.7567487788178373 0.0004396142334685859 5.599363331805653e-06 0.00018902035286917908 0.00044065496286529874 1.0
0.061833314734379315 0.2764104699569095 0.760970292156486 -1.7632970291496085e-05 4.4307768489702863e-07 1.1753339973591394e-09 1.6405970144692705e-05 0.0 0.011020063193439573 0.24485531500039753 0.7567881400026215 0.0003227567256443507 4.9844135725271875e-05 7.80755681586539e-05 0.00018450722361247878 1.0
0.06181818542288847 0.27641015536242597 0.7609750317807487 -1.6358433177361912e-05 9.170193406254315e-07 5.080377446770393e-06 1.549727877338696e-05 0.0 0.010969217697918572 0.24482169469186282 0.7566980273770506 -4.5692647278092625e-05 1.481802300897891e-05 -9.153340032980052e-05 9.012469344405675e-05 1.0
0.06180765374362062 0.27640677265793173 0.760970569358797 -1.0768346287724108e-05 -2.181232954587237e-06 -1.700294809477706e-06 1.1946988346516032e-05 0.0 0.01083389077263207 0.24474765019597705 0.7565729999534708 -0.00020515828287205406 -8.373392307707042e-05 -0.0001567466018578097 0.00020172388275779254 1.0
0.06177851550283202 0.276363635902751 0.7609402076757277 -2.449389397587475e-05 -3.7538279393532593e-05 -2.7709715623569096e-05 5.9940576050340016e-05 0.0 0.01096368695527088 0.24484388561124873 0.7562197215674124 1.4513562934615224e-05 4.274117103071174e-05 -0.0003565899217500044 0.0004022253208303868 1.0
0.06176572355580106 0.2763468708192631 0.7609268426129103 -1.6352349277972286e-05 -2.7202249931522725e-05 -2.0823614156128094e-05 2.7010746834478236e-05 0.0 0.01126704182225341 0.24501385880965773 0.755878633976471 0.00029692281017358683 0.00016907192996188958 -0.0003823866423626462 0.0004859036650214267 1.0
0.06172275091072869 0.2763187545003349 0.7609029369598785 -3.882117839559348e-05 -2.813705504877815e-05 -2.390459181894007e-05 5.358700770206718e-05 0.0 0.011886375064628649 0.2453016793322964 0.7551909108190888 0.0006784323063143222 0.00031179499681236524 -0.000635234895596074 0.0009501422992465383 1.0
0.06167098172684346 0.2763085976963771 0.7608923684980847 -5.387301389888252e-05 -1.083760442841292e-05 -1.1760932391817435e-05 5.5355215301572836e-05 0.0 0.012111606967307485 0.24525626083713997 0.7548736853924483 0.0003969626224026376 4.127294709777734e-05 -0.0003893409661874363 0.0004179645829750293 1.0
0.06162856469046438 0.2762918968514602 0.7608921628542373 -4.746034809278487e-05 -1.0171627013613234e-05 2.6456798218976308e-06 4.6114751700463905e-05 0.0 0.012266859935086617 0.2453757570956301 0.7544794944471549 0.00011397866275569525 5.2709242644079565e-05 -0.00035818176917159995 0.0004093590076028687 1.0
0.06157505588206932 0.27626870781914253 0.7608796028611082 -5.1468366789783336e-05 -1.9944934861297876e-05 -6.61890069586498e-06 5.868036411478086e-05 0.0 0.012518286242439182 0.24577672002390671 0.7542099292241136 0.00012673090339001219 0.00031762067866380404 -0.00024232446518265903 0.0005589673256795748 1.0
0.06151556068093406 0.2762530112667293 0.7608687866233704 -5.7312877035775394e-05 -1.9647708771254568e-05 -1.2529762816436873e-05 6.255713564487446e-05 0.0 0.012780948851412373 0.24626226130709783 0.7538886633469425 0.00021303679744421247 0.000511378639383529 -0.000275419075516109 0.000655307519308085 1.0
0.06138925800809467 0.2762336274855041 0.7608581696587281 -0.00011698351376273365 -2.2267284952949503e-05 -1.415323026381175e-05 0.00012867786750340307 0.0 0.01333396652014441 0.24684672762041135 0.7536617480774433 0.0005492987516695343 0.0006474308933294893 -0.00025089421908876936 0.0008238057950801838 1.0
0.061227122128526545 0.2762134779319684 0.7608434136630041 -0.00016583155781492123 -1.8712957181979023e-05 -1.477742832504832e-05 0.0001644808257772673 0.0 0.013731480219506391 0.24708641763376626 0.753574433176998 0.0005131956883885505 0.0003320131892657911 -0.000122302004338682 0.0004644093609445718 1.0
0.06103939251006041 0.2762055748529236 0.7608793176550752 -0.00019916248651632242 -9.989405396098119e-06 2.7479825123115852e-05 0.00019071781160663603 0.0 0.013908573815400687 0.24712995587574718 0.753477635775394 0.00024540962538777985 5.630104988896332e-06 -9.686327082812868e-05 0.00020837404378403737 1.0
0.06092708893493737 0.27619195123726586 0.7609025809118296 -0.00013009650308779772 -9.930980294613e-06 3.3516131666695364e-05 0.0001155875025607527 0.0 0.013975791688861613 0.24707134408418607 0.7534362430538754 -4.187037454654618e-06 -0.00017220101408304717 -1.3302742609806848e-05 9.748447185095523e-05 1.0
0.06049153586757958 0.27612594799084705 0.7610658953841067 -0.00037488605507625844 -5.8663674168099585e-05 0.0001485431526843475 0.00046400947940536283 0.0 0.013944908913454117 0.24689648009936035 0.7533494893133851 -9.260237548636537e-05 -0.00020451029674455425 -8.423156030649563e-05 0.0002090931303570132 1.0
0.06024855773413457 0.2760706547245765 0.7611733902765285 -0.00029817327840888947 -6.503805186343195e-05 0.00013312858871476985 0.00028826718750882296 0.0 0.01389889488732853 0.2467901712964866 0.7533261841741448 -7.663789462468772e-05 -0.00010342752906992383 -4.391076148996194e-05 0.00012063776319729794 1.0
0.059930557391882223 0.27600928925731455 0.7613655757891473 -0.00031350426826822137 -6.581795983424637e-05 0.0001851833933234679 0.0003588958855529417 0.0 0.013876440172268094 0.24672270902470475 0.7533025130969339 -7.78057308327819e-06 -2.3195899164291794e-05 -3.658263959684853e-05 5.7928856015429715e-05 1.0
0.05948698036565243 0.27583894962687877 0.761698214002342 -0.0004219775108345539 -0.00015533590354630002 0.0003145862595267144 0.0005816364999135906 0.0 0.013864792297685589 0.24666218378656524 0.7532722941510573 4.044921026997365e-05 -1.0107431040751137e-05 -2.0567587098344856e-05 7.255383351974351e-05 1.0
0.0590609041309665 0.2756262921713629 0.7620060457794207 -0.00043514874813203717 -0.00021771564258158874 0.0003290801389860636 0.0005801471972930284 0.0 0.01386073185228364 0.24663576868245082 0.7532593724417165 9.388677330764215e-06 -2.809113764302019e-05 -7.284644633322613e-06 3.641998978649852e-05 1.0
0.05811683689965855 0.2749925421315113 0.7624078811491954 -0.0008742545683194482 -0.0005886830763661684 0.000398110803435571 0.0011926611588269614 0.0 0.013867661564712832 0.24661812801143543 0.7532466730661592 3.5768435308609187e-06 -2.171839876881918e-05 -1.395287266998176e-05 2.178442358215498e-05 1.0
0.05698626378815401 0.2742543313044966 0.762829175551536 -0.001177416796976681 -0.00078841348559368 0.0004238961284275743 0.0014240086383846893 0.0 0.013882223275854954 0.2466107025868714 0.7532346085360022 8.41202858184933e-06 -1.930687140802896e-05 -1.138532322922534e-05 1.6780705300584197e-05 1.0
0.05563223520885953 0.27330560225566475 0.7634461308649705 -0.0014181551356343817 -0.0009781255846385425 0.0005934311216619618 0.0017613757722364219 0.0 0.013902421087595524 0.24660569039071345 0.7532101795405511 1.1904436107518621e-05 -1.5919783709366007e-05 -2.5783471402613132e-05 3.437417934765712e-05 1.0
0.05390628652521993 0.2716972921678964 0.7638029194835749 -0.0017033611672000847 -0.0015428957448387765 0.00040829216218426687 0.0023758432382965937 0.0 0.013913537303236736 0.24659953078058744 0.7531840058245388 1.1142531250366136e-05 -3.6944870530892073e-06 -2.408580132107667e-05 2.9048171542707526e-05 1.0
0.051423647586337856 0.2688878139111763 0.7639189625226613 -0.0024138495493152726 -0.0027156079173323946 0.000135291953736323 0.0037567621613135236 0.0 0.013932070630038089 0.2465782040219762 0.7531424923503246 1.6751118310658046e-05 -2.0273600995109162e-05 -4.264208922999048e-05 4.8900306862396654e-05 1.0
0.04943237616874556 0.2660710724117341 0.7640697488190201 -0.002157856425790394 -0.003025025968210867 8.015970706347009e-05 0.0034897452843326484 0.0 0.013954471440337589 0.24656004666337197 0.7530311728340358 2.0796534333276988e-05 -2.2469870331399063e-05 -0.00010454432035314953 0.00011568338610072939 1.0
0.0472067532407298 0.26243283351681274 0.7634849444903794 -0.0021709771497290583 -0.0036387950666307064 -0.0005273093866291559 0.004235231570152391 0.0 0.013930694213365563 0.24653631955900276 0.7529700203349392 -1.6581756493970198e-05 -2.3154553961683527e-05 -7.769063068391703e-05 7.182415753017393e-05 1.0
0.04504977302762454 0.2584282179961211 0.7628930817638192 -0.0021208848580157656 -0.00401947555750977 -0.0006783618570846491 0.00462306424107955 0.0 0.013903964344706117 0.24652377428967703 0.7529077338248161 -3.13605471502184e-05 -1.412785393113135e-05 -6.220119644680709e-05 6.52982339610419e-05 1.0
0.043835922593803596 0.2556513781175628 0.7627214315816269 -0.001274250731635219 -0.002937951645363688 -0.0002762978378086853 0.0030684601335856576 0.0 0.013881593005107388 0.24651361945394984 0.7528568545950428 -2.8368557607691276e-05 -7.405671788987477e-06 -4.484897907630974e-05 5.740417194890434e-05 1.0
0.04265581961525345 0.252760512041783 0.7621321965011871 -0.001031105993191509 -0.0026438908996888125 -0.0004364241976692408 0.0031023270654728114 0.0 0.013871132409231606 0.24649869972063462 0.7528039809470362 -1.2422108574331116e-05 -1.1279567595538883e-05 -4.4232018573964306e-05 5.7929644999638166e-05 1.0
0.04143915937458933 0.24978184179664467 0.7612923576212693 -0.0011344185353931247 -0.0027927192758885663 -0.0007647679690602591 0.003365145784120948 0.0 0.01385921967132497 0.24649529682826943 0.7527632350137856 -6.365369731014137e-06 -5.125324423979791e-06 -3.9543353042875266e-05 4.2165712214963506e-05 1.0
0.040065648760751735 0.2472291863010913 0.7600018036467275 -0.0013958110899011066 -0.0026160072832358047 -0.0012627315680221384 0.003223367805798479 0.0 0.013844723793100791 0.2464863127046788 0.7527233298992559 -7.94041048738741e-06 -8.75840645436461e-06 -4.3387799329035534e-05 4.146358540737067e-05 1.0
0.038910600238410226 0.24559185664488045 0.7588363690864389 -0.0012674231681904272 -0.0017876927040871263 -0.0013049145866537333 0.0022613891844560016 0.0 0.013830164329431202 0.24648137021369043 0.7527001636022989 -1.4479686267379497e-05 -5.8608028484838795e-06 -3.0320924658849977e-05 2.9491152712535793e-05 1.0
0.037802321091232265 0.24436741801883283 0.757583819150429 -0.001209082226453686 -0.001257383937393699 -0.001329348106393783 0.0020389469717802017 0.0 0.013815347181972798 0.24648100088843805 0.7526910288844078 -1.981712100657593e-05 -1.4119123035971356e-06 -5.947055910621418e-06 1.6701637480686567e-05 1.0
0.03670076821227256 0.24366433800257514 0.7562837151502495 -0.0010738275650014777 -0.0006274292563179774 -0.0012345317622094402 0.0019044817800257154 0.0 0.013811620950803188 0.24647779305267098 0.7526832487068044 -6.542371195195427e-06 -1.5171490985421666e-06 -5.075133891001288e-06 9.342639413700691e-06 1.0
0.036123888178616316 0.24345022188088122 0.755511831588973 -0.0005605284160797291 -0.00010226987073187668 -0.0007661793672960686 0.0009890262675335071 0.0 0.013814974266680257 0.2464764127059036 0.7526786976368439 4.4440579453663025e-06 -1.8083120109525786e-06 -3.4675994027949893e-06 5.899185620251082e-06 1.0
0.03550525171075524 0.2432877557595444 0.7545255659849396 -0.0005405656687111647 -0.00016654437058092773 -0.0008844104867779595 0.0011321652373019872 0.0 0.01382091719659351 0.24647127340802608 0.7526703199151519 9.01967675740056e-06 -5.006638292632155e-06 -9.077421230775048e-06 1.161194022134486e-05 1.0
0.034953425331106076 0.24336302468184348 0.7532933633445844 -0.0005286949739093058 -2.3036326506819128e-05 -0.00118033529360531 0.0013758815161504256 0.0 0.01381432404326554 0.24646544546288254 0.7526687581909817 -3.6434170082389264e-06 -5.9530810323204855e-06 -4.623625008670977e-06 8.846193831806721e-06 1.0
0.035106529694273365 0.24271897359090314 0.7525703885738536 3.964333418680194e-05 -0.0005665046116604057 -0.0008766413698614166 0.0010030166828121014 0.0 0.013809326174390646 0.24646155871643696 0.7526668746367249 -7.849194819976434e-06 -5.307427304055904e-06 -2.846366327202865e-06 6.456412592574662e-06 1.0
0.03550284982470086 0.24231381436196775 0.7522804259926734 0.00043637673608349324 -0.0005431456776600302 -0.00034296531867449086 0.0005972169609916034 0.0 0.013810041071417622 0.2464596941500568 0.7526681412501277 -3.040651695509953e-06 -1.6280012308820484e-06 2.22692970971161e-06 2.292972141582936e-06 1.0
0.03595148600021104 0.24228603666724854 0.7519982769968699 0.000520415737957873 -0.0001597710484845154 -0.00019450540224052624 0.0005292010648554695 0.0 0.013818123617406145 0.24646217966990464 0.7526696865874741 7.032625766756998e-06 2.9192322494462817e-06 2.945162204576315e-06 8.700005635831453e-06 1.0
0.03595688196335707 0.24278120303478157 0.7516893707463184 9.785358897975945e-05 0.0005091553365187086 -0.00021838189843065227 0.0006166776635180425 0.0 0.013826106813137583 0.24646258965554155 0.7526629343615724 1.134851158702856e-05 1.7489368461290899e-06 -5.366179489025096e-06 1.0812514344936424e-05 1.0
0.035876098515439006 0.24422399806284825 0.7513666548150244 -0.00015757395100023195 0.001506313775770474 -0.0003080209352960278 0.0014642682279741865 0.0 0.013806745570639437 0.24650651202107415 0.7525499068055573 -1.3146319028070464e-05 3.8056190264563134e-05 -9.9461734583235e-05 0.00012145113217457707 1.0
0.036390150463510774 0.246462954037453 0.7510906116554131 0.00027419827569337993 0.00236868875301827 -0.00038617183826257365 0.00232100324268908 1.0 0.013912769253170672 0.2465280092440173 0.752549320278425 8.405891121395694e-05 2.995100561876055e-05 -3.311841988708638e-05 0.00011182813927869089 1.0
0.03658025165099716 0.24655021797127274 0.7509115810571856 0.0002803214584244086 0.0005870466661594337 -0.0002504315307825585 0.0002970875766450684 1.0 0.01422774905106639 0.2464870500357321 0.7527014024214962 0.00029775554007391064 -3.0671587340837646e-05 0.00013368500012632143 0.00034612234831574867 1.0
0.03653942430493018 0.24656196090479301 0.7508313009485555 0.00010104467930087331 -0.0003204744960881694 -4.1514268353661e-05 0.0 1.0 0.013982033734353593 0.2464132916388329 0.7526115758223263 -0.00012228323735012848 -8.076049654573208e-05 -1.9724147692200042e-05 0.00027983733444035785 1.0
0.03629483664568507 0.24673512478532206 0.7507085363328118 -0.00022289870243384402 -0.00024176323822843078 -5.680688997152417e-05 0.0003889403195008749 1.0 0.013720830622971131 0.24635946765338768 0.752480293772044 -0.0003101507203323453 -7.251968254244932e-05 -0.0001304880456705446 0.00028964591708107183 1.0
0.03629171821833675 0.2467301400522127 0.750639239188845 -0.00013213668361173204 -0.0001032439042297522 -7.306115705138218e-05 0.00013480207059131204 1.0 0.013631797470720448 0.24634212878338121 0.7524151156740668 -0.0001919244796924271 -2.52435075529727e-05 -0.00011016778699542479 0.0001145571639194407 1.0
0.03624985437816826 0.24674835048462995 0.750540171343886 -8.203134043339256e-05 0.00015993768574299575 -0.00010726116583467324 3.7306461612768706e-05 1.0 0.013696334809226605 0.2463725716510143 0.7524143424247105 3.5164799557654234e-05 3.8391890578798924e-05 -2.917196517619547e-05 6.905487892261482e-05 1.0
0.03614428321795221 0.2467222213318398 0.7504752750979896 -3.4430555592259307e-05 0.0002232633744176459 -8.670221089791878e-05 9.82526119500893e-05 1.0 0.01381497583257857 0.2464371742682464 0.7524066278379739 0.00018235243540141505 8.291414852778613e-05 9.849921751639595e-06 0.00014021788146204137 1.0
0.0361255089075926 0.24666806947795245 0.7504551038749152 4.0094324191898274e-05 1.657162848582583e-05 -2.806711546324926e-05 0.00011601458033925322 1.0 0.013858360961611567 0.2464723452997124 0.7523913252339655 0.0001394282052020235 5.017025342891154e-05 2.4764143204603105e-05 5.872544515725762e-05 1.0
0.03617214238853074 0.24658226643405962 0.750402656511612 1.793501548600794e-05 -0.00024052072534031725 -3.2552754923614164e-05 9.309989914028016e-05 1.0 0.013880918214115686 0.2464815501971519 0.7523981109331228 2.7612812212093256e-05 3.6415550032816015e-06 1.2745177826460114e-05 2.0904427197528723e-05 1.0
0.036233400078807224 0.24655219204924236 0.7503476711181725 4.626050393632307e-05 -3.87115284172549e-05 -4.851232546172006e-05 8.365216827266932e-05 1.0 0.013945759987674678 0.24650973323924164 0.7523915394085695 -2.230657345704109e-05 8.078705320802997e-06 -3.102913853209194e-05 6.735018186578842e-05 1.0
0.0362634618182309 0.24655340583783014 0.7502830910758376 3.693708194806829e-05 1.5968814235746183e-05 -7.143850823717074e-05 7.763253137703205e-05 1.0 0.01397773577623573 0.2465320520269632 0.7523806177878076 1.836488415852221e-05 1.627618527239857e-05 -1.834085165376878e-05 4.934738301759853e-05 1.0
0.03626328892603478 0.24657346287529527 0.7502663377600804 1.682969680000135e-05 2.231964320291484e-05 -2.8272327997424376e-05 2.2159457483035344e-05 1.0 0.01398678505015924 0.2465381569658707 0.7523783032695952 2.5314433277417385e-05 1.153617783659331e-05 -4.215935432907308e-07 7.771953417178652e-06 1.0
0.03623495393792494 0.24662819925990337 0.7502819565701099 -4.834225326337612e-05 6.380227823395052e-05 1.3059438059585566e-05 6.299090505749486e-05 1.0 0.01399805016255448 0.24654442321812103 0.7523833236352027 2.2772778300062817e-05 1.1309369112924607e-05 7.978775833628235e-06 1.0137557622567317e-05 1.0
0.03623194573039969 0.24671853138477912 0.7503470731333257 -2.6894025164930066e-05 8.744563867167658e-05 7.36212666424873e-05 0.00011516161693454597 1.0 0.013938822652103448 0.2465185749368305 0.752369298477075 -4.9089407720656394e-05 -1.990143878601038e-05 -1.0459199775358575e-05 6.980347591164504e-05 1.0
0.03619319664668575 0.24677966806159823 0.7503607405522891 -2.6543852651425776e-05 6.49303090641195e-05 3.645799961841388e-05 7.285422030025494e-05 1.0 0.01390125642467689 0.24649761097172687 0.7523771345305039 -5.629647822197151e-05 -2.9187481416245698e-05 3.790455115379251e-06 4.576202379004621e-05 1.0
0.036163005752748924 0.24685001929022435 0.7503787670314833 -2.3323823073258346e-05 6.187586595405095e-05 1.0401979445384668e-05 7.511903800211877e-05 1.0 0.01389091523267527 0.24649281198625836 0.7523772826017509 -1.6500294706665024e-05 -1.0307488952963883e-05 3.327916866337214e-06 7.200551231416827e-06 1.0
0.03614360455695421 0.2468928411127926 0.7503546653758001 -1.7391051020487595e-05 4.323777316795366e-05 -3.113731460090707e-05 5.445365434496363e-05 1.0 0.013886027426492063 0.2464986178646977 0.7523719248688814 6.021206025473451e-06 1.0044641071523395e-05 -5.366261165727499e-06 9.072647474056016e-06 1.0
0.03616182973836627 0.24695603054728138 0.7503667670542227 1.3824833776025471e-05 5.316634911754956e-05 -7.051352108705254e-06 6.847993668798081e-05 1.0 0.01387281361725826 0.246497641727038 0.7523622531042401 -3.850500665235221e-06 6.0959747214814745e-06 -1.0102094093611716e-05 1.9155670432168117e-05 1.0
0.03620197259490047 0.24712302365640856 0.750527396368228 4.2765530694828036e-05 0.0001522573819994499 0.00014287072451686682 0.00023323774308045949 1.0 0.01383997847394388 0.24647721058465596 0.7523701135425892 -2.7781043499203992e-05 -1.6026153404618868e-05 4.382223274010608e-06 3.962555902307213e-05 1.0
0.03620281277589665 0.2473345523587358 0.7507299299497113 1.4282445253224893e-05 0.000226287815854138 0.00022806979407173292 0.00029670929789467283 1.0 0.01381615601368233 0.2464319440649222 0.7524006682286553 -3.245641632590535e-05 -4.690549864119059e-05 2.87243187798858e-05 5.7916407056103525e-05 1.0
0.036097629259571724 0.2475400447418882 0.7509180889822266 -9.269862990637467e-05 0.00022970299110287943 0.00022157408449115392 0.000294960212420952 1.0 0.013788434743258002 0.24640667707363573 0.7524468879449184 -3.644763949591227e-05 -3.871914664721665e-05 4.897082414343025e-05 5.988480168112442e-05 1.0
0.03603278424043775 0.2476790003279122 0.751076434316609 -9.732170429420569e-05 0.00015140313419353068 0.00016246472261463086 0.00021731571184244934 1.0 0.01376207801690184 0.24637417854604393 0.752486345024521 -2.44908401113465e-05 -3.1823477271491144e-05 4.789559773073007e-05 5.731862241992682e-05 1.0
0.03605821692183321 0.24772883183644107 0.7511719050062537 6.022565949077618e-07 4.1935304334040374e-05 8.234363403009544e-05 0.0001129609675450843 1.0 0.013746240459809992 0.24635810764262997 0.75251628495917 -1.3194148792481472e-05 -1.3571415782308003e-05 3.053862016758005e-05 3.780042632758409e-05 1.0
0.03607355711247011 0.24781123074018793 0.7511685847266742 3.6386767988960356e-05 4.148729719740575e-05 -2.2511423423703613e-05 8.527426553677562e-05 1.0 0.013748613407333642 0.24636688385100153 0.7525182694209918 2.8848000178988615e-06 1.155376635084212e-05 -2.3048467426630139e-07 9.49642550248314e-06 1.0
0.03606235119362358 0.24788043356186049 0.7512103791273784 1.7714155795480134e-05 6.176318424557333e-05 1.2379788649685479e-05 8.221409217554912e-05 1.0 0.01375273251305702 0.24635645282726112 0.7525403778508063 6.867038427504541e-06 -2.053288014468358e-06 1.0186391051473614e-05 2.4108489260674526e-05 1.0
0.0360559654561378 0.24794966633646529 0.7514643049435041 -4.126593630796145e-06 8.479734458987227e-05 0.0002324284169629622 0.0002618040107534437 1.0 0.013744184062751456 0.24630275584278905 0.7526057747170846 -5.550829822513497e-06 -4.9568439450666385e-05 5.89336480850045e-05 8.577082081308426e-05 1.0
0.03606192645292582 0.2481148135320576 0.7519207243977061 -1.1903304883821048e-05 0.0001673491936278937 0.00047478515676140456 0.000486671762731517 1.0 0.013750387330305317 0.24621665606723736 0.7527397136177466 2.133754781132094e-06 -9.27581909176893e-05 0.0001357333449386326 0.00016013582240287244 0.0
0.036010376138027704 0.248206182138665 0.7522917642701047 -5.628078405578018e-05 0.00012075602355890135 0.00045144375567523446 0.0003882981793074396 1.0 0.01380958457999272 0.24610153815411817 0.7529291335331152 4.93525461287074e-05 -0.0001231060046967976 0.0002010965509353934 0.00022838901227897367 0.0
0.03595635996551791 0.24839701876169923 0.7524521974382602 -5.503270143678299e-05 0.0001723976862199757 0.00020609345835091166 0.00024566759979200516 1.0 0.013829601545381638 0.24592678642748844 0.7532323706432335 3.3015783754950806e-05 -0.00017553982082296114 0.0003036255962176627 0.000349266881105897 0.0
0.03597311470950904 0.2486887142471471 0.7524784373264308 7.887260857381046e-06 0.0002771221956798052 -2.174889290554118e-05 0.0002931806335973461 1.0 0.014338283603859938 0.2456333672091002 0.7540203174990782 0.00044201346012344943 -0.0002819984220476998 0.0007360670607017471 0.0009797763211187884 0.0
0.03583190695814391 0.24887304853679396 0.7528973983545724 -0.00011116660077803116 0.00021955010273219975 0.00027378568191293695 0.0004903735285752491 1.0 0.015610471627033856 0.24541193169783176 0.7556689852566982 0.0012296530161392183 -0.0002467947715261217 0.0015969441579928054 0.0021017331927071117 0.0
0.03566224558716823 0.24904499801125557 0.7535055503189524 -0.0001772172802025709 0.00016779808057137909 0.0006110686142036909 0.0006550728783536069 1.0 0.016511351394730242 0.2454388108999037 0.7569720077252778 0.0011146833996457512 -7.777770598967619e-06 0.0015220832313857888 0.0016059812466150806 0.0
0.03557236365166788 0.249201570538563 0.7541193756660788 -0.00011866601283919485 0.0001406800616560646 0.0007272415317004626 0.0006322486346243595 1.0 0.017300962640126955 0.24550062650156743 0.7585071264953116 0.0008430836435914621 0.00010604297038674408 0.0015447254537725146 0.0016707153342363497 0.0
0.03547842697297591 0.2494085372295318 0.7548536350248906 -9.028589093833515e-05 0.00018548006766265471 0.0007874884228128288 0.0007628018781203282 1.0 0.017542616525315427 0.24565874941335455 0.7598240269179427 0.00021804630366073285 0.00019375416592929076 0.0012885593355321681 0.001373806733986008 0.0
0.03652180883452877 0.24951473361937637 0.7563204471258299 0.000895530731685186 0.00012007903633258382 0.00135352540658088 0.001802858812072702 1.0 0.016876824937730434 0.24558563142364873 0.7611072543004896 -0.0007381329012467532 -1.9768770816765337e-05 0.0011657243057355336 0.0014655721194519915 0.0
0.03704557999298742 0.25008049763353124 0.7576031429258586 0.0007736506089976963 0.0005095330076831876 0.0013604868344444531 0.0015335642630187887 1.0 0.01553092144814795 0.24530102314232755 0.7612245154778295 -0.0014878314166481819 -0.0003078635924702971 0.00020725930103480695 0.001380407955238241 0.0
0.03741334221782205 0.2540361104410375 0.7611002484885 0.0004561341872430688 0.00353975471774551 0.0032155440984542654 0.005212041289414859 1.0 0.011180568137563074 0.24445005505021422 0.760246065986916 -0.004060941938062534 -0.000863681563984628 -0.0009565653069920489 0.004488961118651207 0.0
0.03894759535709608 0.26002146834803125 0.7632956467789166 0.001266484125249238 0.006222751489840511 0.0026847026678960767 0.006667110674303109 1.0 0.008438708478891504 0.24390686792254931 0.7593129069568709 -0.003358967421235949 -0.000701787900429462 -0.0011727531740368777 0.0030765679384091678 0.0
0.04739466451226051 0.26744567065082253 0.7628569612447035 0.007509705644356016 0.007922514058850867 -4.6079763792604336e-05 0.011167383369399141 1.0 0.007110656222681894 0.24364340761932685 0.7589113436985664 -0.0015575174494310271 -0.0002986713219427283 -0.0006070318765732984 0.001271829730015048 0.0
0.05236804334506085 0.2743355224729405 0.7669417902604843 0.0065330972162952845 0.007380704961128367 0.0028641874721965247 0.009515616226787404 1.0 0.006778346063949955 0.2435400158135226 0.7588214270972445 6.376996419521009e-05 -7.417903009150101e-06 7.435025526636007e-05 0.00033895811106868213 0.0
0.05666275796222941 0.2782291384019533 0.7674982259033852 0.004787020694787887 0.00407080088064325 0.0011923502813759952 0.005705362710080724 1.0 0.006759125319634296 0.24354657256040305 0.7587767816341647 0.0005540684056915908 0.00012740971772491342 0.00024797719341175897 0.00015092439742540615 0.0
0.06203840179182058 0.2796081684538017 0.7650956642203746 0.004699562120463297 0.0007416905492324776 -0.0019640940767007196 0.006006864009673633 1.0 0.006821142321005657 0.24357050360893184 0.7587583018783587 0.0002851122301221501 6.57176655165283e-05 0.00012688663518821007 0.00010289143313518042 0.0
0.06581396937354642 0.27974597928338796 0.7622675561768261 0.0033027905867303617 -0.0007225138650262521 -0.0032916447908928155 0.004909037987640125 1.0 0.006929569598896911 0.24353647344905685 0.7587173331596477 -0.00014119277706854948 -7.269240793141983e-05 -0.0001524193229561011 2.5287182292619724e-05 0.0
0.06678276273965765 0.27928368855806696 0.7602719289668196 0.0009349977843538295 -0.000720795034927974 -0.0025342398316814422 0.0022820102550331015 1.0 0.007112900249165021 0.2434123796611793 0.7587234196991147 -0.00025858488803632293 -0.00020058401052984513 -0.00015516676967468936 0.00024188421751905782 0.0
0.06663077751020874 0.27827185256202036 0.7587721865788266 -0.00019421798124689553 -0.000719490238279628 -0.0016596228914275892 0.0015865523093379717 1.0 0.007276555895832589 0.243313699098709 0.7587859859160612 0.00016312216319087566 -0.0001276464611855671 2.3893165150846215e-05 0.00020676304857918885 0.0
0.06645935973681391 0.276008389170827 0.7567360851045173 -0.00018007552943015816 -0.0016288008834490263 -0.0014313984471796147 0.0031557097788666227 1.0 0.00734808089490736 0.24323277059387083 0.7588092032457184 0.00014491070375395902 -8.417490486340112e-05 7.041788663155943e-05 0.00011592441642856817 0.0
0.06674469526768988 0.27523589478955973 0.75582492512755 -0.0001094199210804796 -0.0008930283660803454 -0.00042281353157515127 0.0013616256393659265 0.0 0.007351459615784103 0.243230137249689 0.7588101084312061 5.3241264849787596e-05 5.782497763524646e-06 2.6586059097739553e-05 2.3982578221425684e-06 0.0
0.06668032558987018 0.27405279683904 0.7561186519091738 0.0003890374343384125 -0.0010849635163107203 -3.917937226064882e-05 0.0010297402102350112 0.0 0.007341929100159575 0.24323065229081672 0.7587994730005283 -1.822062713677209e-05 3.434906780693263e-05 -1.6224849228963382e-05 1.3959153599671847e-05 0.0
0.06620597885445513 0.2725540940053786 0.7576415037225832 3.918257338536915e-05 -0.001392161560667743 0.0013300966247481857 0.002216241783835269 0.0 0.007335572399799182 0.24324093033075445 0.7587935434855942 -1.6636694691601574e-05 2.6524224606103585e-05 -1.8266511740719642e-05 1.757972374678506e-05 0.0
0.06582801771692566 0.27190113815351324 0.7584394505530374 -0.0004730863793978293 -0.0007849159321505494 0.0011855026317762543 0.0012280934114943963 0.0 0.007329432730179531 0.24324711576370955 0.7587887947332316 5.402790676456735e-06 1.4137837291771727e-06 -9.27188731012035e-06 6.815379745606971e-06 0.0
0.06496380697838873 0.27094110919626935 0.7597988792132045 -0.0010584062906915334 -0.0008938978211216227 0.0013268460775168662 0.001764519103084376 0.0 0.007302431098299078 0.24327697000968648 0.758797929594436 -3.5704942284615904e-06 1.1755382538914748e-05 1.627109845577149e-05 3.8592606420205676e-05 0.0
0.06466637480814426 0.27071379821370933 0.760171847447777 -0.0005234444700497545 -0.00039626643513896744 0.0003326796519043289 0.0005419269318464475 0.0 0.007289388848677728 0.24328950207699834 0.7587984893565464 -1.103203951738089e-05 1.2046321921464542e-05 1.134736413836456e-05 2.0452421939879615e-05 0.0
0.0643931330738059 0.27053178374917053 0.7604854817818983 -0.00019237710882274626 -0.00015956458146477634 -1.9977288205941983e-05 0.000469275056715829 0.0 0.007277249617200225 0.24330084684608286 0.758796730561085 -1.7762503329354402e-05 1.1222589446395145e-05 -2.8962296186275997e-06 1.6720820763164995e-05 0.0
0.06423587027308514 0.27044088884914935 0.7606517294571962 -3.720618125078404e-05 5.281419892935149e-05 8.066117826153107e-05 0.000248526900753361 0.0 0.007270683132686137 0.24331266496094475 0.7587943682700045 -1.0531089981699322e-05 1.4472347718373713e-05 -5.640438093894149e-06 1.300423529115673e-05 0.0
0.06414255950498117 0.27038171982153253 0.7607776200018508 -6.816452093520497e-05 -0.00012009443250109034 0.00019119832705456112 0.00016699192058612904 0.0 0.007266328466350311 0.24331993614610173 0.7587904796762789 -2.83794781435367e-06 6.181550025945523e-06 -6.272159449279999e-06 1.0365390468450708e-05 0.0
0.06409847731185227 0.2703338268350441 0.7608498323192928 -6.522471935337144e-05 -0.00010350967916985935 0.0001890955802145418 0.00010796734878813752 0.0 0.007264751659019925 0.24332220111204275 0.7587881679326547 -1.316428040828055e-07 2.5419769705679374e-06 -2.9855018918908057e-06 3.4368191184328643e-06 0.0
0.06409137223563052 0.2703014519342049 0.7608993577524555 -3.961848477960464e-05 -3.695577569610628e-05 7.839581553876888e-05 2.423820623938082e-05 0.0 0.007265451517091873 0.2433243909095402 0.7587869472437664 -8.622170176850364e-08 2.0955587384465396e-06 -4.0341476909748155e-07 1.6625064587304025e-06 0.0
0.06413405709083984 0.27030116999574827 0.7609092640432583 -6.008948878476281e-06 -4.2773961041572025e-05 7.425206003140901e-05 7.39383232045269e-05 0.0 0.007266200372234781 0.24331885642017395 0.758788677352511 -8.042088908855134e-07 -3.14618159697534e-06 2.9921761530883728e-06 6.631816376491783e-06 0.0
0.06424273046200428 0.2702980874259721 0.7608399805198827 0.00013433828091777593 4.3915891962100916e-05 -0.000118520373672659 0.00011793753368809028 0.0 0.00727372311695195 0.24327792187274788 0.7588162015154376 7.117927153296174e-06 -3.7872395119577254e-05 2.403677013301849e-05 4.942668475260676e-05 0.0
0.0643158100678548 0.2703182242959396 0.7607977266537213 8.372970448019895e-05 1.872043959923162e-05 -5.623502506493452e-05 9.233776438496045e-05 0.0 0.00728059045062687 0.24326511355877908 0.7588301182767677 7.477833259494381e-06 -2.1948370702985832e-05 1.968391908773227e-05 2.1628800563019868e-05 0.0
0.06437423876758601 0.27030912281009145 0.7607556844759452 6.318336072618815e-05 1.663822234839596e-06 -5.0919851354131254e-05 6.758452208701732e-05 0.0 0.007282236303462199 0.24325690953928658 0.7588328264042025 3.0248259964360205e-06 -8.62725900666311e-06 5.2256687695334735e-06 6.550835514063856e-06 0.0
0.06444111808484806 0.270306387461152 0.7607270386156776 5.543472840780381e-05 -7.154783159675978e-06 -2.388117712306438e-05 7.283093524908753e-05 0.0 0.007284659930006821 0.24325097417528183 0.7588351515448393 1.4127114920099465e-06 -1.7577220211812484e-06 -1.3464302567086053e-06 7.013043951577941e-06 0.0
0.06447679484890667 0.27028880524278565 0.7606995820498642 3.209040444538429e-05 -2.0148834107832064e-05 -1.8470116459647052e-05 5.162350994126604e-05 0.0 0.007291730949981107 0.24324264881141017 0.7588357905133918 5.444049486088926e-06 -3.5412886502022295e-06 -3.0480595595675807e-06 1.2566995092767856e-05 0.0
0.06451619774453057 0.2702818773280415 0.760679129565975 3.483625880325528e-05 -1.084567654655809e-05 -1.611307832750083e-05 4.4202268020228916e-05 0.0 0.00729653448877631 0.2432408098050262 0.7588380386704323 5.479931552689633e-06 -2.0852953529654696e-06 6.751855522580774e-07 5.631077422895681e-06 0.0
0.06453335900221965 0.27025844763117696 0.7606634962601807 2.4472986795359373e-05 -1.854440009767642e-05 -1.9658114942580418e-05 3.1101948832805354e-05 0.0 0.007299485314484947 0.2432423881193151 0.7588336687282937 3.924796261362039e-06 -1.4414653513374879e-06 -1.2067723304763576e-06 3.786192247765636e-06 0.0
0.06454065276190961 0.2702062251594207 0.7606305656329101 1.158458387156886e-05 -4.7546192428486626e-05 -3.6063459921334365e-05 6.324598443357494e-05 0.0 0.007304328419924177 0.24323769348927698 0.7588262260247333 4.928219869992651e-06 -5.950015792668396e-06 -4.733957092123669e-06 1.0892946277565698e-05 0.0
0.06454014529766197 0.2701428591537212 0.7605857779284755 -3.7960048749501773e-06 -6.515398279079504e-05 -4.4389804220305284e-05 7.824390013335127e-05 0.0 0.00731427855560717 0.24322939544928082 0.7588245240398718 8.78415623925648e-06 -6.308082359331555e-06 -4.411345055239531e-06 1.335995963652843e-05 0.0
0.06454060506843287 0.2700261750596472 0.7605002690349034 -5.996996028179234e-07 -0.0001159605695491476 -8.438894585795966e-05 0.00014338312790503 0.0 0.007321787754139053 0.24322336053907415 0.7588278731675295 8.212547526364707e-06 -7.694634460518082e-06 2.292529186552313e-06 1.0064804548987654e-05 0.0
0.06455591864315624 0.26992440106307575 0.760435408243704 1.5000138166995123e-05 -0.00011164147005960925 -7.511613886783283e-05 0.0001234530975315572 0.0 0.007337727917930486 0.24320759640051617 0.7588256687582591 1.5404370863171418e-05 -1.5220809474029185e-05 4.3639050096529613e-07 2.2021205613592543e-05 0.0
0.0645396949848222 0.2696633585128227 0.7602209968341345 -8.87093552820986e-06 -0.0002399137353077793 -0.00019413108542371812 0.00033368610646844694 0.0 0.007363519693834209 0.2431937107910411 0.7588130031479183 2.564291563744817e-05 -1.5227698265716973e-05 -1.0613832557403432e-05 3.2524943698899856e-05 0.0
0.06473033856904986 0.2694952778373048 0.7602162170866283 0.00016082465539012737 -0.00019739174764731138 -4.9973441591594865e-05 0.00026282686595048956 0.0 0.007355496466984645 0.24320190718794588 0.7587961057826599 -1.6041284021246637e-06 5.48200243945791e-06 -1.851336410868704e-05 2.0573545444606617e-05 0.0
