0.06303660507510965 0.2795462119356386 0.7641072130692724 0.0 0.0 0.0 0.0 0.0 -0.01719340406994198 0.27971073362482785 0.7636924976713251 0.0 0.0 0.0 0.0 0.0
0.0630351313517101 0.2795360611955415 0.7641205978542482 -1.4737233995504306e-06 -1.015074009713679e-05 1.3384784975811748e-05 1.686303217178687e-05 0.0 -0.017191243192388964 0.27971061589270924 0.7636911704342803 2.160877553017415e-06 -1.1773211860965915e-07 -1.327237044823626e-06 6.173285165143096e-06 0.0
0.0630122285075778 0.27942195670658243 0.7642039561741294 -2.290284413229704e-05 -0.00011410448895904368 8.335831988115494e-05 0.00014315370817188694 0.0 -0.017171105938173826 0.2797079095066377 0.7636879082123762 2.0137254215138456e-05 -2.706386071527067e-06 -3.262221904054563e-06 2.9183828808314888e-05 0.0
0.06295159721904392 0.2791467894872598 0.7642607761900464 -6.063128853388278e-05 -0.0002751672193226362 5.682001591700292e-05 0.00028743984752959914 0.0 -0.017116528343771642 0.2797012231078846 0.7636982197825611 5.457759440218382e-05 -6.6863987531196045e-06 1.0311570184939889e-05 5.159057155879046e-05 0.0
0.06290901969539324 0.2790459724433435 0.7642382164125315 -4.3555030211955705e-05 -0.00010590029905927016 -2.5370790917731877e-05 0.00011174016925780804 0.0 -0.01711361908788472 0.27961332673068273 0.7636353082441242 4.383843124679591e-06 -8.679754619979826e-05 -6.121979268807833e-05 0.00010233943216563757 0.0
0.0627483130965525 0.2790187197904541 0.7641877442748859 -0.0001569345048077134 -1.5413787497658178e-05 -5.133840297945577e-05 0.00017063632285943 0.0 -0.01719961551948698 0.27960252493200227 0.7635514765156227 -8.815991691591038e-05 -1.5249986248685036e-05 -8.728037845756625e-05 0.00012480305034610003 0.0
0.06261406389438923 0.2790212903963274 0.7641884731576565 -0.00014612700390680684 2.932052403692289e-05 -8.940337308012938e-06 0.00013743175146515663 0.0 -0.017233277090185833 0.27959461556821 0.7635130021741303 -5.242712730482348e-05 -4.696616206517993e-07 -4.688867722120441e-05 5.212623129553426e-05 0.0
0.06253125384916287 0.27896452197739385 0.7641622005849574 -8.666057403410234e-05 -5.696210474198944e-05 -8.64733064205318e-06 0.0001004338025250805 0.0 -0.017248247794077014 0.27959039635005933 0.7634972912370063 -9.28562996021116e-06 3.564090631245509e-06 -7.943596556309709e-06 1.9341358138276173e-05 0.0
0.06247848723487112 0.278785456081084 0.7639537688768373 -4.4633138566869877e-05 -0.00016742338111870624 -0.0001704155202332136 0.0002723054680823799 0.0 -0.01725715918162621 0.27958176522626865 0.7634893416937715 7.559032439681848e-07 6.275871779633502e-07 5.018183685987706e-06 1.6963335046587025e-05 0.0
0.062499225797926716 0.2786888311355407 0.7638482897130284 2.8791167353560696e-05 -0.00016103152030340473 -0.00013410137140001515 0.00015048618266812354 0.0 -0.01725879292821124 0.27957549034081103 0.7634888406495115 1.4162156318702072e-05 -6.55341306940966e-06 1.0586959611707647e-05 8.20066068728035e-06 0.0
0.06249155172830329 0.2786284381192321 0.7637908602273554 1.586393787661048e-05 -9.123060785535319e-05 -7.493711976879645e-05 7.926292004875615e-05 0.0 -0.017255072013634545 0.27956985411080776 0.763493091992229 1.1009012278054478e-05 -1.2660774835460891e-05 5.051213175889221e-06 5.9303198276204294e-06 0.0
0.06247846260932058 0.2786153330489563 0.763770969306137 -1.2043337078319412e-05 9.592262100356337e-06 -1.3456134906719315e-05 2.425375182645023e-05 0.0 -0.01724717355872258 0.2795646480766452 0.763492277127925 -2.651092130545867e-07 -1.2010219595299313e-05 -9.682403586867029e-06 8.635569688328393e-06 0.0
0.062460109453685936 0.27859971008396417 0.7637544783494804 -3.784578173467084e-05 1.722472106218809e-05 1.0684743472850231e-05 3.57547810844295e-05 0.0 -0.017236929881051254 0.2795665396393089 0.7634867194991666 2.0869307857582186e-06 6.513640506123546e-06 -9.739663647205166e-06 1.2969193801730093e-05 0.0
0.062419962438575165 0.2785885857411909 0.7637437561031294 -4.652820629768935e-05 -5.32852890966781e-08 4.586523865298475e-06 4.4250132689235025e-05 0.0 -0.017233086968164526 0.27955611694274063 0.7634892840302218 7.885285143288155e-06 -7.271320414307944e-06 1.7256001956635699e-06 1.1296220407948113e-05 0.0
0.06238784277545292 0.27856348223977795 0.7637238179809153 -3.774054832142863e-05 -3.654448546202147e-05 -3.120365023216922e-05 3.982075878207825e-05 0.0 -0.017228178106875495 0.2795223687457801 0.7634892636871174 4.249212002914098e-06 -3.129751595845124e-05 1.3408666460813868e-06 3.3695935299368806e-05 0.0
0.062355149774396004 0.278544473051279 0.7637097490843979 -2.9661371534182054e-05 -3.8375322892213954e-05 -3.720351847435301e-05 4.221579110042764e-05 0.0 -0.01721714686580785 0.27932677237202724 0.7635217379319127 9.02870110070661e-06 -0.00017793286749682102 2.90000941647697e-05 0.0001979433164288591 0.0
0.06229384383855288 0.2784809677740719 0.7636527320041469 -4.991256990377807e-05 -5.6652348082697024e-05 -4.815824598274307e-05 0.00010393285843431999 0.0 -0.01711646352788547 0.2786574132852564 0.7633599288506745 8.886777529104438e-05 -0.0006286014869594743 -0.0001286824130131664 0.0006959866323441808 0.0
0.062231946319548266 0.27834907276713494 0.7635123277571186 -6.542409771374057e-05 -0.00012587327218584654 -0.00013178942299125833 0.00020477018453375485 0.0 -0.016866478086333483 0.276692775837804 0.7625269025693112 0.00024299729436531102 -0.0018675664242223692 -0.0007615623657096538 0.0021459699281144886 0.0
0.06221702247925255 0.27825730108183716 0.7634248635265545 -2.4196684993640975e-05 -0.00010827953821627211 -0.00010901538504439895 0.00012936442672605052 0.0 -0.016696326902048357 0.27471378618741027 0.7613145124652219 0.00021417790268750538 -0.0022143578034634456 -0.0012780254924890594 0.002356304445736692 0.0
0.06219831273838628 0.2780533988200319 0.7632493665153246 -1.2433027852104067e-05 -0.00019016774116292377 -0.00016518262687012045 0.00026184235148558443 0.0 -0.016716225258493506 0.27138637294301693 0.759085128480204 1.3361861560053351e-05 -0.0032782999143093575 -0.002223710192303904 0.003949709200019992 0.0
0.06219092707596409 0.2779265456595822 0.763132622838255 -2.797414700288541e-06 -0.00014479205069306607 -0.00012721254514697896 0.0001807345756803867 0.0 -0.016854990282641043 0.26972501580706154 0.7579537868181859 -0.000167678285775692 -0.002032239141767112 -0.0014611127134489083 0.0020784046209739566 0.0
0.062205917804009844 0.2777934883850765 0.7629939097278686 1.6197215805379522e-05 -0.0001256633145034406 -0.00012719429044143418 0.00018899715555012906 0.0 -0.017196083173112622 0.2679711984716883 0.7567648176091765 -0.0003740361859602836 -0.0015077760776022451 -0.001070642263179731 0.002062215384596581 0.0
0.062281098626711946 0.2776207658530205 0.7627926713629778 6.723797211632555e-05 -0.00015520132824683365 -0.0001847648434465925 0.00027459693683713174 0.0 -0.018010142160505154 0.2654423418092127 0.7547598979049904 -0.0007969829352687041 -0.0021179851307895734 -0.001664818655725629 0.003370733578925058 0.0
0.06233960524262988 0.27755965482211775 0.762708358201231 6.614528200071763e-05 -7.916498633641507e-05 -0.00011135715011475645 0.0001251470239263311 0.0 -0.018804973347287642 0.26447924871762657 0.7537061033852087 -0.0008595931282470826 -0.001201849065554591 -0.0011906847907640038 0.0017213321870827231 0.0
0.062374172288116723 0.2775307668869458 0.7626462719326098 4.168864008514638e-05 -2.452090050600565e-05 -6.00424492186414e-05 7.056941938759594e-05 0.0 -0.01949258641073297 0.26405353287134503 0.7528187832806352 -0.0007179389505429369 -0.00049454768788573 -0.0009262583644741318 0.0010876310075912427 1.0
0.06238971235310863 0.27749228271262 0.7625670071244106 1.312017297987303e-05 -2.1512480946904433e-05 -5.823110836179276e-05 8.779179915703055e-05 0.0 -0.020327352629780217 0.2639177906361057 0.7518381490751553 -0.0007709895315869675 -4.1414874405218405e-05 -0.000939742735012944 0.001268039956918631 1.0
0.06241281574807224 0.27737742913523883 0.7624400357327423 8.553264253884343e-06 -0.00010604183343227812 -0.00011909679850107544 0.00018066864975846243 0.0 -0.021072492335687604 0.26390986935229516 0.750756904862804 -0.0007164743759128776 4.683769245703018e-05 -0.001063617560270307 0.0014312241921343258 1.0
0.062470466690550036 0.2772843660819197 0.7623971906709546 4.8147370318774884e-05 -0.00010913741916126441 -6.413960751652708e-05 0.00011693031752691747 0.0 -0.020868326474896358 0.2636002958449251 0.750770899822281 9.964627737871722e-05 -0.0001668397442716376 -0.00010049298100520436 0.00033752100853875425 1.0
0.06260588706472066 0.27702850912308796 0.762155340889328 0.00013489130563240016 -0.00025212489555312667 -0.0002211656801184628 0.0003662726568239606 0.0 -0.0208311329281042 0.26350034082201107 0.7507268476795068 0.0001848911852222012 -0.000346666011900305 9.41097868422682e-06 3.559793454410904e-05 1.0
0.06276295334307441 0.2767913444765686 0.7618773119998336 0.00017752086202061032 -0.00026617707857999205 -0.0002969185841977986 0.00041050471906845193 0.0 -0.020886039282935923 0.26373010409375974 0.7507377162613147 1.9567158688043186e-05 3.0385285957403117e-05 5.3697864706053625e-05 0.0002973153272927084 1.0
0.06279173220520118 0.2766356186559061 0.7617418268403559 5.9513131255116026e-05 -0.00016895036473877986 -0.00017093930828724116 0.00020548632596138988 0.0 -0.02124963119948577 0.26468914776788477 0.7506458483670277 -0.000347696484868816 0.0009952494215408072 6.59023124926811e-06 0.0010435901963040148 1.0
0.06267228436773672 0.2764660157653052 0.761606802196252 -0.00011933316163211789 -0.00014652109151914658 -0.00012088318163577416 0.00023624697867316314 0.0 -0.02132335245565652 0.2651675452050285 0.7506738621299821 -0.0002549100908013753 0.0007403342153480329 -7.451787996451691e-05 0.0004883334813887083 1.0
0.06255368474919311 0.2762911697124727 0.7614606539697232 -0.00016686328379808077 -0.00015328426127270153 -0.00011752131293859422 0.0002674645980056489 0.0 -0.021093577586307827 0.26528195666046506 0.7509587077979946 0.00010800031248776518 0.0002138904375827921 0.00015315416792921303 0.0003266833416811015 1.0
0.062452418440583544 0.2760703015835815 0.7612766292632673 -0.0001304163483052778 -0.00020930330113696585 -0.0001630282540850193 0.00031032139083880675 0.0 -0.01992534353966684 0.2649171193563384 0.7519270947291347 0.0011338774321522588 -0.00044374344637210743 0.000904682658948328 0.0015739667239043286 1.0
0.062433023438387 0.27601297065180636 0.7612385588229243 -1.706688415972299e-05 -9.351881501555667e-05 -6.71260565449554e-05 6.44435536394676e-05 0.0 -0.018931072392289434 0.2645890459598103 0.7530012319082877 0.0012936150163570322 -0.0005648833100985338 0.0012693505139102952 0.0015667969506502637 1.0
0.06239611854810889 0.2759276882182107 0.7611796732333725 9.667873380108294e-06 -8.162312634071189e-05 -6.659910555321861e-05 0.00010100900120097702 0.0 -0.0180861032072228 0.26460286806328376 0.7548339079397717 0.0009460690317923905 -9.853066218741991e-05 0.0018169982297306512 0.0019671981418605683 1.0
0.062199297961756356 0.2754388217875074 0.7607200650891498 -0.00015053420190406356 -0.0004136867261651856 -0.00039122102312989717 0.0007062361308457412 0.0 -0.015860030895100425 0.2620132815932969 0.7582789396307698 0.0019312284650008621 -0.0020758908987938527 0.0033077824704229744 0.004806107399426088 1.0
0.06211409813181946 0.275209974204668 0.7605811894656337 -0.0001349477891846885 -0.0003155195207777834 -0.00022889387290884344 0.0003046629558420871 0.0 -0.012280463982005356 0.2565335686349648 0.7608611825025923 0.0034277146757185186 -0.005264647114559799 0.0029302438155199935 0.007136771569964421 1.0
0.06201817007303799 0.27505220933514285 0.7604519917732331 -0.00011751774789695444 -0.00019157733920644273 -0.00014346293772794097 0.00018899915448004868 0.0 -0.00873074920561061 0.2509482902853248 0.7604959792157981 0.0038606766334348145 -0.006284701907716035 5.916223605144597e-05 0.006619042388763465 1.0
0.061998904104577104 0.27497014801690906 0.7604011800241804 -2.4060553650742016e-05 -6.342916545131895e-05 -3.3431573011817844e-05 0.00010138537514775052 0.0 -0.004737056827022343 0.24710871281701802 0.7591702848100625 0.004132113755584951 -0.004507010129497773 -0.001778574771557562 0.005578662286390383 1.0
0.06198888689804201 0.27492062355017927 0.7603706350218099 1.4743803282293117e-05 -4.79475642712994e-07 1.3016145468084463e-05 8.115096666384716e-05 0.0 -0.0017440798257279608 0.2451574669982721 0.7582056164528204 0.0031497895541229234 -0.0018128771623246549 -0.00167708862249686 0.003756266496662472 1.0
0.061969522023983876 0.2748054941166765 0.760259958543381 2.91349549775027e-06 -6.717765273307522e-05 -6.917534957818256e-05 0.000156432403327025 0.0 -0.0003102943732133466 0.24473233566905034 0.7579175445758618 0.0013071852478917336 0.00033624966295955677 -0.0005174483229348028 0.0015772044827365931 1.0
0.06199691899717345 0.2747547832020484 0.7602100733687261 1.178854559041496e-05 -9.315411813577124e-05 -9.481846267161804e-05 6.572452467730887e-05 0.0 0.0005198325432392884 0.24474420123429996 0.7578629392853072 0.0004288638280964967 0.0007175779906619342 0.0004355529135178153 0.0007937656812868489 1.0
0.06200966170344382 0.27473626440020243 0.7601947685877011 1.866122490968322e-06 -6.642055058380799e-05 -6.089054106805808e-05 3.168329993531271e-05 0.0 0.0007096370268003404 0.24479970673687257 0.7578509831608697 5.233068628058711e-05 -7.874110172197048e-06 0.0005750268612313629 0.00021916873430914523 1.0
0.06201939472546947 0.2747176662904891 0.7601800996605931 1.3945081248540979e-05 1.6009580863087327e-06 1.1111827486209446e-05 2.1540148169506192e-05 0.0 0.0008581777910596398 0.24479228042105902 0.7579981922308351 0.00013727035917252646 -0.000473038896536476 0.00018229477399836925 0.00020343708467143728 1.0
0.06202137191627948 0.2747137155566096 0.7601704903517084 -6.518464353900852e-07 5.136339462919674e-06 -7.085597724190988e-07 1.7417663120426394e-05 0.0 0.000912676243596025 0.24476842141570646 0.758160804582541 0.0002104706835946049 -0.00036064670664789304 -0.00010492075920006012 0.00014842960520167637 1.0
0.06201745510948658 0.2747025988651879 0.7601539411657486 -2.6190656688468487e-06 -2.9096104977236316e-06 -7.679291126455875e-06 1.9270563107342273e-05 0.0 0.001054503744211477 0.24462435618748565 0.7584272886537939 0.00034930068937681765 -0.0002111236149906397 0.00011897288662943205 0.000337798043401903 1.0
0.06201635116860058 0.27469424262590825 0.7601517738796297 -5.445812458502208e-06 -1.380405729160903e-05 -1.0996943007221966e-05 5.259431617490187e-06 0.0 0.0012687134241422802 0.2447307386421764 0.7587863583851785 0.0002630052460956718 0.00012638375384090017 0.0003561241586490327 0.0004472722032837677 1.0
0.06201491256081061 0.2746916465357079 0.7601501496248244 -1.2354004295292641e-06 -1.2097663716994806e-05 -9.9898328823217e-06 4.927616704559682e-06 0.0 0.0013190495275779823 0.24479501816606306 0.7588897675757565 5.21454188159038e-05 0.00019632664893075497 0.00019238178632148605 0.00012685926391542727 1.0
0.062008146330497026 0.27466887367090465 0.7601483348891171 -1.2861029766752767e-06 -1.5865114652754614e-05 3.463561794073803e-06 2.3771790981441085e-05 0.0 0.0013221620781052284 0.24493670750025964 0.7591853722832396 -2.852429006617533e-05 0.00019281875555664224 0.00024370110917028314 0.00031912543896389124 1.0
0.062009345066687926 0.2746667087442067 0.7601445534134204 -4.86455466310377e-07 -5.63737979134599e-06 -8.548773720849529e-07 5.440230744598439e-06 0.0 0.001269015902583312 0.245022261542605 0.7592695289143214 -0.00011598015968469896 0.00011547886913242987 0.00010081307323777466 0.0001461893408791008 1.0
0.062009589632765295 0.27466223771956827 0.7601424657441456 1.0057243514659506e-06 -3.4293859808190268e-06 -3.3111063079273093e-06 3.873377590707401e-06 0.0 0.0011727279994297238 0.24523734185106985 0.7592934091280069 -0.00012035381611000682 0.00018208427546055682 1.903758377401299e-05 0.00023160792128219972 1.0
0.06200963942690098 0.27465967470292163 0.7601410519571213 1.9370738533001796e-07 -3.275625900826595e-07 -2.4369094204487693e-06 2.765047614914881e-06 0.0 0.001042736988094708 0.24574709045746207 0.7594383383543558 -0.00013735917335941058 0.00046070277487305435 0.00010852207726869767 0.0005401807578489724 1.0
0.062009941918270035 0.2746573039524215 0.7601413887846301 1.9314940852946566e-07 -1.631612264550143e-06 -2.7814792517383575e-07 3.3036421580850487e-06 0.0 0.0014245907999565638 0.24674732995175905 0.7595129970916429 0.0003241106154072466 0.0009740086435415077 0.00010658659190533777 0.0010783696221100775 1.0
0.062005697490547566 0.2746436504349369 0.7601544880725233 -3.626791382339178e-06 -1.1701708351999666e-05 1.283126769804472e-05 1.90433282160761e-05 0.0 0.00208556971356303 0.2474517612259011 0.7591366191156265 0.0007059842483991477 0.0008675421138695298 -0.00029698051653624023 0.0010478948487340272 1.0
0.06198471920313413 0.27460404286436957 0.7601515462251413 -1.9831445778388666e-05 -3.8562252831883326e-05 1.408716414282762e-06 4.4635445926571915e-05 0.0 0.0022128708559970606 0.24752296312205224 0.7592331999493473 0.0003022111495024278 0.00016794066150678584 -3.791898496281125e-05 0.00015661368694270785 1.0
0.061990705472469966 0.27454555838777756 0.7601092744367342 -1.0971519261277035e-06 -6.24515050103262e-05 -3.7640303753223805e-05 7.298291656525586e-05 0.0 0.0017269458806798601 0.24718577284042012 0.7591319516325123 -0.00043662724348844596 -0.00043736368119945987 -5.085989035222079e-05 0.0005766085795425098 1.0
0.061994843314241994 0.2745222347358387 0.7600841064513755 6.7516101771930005e-06 -3.28218102120838e-05 -3.546947523475791e-05 3.466628325737324e-05 0.0 0.0011242139903800356 0.24696154647450416 0.7591575605952755 -0.0007846303436602371 -0.00045136418234474775 1.8063799781995642e-05 0.0006951934716450192 1.0
0.061988508441151086 0.27444422126987855 0.7599964401837275 -1.5219611611165818e-06 -6.676952774688693e-05 -8.23830859219952e-05 0.000114819656542818 0.0 -8.301774679800469e-07 0.24660318726524819 0.75922896735426 -0.0012166467602400402 -0.00038443476432115065 0.00010079730289821627 0.00117477838170816 1.0
0.06199628437637201 0.2744016734547071 0.759954244379865 5.993717574506923e-06 -4.751702164720923e-05 -5.5062896521323754e-05 6.524189839679254e-05 0.0 -0.0005432391194813025 0.24613909021931696 0.7592078864738767 -0.0006972346044655348 -0.0003540812633434871 2.11271818715079e-05 0.000700527603138137 1.0
0.0619890166727092 0.2743717278808265 0.7599233364271224 -5.2805399397461494e-06 -2.9138329166580574e-05 -2.862099599619127e-05 4.038409106796906e-05 0.0 -0.0008668260845092293 0.2454317564049972 0.7590416986389671 -0.00019781361336876032 -0.0005717860429928724 -0.00017861995284788187 0.0007688184598915743 1.0
0.06197049243210714 0.2743434178545522 0.7599009446462084 -1.9785144279837983e-05 -2.447627943002901e-05 -1.340326904270629e-05 3.977257033353903e-05 0.0 -0.001015258962636689 0.24484531378506996 0.7588276739246699 1.985827287450412e-05 -0.000638414532286099 -0.00026920755963659004 0.0006764851112601915 1.0
0.061926325435552966 0.274229044488566 0.7598072724199386 -4.429152072760742e-05 -0.0001003130553124089 -7.762981049920578e-05 0.0001554894394048933 0.0 -0.0008485316244858737 0.24387328988248605 0.7583279542665311 0.00020001352365442567 -0.0009686089496698899 -0.0004639279956702784 0.0010972904716668676 1.0
0.061917733203573785 0.274154609523495 0.7597568420548534 -1.70191637658652e-05 -9.199738421477854e-05 -6.699886259341905e-05 9.534480714990198e-05 0.0 -0.0006190586417401898 0.24329895392762238 0.7580968560450974 0.00023873531206406175 -0.0006786586612538535 -0.0003263095812870216 0.0006794120513338337 1.0
0.06187636525853016 0.27408467645161855 0.7597146527117592 -3.4750542896251444e-05 -7.668503561965442e-05 -4.919897467075717e-05 8.311443735491767e-05 0.0 0.0002786402371449625 0.24219905992393495 0.7577731098778216 0.0007744337083902444 -0.0009750039000645699 -0.0002771806467143729 0.0014084655734807302 1.0
0.061821968565460315 0.27405226820754236 0.7596970900735628 -5.1369203833285736e-05 -3.775667561669692e-05 -2.131710155829602e-05 6.81537563666839e-05 0.0 0.0009745096387923833 0.2414704883008028 0.7577419828403616 0.0007478806866855501 -0.0008044923558533985 -3.133628090045175e-05 0.001056998910849775 1.0
0.061786236904068224 0.27402292368306075 0.7596810415364701 -3.968225270057674e-05 -1.3869921689752093e-05 -2.9742686671119434e-06 5.153911157829498e-05 0.0 0.0014362154625863096 0.24125824813500807 0.757695170855907 0.0005416874807388059 -0.0002774072461462119 1.080378941660107e-05 0.0004857877966886503 1.0
0.06177521948661802 0.27400338959239245 0.7596736628802481 -1.530500291348761e-05 -1.0871984353744222e-05 -2.144458387811058e-06 2.3583555606551836e-05 0.0 0.0015944451308844703 0.2412393298669516 0.7576436573812291 0.0001229152174322864 5.224833641187922e-05 -2.58224552342644e-05 0.00015647353465619146 1.0
0.061756357319932884 0.2739561151101112 0.7596418102832934 -1.2786794782199829e-05 -4.464795988659239e-05 -3.0340168517661442e-05 5.67115035761317e-05 0.0 0.0017384603292274765 0.2412627889712189 0.757572346317903 1.7475279086496024e-05 0.000131457603228786 -8.757165540306566e-05 0.00017516417056396302 1.0
0.06173032397568413 0.27388402219681524 0.7595888262904104 -2.1141354173196403e-05 -8.162629218957186e-05 -6.087057447378814e-05 9.656913817208878e-05 0.0 0.0018704592379754103 0.24133022176224636 0.7574844196953976 7.415365327567987e-05 7.33810582885737e-05 -0.00013003968305697094 0.00019783468834437578 1.0
0.061700034856455636 0.2737469791144362 0.7594876309373231 -2.931821129685504e-05 -0.0001356417730834957 -9.973457567961576e-05 0.00017145114849177672 0.0 0.0021150468912284827 0.24155898481880755 0.7572873948195611 0.00026256630976802703 0.0001700360414792439 -0.00019159278480889705 0.0003554199714540867 1.0
0.061704528350281736 0.27368712477889584 0.7594428142445326 -8.025761600624172e-06 -8.419418353217618e-05 -6.276045467816895e-05 7.680422925416256e-05 0.0 0.002417698908881687 0.24184783081294983 0.7570829183665894 0.000407069332771245 0.00020306859933881029 -0.0002285180387559973 0.0004740936459076995 1.0
0.06170853252678576 0.2736344125074134 0.759416513159744 5.832924032230771e-06 -4.642710759216889e-05 -2.3627794065214166e-05 5.396955040021114e-05 0.0 0.002926488802130492 0.24243834451553609 0.7569265011733544 0.0005184728088404499 0.0005755178255187311 -0.00015441537697877207 0.0007917790090991956 1.0
0.061708981204631766 0.27360624224084623 0.7593980237888475 7.5335486980039135e-06 -1.6379046394845126e-05 -5.976489099551414e-06 3.6986670029973685e-05 0.0 0.0033840266940138174 0.24296603086755036 0.7568491078518693 0.0004898675746785808 0.0006132193302876534 -8.042663766786651e-05 0.0007133457319495084 1.0
0.061707724615699094 0.2735928832685484 0.7593876068503533 1.2879764768510547e-06 -1.982552631911892e-06 -1.0453713335472289e-06 1.9168541167396103e-05 0.0 0.0037009225597385647 0.24337534929543123 0.7568325939256548 0.00032406600856863763 0.00044831560841002236 3.173399616136614e-06 0.0005085892375107751 1.0
0.06170562085887949 0.27358332466079677 0.7593792969926036 -5.913483871474912e-06 -7.850066690724333e-06 -8.778912296323991e-06 1.130246517924859e-05 0.0 0.004017789087779608 0.24378345715252173 0.756827562534338 0.000274371935765565 0.00036634844232086934 2.08961179666201e-05 0.0005132121458090353 1.0
0.06169848184278024 0.27356643770286143 0.7593691322720287 -1.033509742656674e-05 -2.2283105497347183e-05 -1.6441694586804747e-05 1.882589466534191e-05 0.0 0.004537132661545154 0.24454998833923441 0.7569747614129535 0.00044765350696503983 0.0006699194698660732 0.00013091003668036258 0.000944167752299398 1.0
0.061682082768319615 0.2735600017823522 0.7593649188315287 -1.6188857506998197e-05 -1.6742017510885696e-05 -1.143369414086043e-05 2.0603893046101525e-05 0.0 0.005367376011093929 0.24554860835583184 0.7572320721211463 0.0008082010637511785 0.0010054262978817334 0.0002454669122754132 0.0013370506793454755 1.0
0.06166440339006731 0.2735601549865867 0.7593538118166873 -1.6475592168436283e-05 1.6191238961307266e-06 -7.1600723631341676e-06 1.9583533154170733e-05 0.0 0.0061737720388907215 0.24622650244732192 0.7576537463414099 0.0008977449453433441 0.0008171886051499516 0.00041872361401524216 0.001124832427958242 1.0
0.06165052750473164 0.273559490168067 0.7593524203775922 -1.548388195040593e-05 2.145757049157955e-07 -2.7139725953678287e-06 1.4276051368810034e-05 0.0 0.006649398284681467 0.2465008332832244 0.7581627787959698 0.0005845956514278264 0.00034701261720888475 0.0005292905294959139 0.000732027230734971 1.0
0.061586616405426516 0.2734887282441398 0.7593660605180232 -5.6152141006369464e-05 -5.825978993787085e-05 1.2500672335649484e-05 9.560177867587537e-05 0.0 0.007663217299878188 0.2473917008788305 0.7584611323465051 0.0008674372481607737 0.0006720145685887133 0.0003505126873519993 0.001377959256873357 1.0
0.06152282503318817 0.2734600236391187 0.759391179678462 -6.923540355453022e-05 -4.393898586234162e-05 2.6976280974537193e-05 7.737513621323077e-05 0.0 0.00811028345613486 0.24787964011302063 0.7584296146118165 0.0005066130772039038 0.0005211491159569752 -2.3734032822449755e-05 0.0007154792841181962 1.0
0.06142922095174122 0.2734434213773971 0.7594337358977948 -9.448691090482375e-05 -2.2069192670295193e-05 4.3789062629168436e-05 0.00010058294902185708 0.0 0.008252436409229546 0.24838653840192323 0.7582529711338457 0.00014221763548041648 0.0005263210547863796 -0.00025398403388957746 0.0005084708888569177 1.0
0.061387065461196544 0.27342792036839814 0.7594808064070458 -5.4124348478734115e-05 -9.99582022792332e-06 4.98415564556369e-05 6.608726784692729e-05 0.0 0.008317558209507515 0.24848841245816097 0.758341501851971 7.612815086009369e-06 0.00020183469048032398 -2.2708173100318137e-05 0.0001486371302802397 1.0
0.061363520068208575 0.2733797510520995 0.7595462785442894 -1.8954162876129096e-05 -3.480763699963578e-05 6.386254240614617e-05 8.42958820476455e-05 0.0 0.008353460094649547 0.2483333161590236 0.7583685259208806 -4.451416876549599e-06 -0.00017344639437222764 7.296677837928599e-05 0.00017761059956667347 1.0
0.06131094186740345 0.2733107912190639 0.7596139010490184 -3.51958015250552e-05 -6.748280334605162e-05 6.747223335706268e-05 0.0001116257264482967 0.0 0.008905043032983156 0.2479102451647596 0.7585940112470316 0.00046944043272919157 -0.0005086288108317756 0.00028074469702164947 0.0007353180335054946 1.0
0.061217112323338894 0.2732289038262428 0.7597477455477792 -8.637219890763882e-05 -9.123251502954514e-05 0.00012492075638554747 0.0001815465689991504 0.0 0.0094216691629696 0.24706131722982566 0.7595020311754648 0.000641370618828676 -0.0008576051936751512 0.0008835962231755318 0.0013381523575589722 1.0
0.061192221670174594 0.2731621347774502 0.7597752280613731 -4.9498189852556656e-05 -7.983670813802277e-05 5.1100291532997554e-05 7.915206438635988e-05 0.0 0.009817611363298532 0.24686290729759114 0.7589977974806149 0.0005490730466444273 -0.0003003460258484444 -0.00020642305720808762 0.0006891738664722065 1.0
0.06119296880029237 0.2730643482868291 0.7597657452447037 -4.189011396503434e-06 -8.710797885539082e-05 -1.2717325965380587e-05 9.137902441093415e-05 0.0 0.011876972048503291 0.24679611157743153 0.7582937088073916 0.0017754918700383236 -1.3534472801637952e-05 -0.0008331810669259445 0.0021097743432018376 1.0
0.06116277906350364 0.27301922936932654 0.759745433016816 -1.5513184966256367e-05 -4.941614491884346e-05 -3.7581617035190864e-05 6.323106841712104e-05 0.0 0.012975806272305022 0.2465900520809347 0.7571524441005609 0.0013902636236016903 -3.574888093792921e-05 -0.0013042767732692657 0.0016865998577239821 1.0
0.06114079729283285 0.2730168903636365 0.7596907504806063 -1.4570526877947959e-05 -1.2273115344340246e-06 -6.191651859280774e-05 5.948616152775957e-05 0.0 0.01287731931396289 0.24655209861314556 0.7572178468401013 8.777194621040625e-05 -2.8433480686511988e-05 -0.0002520043834293613 9.777937420050607e-05 1.0
0.06107741189047234 0.27279282998398674 0.7595410408089498 -6.102746773045159e-05 -0.000182571246461023 -0.00013751610000189247 0.00027359899146722115 0.0 0.012382289576359222 0.24723408005200467 0.7565555232330585 -0.0007178243739096197 0.0005511780352431626 -0.00038177952537280603 0.0009930656953440766 1.0
0.060994567516346965 0.2727203234062529 0.7594929437233761 -9.518677841461101e-05 -0.00012000160498315074 -6.755792783675376e-05 0.0001273154058800238 0.0 0.012187634797233204 0.2471535433475411 0.7560763145979382 -0.0005417718430689653 6.373056004047901e-05 -0.0003080581047092836 0.0006308041324653795 1.0
0.06092986328048916 0.27265289040242796 0.7594560746853594 -7.817128294696747e-05 -7.662892038611197e-05 -2.5504123564952844e-05 9.0929196214205e-05 0.0 0.012735601520581157 0.24725118070747767 0.7551900994378332 0.0003722090778215353 1.5888445417694733e-05 -0.0007705357687435167 0.001031185201921026 1.0
0.06084660227380715 0.2726176714691141 0.7594359573041105 -7.374844480096772e-05 -2.7981588301668464e-05 -1.1619912420579234e-05 9.269971018456583e-05 0.0 0.014867598078641 0.2480767000376814 0.7537593448891015 0.002220251160583501 0.0006974011800368126 -0.001556901047170369 0.0026282040469667338 1.0
0.06063024717377368 0.2725649689836349 0.7594630493893549 -0.00019281604433024196 -3.151730267328665e-05 3.3404977444660164e-05 0.000231347362387826 0.0 0.016525822606860887 0.2488446955557434 0.7533227350508862 0.0023114559993471125 0.0008306416248214374 -0.0007567909937801 0.001961952462111104 1.0
0.06043154168447049 0.27246535787677 0.7595544082581203 -0.0002190094863780065 -8.18745304645916e-05 8.996000832994036e-05 0.00024300987703534363 0.0 0.016541819270058558 0.24872615685721616 0.7533839061619523 0.00032615712833377426 7.924944260885434e-05 7.176931999632941e-05 9.07124214626488e-05 1.0
0.059965645658781895 0.2722431599599726 0.7596409210055477 -0.00044062974452301035 -0.0002225895694449215 9.028005591610119e-05 0.0005108697755707395 0.0 0.016585611663226734 0.24869187070581342 0.7533959230664952 -0.0004252709233195696 -0.00012080530729248747 0.00032288812834289557 0.0 1.0
0.05807478931741858 0.27053920323873093 0.7600604816057905 -0.001727685073870785 -0.0015380343753111508 0.00036927843752536567 0.002572185391239667 0.0 0.016629598029300956 0.2486713253253854 0.753415199239558 -0.00039375450492926345 -0.00014179474967163623 0.0001048347242272087 0.00017363263075358256 1.0
0.055101538823709904 0.2667321375700526 0.7590609611617226 -0.003041853603671058 -0.00372473143981879 -0.0007510753829630336 0.004971565668703583 0.0 0.016657250026020278 0.24865745311028956 0.7534217024090712 -5.383660414611923e-05 -0.00011931713879583211 -2.04365803642395e-05 3.584261470304358e-05 1.0
0.05080730014678345 0.26098627335285823 0.7576321763609538 -0.004421255538275895 -0.005942819982137895 -0.001537898951948089 0.007304760877725702 0.0 0.016700012599115896 0.24863243305243488 0.753416961617733 0.00026721124148955177 7.023491289362586e-05 -0.0001629845549744371 0.0 1.0
0.04658669635746802 0.2554436338925053 0.7566420610558264 -0.004526304676095935 -0.006082611103955339 -0.0012895575303120991 0.0070256203661079614 0.0 0.016729353234574865 0.24856226285029678 0.7534082594633997 0.00029494985618836725 6.042922043285917e-05 -0.00010060915966974681 8.821073568837201e-05 1.0
0.04397445369478404 0.25219624704048027 0.755406945529869 -0.002845151512588539 -0.0036331478441198337 -0.0012176146406157945 0.004314415433774983 0.0 0.01670879135828518 0.24852898930984615 0.7534106886086994 -3.3026812811523185e-05 -5.024830537985988e-05 6.800552569720462e-05 7.014820836711644e-05 1.0
0.04210648125159916 0.25016851210684193 0.754475605049486 -0.0015049641666711282 -0.0015271779339571748 -0.0008524496465701304 0.0028845252945548703 0.0 0.016698863081306116 0.24851090635218673 0.753414215655529 -0.0001350464186311419 -8.587724166815363e-05 4.0660134549415534e-05 7.757313933341942e-06 1.0
0.04051920042466846 0.2485914598877783 0.7540805143654302 -0.0011127808113140186 -0.0008163510195505584 -0.00029333827247570755 0.0023522405753767153 0.0 0.016701207345102935 0.24850214441659085 0.7534165761040332 -1.8616457769447273e-06 2.765669921028392e-06 2.6644137466091174e-06 9.4914329085851e-06 1.0
0.0374140110624296 0.24495065569111296 0.75365497114982 -0.002737053035380817 -0.0030631388415894903 -0.0002715542974203616 0.004815245784099638 0.0 0.016769524474219064 0.248520324138047 0.7534036862987801 6.203726122885493e-05 2.3551360027131028e-05 -8.740494220689924e-06 7.308283431995202e-05 1.0
0.03538352239118467 0.24355378556471532 0.7526362906118418 -0.0025791953862404895 -0.002307664797764678 -0.0009877183339323812 0.0027066432083240337 0.0 0.01676599020115862 0.24851469929383374 0.7534009662504189 2.189278872602055e-05 4.0159712040106865e-06 -7.89758192417059e-06 9.237313343678065e-06 1.0
0.03415691380572919 0.24294499521263788 0.7513509791523163 -0.001680322204002405 -0.0011117400381869405 -0.001375301493923379 0.0017103106864770077 0.0 0.01670223799359491 0.24847351578285887 0.7534111306224878 -5.262673260796757e-05 -4.1323032746806376e-05 6.065205320888899e-06 7.084934438212781e-05 1.0
0.03253250032857134 0.24289541306470536 0.7499293630379409 -0.0014284293908782683 9.411199164904068e-05 -0.0015548156344660647 0.0021923249816220578 0.0 0.016683368071578514 0.2484954118541179 0.7534469885477884 -4.496917675693426e-05 -7.316296433454344e-07 3.489294200809337e-05 5.037011098967802e-05 1.0
0.03285485151329469 0.24358172414097454 0.7501388629620805 0.00030691479298302574 0.0010534636693822971 -0.00013913050757770004 0.0009218370861104816 0.0 0.01665081877186747 0.2485160557916685 0.7534742994102726 -4.231608521669674e-05 2.4590017944888163e-05 3.5983130509246284e-05 4.6353553142968734e-05 1.0
0.03397977418982898 0.2444253770243252 0.7508474534169537 0.0013285905169345192 0.0010585565214270409 0.0009249054595068763 0.0015002389164409276 0.0 0.016533414607598763 0.2484447428955275 0.7534660097067596 -0.00010073634882664901 -5.0145219155099763e-05 -7.983089257468744e-07 0.00013611683114980735 1.0
0.03486749673675595 0.2449863065672664 0.7512260230067482 0.0011351316529922982 0.0004894349685333962 0.0008099137039827563 0.0010886602599869885 0.0 0.01647294808554867 0.24839203127043308 0.7534786009614455 -6.996842787810588e-05 -6.271429662537004e-05 1.5436827368004785e-06 8.461692184216233e-05 1.0
0.03575668945714275 0.24560227603543278 0.7513994950346474 0.0007976244019409148 0.00029620811712019685 0.00025677051187190556 0.001134622718294378 0.0 0.016454025546032026 0.24836716567791722 0.7534886957005008 -2.024642678012255e-05 -3.767570100034369e-05 4.397310221959803e-06 3.042394234642913e-05 1.0
0.03612803960350964 0.24589952576467694 0.7514952713898637 0.0003430911941344431 0.0003488002451591532 -0.0001373803075911117 0.00046716032334947685 0.0 0.016448212396554165 0.2483526604034224 0.753490271626102 -2.1993317996594203e-06 -1.6722497457334077e-05 3.988745116305543e-06 1.2778556372305085e-05 1.0
0.03638642462670798 0.24609972528504362 0.7515362121584594 1.2226415911453879e-05 0.00014439488013054977 -0.00019828330076623229 0.0003110832822343255 0.0 0.016445247857733467 0.24834511772958331 0.7534940368002205 7.768582946420882e-06 1.6352139497161017e-06 6.6132043602607915e-06 1.3806600739477677e-05 1.0
0.03729171522560776 0.24683395002458045 0.751057669596286 0.0006358760348992845 0.0006498540844361296 -0.00046373604972372814 0.0012924143092455627 0.0 0.01649854064486564 0.24836778303469417 0.7535102467640024 5.3178656262503214e-05 3.177538383090074e-05 1.696829780332167e-05 5.981203156313607e-05 1.0
0.03771767397252453 0.2471500459910262 0.7506937366963691 0.0007225051434444753 0.0005101223794166094 -0.0003013121055751749 0.0006603454196302681 0.0 0.016530636456300218 0.24838561891487698 0.7535112089250597 3.4331247282245564e-05 2.0252456215811584e-05 3.22759963115647e-06 3.548414132862574e-05 1.0
0.037945683652729094 0.24735695853693193 0.7504458909716548 0.000372717357901031 0.00026590549547725437 -0.00024669109298756643 0.0003517652889936223 0.0 0.01655513617990397 0.24840124479032336 0.7535111220668266 1.7851980513118793e-05 8.753831026501563e-06 -2.313044602167679e-06 2.7859090030118017e-05 1.0
0.038405389701207146 0.24803955412944134 0.7499596588665588 0.00038140685535067065 0.0005664556976104353 -0.00043142727110271424 0.0009382998671172802 0.0 0.01659110317677999 0.24842750546000303 0.7535088602328267 3.285736801661523e-05 2.3318006163951452e-05 -1.87376263192077e-06 4.461093730227065e-05 1.0
0.038531143147918494 0.2484790447766274 0.7500042150139782 0.0001385450274735614 0.0004952891821695328 -1.1651082501882605e-05 0.0005298216084017092 0.0 0.0165970718382547 0.24844399488282062 0.7535081396851603 8.343515269308915e-06 1.759236435371612e-05 -2.794073327773814e-06 1.996711546357076e-05 1.0
0.03834539416004156 0.24911690020952348 0.7499617896801535 -0.00021154739524715984 0.0006009924464969587 4.7907682362221144e-05 0.0006267778853041642 0.0 0.01660208347775571 0.2484541386334069 0.753503769163225 5.607769672202927e-09 9.303469023281529e-06 -4.269672298022612e-06 1.0869943984603634e-05 1.0
0.038028498601976206 0.24873170187392737 0.7500373914660292 -0.0003358303711201318 -0.0002062586035120908 9.134624349446034e-05 0.0004891046787955022 0.0 0.016641357390516896 0.24845119656196318 0.7534816788099249 3.2907956824953594e-05 -2.3461903582935923e-06 -1.8403234275509385e-05 4.379103901934733e-05 1.0
0.0378930885646322 0.24788964653626422 0.7500351861653642 -0.00016986390926274102 -0.0008894146167411619 -1.18254927718576e-05 0.0008741014448225681 0.0 0.016648078933487853 0.2484389055994132 0.7534733623748607 1.9894051328694126e-05 -1.216978000050856e-05 -1.188547445562511e-05 1.925743969661703e-05 1.0
0.03818482869203866 0.24743731059206034 0.7501110474238939 0.00021850647433172422 -0.0007456655973543365 4.8473965676134483e-05 0.0005548508012705076 0.0 0.016658457325072457 0.24842579533856876 0.7534672326741746 9.673492984370232e-06 -1.630028165076469e-05 -7.648890557337584e-06 1.5427125298911695e-05 1.0
0.038313846997126526 0.24696979935230629 0.7499701854164209 0.0002767737551844185 -0.00047408764311300555 -0.00013833566222418297 0.00047330274407849835 0.0 0.016650384706374907 0.24839754225226646 0.7534413289778403 -6.7308013708273e-06 -2.6159246590539676e-05 -2.0989077431746628e-05 3.8753574214381996e-05 1.0
0.03813014108202592 0.2459771275494646 0.7502137317676849 -5.072102853641026e-05 -0.0007622524737141681 0.0001429610209880997 0.0010500745613091593 0.0 0.016649845945451915 0.24836864171123724 0.753417130903172 -5.6840536775506975e-06 -2.8432546230429925e-05 -2.5197182707318204e-05 4.009370405212715e-05 1.0
0.03808427331681806 0.24565861499426456 0.7501462441665764 -0.0001543501023950795 -0.0003746083467632003 3.934100610274068e-05 0.0003564127384119636 0.0 0.01663989369000359 0.2483573615478388 0.7534163378757556 -1.2059019572087492e-05 -1.4286266389133532e-05 -5.753913368108525e-06 1.4121466201977084e-05 1.0
0.03810610211542782 0.24545906223316025 0.7499751534312307 -8.218938400019314e-05 -0.00015423244455356954 -0.00016119542111687774 0.00022635504286140287 1.0 0.01663538132060723 0.24834645684913284 0.753417279150565 -3.486538803170773e-06 -7.936626529893518e-06 2.6825074186588944e-06 9.9615101889771e-06 1.0
0.03787531511115237 0.2443594194623797 0.7499828598395913 -0.00020392776853175978 -0.0009755903266800558 -4.8193632386441726e-05 0.001116556378373991 1.0 0.01661398855306117 0.24833105571224612 0.7534266396424459 -1.528107277689469e-05 -1.195610231639973e-05 1.1458919889268678e-05 2.9768557781104972e-05 1.0
0.037512655782767836 0.24438327576157365 0.7499588090546938 -0.0003197884907501112 -0.00023500658228231937 -2.836754139178187e-05 0.0004306223516272825 1.0 0.01608907521171964 0.24803628438340436 0.7533828397848867 -0.0004567823107648873 -0.0002550720590300084 -3.2287012943172255e-05 0.0005990598879176555 1.0
0.037581867789972453 0.24441385059829934 0.750033043251958 6.6155096069925e-06 9.356544507783688e-05 7.855535677610438e-05 4.5403467607528394e-05 1.0 0.016078381348134326 0.24793615319916026 0.7534710905837161 -0.00015604699306193397 -0.00016915593715970264 6.115142144843844e-05 0.00015563321678909743 1.0
0.03760138693365308 0.24452645584564306 0.7502910090268817 4.460288043658597e-05 0.0001702667093142828 0.0002605205618193447 0.0002654736422724513 1.0 0.016044209980993995 0.24785361732119282 0.7535803074838799 -2.018568633909682e-05 -9.406243828414916e-05 0.0001147813632039772 0.00010796331668445538 0.0
0.037269834063439436 0.24497526399072403 0.7510203459444365 -0.00024327883392424746 0.00044074851257270046 0.000724060273662298 0.0009728564945405183 1.0 0.01569721582141037 0.24762742112942854 0.753950581801679 -0.00024207918094385365 -0.0001796487511897763 0.00035128928829584896 0.0005602885582610719 0.0
0.036506326642306575 0.2456635043769977 0.7526061409340103 -0.0007140770697748628 0.0007380245025943813 0.0015192956747665848 0.001885897065523431 1.0 0.020375991918937436 0.24812840870037073 0.7584140443745804 0.003967566417358976 0.00040701881795449833 0.003929791186147143 0.006462677924806246 0.0
0.03497064251096803 0.24682668806368782 0.7557108041720066 -0.0015500604272015016 0.001085387020473008 0.003052945481010719 0.0036161319653988003 1.0 0.023534255799177305 0.24880178469392134 0.7634494913995356 0.004045665401422874 0.0007421932270158101 0.00555790409960443 0.0061615897205933015 0.0
0.03578027027483712 0.249249547674343 0.758777836275128 0.00026513948476311714 0.002257850120691313 0.0033782813595981316 0.004032750849989557 1.0 0.020012205018559503 0.2484316553884218 0.76492642926391 -0.002223917878453605 -0.0001268313931508629 0.0025444137602082164 0.0036399324038123393 0.0
0.035160370329325064 0.2558825395496494 0.7623134798474694 -0.00015693489264148927 0.00631467476432136 0.0035853659229086897 0.007471710159264034 1.0 0.016969511320328364 0.24778916143694163 0.7650500038476562 -0.004249700888566553 -0.0007409076332202981 -0.0001496639381515937 0.0030187629293831272 0.0
0.04718283942482196 0.2637241273200221 0.763127713532348 0.01041900666653726 0.008366051440711113 0.0011451682883198233 0.014421249035577269 1.0 0.01552789733087602 0.24743931149049422 0.7646817447096197 -0.0028018302120174005 -0.0005956985326804258 -0.0013081414240168746 0.0017291236262274262 0.0
0.054527179412635504 0.27012646530884193 0.7651971731883229 0.009729926299818286 0.007224560784280341 0.0013561995411044705 0.010151281495060914 1.0 0.014933624044691592 0.2473253775444042 0.764373827133113 -0.0007467400642153751 -0.00021800976322550815 -0.0009753081058664591 0.0007170414851083082 0.0
0.05979411731883258 0.27157622220083094 0.7629459993985787 0.0062680943093871445 0.0019567488533851936 -0.0019025160211550295 0.005562036804034424 1.0 0.014946207437865296 0.24737338526838748 0.7643328276543652 0.0009133070794279351 0.00015563009381218008 0.00011878698465099763 0.0 0.0
0.062225461960207756 0.27181645114214015 0.7600630445114777 0.001865522060102631 -0.0009486693691388814 -0.0032464266646496185 0.003776450855750135 1.0 0.015009239902964955 0.24739505164453976 0.764287347898784 0.0011788639516306283 0.0002461884132892718 0.0007303875301480794 0.00011982800528801557 0.0
0.06337679696415191 0.2715900113972631 0.7580384438066406 -0.0004180904164009316 -0.0014035572107698744 -0.002446465357617893 0.0026559117947551297 1.0 0.015083579016349744 0.24736908227064613 0.7642926169404857 -7.573086537649137e-05 1.755720891171602e-05 0.00027394564253129926 0.00010579299811331547 0.0
0.06384175325492131 0.2700911093401624 0.7576024736797714 -0.0005064517955088821 -0.001464050950657803 -0.0004899258528710711 0.0015888840298331902 1.0 0.015124410060556578 0.24736408311263233 0.7642823176161946 -0.0006464876276033944 -0.0001369768569311103 -0.0002001790660820183 1.4994011678997991e-05 0.0
0.06449286996102269 0.2684723872623356 0.7571747324347482 0.0007579354358867418 -0.0009717342844152814 0.00023908937494124304 0.0015858922860868632 1.0 0.01516019696460189 0.24734340346036554 0.764269395639458 -8.134614446494645e-05 -7.965373933209197e-05 -0.0001290765282364228 4.7878788638982574e-05 0.0
0.06545311387713677 0.267195325282696 0.756657504084124 0.002247451904286402 -0.000836373766880557 -6.573111361186717e-05 0.001777340083729398 1.0 0.015182671856095733 0.2473283010916715 0.7642743657318154 6.447609230140648e-05 -9.584966313345403e-06 -5.906167022645762e-05 3.0231192309780868e-05 0.0
0.06583227187690652 0.26671515339461166 0.7565727454624136 0.0005919643957403679 -0.000458429037560203 -4.5774698698542544e-05 0.0006276837052598561 0.0 0.015190533118194531 0.24732479871333177 0.7642704898782638 5.5602875386561714e-05 1.5515605370797615e-05 -3.0484138586079896e-06 1.6553786636978743e-05 0.0
0.0658619410043255 0.26653077604152364 0.7565679940413328 9.490591280488046e-05 -0.0002519642396675509 -0.00048732602447467896 0.0001441124687764448 0.0 0.015192492920803843 0.2473228848873972 0.7642681171059079 4.35319838448762e-05 1.4318602146240985e-05 1.4052495615784815e-05 0.0 0.0
0.06580729864215168 0.26641418366391467 0.7565839158076629 -0.000304669563087754 5.800690481406654e-05 -0.00012177766872095751 0.00016232336054601386 0.0 0.015196536819933158 0.2473269885453783 0.7642600985692091 8.100923395763417e-06 3.0211697355592637e-06 -7.255497128547811e-06 1.0189483184060044e-05 0.0
0.06581000869893065 0.2664838660533542 0.7562899788171419 -0.00018828427215831708 4.846923943707047e-05 -0.00018546520932005142 0.00032775261960202307 0.0 0.015208516142996708 0.24733635536793536 0.7642356699877946 1.3243200678880558e-05 7.0045147746231164e-06 -2.0366742053881525e-05 2.9584056554177973e-05 0.0
0.06581831999840156 0.2665050687630173 0.7561638379619987 -2.027864454962438e-05 -0.0001296496732785337 -0.00011011811461956577 0.0001078457014069647 0.0 0.015212961837779357 0.2473428305455884 0.7642269826677067 7.10624349665285e-06 8.4373360346129e-06 -1.581498145023764e-05 1.15228964444509e-05 0.0
0.06595933017313722 0.26666617611447 0.7556664017119632 0.00022462664914961244 4.578770317414547e-05 -0.0005038627828213522 0.0005111516677997281 0.0 0.015222105580877826 0.2473659468196325 0.7642075917665879 1.0018697100876662e-05 1.8628011100689526e-05 -1.7338957657930308e-05 3.017320112027643e-05 0.0
0.06622016287553334 0.266852663361308 0.7551039136484777 0.00033049596929196374 0.0001798620477856314 -0.0006053048258707649 0.000679332710512756 0.0 0.015229697036882404 0.24738292964529274 0.7641882691961618 7.1155667583681375e-06 1.9438689859915655e-05 -1.7206783055608953e-05 2.816979863309424e-05 0.0
0.06645004209831751 0.26699348860791106 0.7546065985343454 0.00023217992681135423 0.00019809131390912706 -0.0005046761281850713 0.0005645026182131635 0.0 0.015236497160055065 0.24740787346768353 0.7641625509206018 5.377432160117807e-06 2.4746412984137898e-05 -2.4737153255244314e-05 3.631655150727573e-05 0.0
0.06654376371560987 0.26708008614610756 0.7543555860574978 9.354014782345777e-05 9.858844368210016e-05 -0.0002661488059606394 0.0002692754993401852 0.0 0.015239803745308278 0.24742020914143448 0.7641475919468206 3.025705983237049e-06 1.4336940018140623e-05 -1.7152546965583466e-05 1.9658849105747865e-05 0.0
0.06659699812901189 0.26714362891858195 0.7541802176153954 1.6839854962862414e-05 4.8199643209598854e-05 -0.00012024359127255354 0.00019076203159922487 0.0 0.015242247370249857 0.24742643469065506 0.7641409432924023 2.300689496115719e-06 5.393971267898353e-06 -7.768979025629393e-06 8.690258192518131e-06 0.0
0.06659502772544297 0.2671583520587793 0.7541098657339174 -3.5350924974196594e-05 1.0428370959292027e-05 -2.8586894338120427e-05 9.092101349064615e-05 0.0 0.015242910396345606 0.24743135429354976 0.7641344641341676 7.205435631077467e-07 2.1580744737914813e-06 -4.376240814850755e-06 8.801743337381651e-06 0.0
0.06655023347652195 0.2671473841094594 0.7541136130441873 -6.047598284229246e-05 -2.0030376025791575e-05 3.2892256740878526e-05 3.768375488074672e-05 0.0 0.01524337186551469 0.2474296850245379 0.7641368433976101 -2.3351040220684524e-07 -2.2015021641175197e-06 3.954189257968011e-06 3.1020853286689236e-06 0.0
0.0665069408625838 0.26711253481213365 0.754149825371025 -3.2888019627184874e-05 -2.2305984129465485e-05 9.171849132500408e-07 6.331367938625646e-05 0.0 0.015245357081712116 0.24743087852447737 0.7641364094089236 2.262802263555602e-06 1.359673296878476e-06 8.289636169989349e-08 2.2852243090923416e-06 0.0
0.06636442622220519 0.2670101810927317 0.7542093473797356 -0.00010861807903137836 -9.001742144366053e-05 3.527260764922503e-05 0.00018479258130644442 0.0 0.015246614608690751 0.24743103784345644 0.7641370254447533 1.8457616412038938e-06 1.0993205851206525e-06 -5.207054147668641e-07 9.414435830715059e-07 0.0
0.06613035288135793 0.2668225605347747 0.7542241786476714 -0.00022708905304777102 -0.00018415024539752045 1.4079235266574084e-05 0.000304578309759684 0.0 0.01525182690284635 0.24742243619470383 0.7641372135412783 4.954484209262774e-06 -5.797527483174292e-06 -1.2756924617482037e-06 1.0321271285780815e-05 0.0
0.0660422144013605 0.2667660644826614 0.7542471784859566 -0.00013405698756701766 -9.210690649183827e-05 1.871820678650592e-05 0.00010702113816753731 0.0 0.01525255777204726 0.2474204765986555 0.7641381924769971 1.7775562316736426e-06 -4.375212305763598e-06 7.899551891027494e-07 2.663146820133001e-06 0.0
