0.063344174054269 0.27870069771068323 0.7632444822739981 0.0 0.0 0.0 0.0 0.0 -0.017080732554484925 0.2796213137849868 0.7636546033913957 0.0 0.0 0.0 8.660564766330885e-06 0.0
0.06334798777235273 0.27868722039190885 0.7632230589711511 3.8137180837366502e-06 -1.3477318774379743e-05 -2.1423302847045633e-05 2.5595711981593756e-05 0.0 -0.017082954389497945 0.27961809468794885 0.7636543509581867 -2.221835013020701e-06 -3.219097037931995e-06 -2.5243320900258936e-07 1.295169136211684e-05 0.0
0.06329899606349015 0.2785441781054869 0.7630800561612295 -4.8991708862577976e-05 -0.00014304228642197936 -0.00014300280992152192 0.00020811315885247168 0.0 -0.017112651889334918 0.27961376824625883 0.7636478089000523 -2.9697499836972563e-05 -4.326441690016836e-06 -6.542058134328954e-06 1.4562817249715249e-05 0.0
0.06319854849873781 0.2784776429445624 0.763021115980745 -0.00010044756475234562 -6.653516092447465e-05 -5.894018048457905e-05 0.00013412898933294457 0.0 -0.017122039373363464 0.2796097138879676 0.7636454150431606 -9.387484028546e-06 -4.054358291205595e-06 -2.393856891713675e-06 1.3220351115342732e-05 0.0
0.06313096300618722 0.27846151405175895 0.7630134061509153 -6.794263027842657e-05 -8.209854338590834e-06 6.549525650381201e-08 6.990980948603538e-05 0.0 -0.017120655076498847 0.2796084949441369 0.7636469419701017 3.2466315216299078e-06 -1.246318507073082e-06 1.9146449619945935e-06 5.115010061323066e-06 0.0
0.06307694095696045 0.27844584802432554 0.7630053447453758 -5.135655045527064e-05 -1.864217607837119e-05 -1.1200330792450507e-05 5.682246454945894e-05 0.0 -0.017116842886373104 0.2796066145511701 0.7636415288584286 2.9762149424457195e-06 -1.7769058572766395e-06 -5.413566509417285e-06 6.602785604992926e-06 0.0
0.06302425442006836 0.27841688270863646 0.762967994709307 -4.401323666480341e-05 -2.6696925665455586e-05 -3.531520550127958e-05 6.962899294867023e-05 0.0 -0.01710112126734697 0.2796080019633237 0.7636466280099723 1.5168299328375725e-05 1.0227692595700762e-06 3.6066177535810017e-06 1.8070889539266e-05 0.0
0.06296517455183526 0.2783911743500038 0.7629740840597022 -6.055282917829416e-05 -4.09266309595618e-05 -1.3960368955619829e-05 6.484468047674038e-05 0.0 -0.017094318513505947 0.2795988305071708 0.7636475950414221 5.870490254695126e-06 -8.312192298052825e-06 1.5713084478299554e-06 1.0936053205856989e-05 0.0
0.062920889613456 0.2783827250720112 0.762980471731315 -4.462598890437865e-05 -2.3223197139896683e-05 -3.6477737062478276e-06 3.9407800438742066e-05 0.0 -0.017092402653449485 0.2795949473283815 0.7636477149722197 8.406406267948903e-08 -6.227019125486293e-06 2.417349713768784e-07 2.972356296058294e-06 0.0
0.0629034430734791 0.27837760895943786 0.7629766005997446 -2.735906834291917e-05 -1.7310433812542084e-05 -1.118381615915315e-05 2.0159589761792413e-05 0.0 -0.017075163753642705 0.27958577933136497 0.7636418668733372 9.952009012090291e-06 -9.231353231596164e-06 -5.836934412008828e-06 2.06825962529352e-05 0.0
0.06287697487233058 0.27837070516596096 0.7629649334617375 -2.4928440260383586e-05 1.9797644274750033e-06 -3.858343949316839e-06 3.0439949752586768e-05 0.0 -0.017036620778647284 0.27957138157729683 0.7636388112492305 3.712868417482352e-05 -1.4010880963335165e-05 -4.468206599324541e-06 4.215930540818649e-05 0.0
0.06283221905206256 0.27834325009181865 0.7629119168591162 -3.754596546758043e-05 -1.992527238506221e-05 -4.717569349841556e-05 7.541633309726307e-05 0.0 -0.016812903373407607 0.2786624868104349 0.7631885340972586 0.00020286640529804687 -0.0007829103963498537 -0.00038759489017239695 0.001029493630002867 0.0
0.06273360571642571 0.27826533891324184 0.7628517878508776 -9.449502434646999e-05 -7.559693243032026e-05 -6.96207523979119e-05 0.00013927003649412024 0.0 -0.016587543677168623 0.2765370305590184 0.7618790797053017 0.00025520248923239337 -0.0020801463232402685 -0.0012510037846823448 0.0025242536322583327 0.0
0.06259436039007632 0.27816016725953663 0.7627683060167783 -0.0001469581224225618 -0.00011378818267137931 -8.78014619219857e-05 0.00019297620718402116 0.0 -0.016676403602569553 0.2729492281493028 0.759296968302977 -2.1763768899149816e-05 -0.0036611314637477197 -0.002576443598419845 0.004421323452023024 0.0
0.06254930222677622 0.2781019117608895 0.762734263977912 -7.287288270826847e-05 -7.494555741189405e-05 -4.0488249897679734e-05 8.183272288927149e-05 0.0 -0.016918778627060215 0.27123310053805083 0.7579556881471856 -0.00026881285298230626 -0.0023349114535482487 -0.001800860562077251 0.002219461584732539 0.0
0.0625008022734281 0.2780155830138156 0.7626532587219856 -3.636125548947669e-05 -7.581099959479917e-05 -6.561066448252066e-05 0.00012301828209005977 0.0 -0.017730566786395393 0.2690626255262492 0.7561446172692952 -0.0008103326119033611 -0.0019365760160947785 -0.001683023168401976 0.002809254719666861 0.0
0.062477202921307366 0.27796302511050697 0.7625706931909261 -7.643300210440127e-06 -4.890777326070135e-05 -7.923444447311068e-05 0.0001067374956321035 0.0 -0.018495311294513476 0.2672794964911494 0.7543588948130514 -0.0008866431897551321 -0.001483693148174166 -0.0015870250100409938 0.002752629181378742 0.0
0.06245384588915357 0.27778444097283894 0.7623541713111138 -1.215040586368764e-05 -0.0001522430584455033 -0.00020085570881415475 0.00027995279379669193 0.0 -0.019556837443724388 0.2657868389610065 0.7522758643403278 -0.0010538721436952926 -0.0012818279210827976 -0.0018958286689554058 0.002803393630802247 0.0
0.06250766214927153 0.2776559266614418 0.7621563939436505 4.033768671354397e-05 -0.00015205369223787385 -0.00022478395259516534 0.00024532485531852526 0.0 -0.020259006365294912 0.2651008595914567 0.7512209332463904 -0.0007336560846046991 -0.0008001977213171685 -0.0012593398217608906 0.0014004365778830204 0.0
0.06252091691084995 0.2775885820457884 0.7620902968456011 1.8286235690344168e-05 -8.919543788094296e-05 -9.879709805906847e-05 8.955420139698568e-05 0.0 -0.020354284390199755 0.26488216174934465 0.7509753609310126 -9.724551273741856e-05 -0.00033558996222467154 -0.0003686660142063028 0.00027528870920760654 1.0
0.06253364687249996 0.27744373842884346 0.7619477216892249 1.064738920611083e-05 -0.00012208420447280566 -0.00010860593829506677 0.00019947466144356363 0.0 -0.020339068610599278 0.26460102026365917 0.7507860940439647 0.00015579304346094962 -0.0002246646651870173 -2.027204024371396e-05 0.0004022872797659425 1.0
0.06258451087369343 0.2773636510265108 0.7618309250945846 4.488929316886155e-05 -8.080206722709489e-05 -9.900606988519809e-05 0.0001616095043325102 0.0 -0.02007495301445205 0.26425692811992074 0.7505607412212894 0.0003357060602028473 -0.00021207002063909977 3.0212201473809805e-06 0.0005051829367347166 1.0
0.06260089675519105 0.2773505555790519 0.7617692965107165 1.9057992492545536e-05 -1.8226399874181054e-05 -6.788580309120368e-05 6.424771380071198e-05 0.0 -0.019954595120917278 0.26399000192925876 0.750513642369987 0.0001428529950321118 -0.00043008862550230416 -0.0001704937936775645 0.00029797462045567133 1.0
0.06260560670419571 0.2773514388596385 0.7617320440068475 4.537561112900488e-06 9.777484561598228e-06 -4.2205623479011264e-05 2.7603088361847488e-05 0.0 -0.019899097228901784 0.26387640694758707 0.7505223065857047 -7.006309357083834e-06 -0.0002233566820732118 -0.00014063411776399988 7.450246010499593e-05 1.0
0.0626058762265181 0.27734796777436344 0.7617084872073663 -1.9601229704541877e-06 -6.905089484982225e-07 -3.0038794082967065e-05 2.9505823072688723e-05 0.0 -0.01987584507192068 0.26380315108220453 0.7505382040257486 -8.861636006906725e-05 -7.233705574557418e-05 -6.573657916787625e-05 9.607555649986414e-05 1.0
0.06260196168820198 0.27733605991781707 0.7617043730727854 -2.91866888805909e-06 -5.5553052277088814e-06 2.6321512692188285e-06 1.7242287845079744e-05 0.0 -0.019952599036376667 0.26385901754427166 0.750567329544506 -8.842676749886932e-05 0.00012561417785486952 9.771733978206033e-05 0.0001221048521016497 1.0
0.06259863401627011 0.2773280953570577 0.7617082778017826 -7.735622103411868e-06 -1.7112237355645102e-05 9.904753874165546e-06 4.1151938098947386e-06 0.0 -0.020084167461969636 0.2640078390872369 0.7505520244964279 -0.00010963073486436965 0.00019120424526441766 3.745973403782596e-05 0.00019171397240052104 1.0
0.06259719901119262 0.2773145063919494 0.7617136546332423 1.6467009468869448e-06 -2.6753397666701712e-05 -4.239887252913634e-06 1.543149099989811e-05 0.0 -0.020212034674700806 0.26422475003316076 0.7505175106634819 -0.00012400031112563554 0.00021134486627726325 -5.3405726022572974e-05 0.00024791824375451036 1.0
0.06259885480504235 0.27731132922091944 0.7617139821552541 6.067229977689844e-06 -1.939847199444099e-06 2.6127987372954152e-08 4.949606907790892e-06 0.0 -0.020295884869792738 0.26440691261398536 0.7504937338326572 -6.83167279515822e-05 0.00018513567412384448 -4.3476123377840606e-05 0.00020331825407486902 1.0
0.06259744161918236 0.2772918007897842 0.7617332435623855 -1.8485557218187888e-06 -1.0667066522587363e-05 1.669024730732473e-05 2.6371726147367058e-05 0.0 -0.02033827703782768 0.2645323427912146 0.7504935986562327 -3.9068297186775906e-05 0.00012529408473779217 5.892020089762906e-06 0.00013077025978203524 1.0
0.06259344403004916 0.277283318284083 0.761744051572687 -4.145173329816478e-06 -9.653943348415163e-06 1.3157639929982007e-05 1.539587576168497e-05 0.0 -0.020382164604998376 0.2646533278706803 0.7505202489001845 -2.266369700973202e-05 9.96242714725179e-05 3.4213495868048526e-05 0.0001324590711762985 1.0
0.06258240751944538 0.277285198079717 0.7617364085348178 -1.1275694715275827e-05 -7.533766478394973e-08 -4.025034721121726e-06 1.2752661349174097e-05 0.0 -0.020604038514631624 0.2651864335351546 0.7506810522589924 -0.0001885135587046398 0.0004542283183117514 0.00015464892231278912 0.0005991644023840377 1.0
0.06255977675138866 0.2772500844745017 0.7617099641000558 -2.3054653091204292e-05 -2.8149527098717325e-05 -2.5800608764643133e-05 4.899635229031141e-05 0.0 -0.02070495770851523 0.26585869175005095 0.7511311208654606 -0.00015423042689402617 0.000715480873295993 0.00043353454937536374 0.0008267208472104047 1.0
0.06255049389258141 0.2772418639536405 0.7616926181632644 -1.3642842308286883e-05 -1.51233542726002e-05 -2.4237980676215268e-05 2.3249169229937247e-05 0.0 -0.020583892330232206 0.26648525783003524 0.7519055643646507 7.352061118731417e-05 0.0007168609860081391 0.0007796666229854137 0.0009920551184646855 1.0
0.0625232630858113 0.2772275066159597 0.7616765799438499 -2.3593945886907864e-05 -1.4191042794340603e-05 -1.801313054911793e-05 3.277504887657508e-05 0.0 -0.01988964747933288 0.2670104889047997 0.7531612058119506 0.0006554262226549064 0.0005606937261525007 0.0012624759728282035 0.001517965506024494 1.0
0.06245399547679617 0.27720313029468546 0.7616641786563432 -6.311878713797485e-05 -2.1612410922568985e-05 -9.730237749459604e-06 7.42530419892398e-05 0.0 -0.018281418372338033 0.2668159373161588 0.7549160075823405 0.001605951780409925 -0.00015157809310202178 0.0017774694068171109 0.0024010824731345724 1.0
0.06241228629663788 0.2771801530253618 0.7616554364776653 -5.22234069801444e-05 -2.4182513262997726e-05 -3.7760702953585292e-06 5.115011410009817e-05 0.0 -0.017407582616882564 0.26628031292760473 0.7554817952025012 0.0011845471333063317 -0.0006555445713602319 0.0008257548817927607 0.001200997692132027 1.0
0.062355235166227194 0.2771478656153049 0.7616304355101986 -5.6350838360398926e-05 -3.0392835111316586e-05 -2.1272713828296995e-05 6.734848234183406e-05 0.0 -0.0158139143554931 0.26502404508335803 0.7562162069447007 0.0014693219384176008 -0.0013028111047406104 0.0005476801424991659 0.0020735446877023613 1.0
0.06229369329986437 0.2770941412626944 0.7615855242210803 -5.969836836628176e-05 -5.262044401176147e-05 -4.6012108435545346e-05 9.333662682856712e-05 0.0 -0.01406467834020826 0.2634770873871434 0.7569394172016228 0.0016539193566387242 -0.0016080010118234888 0.0005378470214526487 0.002513712898374652 1.0
0.06220882086321811 0.27697911041640966 0.7614682874707747 -7.956931222140454e-05 -0.00011193986304930722 -0.00011366607991925216 0.00018631340539691896 0.0 -0.01130080910550225 0.26090392011071245 0.7576029138233445 0.0026007510370648075 -0.002471557440747539 0.0006188493183226143 0.0038372762225931476 1.0
0.062157229387389976 0.2768851300459824 0.7613621308228167 -5.770017879424333e-05 -0.00010547807842727324 -0.00012039790399354669 0.00015251641266347896 0.0 -0.00926064686400076 0.25885211960606885 0.758169645502872 0.002298424568926226 -0.0022116505846533512 0.0006514024999292973 0.0029518172957633047 1.0
0.06208616071488021 0.27671126734606444 0.7612061033385833 -6.839089250309439e-05 -0.00016663398864843044 -0.00015497372851777303 0.00023867695247659928 0.0 -0.00665689967335215 0.2557299968100493 0.7585373608150541 0.002577311141181925 -0.002924799403605303 0.0004966818970012751 0.003994320375276672 1.0
0.06193011617079037 0.2762646402070868 0.7608375809694314 -0.0001441957450023221 -0.0004147266636571145 -0.00034067368917544224 0.0006009525839922647 0.0 -0.002377625799253914 0.2511505520099666 0.7587160836549366 0.004026768950937165 -0.004417030747920186 0.00019856949487276104 0.00634487578532792 1.0
0.06177978636420702 0.27586449630061916 0.7605057197594453 -0.00016088285889669215 -0.00044725765318912177 -0.00036433232166640714 0.000552582322090273 0.0 0.0007505692082297995 0.24831571578394945 0.7586299461055279 0.0034306505869191204 -0.003314489426465188 -0.00017886010152588414 0.004294789337302223 1.0
0.061747281921928895 0.275713095353758 0.7603551211597122 -6.06025803061053e-05 -0.0002098478087833452 -0.0001921849826074316 0.00020499696355757055 0.0 0.0022775621422734867 0.24686109346149754 0.7584600046886354 0.001816618882009804 -0.0015818603802678103 -0.00019219215867835896 0.001982278804788305 1.0
0.06172223189138583 0.275603740629505 0.760235811291731 -1.0086073700135524e-05 -7.00386870146716e-05 -9.080847379952998e-05 0.00015137364521849582 0.0 0.003407996406091206 0.24605004978055123 0.7582673157499902 0.0008358634093732007 -0.0004556883592255164 -0.00020672710518677658 0.0013700108239384843 1.0
0.06171745746339785 0.27558596071222835 0.7602056030184409 1.5204262534603004e-05 3.287806574861128e-05 2.212983295477097e-06 5.591505449892399e-05 0.0 0.0036616353056894446 0.24589394236151346 0.7583153686549693 2.9623710165284974e-06 0.00016154434846518489 3.2662516368115184e-05 0.000466334351784229 1.0
0.06170251656682574 0.27551964743082125 0.7601282349600775 2.3104092943523403e-08 -1.853716437443974e-05 -3.70341272299404e-05 0.0001032948695507328 0.0 0.004524520997972314 0.24560425501268277 0.7584679927725164 0.000500129545894346 -7.86117837220544e-05 0.00020555094684064656 0.0008699406103448003 1.0
0.06170428008365209 0.2753967243883448 0.7599926605582243 -1.1328508815990464e-05 -0.0001404127430377056 -0.00014440312851634783 0.0001740415097524311 0.0 0.005602230109396657 0.24547158937644817 0.7583396610680001 0.0013003402152631308 -0.0004394083047678057 -2.5097999261876336e-05 0.0010476142666847633 1.0
0.06171066866999302 0.27534918612136444 0.7599486586952503 -1.0590712967803833e-05 -0.00011827827533732535 -0.00010561710747590642 6.771484184480854e-05 0.0 0.005954854556427475 0.24542702941462258 0.758028676039572 0.000871102093752641 -0.00035565218537145834 -0.0003132123500137725 0.0004996963542487892 1.0
0.06168715724800484 0.27531165975925137 0.75991703611323 -1.9911303602101826e-05 -4.651673122747335e-05 -3.7662157222324725e-05 5.038531220742063e-05 0.0 0.006653177596482587 0.244896734793065 0.7574986367178133 0.0006234821485702272 -0.00043874475071623356 -0.0005966456252668036 0.0009843126262594785 1.0
0.06166779373971617 0.2753031150711831 0.7599067090822919 -1.6280974365063676e-05 1.1160585128621142e-05 8.199392680133656e-06 2.533110061857496e-05 0.0 0.007056431719392449 0.24460226279489525 0.7572094069646704 0.0003210905922998767 -0.00034213686863803763 -0.0004134886522393884 0.0006204645979323168 1.0
0.06164746312415778 0.2752985214699832 0.7598973241976396 -2.3503605761607923e-05 1.17660751329772e-05 5.884950935909091e-06 2.8379693474137524e-05 0.0 0.00744480966028123 0.24441177204441053 0.7570850805497711 0.0002965591286741972 -0.00019396447243970175 -0.00012814941798205683 0.00045510063872941653 1.0
0.06161988300722816 0.27528755120429854 0.7598904683854697 -2.6591643979439212e-05 -7.384425472189282e-07 -7.557633250118029e-07 2.7110651023546137e-05 0.0 0.008273634664484796 0.2442963144511984 0.757075130078494 0.0007069076751591444 -5.740575456026568e-05 8.449601715392418e-05 0.0008026281728349103 1.0
0.06159801231461801 0.27527376483666693 0.7598813769231454 -2.2410344035028517e-05 -2.4434132724766633e-05 -2.0500216447254038e-05 2.5508201287306207e-05 0.0 0.008756366666673144 0.24414480054798773 0.7570993606575463 0.0006675544820099694 -9.808352784928832e-05 0.0001023102904689292 0.0005391487666385516 1.0
0.061539168840284666 0.27520376031994626 0.7598350370071373 -5.021083247391568e-05 -7.15346846703496e-05 -4.918397977003514e-05 0.00010371300662808563 0.0 0.00944981669204232 0.2438269502422927 0.7567168240248087 0.0006860075195358975 -0.00025740006505933647 -0.0003263148945049627 0.0008380514560637496 1.0
0.06151560947257511 0.2751801667461698 0.759828902779907 -3.274558092128605e-05 -3.62129054576966e-05 -1.3030152295208348e-05 3.6092378916975615e-05 0.0 0.009892437440199915 0.24378660508157096 0.7564215738426149 0.00043935570603667964 -0.00012723625004951866 -0.00040855840244134354 0.0005303252879096476 1.0
0.06146453131981025 0.2751399378903661 0.7598126337652267 -4.808756075885771e-05 -3.74918737925222e-05 -1.3320492764527737e-05 6.297746799449224e-05 0.0 0.010453126354659708 0.24402476737120643 0.7558779198406377 0.0005227987448198836 0.0001648576028544838 -0.0005887979001147792 0.0008178390259919525 1.0
0.061359969851985545 0.2750791650640985 0.7597896476457395 -9.616979210570275e-05 -5.174950825977048e-05 -1.7126456672340133e-05 0.00012466496944219354 0.0 0.011447467249111156 0.24460581574489187 0.7548889804373863 0.0008900184953819215 0.0006176619732666926 -0.0009486613199796744 0.0015217815193852657 1.0
0.06130512300397039 0.27504106714187315 0.7597650116022007 -6.992913631534154e-05 -4.051554945289375e-05 -2.2950539436932523e-05 7.484829696713339e-05 0.0 0.012167431823965055 0.24476558178011262 0.7547241616732803 0.0008412070865904875 0.0003265823716688378 -0.00033006429467214766 0.0007768290687903293 1.0
0.061224143631220064 0.2749706559280954 0.7597183693439284 -7.715308603432048e-05 -6.465614914528664e-05 -4.4645219347510536e-05 0.00011201899622426119 0.0 0.012829119903769759 0.24501685859479422 0.75454558269336 0.0007219774732160005 0.00021588589635986602 -7.727913587594273e-05 0.0006861953233788757 1.0
0.06113183478014689 0.274884841556859 0.7596727893748606 -8.83049758632248e-05 -8.779536660607628e-05 -5.155772010922084e-05 0.00013481623370359923 0.0 0.012927709913262805 0.2454621989389889 0.7542176710971226 0.0001221906880728591 0.0003283575392675429 -0.00018767369559061524 0.0005714406994166235 1.0
0.06107079509778268 0.27483506423644055 0.7596433316623221 -6.583812714114883e-05 -6.203234191994111e-05 -3.576268176679387e-05 8.790979443430442e-05 0.0 0.012974839237868796 0.2459958189784031 0.7541160653217351 -6.501074825968523e-05 0.0004886170218547281 -0.0001229746102729568 0.000577700286604433 1.0
0.06095709359994166 0.27472520425341296 0.7595670965364153 -0.00010009032786726906 -9.487845192751495e-05 -6.350562370841686e-05 0.00017013106562699387 0.0 0.012960437033867862 0.2469817650839788 0.7540507762847357 -0.0001146399725059043 0.00098192295421363 -8.228148557102221e-05 0.0009695379805669787 1.0
0.06090402964227691 0.274667789547286 0.7595182085934077 -6.884525049942041e-05 -6.905212086895394e-05 -5.5914189751766275e-05 9.692237982677449e-05 0.0 0.012890534540189694 0.24735998539870296 0.7540783759122567 -4.27839588066168e-05 0.00058503538987873 -3.970463776027357e-05 0.00038770412087566386 1.0
0.060793927438285475 0.2745883125669826 0.7594631484137598 -0.00010072261381352377 -7.356709032787313e-05 -5.454433688727267e-05 0.00014342012891407528 0.0 0.01261607158267907 0.2476943160968376 0.7546406948521192 -0.00017091977202904373 0.000311962238541897 0.0004792572108955898 0.0006902659195296476 1.0
0.060750931525866664 0.27456968684074545 0.7594519490091027 -5.1235259878893965e-05 -2.3940003943957084e-05 -1.6416577720492278e-05 4.999572334141935e-05 0.0 0.012188198673144544 0.24772470830762408 0.7546001453729844 -0.00040477633970413865 -6.287649093982136e-05 0.0001829933295725241 0.00045038114451294927 1.0
0.06069781483919763 0.27453733290539983 0.7594378326860918 -4.8897943318660384e-05 -2.4424785678524127e-05 -7.029338300308231e-06 6.137552879975098e-05 0.0 0.011926549407392559 0.24771886372982485 0.7545815517041843 -0.0003198058655587172 -9.365709403624608e-05 -6.54775010230533e-05 0.00026558505995414564 1.0
0.060516292328414246 0.2744813657779048 0.759415524785816 -0.00015850322636211807 -4.7952156487815996e-05 -1.4566886470078877e-05 0.00019300460826905295 0.0 0.012085072716108479 0.24783656848046684 0.7545193308771591 7.536023905310143e-05 8.52249026321668e-05 -0.00015061216267548232 0.0001959546722372441 1.0
0.060444682111290546 0.27444658188158383 0.7593957781673719 -0.0001041228493261835 -4.238989068472807e-05 -2.193332909916395e-05 8.609801316839934e-05 0.0 0.012117759374333906 0.24783190044710268 0.7544901737713341 0.00015067318742535463 8.662730581340578e-05 -7.876165503843983e-05 4.463630639495479e-05 1.0
0.0602813383787176 0.2743526633911199 0.759339454522983 -0.00015564384588177816 -9.372690950964863e-05 -5.8791811458982263e-05 0.00018858018219437405 0.0 0.012195037159315473 0.24780769059492408 0.7544216801653677 0.00013285955613609316 4.596610355909125e-05 -5.5718377035286765e-05 0.00011607293504059134 1.0
0.06005111737287128 0.2742297553901049 0.7592721719300082 -0.00022073018256235546 -0.00012495608776587195 -7.232107675101052e-05 0.00027211930282878145 0.0 0.012236123353429215 0.2477871857065043 0.7543506164738856 3.423420877145851e-05 -5.02275328648909e-05 -1.827834131134721e-05 7.488320651415136e-05 1.0
0.059776120524301785 0.2741133098157163 0.7593131458167551 -0.00028135903890961524 -0.000127406754309625 1.9811964741393235e-05 0.0003068722065518394 0.0 0.012288667475816285 0.24779640437293976 0.7543152570760504 -1.5012231208478739e-05 -4.800159712023508e-06 3.281418257089605e-07 6.876084493534604e-05 1.0
0.05965212010367152 0.27401713908981373 0.7593802682163148 -0.0001532633749656558 -9.697568950153383e-05 8.104784557866004e-05 0.00016702071133033845 0.0 0.012313556471123885 0.24779813186015637 0.7543057965489082 -1.3250731351200815e-05 -1.3792267133123123e-05 -5.027395052530434e-05 2.355690189861405e-05 1.0
0.059454157815635546 0.2738054663097783 0.7594069591538006 -0.00017264857669637822 -0.00018897072194157364 5.219712183816265e-05 0.0002829266983195158 0.0 0.012326654257967942 0.24779961082568913 0.7542986258837595 2.713822042259978e-05 1.3148763811722167e-05 3.059137746220611e-06 1.4679945344422778e-05 1.0
0.05844324311577079 0.272407782113568 0.7590641337131737 -0.000883878651448217 -0.0012377137859431815 -0.0002894022848047974 0.0017584765593490332 0.0 0.012350671241606546 0.24778458852793975 0.7542898482511936 4.766992960026067e-05 -2.220338048926731e-06 -4.6963446648439816e-06 3.36201285336787e-05 1.0
0.05778521343936362 0.271430663031741 0.7589942543401114 -0.0008130121904257738 -0.0012141689314201548 -0.0001739280959494619 0.0012295261148523033 0.0 0.012367516096776658 0.2477822399248254 0.7542786059285411 1.0874545425475283e-05 -1.7998663799216738e-05 -1.1120492989291983e-05 1.8619983895668706e-05 1.0
0.05697136190217382 0.2702168652915556 0.7589819902894562 -0.0008559199731938214 -0.0012709322078639654 -4.1297295816634366e-05 0.001390582074437072 0.0 0.01239800173554531 0.2477752294662975 0.7542539824539802 3.385688987988545e-05 -9.999413425819763e-06 -3.163021231881728e-05 3.884023295932808e-05 1.0
0.053749575903165266 0.26513404036512106 0.7581369184971934 -0.0028718110436448652 -0.0045116399101374815 -0.0006866389323586493 0.006044936802465326 0.0 0.01257246015245828 0.24784645718287404 0.7541525847457914 0.0001560695733804061 6.17060237275528e-05 -9.583676499087481e-05 0.0002127694863143425 1.0
0.051406459178923905 0.2618643887519623 0.7579074159682744 -0.0027508390823775806 -0.003983311891168695 -0.00038268148642930694 0.004235314622645977 0.0 0.012710657075104501 0.24786610350821814 0.7540826804717324 0.00016650680089825342 4.113961616888247e-05 -8.46359512090719e-05 0.00016272673853108603 1.0
0.04761977481080455 0.25632705242400267 0.7569947715187446 -0.0036969101592554295 -0.0053570319959622215 -0.0008188983129361638 0.00653130913144435 0.0 0.012776260872746213 0.2478419212373504 0.7540259210405564 8.601589735922037e-05 -1.597441878752046e-05 -6.12923945667784e-05 8.318432312280112e-05 1.0
0.04513572488492545 0.25265712659119227 0.756188649399085 -0.0027808291888340095 -0.004047812037325273 -0.0008723546925157161 0.004594350902301347 0.0 0.012825040948205836 0.2478493312463958 0.7540158129435779 3.496608431897035e-05 -1.0087101076193934e-05 -9.410330205991829e-06 4.827993462872747e-05 1.0
0.04149888195086472 0.24817446772112006 0.7547369675391908 -0.0032925658878332187 -0.004093381087748933 -0.0013865443145145092 0.0059381399815108815 0.0 0.01281606486672429 0.2478270549964174 0.7540229885596809 -2.5470818482378287e-05 -2.6906684566807154e-05 2.1029143357635653e-05 3.122058452003822e-05 1.0
0.04033652093905103 0.24700675950832504 0.7540616699109245 -0.0013518643654568075 -0.0013060448437642567 -0.0008250026201119271 0.0018888425183859901 0.0 0.012820769228263668 0.2478170442471182 0.7540230286432595 -1.787386374779917e-05 -1.3594088833283874e-05 1.3225345857827317e-05 1.2141421852234742e-05 1.0
0.037793793252933715 0.2444170781346443 0.7540871676230372 -0.0020726708072095618 -0.0019546610080382588 -2.343363628601486e-05 0.003408501269941123 0.0 0.012860792633553839 0.24782206808565396 0.754007110403075 3.9368758693953494e-05 8.587640510838865e-06 -1.6804247139322953e-05 3.823815142855361e-05 1.0
0.036983797968137375 0.2438681888466066 0.7522529804322116 -0.0011166156452462209 -0.000892254956767297 -0.0013906752004413294 0.002311154477025305 0.0 0.012887745630988195 0.24783253203340583 0.7539798290872258 5.4129161118193314e-05 2.0472878786879044e-05 -3.9978674706958485e-05 4.2450270605974716e-05 1.0
0.03834338233567157 0.24191020878164549 0.7500055867337949 0.0011935784893012977 -0.0015872479141323653 -0.002267572385214788 0.003147746863682431 0.0 0.012625382578042112 0.24770591625382185 0.7539404273810434 -0.00021406760751577103 -0.00010801681559077 -4.4947198195391334e-05 0.00029068743975190376 1.0
0.03770598418734222 0.24089594302792178 0.7499545192105622 -7.354106757585539e-05 -0.0015062953323643886 -0.0007067807817255596 0.0012658484763037508 0.0 0.012900882057895788 0.24782611127506535 0.7539630646636855 0.00015598441130458692 6.473247869816608e-05 1.0308401074227158e-05 0.00030919673199306466 1.0
0.036723181033703575 0.24092280482602815 0.7498965528276598 -0.000949095400582284 -0.00018955300649560903 8.327879182606066e-05 0.0008588606153715908 0.0 0.01295340827545672 0.24782956391678804 0.7539759491781334 0.00011998988672710181 3.830031059778146e-05 2.6791183611053243e-05 4.995624359880425e-05 1.0
0.03627168853323184 0.24052625630256172 0.7497191916394244 -0.0009560696108929811 -0.0002222591323395324 0.00015663437733282092 0.0007506164400452398 0.0 0.01296068073598467 0.2478407186077086 0.7539691255869704 4.1091309571349556e-05 1.9388691128263273e-05 5.882032156946863e-06 4.40498158013659e-06 1.0
0.03631516446695887 0.24035359205551177 0.7497364975688607 -0.00015910121123245214 5.332284621731168e-05 0.0002265005126452337 0.0001475641071140149 1.0 0.012970981442541794 0.24784320188469575 0.7539711004346376 4.5461105080226784e-06 3.33075587185031e-06 -1.4470114280853608e-06 2.2058580758613195e-05 1.0
0.0362894152576608 0.24024917192245684 0.7497237156777573 -1.2357647990115074e-05 -0.000212583543212924 -8.923636839411022e-05 0.00011591237536786431 1.0 0.012984862613708245 0.24783975424953736 0.7539749978775506 -1.1648028552542591e-05 -1.1869050213454997e-05 -3.0707190490530133e-06 2.1566363121538623e-05 1.0
0.03623069220573974 0.24019284838112956 0.7496987689723227 0.00030969248193982125 -4.8245407614576786e-05 -0.00033024317338880643 4.044165655084321e-05 1.0 0.012997433440679095 0.2478466009139235 0.7539703491275767 -1.2998566600406072e-05 -6.553994510564069e-06 -7.53615224840451e-06 4.712306573294113e-06 1.0
0.03619567510369576 0.24021215754146208 0.7496891311248818 0.0001052522963414363 -0.0001416340820222929 -5.709051413104122e-05 8.974116570361181e-05 1.0 0.013167558183976861 0.24783012513235256 0.7540431012555807 0.00014658771518125368 -1.4713583873926224e-05 6.202564612454547e-05 0.00018250334049746723 1.0
0.036179695484786126 0.24028369038148686 0.7496837453168543 -0.0002503262044561249 0.0001550226626663492 0.00014322579765998437 4.947368098849993e-05 1.0 0.012971637739420236 0.24776804494853408 0.7540160330549017 -7.791333426252063e-05 -3.896279744945163e-05 2.4343778018470586e-06 0.00021738730317743458 1.0
0.03619748863952423 0.2404235132672474 0.7496919955869036 -4.9910461217019995e-05 0.00019805329955839372 -5.464690879073467e-06 0.00014342032702392075 1.0 0.012885475522246446 0.24773274553732613 0.7540158929064263 -0.00015025957366026314 -5.536748767896489e-05 -1.0147394688609432e-05 8.88540088766167e-05 1.0
0.03617217546876569 0.24098967084256243 0.7498152317224424 2.9724750397372348e-05 0.0004790791537384086 0.00010285199824602967 0.0005833039443258177 1.0 0.012626826155894043 0.24758722279502957 0.7540002622772035 -0.00026654171596226107 -0.00013144072313954355 -2.26117128815978e-05 0.0002887731256846125 1.0
0.03561696093805588 0.24281070483524228 0.7510960710380028 -0.00044574161168690787 0.0017160368062143709 0.001148833778032662 0.002287566558787367 1.0 0.01157564991869143 0.24710945955281596 0.7536538011309385 -0.0009642158337641319 -0.00044248956577674404 -0.00030426042459515997 0.001210781059534292 0.0
0.03585176501441775 0.2445039735700622 0.7510698743991933 3.447631373624999e-05 0.0019331869621115353 0.00033249306079900147 0.0017573313990060075 1.0 0.012923098304413582 0.2470026150381396 0.7555098249431358 0.0008944870557950258 -0.00021389884001115261 0.0014981599434086106 0.002312790660093322 0.0
0.03553849686043306 0.24475940704705104 0.7525288091610797 -0.00019564552524566683 0.000584483142842938 0.0012017573838421025 0.0014422009494200014 1.0 0.016391362623971045 0.2465313397051484 0.7591498954218894 0.0034331012439574363 -0.0004048833849868988 0.0036643833690798966 0.005023826575668421 0.0
0.03545244481915935 0.24523903771533123 0.7546460713510926 -9.759656031714593e-05 0.00018896344840425177 0.0020651019540329405 0.002167695483982947 1.0 0.01649015696407678 0.24581876042782638 0.7607027845803924 0.0011864810184837237 -0.0006786340369026122 0.002372744710505753 0.0017932269694760767 0.0
0.03623919424344655 0.2467202244279835 0.7575310111383499 0.0006821180815929162 0.0010471395279323954 0.0029339650521958195 0.0034032829627011923 1.0 0.014953886858301776 0.24556863918601257 0.761292155584192 -0.0014637330817959377 -0.0003570876523877197 0.0006708709463060789 0.0014853008119131794 0.0
0.035903739489775516 0.2497950246965664 0.7594591958152529 -4.661502762308348e-05 0.002916307908267014 0.0022652286031058623 0.0036559068086310497 1.0 0.014038937409444686 0.24539985517949506 0.7612091496143909 -0.001778960723810757 -0.0001446463442773402 -0.000545259055710756 0.0010372338908474514 0.0
0.03523820049631392 0.2558964451100779 0.7626902313994921 -0.0006914523455491507 0.006179970427018873 0.002984794026468878 0.006829602610533154 1.0 0.013363256337093328 0.24533045103532267 0.7610221962170898 -0.0012348920785032694 -2.0927521478350205e-05 -0.0007442929829093052 0.0007798714427718128 0.0
0.04170147795575152 0.26198232578133834 0.7605517800685885 0.005256179652355112 0.0069096003063104745 -0.0014106655031705436 0.009233360960459933 1.0 0.013160758966654805 0.24538176976217888 0.7609674734592135 -0.0001270164914588766 8.598797270309154e-05 -0.00018770359943862938 0.0001670196057949838 0.0
0.048950746109154446 0.26565975989884694 0.7596305390102416 0.008067617587978545 0.004276745596619683 -0.0019318266952093439 0.008191203198793405 1.0 0.013145896290339054 0.24545129202269889 0.7609360991108326 0.0006576552315807892 0.00010586876720412999 0.00038647035269262796 0.0 0.0
0.052626644124364776 0.2676546722424529 0.7593230260670212 0.005138097528053169 0.001550518462558135 -0.0007574705470886635 0.004097724868362533 1.0 0.013166722436967402 0.24549104590167747 0.760906092332722 0.0003758193005315791 -1.1595494313304061e-05 0.00028507467202204973 0.00013900924179084022 0.0
0.05605586071846114 0.2689275990648687 0.7580208970067321 0.0031933231938099213 0.0004308748507383984 -0.0009198149719232293 0.0038184838750637516 1.0 0.013178902920891928 0.24552272391194324 0.7608929447275782 -0.00025877130983859194 -7.345144282023576e-06 -7.977925161803878e-05 1.1151140644456194e-05 0.0
0.05829077934371808 0.2695468326433902 0.7570216772311565 0.0013907712972645522 0.0001866194569215258 -0.0006746783198393279 0.002743184901940457 1.0 0.013187523624380177 0.24553139329215726 0.760892167119924 -0.0001744275486356531 1.9040920548819037e-05 -6.388406943923773e-05 1.5694036685874732e-05 0.0
0.06000671578335817 0.27014122873782515 0.7561883489627916 0.0007949949512948271 0.0007204238168492781 -0.0006378413129742608 0.001945961552552594 1.0 0.013190897029435525 0.24554185387239116 0.7608837791791861 -1.5995403458732337e-05 -1.907752120230619e-06 -6.415428542836819e-05 5.765140463075873e-06 0.0
0.06027353324911 0.2703449627408241 0.7561892941088005 0.00041163916551279 0.0007622978543302562 -7.69481621362973e-05 0.000253917393124014 1.0 0.013189159644539046 0.24554252016910466 0.7608771623124067 -1.0351982916127311e-05 6.374508887527133e-06 -1.7376525148481698e-05 1.4728300461652939e-05 0.0
0.06108803381093067 0.27055484297736987 0.7563018909041955 0.0013126134234700175 0.0003925758694248785 -0.00012243576889511745 0.0008122521119483467 1.0 0.013192143054191797 0.2455306580843063 0.760885136959535 3.0060712813302897e-05 5.341433626820217e-07 1.2696012997489263e-05 1.3388779906412158e-05 0.0
0.061312268777430345 0.27044266012936846 0.7564338439600962 0.00043217409274542117 -0.00014135971527934593 0.00038887751752466715 0.0004043146617327461 1.0 0.013191149414965036 0.2455244315840098 0.7608886437022127 1.3633061306132923e-05 -5.568655047687985e-06 5.396576077772779e-06 6.532341569121062e-06 0.0
0.061458135522125 0.2703839640187144 0.756559468389425 4.5444984770168576e-05 -0.00016104795962640361 0.0001536134597061601 0.0001411009635228829 1.0 0.013192923937656115 0.2455205894336705 0.7608927612403753 4.804297605856225e-06 -4.99537484745527e-06 4.661711971407233e-06 5.537387550699646e-06 0.0
0.06198240022159562 0.26993050790775547 0.7563924150656086 0.0005616639402847793 -0.0004357794636070966 -0.0002885234601836457 0.000699351134142101 1.0 0.013194001390261638 0.2455199413989331 0.7608640944850608 1.4517111758813822e-06 3.094965309159451e-07 -2.288782665324476e-05 2.8809018595202955e-05 0.0
0.06277374047642027 0.2686941742441492 0.7560965096531006 0.0008003292874949872 -0.0011859789759416917 -0.00038609081563192936 0.0015139163248632397 1.0 0.013191781500148273 0.24552574414663172 0.7608499272074127 -1.6798845185860288e-06 6.01558849374485e-06 -2.1315825380113725e-05 1.6375926242123783e-05 0.0
0.06365989263763275 0.2672658358889156 0.7557394133231792 0.0009381920875829661 -0.001528836220850815 -0.00041074777930084536 0.0017501909461400916 1.0 0.013189851879890952 0.24552493041316703 0.7608486906550321 -2.9084629561252466e-06 2.273528498570592e-06 -6.46488448967243e-06 1.5034198382571e-06 0.0
0.06425696465023804 0.2662847294272946 0.7553707977026094 0.0006365223547772725 -0.001169666427014231 -0.00033458142151103433 0.0011588934744085429 1.0 0.013191351705871442 0.24552840908115717 0.7608525932191724 3.570691771725108e-07 1.422850003425848e-06 7.090404937678957e-06 4.810272084815639e-06 0.0
0.06459250308070713 0.26571678633251955 0.7550611304841784 0.0003605472245814608 -0.0005516860325407318 -0.00029216798616157544 0.0007272318653381734 1.0 0.013174375618782925 0.24555102279276061 0.7608559061536275 -1.3657490595572504e-05 1.8262850903494796e-05 9.692137827117698e-06 2.96306511861993e-05 0.0
0.06472948835370078 0.2655166383625753 0.7549707222207978 -6.58483069471865e-06 -5.577678045987541e-05 -7.472127552107222e-05 0.0002814094487965232 0.0 0.013163142237052191 0.24556245914745112 0.7608555867094062 -1.4188584679781443e-05 1.5740830286867358e-05 2.073940625009252e-06 1.6842202065730273e-05 0.0
0.06486888190370403 0.2652468138285318 0.7548351008964364 3.701147190716089e-05 -6.148441881739634e-05 -7.129048120799219e-05 0.0003381811567554399 0.0 0.01315169584859877 0.24557001656780802 0.7608502733730759 -1.236753116478866e-05 8.996109547745358e-06 -7.311582115192165e-06 1.2668443335451562e-05 0.0
0.06494845736815562 0.26500551072430323 0.7546590836494063 0.00010602653004960454 -0.00025381540406880333 -0.0001629044468940703 0.00030877188371722234 0.0 0.013146791358716929 0.24557253229043008 0.7608505380158468 -5.517780816700378e-06 1.697289781811061e-06 -5.777911261032639e-06 6.054654035706999e-06 0.0
0.06504768034915227 0.2652969099561962 0.7538244871687426 0.00015625956132535985 8.002198968575923e-05 -0.000765461390614169 0.0008715612395967321 0.0 0.013135299461821431 0.24558260737620607 0.7608383707725788 -8.529263257987112e-06 6.216125050298089e-06 -9.744701414173268e-06 2.003529499402768e-05 0.0
0.06498623988927464 0.2656637549404319 0.7533552710820874 8.25732322416305e-06 0.0003458748647466583 -0.0006484167856951748 0.0006171527222035885 0.0 0.013131644808229988 0.2455854643444225 0.7608348586685656 -3.7580981311759454e-06 3.1009824312642505e-06 -4.571786531276042e-06 6.468246043695193e-06 0.0
0.0650600629840684 0.2659870128020562 0.7529092330824404 3.438944557133245e-05 0.0004050081760149824 -0.000494705827817764 0.0005331525721325948 0.0 0.013128475976784642 0.24558766365278709 0.7608317726268572 -3.001298505292352e-06 3.6668269275029734e-06 -2.2756949686583958e-06 3.573819771550786e-06 0.0
0.06570492830905766 0.2663838316116702 0.7521139260304414 0.0005524980887425132 0.0004186372004356629 -0.0006886132601615722 0.0011003488998880602 0.0 0.013125261741234628 0.24558965044527042 0.7608291397203406 -4.1288823815434385e-06 3.325771518885936e-06 -1.6457263288109612e-06 5.027629473641079e-06 0.0
0.06659452138005034 0.26669648988301237 0.75129618378933 0.0009417225677246747 0.00030536820953219203 -0.0007816486541234904 0.001277600448460293 0.0 0.013122068645748788 0.2455931599999049 0.760834421623538 -2.731279651544307e-06 2.2044297505831603e-06 4.695051764651064e-06 7.43425793567976e-06 0.0
0.06779332638326163 0.26699547315304695 0.7503541976275941 0.0012724974021902308 0.00023743118603144732 -0.0009460590136007743 0.0015394180967569983 0.0 0.013122480689601465 0.24559414198976137 0.760837645843668 -2.9505020127065924e-07 1.2746396896447504e-06 4.62329102325254e-06 3.5263714169532944e-06 0.0
0.06874638956897197 0.26716278321563935 0.7496661372296223 0.0010590865221601856 0.00016753499624516297 -0.0007757858162040379 0.0011737928235769552 0.0 0.013128152157800211 0.2455884894225542 0.7608417495248703 5.2125469727628914e-06 -4.6040643059767265e-06 4.342111751014253e-06 8.246103970184642e-06 0.0
0.06986587494585346 0.2671820022121873 0.7490908436884215 0.001037482256256255 5.406198823323829e-05 -0.0005910038310082827 0.0012575729939717209 0.0 0.013124589898597432 0.24559671088348983 0.7608347586916698 -1.6607143365571041e-06 5.701403067029736e-06 -6.593334808062087e-06 1.1978314238543816e-05 0.0
0.07059773255650212 0.26687281577424443 0.749101175897228 0.0006935339759725292 -0.0002929094038974881 3.363430480744084e-05 0.00081617851665871 0.0 0.013108433837703331 0.24564571793588572 0.760815245266898 -1.4491945848073086e-05 4.377434582313171e-05 -1.9357919503560645e-05 5.468755451022623e-05 0.0
0.0707603195756596 0.2667169301534189 0.749249580874633 0.0001618841039673527 -0.00023688694673564757 0.00024386529730415223 0.00025842846737567386 0.0 0.013098406170076307 0.2456617992438872 0.7607959267786798 -1.4089342513213223e-05 2.8233824771575267e-05 -2.2968633727925115e-05 2.855456041921416e-05 0.0
0.07081767458215803 0.26667577921438707 0.7492171700990115 -2.311707901206015e-05 -5.623900232892826e-05 4.7411078289876776e-05 7.052876684138503e-05 0.0 0.013091749315992694 0.24567371351488979 0.7607895262292717 -8.602708084852457e-06 1.3593603499966526e-05 -9.658448356260753e-06 1.2955166716516989e-05 0.0
