0.06299576677626828 0.2797340849683427 0.7639950353030843 0.0 0.0 0.0 0.0 0.0 -0.01700214565578848 0.2796865312955317 0.7640422988387274 0.0 0.0 0.0 0.0 0.0
0.06299570446956183 0.2797330306877345 0.7639962492456212 -6.230670644702396e-08 -1.0542806082036726e-06 1.2139425368262735e-06 1.6090513382794193e-06 0.0 -0.017000266068381308 0.279684725422322 0.7640452636061192 1.8795874071712848e-06 -1.8058732097481212e-06 2.964767391810952e-06 2.730890614259944e-06 0.0
0.06299345238627084 0.2797235609895599 0.7640076505623502 -2.2520832909933564e-06 -9.469698174557895e-06 1.1401316729053868e-05 1.499123363246001e-05 0.0 -0.01699619634732138 0.2796896351087946 0.7640423833784856 4.0697210599259515e-06 4.9096864725983735e-06 -2.8802276336170607e-06 8.808762902604016e-06 0.0
0.06299028543920134 0.2797392695532948 0.7639934802846581 -3.166947069505044e-06 1.5708563734895264e-05 -1.4170277692127087e-05 2.139124349415685e-05 0.0 -0.017007028804573665 0.27971434839724896 0.7640226316344068 -1.0832457252283462e-05 2.4713288454381033e-05 -1.9751744078866373e-05 3.3466375882800045e-05 0.0
0.0630160846551083 0.2797487212352118 0.764007851815386 2.543916260318279e-05 1.096573391177752e-05 1.2448605417584053e-05 3.100765595683058e-05 0.0 -0.017030264912515997 0.2797146442024191 0.7640194509369987 -2.376458933944121e-05 1.179744269747803e-06 -3.847638029990611e-06 2.3117988818007624e-05 0.0
0.06313826530726821 0.27974698999677716 0.7640542896583331 0.00012205310740887249 -3.038923125994997e-06 4.844443252563575e-05 0.00013071947906229852 0.0 -0.017061550349552215 0.2797033674803016 0.7639987170959026 -3.103207924174551e-05 -1.2910653100740288e-05 -1.9133329124546404e-05 3.781923645466722e-05 0.0
0.06320555603051993 0.27967092134503607 0.7640067506980068 8.354173901499413e-05 -7.368702687129009e-05 -3.4930110343206854e-05 0.000112589979400598 0.0 -0.017077604178977773 0.2797061649083011 0.7639877535848172 -1.734572648617738e-05 -1.9872444244063043e-06 -1.1731882219513362e-05 2.1182050363865972e-05 0.0
0.06329248909356687 0.2796566343147444 0.7640035873718432 7.916059775610417e-05 -2.896873421380465e-05 -1.7093137941509852e-05 8.708620015379619e-05 0.0 -0.017090529906139476 0.27969453282585716 0.7639846025732291 -9.827632443419015e-06 -8.0805795896109e-06 -3.6224184761816864e-06 1.6995871411931433e-05 0.0
0.06337655198582727 0.27961078415991086 0.7640200758945326 7.806075022104879e-05 -4.3370149614498714e-05 8.30659998870055e-06 9.571195142070922e-05 0.0 -0.01709294544239741 0.2796930846069716 0.763982312778155 9.799131318338317e-07 -2.999018633515381e-06 1.734828716798167e-07 4.082910821149954e-06 0.0
0.06342553544566187 0.27957528782652885 0.7640376861707081 4.437836665393904e-05 -3.319921976446901e-05 2.1078347621011865e-05 6.69328528044702e-05 0.0 -0.017093227396300724 0.27968879043883366 0.7639847874873257 3.446527700637417e-06 -6.539796028918919e-07 2.7161171521031657e-06 4.521288153566227e-06 0.0
0.06346541297560357 0.27954760353586594 0.7640617412794357 3.172737983636446e-05 -2.153262272495135e-05 2.9216225186525083e-05 5.34918929695795e-05 0.0 -0.01709142991735038 0.27968729967456446 0.763985497412145 1.4977646040020373e-06 3.6422068733555636e-07 1.0848571408176218e-06 3.0417168265012536e-06 0.0
0.06348724763640026 0.279529930596682 0.7640920955786803 2.3125306928196752e-05 -1.5916955253421342e-05 3.671426792178404e-05 3.936263374641746e-05 0.0 -0.017088897740396226 0.27968661883323537 0.7639862712551792 5.161735354299781e-07 -2.3211874987082e-06 8.433099010140627e-07 2.143969499891788e-06 0.0
0.06350005459211017 0.2794999930860907 0.7641409280196705 1.627288506415424e-05 -2.8627430472979584e-05 4.528725225372861e-05 5.9852173554534184e-05 0.0 -0.017091846498018943 0.2796898763944171 0.763988463460818 -3.7805707479999594e-06 2.5805017198240132e-06 -3.415864178201604e-07 5.135127707228182e-06 0.0
0.06349876826349883 0.2794514647906189 0.7642013548013292 -3.3865481436510316e-06 -5.037230133453981e-05 5.318221421584403e-05 7.805405035029333e-05 0.0 -0.01709546941890919 0.2796901645491994 0.7639869925431887 -4.31766059327561e-06 1.837000565479234e-06 -6.440878863892529e-07 3.826281323525097e-06 0.0
0.0634906171717669 0.2794172117179815 0.7642532979418497 -4.83287908171489e-06 -3.7351630897434706e-05 5.927352195668548e-05 6.224689251689581e-05 0.0 -0.017100877636088623 0.27969360687069966 0.7639886958594522 -6.183428942569711e-06 1.934475826274931e-06 1.1793380001602058e-06 6.740716162076544e-06 0.0
0.06347895205290244 0.27939511679449885 0.764285581874981 -1.1227768232410635e-05 -2.800559649353621e-05 3.5489337135304284e-05 4.01719242236203e-05 0.0 -0.017106922496609674 0.2796866711394764 0.7639874377450885 -5.823249654603732e-06 -4.961678210477972e-06 -6.67067589501565e-07 9.211399641135757e-06 0.0
0.06346336832698235 0.2793822550801403 0.7643210270548918 -1.6286028622365667e-05 -9.85973939653494e-06 2.8951456673106172e-05 4.0543304437499076e-05 0.0 -0.01710635149705415 0.27968651232464065 0.7639878566179313 -1.0967550042308453e-07 -2.863658720922894e-06 3.676480320572961e-07 9.372134359797819e-07 0.0
0.06343102964466099 0.27933831933909226 0.7643531893024599 -2.9309077979787917e-05 -3.350573856933465e-05 2.834881640304914e-05 6.476216762378631e-05 0.0 -0.017106734802917134 0.2796888131056145 0.7639851597894436 1.3092174643205905e-06 1.755314252115357e-06 -2.299395060573127e-06 3.1211847776989064e-06 0.0
0.06327894216194674 0.27922148905663735 0.7643399974137487 -0.00013727697181260048 -0.00010857301169018779 -6.883285553945505e-06 0.00019140174493140292 0.0 -0.017112490749675458 0.27968014227754934 0.7640315646470505 -3.9983106552074855e-06 -5.949332310266337e-06 3.925848883719329e-05 4.747895909415463e-05 0.0
0.06314083811019178 0.2790038032933916 0.7641248285397425 -0.00015859902402520312 -0.00022058067972830886 -0.0001896702579818917 0.0003370571483342001 0.0 -0.017119458446510877 0.27953968221621833 0.7642223141783012 -7.83233379068064e-06 -0.0001221114240894255 0.00017702110893210834 0.0002367934741397356 0.0
0.06304423949861633 0.27886586517090883 0.7639806545288937 -0.00011525707877981524 -0.00017571702288824378 -0.00018586825168088637 0.00022350160622882612 0.0 -0.016878408651102555 0.2786606667575955 0.7638869474437515 0.0002045808269190906 -0.0007944544767702639 -0.0002347766610206823 0.0009689386677315213 0.0
0.0627675997354627 0.2785089984601703 0.7636086154563647 -0.00024218545797666558 -0.00032398249654108326 -0.00035464832491612325 0.0005729782344503529 0.0 -0.016650992825896334 0.275403550190379 0.7617712980011112 0.00026363567420330556 -0.003041747902883056 -0.0019204111015213013 0.0038810024920654064 0.0
0.06267735649373356 0.2783570915884491 0.7634452061254308 -0.00012483120043225247 -0.00019196621863876788 -0.0002135308558720486 0.0002605863505540375 0.0 -0.016780442403651914 0.27310874792470613 0.7602671768920085 -5.038573817055543e-05 -0.0028567345452265103 -0.0019105355599802064 0.0028295902219908123 0.0
0.06263854601759834 0.27824149804646137 0.7633320803518493 -3.20406600281038e-05 -0.00010151915046004609 -9.561206051883095e-05 0.0001501780081706133 0.0 -0.016923766225712022 0.2706766871350908 0.7586375231847129 -0.0001924042161906156 -0.002551387732511008 -0.0017586506979898667 0.0027997227931866545 0.0
0.06251689842814773 0.2779617932983369 0.7630478497073032 -8.508596493385555e-05 -0.00022606021797069834 -0.00021550127480165064 0.0004144875345492117 0.0 -0.017363644949241207 0.2670479670873009 0.7559724904617054 -0.00046561018627435584 -0.0032828546704919545 -0.0024282526969295034 0.004533433159549002 0.0
0.06247580398786083 0.27786102708769783 0.7629112114175003 -5.3980037445502016e-05 -0.00013635928372525018 -0.00016251736711235225 0.00019667755688676373 0.0 -0.01768352813076852 0.2657910421298756 0.7549018365461354 -0.00040214626814158406 -0.0014943044184747626 -0.0012460684893919256 0.0018392571707914083 0.0
0.06246458349208361 0.277796062845074 0.7628157298345984 -1.4102882107621561e-05 -7.128181599969408e-05 -0.00011441971685378574 0.00010070275750844536 0.0 -0.0181401902411236 0.2645204425331542 0.7537914189191279 -0.00042520576298459917 -0.0009514604336402104 -0.00088305636005808 0.0015908545867833461 0.0
0.06245063133999171 0.27774530626409866 0.7627407137460576 -1.644475965579246e-05 -4.0097123462234637e-05 -7.041614262437879e-05 8.101048132853905e-05 0.0 -0.018397192647180535 0.2638216553361001 0.753139286512711 -0.00023865676078860596 -0.0005972979660639378 -0.0005927044481316473 0.001004073021093164 0.0
0.06243478483072235 0.2776896567772083 0.7626767063600771 -2.410186590353223e-05 -5.4540875851028507e-05 -6.491665651405624e-05 0.00010505269553484067 0.0 -0.018644130225079297 0.2633324681173463 0.7525755762970017 -0.00020584393099435896 -0.0004962264490069404 -0.0005427444064559651 0.0008776734036866696 0.0
0.06241658954651423 0.2776342052614003 0.7626080639823302 -5.594470727062406e-06 -4.167192769618822e-05 -4.756828751750948e-05 8.71516642860251e-05 0.0 -0.01889114751598972 0.26305647933367154 0.7521028806455182 -0.0002304234455898947 -0.00024458871755209024 -0.0004238233057737833 0.0005545611942180139 1.0
0.06241342156908439 0.27759803741438177 0.7625511834857998 -1.1420248144547928e-05 -5.4756480090402344e-05 -6.97401285849905e-05 5.8859234130949085e-05 0.0 -0.01920480125346507 0.26288179041414894 0.7515514064561059 -0.00029948143565298156 -0.0003454510885777325 -0.0006564915158465028 0.0006093818528453859 1.0
0.06241160898726999 0.27756806656979227 0.762519421165842 -9.3021987751265e-06 -4.605382100749631e-05 -5.3404080554060525e-05 4.88572686369854e-05 0.0 -0.019399275552535816 0.2628553947311201 0.7512157719464775 -0.0002486579937902623 -0.0001665085692183709 -0.0004936264871745139 0.0004548853127981805 1.0
0.06240560731370572 0.2775304355919448 0.762473752416226 2.4183539662315725e-06 -2.189018069725029e-05 -3.1565627738900845e-05 5.8381189329443164e-05 0.0 -0.01955978602437324 0.262877916820502 0.7509566441618781 -0.00016573665235911192 0.00014565727864581388 -0.00018553821315250504 0.00026497173458346363 1.0
0.062411032059930135 0.2775000353062172 0.7624242782846535 5.906413323140647e-06 -2.894015439617479e-05 -4.573401533155649e-05 5.997053291457958e-05 0.0 -0.01962855503579022 0.26287715701477327 0.7509112569072713 -7.508933309552249e-05 -1.7753809889627277e-05 -6.238482134553387e-05 9.940429265728099e-05 1.0
0.06241367933221709 0.2774626039711377 0.7623867843771143 2.821528727220833e-06 -3.706007689649542e-05 -4.072388619418552e-05 5.230699007413579e-05 0.0 -0.019683272318661075 0.2629068521724454 0.7509478213599405 -1.9533235283396625e-05 3.774868672323686e-05 9.487328433721294e-05 6.924489499383988e-05 1.0
0.06241275295501235 0.27740548609281473 0.7623358370370786 -1.0283221706328527e-06 -5.711615239905755e-05 -5.033944107074753e-05 7.512128529285985e-05 0.0 -0.019716658290924123 0.2629299038397165 0.750955592827598 -2.735940701311312e-05 1.5452264433795282e-05 4.2212907515794306e-05 4.572896920684573e-05 1.0
0.062394906053791825 0.2773137093774449 0.7622490816055632 -1.635638516044308e-05 -9.055944438730992e-05 -8.360780153209433e-05 0.0001286577606703555 0.0 -0.019740759941111373 0.26293327716784753 0.750945456409777 -3.394945173529394e-05 5.031283125152188e-06 -2.1088014406539925e-05 2.1451764296756548e-05 1.0
0.06237730811649094 0.27720086571084485 0.7621168343261082 -2.0068208265662117e-05 -0.00011581206327695518 -0.00013032048453621268 0.00017577058186677487 0.0 -0.019750951277254257 0.26293664289335084 0.7509449616775148 -2.5603157491461894e-05 3.1129045021413104e-06 -4.201720251616523e-05 1.1528399603418621e-05 1.0
0.062403060621633796 0.2771124750679201 0.7620044766199047 1.695825626275609e-05 -9.853148462061491e-05 -0.00012477060425863964 0.00014462421373668275 0.0 -0.019770852482825244 0.26298692926619016 0.7509576790156819 -1.6969407849533422e-05 5.060396576114494e-05 -2.3507337105338737e-06 5.2984232044406753e-05 1.0
0.06243232590214906 0.27707378990456544 0.7619705223947735 3.5094825513838934e-05 -4.299557839360898e-05 -4.8553999214530454e-05 5.7659621199716346e-05 0.0 -0.019806924411064377 0.2630660997632619 0.7509843298493705 -3.5214012161149494e-05 8.324951865663948e-05 2.613546318603363e-05 9.605753894034616e-05 1.0
0.062464388761150735 0.27702114399878813 0.7619375703520935 4.0117687686061886e-05 -3.515582791057302e-05 -1.5507306540848558e-05 6.884200617660562e-05 0.0 -0.01984346313454216 0.2631476105848452 0.7509870122432443 -3.637484082026545e-05 9.139091452086907e-05 2.8174432024742103e-05 8.737811626032666e-05 1.0
0.06248088699129658 0.2769892578200152 0.7619176050748057 2.087600368175358e-05 -2.6003547710936685e-05 -3.7827311545492436e-06 4.569378925641216e-05 0.0 -0.019881923185617226 0.2632344157563063 0.7509713581404623 -4.154496173025005e-05 9.389865475178846e-05 -7.924754526859453e-06 9.45858120527135e-05 1.0
0.06249797554573611 0.2769663996991783 0.7619025945599655 1.1097765732940298e-05 -2.4241021440728415e-05 -1.2015274771171157e-05 3.091466959356402e-05 0.0 -0.01989766592319811 0.2632799693612717 0.7509657089490825 -1.825093624261979e-05 4.78837385747377e-05 -1.6494926774588362e-05 4.982840143113311e-05 1.0
0.06250851514847418 0.2769592823310899 0.7618997076236479 4.203367639951646e-06 -1.4529816983636378e-05 -1.3334658758751079e-05 1.076676538488542e-05 0.0 -0.019909617065885992 0.2633303285486673 0.7509435387713285 -6.638926540391455e-06 3.6205130810773885e-05 -2.447302996079326e-05 5.595518248068318e-05 1.0
0.06251032728266159 0.27694724671467474 0.7618934752919084 1.1978134568813754e-06 -1.3005935670994896e-05 -1.408041957728466e-05 1.404016664417282e-05 0.0 -0.019926479724994072 0.2633607225525662 0.7509310109736342 -1.02841636614658e-05 2.55836808747018e-05 -1.3554403412704935e-05 3.799013192486969e-05 1.0
0.06251046928198985 0.2769470513746582 0.7618910901045055 2.540521378355724e-06 -4.842575646945115e-08 -2.5901329912949385e-06 4.235118423391701e-06 0.0 -0.01994621746234613 0.26338614568427515 0.7509180886480301 -1.9872244963735872e-05 2.621702027949479e-05 -8.866160949550258e-06 3.410711841438216e-05 1.0
0.0625066126546378 0.2769464848739507 0.7618877041284501 -3.003800553377097e-06 1.5117838812034844e-06 7.965971898410597e-07 3.6736301227361246e-06 0.0 -0.01995708134218566 0.26340393220173053 0.7509110401879241 -1.6149894325832748e-05 2.1030978885747105e-05 -4.781407290325246e-06 2.1775796158726302e-05 1.0
0.06250241344600166 0.2769434242162922 0.7618894684633474 -4.021945291963569e-06 -4.773778423131187e-06 -2.5209156130147245e-07 6.058422988529296e-06 0.0 -0.019967716581028347 0.2634237918100267 0.7509057891234834 -1.2184676441334482e-05 2.130925921222869e-05 -5.639566102915292e-06 2.2583105743956096e-05 1.0
0.06249724420321009 0.2769393808203529 0.7618917509681957 -5.282920811576e-06 -3.909318145097343e-06 2.8864387633330247e-06 6.812440149690568e-06 0.0 -0.019973832947702438 0.263442538075588 0.7509051892170674 -5.9109551507032025e-06 2.0440398129531432e-05 -1.0637369030276605e-06 2.087716988971152e-05 1.0
0.06249378617949835 0.2769390187184638 0.761891563428774 -2.8255880375695426e-06 -1.4739093223053648e-06 1.0415792540718994e-06 3.6040840654525376e-06 0.0 -0.0199815064678771 0.2634601145710264 0.7509105958615584 -4.510722165831979e-06 1.7137354295013095e-05 5.466421707886327e-06 1.9196633876956658e-05 1.0
0.062492326151322046 0.27694326459575497 0.7618977091613354 -1.4777213050716403e-06 4.115726028592207e-06 5.595882619903809e-06 7.223204057345472e-06 0.0 -0.019998433473507157 0.26353844223871675 0.7509385275959468 -1.5518533098288654e-05 7.112381246240824e-05 2.4395886180915148e-05 8.449895504702038e-05 1.0
0.06248938099706201 0.2769410179428241 0.7619052401425278 -2.450739529623329e-06 -4.375367255558651e-07 7.2786699065494484e-06 8.882509464082862e-06 0.0 -0.020058598189341498 0.2638071676439118 0.7510222058879529 -5.6693349357614616e-05 0.0002493940632093555 7.969675564908086e-05 0.000287891854707874 1.0
0.062489043204744105 0.27694426504889985 0.7619134363226537 -6.327182200782924e-07 3.2676399497787085e-06 8.832487504091663e-06 8.659388886945942e-06 0.0 -0.02015316011258375 0.26433208291443255 0.7512147847816725 -9.765824534652865e-05 0.0005226135235863892 0.00018711901409685798 0.0005692971522287902 1.0
0.062491673767701025 0.276941875752832 0.7619181526927349 2.0528469017664626e-06 -1.8486806776456656e-06 5.525098834879751e-06 5.8200856820220135e-06 0.0 -0.020090985725692893 0.2648091712261389 0.7514975632058598 3.026035785603806e-05 0.0005428057562833237 0.0002916084643013642 0.000560221222526713 1.0
0.06249592826385986 0.2769358297241265 0.7619245365694701 4.4090344008075145e-06 -6.580069962620552e-06 5.7443303788555914e-06 9.649967439062344e-06 0.0 -0.019797266202437297 0.26508874169546415 0.751868713010935 0.00027992444557150707 0.00032653353107576637 0.00038209472587395874 0.0005402633108299254 1.0
0.06249912835392019 0.27693228291161015 0.7619283721773944 3.8061479418560335e-06 -5.035899505633333e-06 3.3698875644058003e-06 6.509407561373706e-06 0.0 -0.019247171410230052 0.2651348426548272 0.7524217826587258 0.0005706889728637942 2.248920202497501e-05 0.000543926442009536 0.0007813118648854893 1.0
0.06250126439553517 0.27692855890790413 0.7619322257581237 2.333037641010249e-06 -3.4842165165115696e-06 3.267773530009243e-06 5.476858537128203e-06 0.0 -0.01827154091677512 0.26481198495363745 0.753188054635106 0.0009868159808659762 -0.0003689344081482242 0.0007577891289143966 0.0012921928523326374 1.0
0.06250278974186843 0.2769205472502057 0.7619406985246556 9.828192868566218e-07 -6.723079453731781e-06 8.202897315311556e-06 1.1706440418389923e-05 0.0 -0.016904960920090674 0.2640769434750835 0.7541785839641997 0.0013912074854436785 -0.0007737979247613277 0.0009939464569409867 0.0018437038894200527 1.0
0.062495115008735155 0.2769077028235656 0.7619346243352904 -7.137874987577105e-06 -1.2458547271590247e-05 -3.1056648252900694e-06 1.6415732662045323e-05 0.0 -0.014852765162263451 0.2627157891126507 0.7558214529402213 0.0020240977883492816 -0.0013424452606899766 0.0015947827429254632 0.002945503007976343 1.0
0.062476519438062095 0.27691080096051135 0.7619275601369261 -1.8323654470695595e-05 1.9110522790222177e-07 -8.259187909240704e-06 2.007600069111862e-05 0.0 -0.012520124207745464 0.26029081593354464 0.7579975569434712 0.0023889538992780544 -0.0023552588365006524 0.0022023467969615154 0.004018596005417998 1.0
0.062452994018866254 0.27691165916968735 0.761907844030707 -2.5101723794022024e-05 2.270990431719307e-06 -1.9863079953425312e-05 3.039165795911807e-05 0.0 -0.010648370758997636 0.2578911212976913 0.7597569154662123 0.0020064449363330814 -0.0025762212518148898 0.0019423355799339968 0.0035275530497013174 1.0
0.062398689497831346 0.27688901709011593 0.7619078641780382 -5.1695085398481715e-05 -1.75810383723961e-05 -4.9579130701623455e-06 5.898644021502307e-05 0.0 -0.0067418809768612685 0.252271497655667 0.7609724046700193 0.0035271229382714555 -0.005230247819333422 0.0012627427063975735 0.006871055132033099 1.0
0.06222410255337628 0.2768123456842667 0.7618721059317722 -0.00016169938386565135 -7.161804319155112e-05 -2.871909230461316e-05 0.00019343549145755932 0.0 -0.0028774282603457398 0.24792184951873528 0.760891582568643 0.004018232325797877 -0.004899910546998914 -9.391194364869983e-05 0.005966741855992947 1.0
0.062019675426895494 0.2767227988770318 0.7618115490390217 -0.0002191876314542173 -9.919427440252742e-05 -5.83502473876585e-05 0.0002343430276084574 0.0 0.0013778962287709306 0.24523797948233592 0.7605333177634479 0.004379055439122299 -0.0029984309045987985 -0.0006632406169759381 0.004942245758873747 1.0
0.061897717428919405 0.2765514928297643 0.7616420708905419 -0.0001509290893034657 -0.000169613953384913 -0.00016020507459635775 0.00026674143575903386 0.0 0.003541720704351703 0.24458853625769308 0.7599076596078786 0.0025468928772135763 -0.00047604612356116097 -0.0007855305869716017 0.002317077989808341 1.0
0.06187358516874442 0.2763647753660529 0.7614922859460019 -2.7214824618696627e-05 -0.000195823366180007 -0.00017264134844627153 0.00024012487353172878 0.0 0.005041752622969721 0.24448000494491418 0.7596842124691607 0.00124808022732442 0.0005614831175308941 -0.00022370065276570853 0.001538101798625252 1.0
0.06185592087610715 0.27627526991940726 0.7614394243669339 1.8261727956877876e-05 -0.00010714417938735274 -7.546941972376191e-05 0.0001073459819811481 0.0 0.006275614323033322 0.24425714586127442 0.7597060648653207 0.0007674475341297507 0.00021819191180435593 0.00022083276819326574 0.0013437402206867093 1.0
0.061820726786757714 0.27625606666263713 0.7614064812241216 -6.332966477676481e-06 -1.1104631248246107e-05 -1.5253433635487579e-05 5.0033106536781553e-05 0.0 0.007069105229804141 0.2437356187435635 0.7591417520281867 0.0006528124838029456 -0.0006624685016944441 -0.00027888378669951646 0.0010495439366921848 1.0
0.061721087838955364 0.276225393710682 0.7613522429025106 -9.796627439771216e-05 1.6128717058597008e-07 -2.274860156253063e-05 0.00011821126374516085 0.0 0.007998482256605832 0.24294488804915118 0.7584768552607035 0.0011145205233528787 -0.0013856373450425712 -0.0006796623559913438 0.0013773999519324297 1.0
0.06160165188644542 0.2762094746407751 0.7613799287370469 -0.00015246845848618747 -5.9624817960789415e-06 2.1335863861870317e-05 0.00012875294581902145 0.0 0.008797136351593043 0.2425050532842081 0.7580505952322626 0.0010265387324504614 -0.0007248792858795651 -0.0006463930345193584 0.0009909621426656273 1.0
0.06146158312433092 0.27608204985898455 0.7614203973005325 -0.00016018624477724135 -0.00011848110504750174 3.6410173998928884e-05 0.00018783661298550777 0.0 0.010844512923528365 0.24217428869846885 0.7573738611411568 0.0020020802600069663 -0.00027074559375703244 -0.0006955397121382316 0.0021885059272323546 1.0
0.061327432122303786 0.27602694401974265 0.7614278219469798 -0.0001344566324097225 -0.0001001667453401699 5.3129768311619986e-06 0.0001453856594666288 0.0 0.012354488460905913 0.24298262347180705 0.7554125275419612 0.001669765593419417 0.0008811365980878659 -0.00177814951918822 0.0026390265259885965 1.0
0.06121417914581905 0.2760023982201424 0.7614336250012428 -0.00010356846474806356 -3.9576388350704746e-05 3.4474981461368986e-06 0.00011618672520914572 0.0 0.01280299706576155 0.2434982934573916 0.7540611171049469 0.0006574134197450203 0.0008223881255536697 -0.0015612900943870337 0.001512272783054951 1.0
0.061156009901154905 0.27598596407850257 0.7614279154289898 -5.399353182501153e-05 1.3712008039792499e-06 -7.175917686373965e-06 6.18624176121856e-05 0.0 0.012613151802486068 0.24354519744892372 0.753695092332014 -0.0003296602607168802 0.00019738633153462427 -0.0005641144943922688 0.00035818921797131013 1.0
0.061070870671821154 0.27593811961416675 0.7613988549574505 -6.791566420598739e-05 -2.4668911833566743e-05 -3.456916871815048e-05 0.00010109083747619562 0.0 0.0121944565677084 0.24378020584334004 0.7533897263346817 -0.0007394137733872709 4.642929694146446e-05 -0.00014002036506159944 0.0005765904701258379 1.0
0.061010474880458285 0.2759061235708331 0.7613748548141595 -6.405099029143293e-05 -3.50934508142246e-05 -2.990467277200242e-05 7.592857061542712e-05 0.0 0.012041049415926588 0.24401926995126724 0.7531740664729931 -0.00035439852945887726 7.222211713616366e-05 2.970279299501985e-05 0.00044049678804743684 1.0
0.06090177899299156 0.27582882106426543 0.7613045297258977 -0.00010526476254758652 -7.964476360340006e-05 -5.707398744647473e-05 0.00014593236495123962 0.0 0.011933684916730445 0.24438427876092625 0.7529683561193017 1.9395754054182444e-05 0.00031733302364571423 -0.00010634150072783623 0.00038424048935881226 1.0
0.06077907106403333 0.2757708752588332 0.7612451131268638 -0.00013298363352902114 -7.72994160716172e-05 -6.446521672896487e-05 0.00015107718260948266 0.0 0.011653242069632468 0.24448646110597105 0.753121142520512 3.095105776916682e-05 0.00022307864628297303 -3.5392247232796006e-05 0.00030690453063131134 1.0
0.060680842356667215 0.275709528127749 0.7611964583985604 -0.0001118749322722437 -5.669768303333587e-05 -5.33997866422592e-05 0.0001244277923358082 0.0 0.011629476128995675 0.2444106732860726 0.7536609092288572 -2.7397935411906972e-05 3.649160280052111e-05 0.00034485867489829044 0.0005597719547777383 1.0
0.06061141608582893 0.2756506571842935 0.7611510032341431 -7.061241366387649e-05 -5.3862246864897204e-05 -4.139909586052147e-05 0.00010105288147613603 0.0 0.011823428854954002 0.24439361806725537 0.7541800557956094 0.00010656502414355964 -0.00011581365182219592 0.000639744138580511 0.0005752280522826679 1.0
0.06057424828539583 0.2756111859614604 0.7611347462563814 -2.8380606337818614e-05 -3.870790021926379e-05 -1.545590913368959e-05 5.725746977442906e-05 0.0 0.012269651431807166 0.2447502578316036 0.754247790395918 0.0004013215927288108 0.00024366415397514767 0.00023556277519476616 0.0005589604383898893 1.0
0.06049261039001902 0.27550991742928177 0.7610526033665634 -6.37883493069244e-05 -8.950792763207273e-05 -6.679133802977753e-05 0.0001540232429155943 0.0 0.013004086860391123 0.24558154185922038 0.7538604161934074 0.0007484304322382231 0.0008498306161435568 -0.00041946306172668357 0.0011712821845229636 1.0
0.06042698109214072 0.27538763113762965 0.7610416283618889 -6.89858686695516e-05 -0.00012557386761011312 -2.7961478592151802e-05 0.00014177446985360167 0.0 0.01341239009928056 0.2458924008979235 0.7536953125643449 0.0005364512761828076 0.0005359592840303753 -0.0003771395379704853 0.0005647615997116551 1.0
0.060350719994013056 0.27528744523634663 0.7610445279336279 -8.60014933313947e-05 -0.00011708890644975562 -1.6394246047726633e-06 0.0001230048334712719 0.0 0.013549453028324412 0.24589608755750733 0.7532696773742033 0.00012611226905778918 5.3462135074715516e-05 -0.00044874799255826707 0.0004136030972943354 1.0
0.06017447220336404 0.27516670277209365 0.7610843166563017 -0.00016846031602921717 -0.00011784348150141039 4.287789820324853e-05 0.00021451728058568216 0.0 0.013837496131216978 0.2459591007154937 0.7523936192135889 0.00013124719332450636 -0.00010799439249691202 -0.0007579115690749695 0.0009246537942215077 1.0
0.06002665252902463 0.2750131660032209 0.7611354303270168 -0.00016471797930064504 -0.00014553852747030727 6.0474446647469285e-05 0.0002248993289429769 0.0 0.0139365903657239 0.2460557434586966 0.752061184491547 8.110229741739133e-05 -2.725512284172332e-05 -0.000394605017442699 0.00040658657660769195 1.0
0.05940712023455684 0.2742527572878361 0.7613502812237679 -0.0005566268190923137 -0.0006742099533342731 0.00019722017879206087 0.000995566789983533 0.0 0.014140641521795127 0.24623601006289786 0.75172466410554 0.00019708262964526253 0.00018492779485876384 -0.000289394458436501 0.000390787856477603 1.0
0.05841591007656492 0.2730484965428682 0.7616537610564058 -0.000999669359852588 -0.0012293916421072765 0.0003104728276198966 0.001605213832562107 0.0 0.014198415124520814 0.24627206491747303 0.7516617960384626 0.00013963142927623062 0.00016921496066129194 -6.009308294872086e-05 8.925968529527773e-05 1.0
0.057190863673951625 0.2714802224882156 0.7619335418301987 -0.001294966270626904 -0.001657422168685563 0.00030552012554039073 0.0020039527390894154 0.0 0.01422597658922286 0.24627663309566777 0.7516261121847133 5.847591540959036e-05 6.0112451576417125e-05 2.8882652327716996e-05 6.682980778877274e-05 1.0
0.05448160203647504 0.2677148357655091 0.761919339192992 -0.0025697475903074716 -0.0035568200584257395 3.527111925406756e-05 0.004602208685262063 0.0 0.014250152118969463 0.24625290100884445 0.7516064255796038 -1.4217038438092407e-05 -8.380843076709907e-05 2.4940331204721867e-05 3.5932174310427225e-05 1.0
0.05248789440174122 0.2652670979732658 0.7615992874865588 -0.0022925730856105586 -0.002928975838099 -0.0003365526778847191 0.0032693334175793293 0.0 0.014261057755980182 0.2462344894720741 0.7515895698031272 -4.426737420929741e-06 -5.9960483191873166e-05 -7.46193874716799e-05 1.833355761469708e-05 1.0
0.04802473677481115 0.25976428186896366 0.760978423920706 -0.004123342955215923 -0.005056369199985486 -0.00067765869936889 0.0069648164826984615 0.0 0.014273949049819054 0.24620640479723507 0.7515767054202334 2.6663888364082775e-05 -2.0031590447745728e-05 -7.293473695628037e-05 4.1685868951525824e-05 1.0
0.04611084733660878 0.2572779027079848 0.7606845282151756 -0.002475051762368207 -0.003108008722011283 -0.0004265011236135253 0.003329479028388898 0.0 0.014287648711705226 0.2462078503869038 0.7515638534437441 1.3882000796880682e-05 1.4052337488330407e-05 -8.156461080276872e-07 9.864722911012789e-06 1.0
0.04310050520919223 0.25375710449853045 0.7603050178927608 -0.002667525509004246 -0.003123859559513712 -0.0003180650068306867 0.0044607399214442395 0.0 0.014302325977584143 0.2462031863224196 0.751564499583571 2.6847136988099123e-05 1.2008081512038612e-05 -7.755762599040688e-06 2.197985754034894e-05 1.0
0.040946645649873395 0.2518264208869524 0.759847206769817 -0.0020750699941531497 -0.0018839563892358994 -0.0003581766297420197 0.0030531193711626596 0.0 0.01431357863737602 0.24620094555272895 0.7515645223457842 3.449660514215358e-06 -7.657701483318073e-06 1.938416742127677e-05 1.0048445763540415e-05 1.0
0.039697046198666326 0.2508125574281495 0.7593475593658712 -0.0012313559401279954 -0.0008896313619914538 -0.0004587367000982621 0.0016672021400692117 0.0 0.014322007086476903 0.2462005277075335 0.7515650666677934 7.385871366820629e-06 -2.618288055666452e-06 3.1588726837223366e-06 8.461712679622957e-06 1.0
0.03851948008028024 0.24966896579369624 0.7585297825255 -0.0010754899440863286 -0.0009680018719860474 -0.000808271226697633 0.0018201304553200595 0.0 0.014332974599622753 0.24620121630388883 0.7515551042910673 9.434594002625006e-06 -2.7763152041347893e-06 -7.739843392436007e-06 1.4758759563513218e-05 1.0
0.03737975324479534 0.24840700078964068 0.7571974325729718 -0.0010818194969799224 -0.001208597990719203 -0.001350169495234135 0.002124850010109677 0.0 0.014343245443249875 0.24620012884314138 0.7515564302081351 9.26540006409271e-06 -2.1141115521163266e-06 -2.761370563469215e-06 1.0369115057339295e-05 1.0
0.036975566689273945 0.24798670246557303 0.7563073762085106 -0.0006726623232898117 -0.0008687886662333945 -0.0010736028206205376 0.0011794285852630795 0.0 0.014351661788512202 0.24620061695032652 0.7515583135813115 9.242533353063726e-06 -4.988670435450415e-07 1.2389897736114396e-06 8.57932787961631e-06 1.0
0.03667243238638694 0.24746782859406483 0.7553394253507854 -0.0001775630937774714 -0.0004044296730774423 -0.0009218561186780791 0.0009871088536816336 0.0 0.01438037123596587 0.2461908989509246 0.7515294523793101 2.6108375547910317e-05 -6.503491420598738e-06 -2.319258531037999e-05 4.140708669948605e-05 1.0
0.036459008285701006 0.24698495631800368 0.754686338739689 -0.00029759602286131594 -0.000560639504060123 -0.0006275553925358518 0.0009128583485389645 0.0 0.014400464461883922 0.24617785355544763 0.751508266697171 2.4086263348863844e-05 -1.4549943964393455e-05 -2.468280754296609e-05 3.344097769062418e-05 1.0
0.03631493523320076 0.24665283276183878 0.7542685901121728 -8.75082089153963e-05 -0.00023457275184109823 -0.0003453578459196932 0.0005792483374484122 0.0 0.014401358334678203 0.2461661135496022 0.7515104753406403 4.469140328380749e-06 -1.3418446248570576e-05 -3.861232704398974e-06 1.0850040016881969e-05 1.0
0.03615769136881351 0.2462333310707176 0.7538297234764361 -0.00014179740150230052 -0.0003810812409706162 -0.000357608595019823 0.0005909551297681188 0.0 0.014406475432067321 0.24616020233268035 0.7515081185427119 7.670087586323485e-07 -6.818266523277547e-06 1.5935944415122296e-06 7.223315828740029e-06 1.0
0.036085348500214054 0.24587220568495918 0.7535403613452253 -0.00014914823704141795 -0.0004389953006936493 -0.00033538823395358144 0.00047019885247500683 0.0 0.014409103498620816 0.2461566336614726 0.7515063229699328 -2.395897905883362e-07 -2.036670436427131e-06 2.202482395881887e-06 6.305113660763218e-06 1.0
0.03598938467492227 0.245393412877564 0.7532398563996331 -0.00010430998489882408 -0.00047567200073603635 -0.0003427411757678749 0.0005873016909910573 0.0 0.014422307688376119 0.24615191690321594 0.7514933855435798 1.0776436466880243e-05 -2.4277897508823874e-06 -8.946114195017658e-06 1.9268977337720078e-05 1.0
0.03540423442356228 0.24378587945458266 0.7522644194191865 -0.0004724946253565031 -0.0014139472628913296 -0.0008814043271254933 0.001944902735245189 0.0 0.01443635081798036 0.24614659197975045 0.7514950675512948 1.7310985948707817e-05 -4.719016567369906e-06 -4.3675394213032885e-06 1.4495713351163082e-05 1.0
0.03578491938298661 0.24203896329419003 0.7516067934569723 0.0001731928285486545 -0.0019141826760095996 -0.0008275271944718152 0.0019557114048821727 0.0 0.014457286662576995 0.24612744019593819 0.751524714568624 2.424507409207689e-05 -1.8758230980812726e-05 2.244613041469395e-05 4.043621394760349e-05 1.0
0.03538536665640697 0.24099666483055057 0.7513832834115699 -0.00021280694724295178 -0.001294809721727964 -0.00031355266885991985 0.00110085924865726 0.0 0.014484967957015942 0.24614199253011043 0.7515081615115554 2.7230860588744698e-05 6.765759899114757e-06 -3.6225859105428784e-06 3.647241171251607e-05 1.0
0.03520151113209905 0.24141245633695188 0.7518679516086384 -0.0002081581314707506 0.00030927670383294086 0.0004887094934476785 0.0006270004622430516 0.0 0.014490293043648989 0.24613861191185166 0.7515088077980316 8.14057409998441e-06 2.170447116647532e-06 -2.267454527286425e-06 5.929342826107465e-06 1.0
0.03540337671270892 0.2422893274733672 0.7524435539659065 0.00012807752906194265 0.0012098126132472583 0.0007748766121629255 0.001110281520123518 0.0 0.01447247419689784 0.24611151373976853 0.7515104192585742 -1.7603800369868584e-05 -2.1646666200383815e-05 -2.3374289468862044e-06 3.123471320501456e-05 1.0
0.035761485129051945 0.24367514436617824 0.7518767279619322 0.0003796149927127946 0.0016763862423797063 -0.00026342218876721597 0.0015797651993067281 0.0 0.014465373739425283 0.24610581341743798 0.7514910903595877 -1.5584611448041953e-05 -1.2764463160865274e-05 -1.7865464346563607e-05 2.3512293950691e-05 1.0
0.03716877150653819 0.2468464180746897 0.7514906378721982 0.0013141654028344392 0.0029983419384100028 -0.00062450928181051 0.0034343749989694953 0.0 0.014480623784431282 0.24609331725030803 0.7515150368197523 1.0299273830660098e-05 -1.3266093241443473e-05 1.5704694520550077e-05 3.0405897548373658e-05 1.0
0.03819695736862889 0.24812088516481592 0.7512027489144408 0.0012560801738146293 0.0015818697828647158 -0.0005694711403732335 0.001717280417489294 0.0 0.01448719522889948 0.246076140388774 0.751530147739591 1.3667452540870769e-05 -1.6219373600686302e-05 2.3329565140426697e-05 2.2915630664223952e-05 1.0
0.03845630265589967 0.24764159206685224 0.7509680538380342 0.00046313130507329603 -0.0004745455373056501 -0.0002609831363416975 0.0004996509730500658 0.0 0.014498477018068015 0.24607354612092983 0.7515370581916111 1.6653159089989762e-05 -3.6738007231848366e-06 1.2858813413084967e-05 1.3817858083294754e-05 1.0
0.03806093064598851 0.2465012001782634 0.7507478964589128 -0.0005640787628589959 -0.0015779164699583814 -8.365554937156752e-05 0.001238087395411259 0.0 0.014531764591158212 0.24604402267273973 0.7515297538009817 3.162216802050336e-05 -2.144531062827999e-05 -9.149324280307197e-06 4.5118560219051566e-05 1.0
0.037514206278957726 0.24552670396167647 0.750668007851166 -0.0008093286490470956 -0.0014141640723692795 4.536025183981256e-05 0.0012337191064204554 1.0 0.014541170534612855 0.24603529936200144 0.7515396111246602 1.2112795769124436e-05 -1.606119440153304e-05 3.6021501726081765e-06 1.7246251720927547e-05 1.0
0.03699065485884726 0.2450920411802107 0.7504313263747836 -0.0006628125709769387 -0.0005300926228123083 -0.0002002991592687757 0.0006824783395036332 1.0 0.014546722149450119 0.24601550326273555 0.7515681761192194 2.3992325379787496e-06 -1.9402776782363457e-05 2.377223400119816e-05 3.357387913125865e-05 1.0
0.036758167791432005 0.24490923816370477 0.7500254029219364 -0.00018390844383301227 0.00022784995504585828 -0.00048352725887526767 0.00040745744459312215 1.0 0.014705780446683818 0.24595716042190546 0.7517041524198879 0.00013480333577095858 -5.1254955058071915e-05 0.00012514353173855293 0.00021608235302137505 1.0
0.036777319574522446 0.24474737632936205 0.749896967871205 0.00023496389910166425 0.00030116439310505895 -0.00020498427965845412 0.0002732976212336941 1.0 0.01424838205955053 0.24580889809092782 0.7515743544085334 -0.0003497426078245097 -0.00014165047159836417 -6.956981384928562e-05 0.0005019814839884424 1.0
0.03649875954126807 0.24476241710910718 0.7499275898952315 -0.00011135351381987642 -4.787034086520736e-05 1.9188596652537388e-05 0.00029468173463354516 1.0 0.014035978707584357 0.2457316248657007 0.7515205085292123 -0.00031610862289304265 -0.00010462137987172521 -8.99610783399559e-05 0.00023803787174843946 1.0
0.0363870376584078 0.24477788806132014 0.74994065375123 -0.0001830106239010742 -0.00013851769547867476 7.679123551277556e-05 9.787876754293137e-05 1.0 0.01393593920691236 0.24573041495356698 0.7514898543188765 -0.000153373373247004 -1.2408008989407177e-05 -5.910530286487332e-05 8.596555434952201e-05 0.0
0.0364353127218245 0.24492728695952537 0.7500294057961678 -6.0175132120581307e-05 3.1570984393162875e-05 0.00012409592993865325 0.00017335035340742297 1.0 0.013902799252028303 0.24582173619622724 0.751462065861574 -8.82185758942829e-06 9.999387757088112e-05 -2.8351568393707362e-05 0.00010693729833224154 0.0
0.03644658465131442 0.24511858170892742 0.7503373638531832 -9.190740250665627e-07 0.00018583857911452025 0.00028719552062270414 0.00036613830945937415 1.0 0.013894336977987939 0.24575090506825423 0.7516251488357607 5.156505185512135e-05 -1.2334168890200874e-05 0.0001547285490547423 0.00019177554668813613 0.0
0.036435646665003235 0.24539146528463837 0.7504782729060518 9.250511364199718e-06 0.000301144321316676 0.00015564249830869807 0.0003144411484690549 1.0 0.013911595662368258 0.24546262751935563 0.7522769991850794 5.716632603141187e-05 -0.00026791491007976546 0.0006275653779587056 0.0007048187215632648 0.0
0.03615817771082274 0.24565584787737937 0.750701655092849 -0.00021746762353655008 0.000283676427466462 0.00018703359905919035 0.00043566695183189143 1.0 0.014429018015335346 0.24512461087137072 0.7533009332144193 0.00043791435004577104 -0.00039657331893184404 0.0010648369399968347 0.0011965941793930033 0.0
0.035196956557837764 0.246372047353236 0.7518155666113766 -0.0009138247272948323 0.0006484729949013023 0.0009921217885564978 0.0016256479866176689 1.0 0.01620728070162744 0.24432228399814285 0.7561427239721021 0.0016114507246278288 -0.0007924595705277073 0.0026746543608214286 0.003430917999135406 0.0
0.034488921901721974 0.24705601725010695 0.7533119972821855 -0.000906754641265513 0.0007479104284388671 0.0015628824890069465 0.0018340967133835045 1.0 0.017132445598235693 0.24382783176806355 0.7581399111798435 0.0012925942309552835 -0.0005990987550975112 0.0024063214163351178 0.00232219212160058 0.0
0.033499252621079584 0.24809330919475422 0.7558456405530962 -0.0009813535547038073 0.001024986904106368 0.0025422557484336265 0.002865862551531961 1.0 0.017093459624233597 0.24355087720955668 0.7593207433134812 0.0001322351047126911 -0.0002815014669913216 0.0013370091917050048 0.0011228807854228504 0.0
0.03592036378691656 0.24898345713321246 0.7574149022764376 0.0019675765868394633 0.0009594164130883914 0.0019095076025053678 0.003035638364793663 1.0 0.016529595275223914 0.24351623454270047 0.7597577869575717 -0.000772716176464625 3.163649244667091e-05 0.00024442096288116355 0.0007093506569582333 0.0
0.03749413243685406 0.25068505038790795 0.7607231876009529 0.0022257872606179225 0.0015706988414642313 0.0029804403549857847 0.0040292116639775236 1.0 0.01592685655081996 0.2434928659900914 0.7596444358975584 -0.000946939528965889 7.312967656239528e-05 -0.00043017838239146954 0.0006901539097143863 0.0
0.03773532561016172 0.25749174439499467 0.762813871155901 0.0007635040791930925 0.006149385247991144 0.0022635211721247295 0.00712429254723746 1.0 0.01551156528902914 0.2436386977089767 0.7594825672683307 -0.0005512190000191786 0.00015221869757018453 -0.00038067400723500286 0.0004811525476418952 0.0
0.04110610906234177 0.259623556757066 0.7625805398984525 0.0026277090865720882 0.003578842072935161 1.691597581999219e-06 0.004096322976006421 1.0 0.015448132822782097 0.24370594470825416 0.7594092582180116 9.643917136576174e-05 5.7065837111265285e-05 -4.65210670166753e-07 4.614565413575602e-05 0.0
0.047085406503949497 0.26254765928183726 0.7637436363067742 0.005556089341068254 0.0027832959500964237 0.0005418670221388222 0.006541661991026925 1.0 0.015379515969076834 0.24372635773410345 0.7593453558044866 0.00023772877707155466 -4.130858503393779e-05 0.00022030792061868382 0.00010964194896564473 0.0
0.0517813372162067 0.2648753506550234 0.7643010630439142 0.005413349016668876 0.001891182259738612 0.0005050007568570816 0.005435964496616835 1.0 0.015310961526414242 0.24370404166345674 0.7593036876025006 -2.59777612085137e-05 -3.5903284131121624e-05 3.3431877487150215e-05 0.0001015354986789313 0.0
0.055175655825887786 0.26582701466524666 0.7645761872077053 0.0038568907532456234 0.0006465487843107037 0.0004343369504921186 0.003543374324249767 1.0 0.015281153173652567 0.24370449836542935 0.7593071493978008 -0.00011228430890054125 -1.7958767836184926e-05 5.601715216893132e-06 3.3725179862905894e-05 0.0
0.05808721380262396 0.2661612888262226 0.7646124361226748 0.0027265615231405133 9.698846060236777e-05 0.0001929038261407716 0.0028279581814755917 1.0 0.015268017639810085 0.2436949973067559 0.7593207230145874 -9.57542797699011e-05 -1.2702761674739734e-06 -2.9451007559898454e-05 9.21517670837875e-06 0.0
0.05969902926611832 0.2655383486231265 0.7628284858424299 0.0010014784992911033 -0.0003829042974991706 -0.0013749608290657502 0.002515564858672862 1.0 0.015255688045467373 0.24369689485787327 0.759318107528108 -4.15472546705923e-05 1.2127559712072352e-05 -4.075860149823198e-05 1.2845197531294642e-05 0.0
0.060525002145763646 0.2651816795858473 0.76050268309977 0.0004484812577987176 -0.00021414176250840293 -0.0026700388716591034 0.002595951897396723 1.0 0.015237520428145352 0.24367622204210482 0.7593452763252087 -5.041753360147711e-06 3.823414485146672e-06 1.4691668247963799e-05 4.489612206057822e-05 0.0
0.061794408129031746 0.26400350011317003 0.7601602402434695 0.0013679580809096085 -0.0012996152807452461 -0.0010178786580902432 0.0016590446280916804 0.0 0.0152139299545261 0.24368812913080762 0.7593596505051732 -2.1482676776321693e-06 2.220496476076846e-06 1.847587599454077e-05 2.8013453125508867e-05 0.0
0.0638659876009799 0.2640748252154871 0.7590555600251806 0.0022852142484940225 5.3994203778518716e-05 -0.0006298580399152091 0.0023447081406045697 0.0 0.01519327804538101 0.24370861586401082 0.7593490942161161 -2.7947257318648806e-05 1.7100020190090304e-05 -9.811347578088481e-06 2.937853529780176e-05 0.0
0.06736598061368378 0.265591132180262 0.7558350197591127 0.0035496335160090957 0.0015039613079312038 -0.0026414966185044292 0.005018374325739594 0.0 0.015188081620803246 0.2437151329127299 0.7593455461007038 -9.599749782248618e-06 1.0272658507395559e-05 -7.946816255293616e-06 9.999463013911659e-06 0.0
0.07052883169792733 0.2666119991342318 0.753384378627335 0.0036122005814346195 0.001418479562236639 -0.002753936634189692 0.004211081950234529 0.0 0.015186853743704916 0.2437191576290312 0.7593441082320116 3.7814002210983106e-06 6.168007088301906e-06 -1.914162779299848e-06 4.189094143334699e-06 0.0
0.0718375781649408 0.2670254982462449 0.7525047618192142 0.0017065297350590345 0.0006209679082877406 -0.0013789255716209568 0.001526708883104435 0.0 0.015186273617775827 0.24371987738231898 0.7593454059462836 3.957335379739906e-06 -2.5878038642512262e-06 1.3927469184559305e-06 2.2782169543263312e-06 0.0
0.07150466941897196 0.2670107050847294 0.7527348519184154 -0.0006010179292068141 -0.00020945030351891657 0.00015440917815820194 0.0003336258026627229 0.0 0.015193685335255204 0.243719649047685 0.7593386138974492 7.1959953004818666e-06 -3.5715623675273053e-06 -3.021386464687821e-06 9.615959041782101e-06 0.0
0.07045163494337044 0.26681342892907556 0.7535573285665164 -0.0016709161183201412 -0.0005234853814709781 0.0012893587336205194 0.0014700441277739383 0.0 0.015215536263964971 0.24373720862901258 0.7593105492784473 1.898749556423857e-05 1.3074473010931905e-05 -2.20043002643636e-05 3.966612201274519e-05 0.0
0.06987475578124913 0.2667215983373398 0.7539685063453708 -0.0010209941462965397 -0.00034149181782451923 0.000957920036731396 0.0008046002795922351 0.0 0.015225433514834916 0.2437507073821479 0.759294607240356 1.2419349060944423e-05 2.0187068307123472e-05 -2.3126956339622523e-05 2.3623042936530288e-05 0.0
0.06939815992370814 0.2666597136791866 0.7543161607546308 -0.00026923505794279145 0.0001006811977295771 0.00012494399495704408 0.0004414717329808487 0.0 0.015229356419004724 0.24375424861772513 0.7592885466080067 4.4595473791297505e-06 7.805998178527736e-06 -1.059627188066354e-05 7.001385815093184e-06 0.0
0.06914786851347503 0.26655799772320454 0.7545317153969568 0.00021180397309252625 0.00012225861062553677 -0.00022568795783313444 0.00033695885347206087 0.0 0.01522941000428529 0.24375327332192626 0.7592884735821792 -1.4257180541611245e-06 -2.812889186838407e-06 2.9079716480900095e-06 8.241959883621099e-07 0.0
0.06899698666362711 0.2665583894063966 0.7545769824237444 8.881580341899443e-05 1.0578261578638544e-05 -7.319986254875413e-05 0.00021930731609116905 0.0 0.015225179883943191 0.24375840050467656 0.759293177480045 -6.660808793579747e-06 7.447972359647657e-07 8.863731926830941e-06 9.292197971952354e-06 0.0
0.06889384318497226 0.2665690956528893 0.7546118745617932 -0.00016074240134041117 -1.2756564213408901e-05 7.96769750487634e-05 0.00011484732235846323 0.0 0.01521458383940649 0.24377084859693393 0.7592887062666364 -1.1031480419555771e-05 1.0256305863223007e-05 -6.654708331032713e-07 1.718181053663557e-05 0.0
0.06881470073538616 0.26654287701481383 0.754684722291737 -0.00022494215473179324 -4.7909976033173884e-05 0.00016101827374769744 8.055145755641278e-05 0.0 0.015210269912746845 0.2437739008043913 0.759284295641094 -4.572726083753333e-06 7.183575570778217e-06 -7.495154381757314e-06 6.0619526296500924e-06 0.0
0.06878897409714925 0.2665252317144426 0.7547188275809955 -0.00010951726132288613 -3.5898417511386304e-05 0.0001075182865469837 6.357773093761967e-05 0.0 0.015210509709122685 0.24377040775667924 0.7592685841753305 1.749165913250679e-06 -3.942115546027916e-07 -1.8286142778917494e-05 1.558134982660914e-05 0.0
0.06879165039890552 0.26651333383172426 0.7547417198842395 1.2166911537605032e-05 -1.4482224055320996e-05 2.2649600864937795e-05 1.5943813504747757e-05 0.0 0.015207029097829802 0.24377225337649475 0.7592567216716405 -1.592741931144401e-06 -1.304555333009507e-06 -1.4218809639845932e-05 1.3337816801964848e-05 0.0
0.06879456321743711 0.26650023893357067 0.7547597538366735 4.798343398162855e-06 -1.8774139301893676e-05 2.5705917455988566e-05 2.5255985218807214e-05 0.0 0.015206368090041524 0.2437711757153343 0.7592489850507428 -4.49087784813871e-07 -2.5814224434848643e-06 -8.107540602903384e-06 7.918157589970791e-06 0.0
0.06879605433021634 0.2664884566251421 0.7547787371302211 1.3643813422853791e-05 -1.286916997380737e-05 6.675206673797474e-06 2.5443198979215585e-05 0.0 0.015202529134902944 0.2437708316911988 0.7592427351931881 -3.6644748335303154e-06 -4.06410622630705e-07 -4.206400485970356e-06 6.8447894268402944e-06 0.0
0.06879369427288011 0.26647953237535493 0.7547947255560385 -2.4789695571471727e-06 4.050641789102538e-07 4.093091809089048e-06 1.703997783206434e-05 0.0 0.015204650934802553 0.2437697143625888 0.7592352403900328 -5.243418888099722e-08 5.481714843561895e-07 -5.156112579161484e-06 8.017438808891289e-06 0.0
0.06879492748065463 0.26647343867273077 0.7548023083661439 -4.296931164808333e-06 -6.130305989248859e-06 1.1887472654279895e-05 8.363134040356344e-06 0.0 0.015206768662105082 0.24377646178954152 0.7592276591352605 1.986705011114384e-06 6.337046588115138e-06 -7.536782238082264e-06 1.0705645654265678e-05 0.0
0.06879404268932383 0.2664681429006989 0.7548101862986687 -1.99004447367664e-06 -7.773022677838616e-06 1.0820607966868189e-05 1.0466072244453642e-05 0.0 0.015213418760246594 0.2437821498257638 0.7592123454352872 7.211180888323913e-06 6.038480434553589e-06 -1.4989902857538408e-05 1.7235401258351392e-05 0.0
0.06878650782408519 0.2664566596249262 0.7548081327098156 -2.8606968668416126e-06 -9.614705830399312e-06 -3.896996801541595e-06 1.4086216118861224e-05 0.0 0.01521526660425402 0.24378489969480294 0.7591963328592499 3.5595353406218914e-06 3.651195089002354e-06 -1.8365869432810168e-05 1.6603989516314163e-05 0.0
0.06878153949981536 0.26644762096469343 0.7548076770384816 -4.0431591339680794e-06 -1.0123320829904101e-05 -2.6081308013393298e-06 1.0447025630069041e-05 0.0 0.015211339177061415 0.2437824438849847 0.7591854426199862 -3.78497302478291e-06 -1.852946834498567e-06 -1.244221734547915e-05 1.166538233849407e-05 0.0
0.0687798285950427 0.2664421097236292 0.7548056683785699 -2.560144349116358e-06 -7.029407182443917e-06 -2.0835994772154305e-06 5.643683553550144e-06 0.0 0.015205931403709573 0.2437782256556783 0.7591694875453171 -6.9072781020193355e-06 -5.92008083182904e-06 -1.4201429326696464e-05 1.7162895922489818e-05 0.0
0.0687630597879295 0.26644237864460274 0.7547962499687699 -1.4063404758108795e-05 -1.9253208820780492e-08 -7.56180006525023e-06 1.9026801483705976e-05 0.0 0.015198441215838266 0.2437758056953085 0.7591565137428106 -8.801656235192463e-06 -4.113468491801793e-06 -1.2662237903563869e-05 1.5706036927940498e-05 0.0
0.0687488309139975 0.2664460285187168 0.7548010778934964 -1.583412102431002e-05 5.080176904439079e-06 2.3263902566370523e-06 1.634833018729462e-05 0.0 0.015195929213653769 0.24377246287540166 0.7591469176279557 -3.2438632883191334e-06 -2.9423461784427532e-06 -9.586762510557763e-06 1.0314013791396742e-05 0.0
0.06873517450701495 0.266443575981338 0.7548092888674991 -1.4556686270527962e-05 1.21512547239742e-07 9.009327509472746e-06 1.554729205338564e-05 0.0 0.015194937990968183 0.2437711495662214 0.7591394108084762 1.6081328800518377e-07 -2.0569970972877455e-07 -7.293396294474462e-06 7.3069546507650055e-06 0.0
0.0687131653775857 0.2664234672481344 0.7548096918351808 -2.1051146745437672e-05 -1.8489045083936298e-05 3.829470818241949e-06 2.9445368473347293e-05 0.0 0.015180970833268042 0.24378478860571873 0.7591323450220115 -1.0285120955993333e-05 1.2287941228859666e-05 -6.968188765585072e-06 2.0881386460427847e-05 0.0
0.06869622468655251 0.2664169966537204 0.7548247478008298 -1.819260377196925e-05 -1.2944079213016194e-05 1.2386153631896263e-05 2.4470717134641507e-05 0.0 0.01515254197130739 0.24381554597200675 0.75911815923807 -2.7991746184892884e-05 3.053864203221382e-05 -1.277504079655883e-05 4.465394581043993e-05 0.0
0.06868848900200532 0.26640513208847794 0.7548265660628874 -8.046538414879637e-06 -1.2008908295368805e-05 4.323139789369437e-06 1.383801318388829e-05 0.0 0.01514106323024358 0.24382792194319333 0.7591206424073828 -1.815030939840378e-05 1.877868102003223e-05 -9.922080566262758e-07 1.7438591972522045e-05 0.0
0.06867972902172266 0.2663842736340433 0.7548416731783995 -6.599578974596467e-06 -1.8257834031781604e-05 1.1494373618967101e-05 2.6485019646363707e-05 0.0 0.015113485661658951 0.24385803380862286 0.759109162302465 -2.5331365236604136e-05 2.6835934162937865e-05 -8.896536757995607e-06 4.04050045911815e-05 0.0
0.06866888596372264 0.26636461722136145 0.7548574471745032 -9.960632995079878e-06 -1.921765547163446e-05 1.56887961708158e-05 2.8706689236045152e-05 0.0 0.015079788461778426 0.24388849130870857 0.7591012363482185 -3.2209987598394126e-05 2.9281347565033462e-05 -8.43603755556977e-06 4.781319768401587e-05 0.0
0.06865035781807403 0.2663547273323846 0.7548631397211588 -1.7387719264907157e-05 -1.152522050055208e-05 9.17415503543185e-06 2.1479270235676622e-05 0.0 0.015056912421976078 0.24390806431771755 0.7590942090272206 -2.439211794075742e-05 2.030964420570738e-05 -7.519410376708664e-06 3.142064243520286e-05 0.0
0.06862514548662636 0.2663552113133215 0.7548635947496054 -2.677910489562411e-05 -4.588124182735439e-07 4.027321046804529e-08 2.4288467231873676e-05 0.0 0.015031668876122749 0.243930714882863 0.7590902854894351 -2.410787522668865e-05 2.08253206615499e-05 -4.529384844252467e-06 3.2500627455916045e-05 0.0
0.06861331837794278 0.26635641014044475 0.7548662913773306 -1.6982226501208662e-05 3.6703811360385144e-06 -2.8776044837433236e-07 1.303486923497446e-05 0.0 0.01502690788249816 0.24393449564888273 0.7590873508884588 -7.529462071089044e-06 6.508106448300935e-06 -2.669474047076056e-06 7.465845694935401e-06 0.0
0.06859288286427416 0.26635540321433665 0.7548775118028648 -1.7587624958915405e-05 2.390673893134601e-06 9.598264776727497e-06 2.3044250139657422e-05 0.0 0.015016649832594306 0.2439437630380925 0.759079574619287 -6.045034498497458e-06 5.9483658134283345e-06 -6.301046494493799e-06 1.6018134771842467e-05 0.0
0.0685681346081722 0.26634425110618376 0.7548849464220481 -2.2184051790081436e-05 -1.1230399446852696e-05 9.232720099395222e-06 2.8351800102270567e-05 0.0 0.015003597478539686 0.24395718261928184 0.7590781199261293 -1.0018131714175118e-05 1.0800273060751746e-05 -1.998605132393967e-06 1.8797773830823933e-05 0.0
0.0685495950569498 0.2663377914105814 0.7548947566693329 -1.9815961864855623e-05 -1.1304323600121841e-05 1.2297634091685427e-05 2.2089412542336485e-05 0.0 0.01499366668968995 0.24396819664782166 0.7590777367933894 -1.3278686768168588e-05 1.4566714828646045e-05 -1.614633936154883e-06 1.5043388013347717e-05 0.0
0.0685281685530941 0.26632804089162604 0.7549091336262598 -2.134185227062937e-05 -1.0873019543486322e-05 1.4029563656021567e-05 2.6902552621326247e-05 0.0 0.014986298464476485 0.24397557617935536 0.7590740723843251 -9.81670624980714e-06 9.626659264213044e-06 -2.4124437328046184e-06 1.0501564117745633e-05 0.0
0.0684971591371522 0.26630191479929016 0.7549005862938504 -3.022007146571293e-05 -2.298563364478268e-05 -6.010359468004681e-06 4.165176009098367e-05 0.0 0.014982149183423773 0.24397966476388575 0.7590726143599051 -4.437002081310444e-06 4.164375014364292e-06 -1.7217344860707145e-06 5.797087443193717e-06 0.0
0.06846607874545653 0.2662828770482595 0.7548945809597996 -3.2208621360775164e-05 -2.0905670476543362e-05 -9.876785181001651e-06 3.7848180310254474e-05 0.0 0.014980377278690196 0.24398069779399342 0.7590723717773525 -9.628152113292262e-07 9.115026275377744e-08 -4.2524661023255127e-07 2.847967415595374e-06 0.0
