0.06311505685045603 0.27921534056559666 0.7629008841605384 0.0 0.0 0.0 0.0 0.0 -0.017017562229531106 0.279676483405625 0.7631750048227084 0.0 0.0 0.0 0.0 0.0
0.06311802499929091 0.2792066597455491 0.7628971480645277 2.968148834880946e-06 -8.680820047568538e-06 -3.7360960106758156e-06 9.905804238185848e-06 0.0 -0.017019139237254784 0.2796812468766971 0.7631629088831591 -1.5770077236784696e-06 4.763471072088965e-06 -1.209593954931698e-05 1.196881012708885e-05 0.0
0.06311469717230199 0.2791922514373376 0.7629011870385125 -3.3278269889192025e-06 -1.440830821147765e-05 4.038973984821226e-06 1.5329288595208063e-05 0.0 -0.017018370567625077 0.27969073652055354 0.7631229060135369 7.686696297075357e-07 9.489643856441798e-06 -4.0002869622135506e-05 4.205416704581939e-05 0.0
0.06310931295392935 0.27917623497064575 0.7629108893782824 -5.3842183726365844e-06 -1.601646669185941e-05 9.702339769934731e-06 1.948467114905808e-05 0.0 -0.01701412567116656 0.27969019412202367 0.763106829336676 4.244896458515529e-06 -5.423985298680378e-07 -1.6076676860987682e-05 1.7673527131234257e-05 0.0
0.06310058940267195 0.27916595938212585 0.7629175588554632 -8.451747899690234e-06 -1.0305070079459846e-05 6.568929380002038e-06 1.503894915994828e-05 0.0 -0.017013606421808162 0.2796897521775012 0.7630985459791577 5.983963270094995e-07 -1.0078249288677636e-06 -6.346070238094637e-06 6.181912407453352e-06 0.0
0.06309238440540703 0.27916499656834626 0.7629168539282647 -8.357330898055895e-06 -8.627159645525993e-07 -8.612016377616531e-07 8.291315507609526e-06 0.0 -0.017011203231946884 0.27968046303393185 0.7630985780252482 2.1011343621880227e-06 -8.660988412027669e-06 -1.176824680076112e-06 9.818271266914291e-06 0.0
0.0630839015491071 0.2791652186825391 0.7629165431202858 -7.892750641562905e-06 1.3570613268663917e-06 -2.2417525387172225e-06 8.529182267584215e-06 0.0 -0.017009753974794428 0.2796789280017643 0.7630916488657541 1.2178715072225002e-06 -2.421392922256816e-06 -6.212555758280491e-06 8.962979794787321e-06 0.0
0.06307772214205506 0.279166999020051 0.76291369732111 -6.328032269945856e-06 1.425610149107927e-06 -2.4762000924795808e-06 7.043258570433419e-06 0.0 -0.017006782661449914 0.27967381290319454 0.7630919276725633 3.006169314326316e-06 -3.451321772431028e-06 -3.891686688897914e-06 5.230902155650967e-06 0.0
0.06307478757227918 0.2791679428205015 0.7629115731309913 -2.33739002570183e-06 4.944373353898078e-07 -3.1187885404406456e-06 3.689845131650676e-06 0.0 -0.017006082994903082 0.2796764748212262 0.7630832776929423 1.0079968536310478e-06 3.1877018185452876e-06 -1.0668769362971647e-05 8.14234977038981e-06 0.0
0.06307178658439651 0.2791587518918637 0.7629201861161479 -2.421487509098948e-06 -9.444401028441987e-06 8.3280326866616e-06 1.2549205923625988e-05 0.0 -0.017007179654694556 0.27968080034848214 0.7630750966688219 -6.812147218431756e-07 5.98676830326323e-06 -1.2315630193366136e-05 1.0148996303561819e-05 0.0
0.06307531020844531 0.27915995909693164 0.7629281100573125 2.8513206685994216e-06 -2.9238639805569236e-06 1.0692884275231716e-05 9.275914420583838e-06 0.0 -0.01701365282520632 0.2796830969202716 0.7630704500016354 -6.043352486200119e-06 3.1504419205883465e-06 -4.67251374667406e-06 8.190466392592015e-06 0.0
0.0630803330487585 0.2791552398108325 0.762928882898014 5.299954716784596e-06 -3.5767304425635082e-06 3.0428114888298416e-06 6.653127338221231e-06 0.0 -0.01702949032759435 0.279682721771963 0.7630640225618248 -1.5825411493370186e-05 -3.655928779216979e-07 -5.174346223312713e-06 1.679862573487251e-05 0.0
0.06308423039104122 0.27915580095323894 0.7629262710992077 4.59445846021022e-06 8.17607537165042e-07 -3.5885007445792136e-06 4.564324856452347e-06 0.0 -0.017038585953085467 0.27967863652472513 0.7630630817239795 -1.1813981246555631e-05 -5.269764596296634e-06 -7.254292499206693e-07 1.0516364863749693e-05 0.0
0.06308879009369446 0.27915906423765 0.76292048331078 4.156736416287361e-06 3.974959005455017e-06 -7.672329207761014e-06 8.275170287004335e-06 0.0 -0.017046849491853897 0.27967675598590414 0.7630581031277819 -8.275889748288787e-06 -3.3146270052357234e-06 -3.6435068448218496e-06 9.391160511788968e-06 0.0
0.0630922779864889 0.27916306647086914 0.7629144314019664 3.1396904700182274e-06 5.014589840905792e-06 -7.973944898247258e-06 8.294330607949333e-06 0.0 -0.017045654698195942 0.27967377701006196 0.7630545213773036 1.574759886041682e-06 -3.2600517639482677e-06 -3.4493312336470487e-06 4.8650326175474535e-06 0.0
0.06309588873804495 0.27916602303097027 0.7629094427075565 3.022759526120981e-06 3.1731722004267673e-06 -4.906059806801357e-06 6.469458791884059e-06 0.0 -0.017043641168801877 0.27967415490319003 0.7630530757748606 4.533749358303857e-06 9.7550731179702e-07 -2.8350575132008126e-06 2.6658304516505065e-06 0.0
0.06309821770994327 0.2791625030229267 0.7629118218441048 2.2931155021668848e-06 -3.4253288243556755e-06 3.179508813607002e-06 4.869046210117837e-06 0.0 -0.01704105332275127 0.2796748137729167 0.7630521549452822 3.934575115221929e-06 1.6789893249624744e-06 -8.630793912721243e-07 2.8411493577260504e-06 0.0
0.06309915659629396 0.27916104899526295 0.7629128770785686 1.4573903284031528e-06 -2.719416191472506e-06 3.033176788315403e-06 2.0915830259589296e-06 0.0 -0.01703621277601827 0.2796705955868481 0.7630505550910265 3.7283299322867995e-06 -3.0614948807110608e-06 -1.0345146531486048e-06 6.457941533109484e-06 0.0
0.06309968128955404 0.2791638549424102 0.7629097518681517 3.859175730540645e-07 9.254378163057372e-07 -1.986892265614131e-06 4.2590822519159676e-06 0.0 -0.017024251747664282 0.27967033446423445 0.7630486243847643 9.67655253950046e-06 -1.7283381150420729e-06 -1.857584440528129e-06 1.2299706900506654e-05 0.0
0.06309964597826906 0.2791609820415221 0.7629127695100043 -1.8318959728636623e-07 -8.43035628176743e-07 1.1174265171650613e-06 4.233900948452775e-06 0.0 -0.0170127672046163 0.2796746332104471 0.7630549505303788 1.2365930757676147e-05 3.1324307257356246e-06 5.13696256219645e-06 1.3697531170842998e-05 0.0
0.06310266260898649 0.279170618881735 0.7629149983444673 2.6186615433468595e-06 8.448513610988554e-06 1.713992861346751e-06 1.0213106717142817e-05 0.0 -0.016999853131051988 0.2796751474063734 0.7630597945627937 1.3344279231360474e-05 2.0101294096856426e-06 5.639647007928768e-06 1.3736053897076852e-05 0.0
0.06309898119224533 0.27916754273912825 0.7629233026979726 -2.2046383877433778e-06 2.661358086299877e-07 7.499366032757428e-06 9.716605914957574e-06 0.0 -0.01697577872496958 0.27967200048308155 0.7630636730093082 2.3044076622824843e-05 -2.3054164674809984e-06 4.897445288728226e-06 2.4476136826936975e-05 0.0
0.06310006840187432 0.2791721273374931 0.7629381167345156 2.125174171475676e-08 2.6361945237829464e-06 1.5158176017197372e-05 1.5337228778491132e-05 0.0 -0.01696332831337131 0.2796724084154528 0.7630670797904957 1.5045695810320639e-05 -7.530899975972798e-07 3.394830754306542e-06 1.3496477251689297e-05 0.0
0.06309831161785963 0.2791708898806308 0.762944127474448 -1.4801626272652948e-06 -1.2215856039537884e-06 9.268568173531805e-06 6.678095218129204e-06 0.0 -0.01695620743294161 0.2796692653859028 0.7630726659970647 6.997375913314429e-06 -3.2870748326574128e-06 4.4176826818449436e-06 8.917196523729803e-06 0.0
0.06309565296289633 0.2791684911146815 0.7629518418833247 -2.6759281365095234e-06 -2.6472276063359856e-06 6.479513978239144e-06 8.091832643143164e-06 0.0 -0.01695249567744321 0.279672401000938 0.7630702713625769 2.031931206798433e-06 1.7211650956369015e-06 -1.675555928394859e-06 5.5018576538518824e-06 0.0
0.06309084566556074 0.27915978615447246 0.7629498379771606 -4.667878363637017e-06 -8.306055392152155e-06 -2.2939885361844223e-06 1.0463139233612346e-05 0.0 -0.016960232535174917 0.27967611930826325 0.7630713513757271 -7.882215797327363e-06 5.003988032080427e-06 -1.6006019492863545e-07 8.97734895661712e-06 0.0
0.0630888545676846 0.2791618405470616 0.7629403383175383 -2.6975364726052916e-06 -5.682828509603164e-07 -1.0309254372524877e-05 1.0020989314684931e-05 0.0 -0.01696741552116029 0.27967760575240125 0.76307400543179 -9.29951385213959e-06 3.015812984168355e-06 2.6849016271368233e-06 7.919228005522431e-06 0.0
0.06308038064272244 0.2791613580173207 0.7629361842079543 -7.310868294418678e-06 1.4791522743115741e-06 -7.05666188758653e-06 9.273302559870432e-06 0.0 -0.016979358760507587 0.2796750103029801 0.7631059637792575 -1.1049880713711453e-05 -2.494167035054003e-06 2.820777419258606e-05 3.347935530035581e-05 0.0
0.06303201181630008 0.27913733395909973 0.7629086877563847 -4.348376321526037e-05 -2.0090973596775085e-05 -2.333890564951685e-05 5.993241530727007e-05 0.0 -0.01693483576442618 0.27940519664609836 0.7631786016783173 3.763279249450591e-05 -0.00023341573564730528 7.168396145800029e-05 0.0002816682924189186 0.0
0.06296580161051153 0.27910907200324464 0.7628859797593402 -6.94714606999164e-05 -3.001992684150932e-05 -2.476033702369148e-05 7.732560921302392e-05 0.0 -0.016855445776070815 0.27898050116716455 0.7629474232283558 8.245006489128082e-05 -0.0004414127435675788 -0.00017855553315800416 0.0004954334486250419 0.0
0.06290034721983997 0.27907168933353044 0.762844320446426 -7.317271025366358e-05 -4.035045172389944e-05 -4.020629722759995e-05 8.486680382410093e-05 0.0 -0.016792702119611525 0.27830389977698966 0.7624958945590844 7.752079225353478e-05 -0.0006954354717995419 -0.00045862536213083703 0.0008117944013155739 0.0
0.06283681676422821 0.2790241192888382 0.7627883373336061 -6.556697113926226e-05 -4.869879579838088e-05 -5.564299100948601e-05 9.628908133086142e-05 0.0 -0.016814443084267498 0.27762819042941345 0.7620500873275193 -7.664377488219905e-06 -0.0007292200706858881 -0.0005180097056092551 0.0008118413020275509 0.0
0.06274391265271465 0.2789683057115212 0.7627268229656513 -8.43507891325912e-05 -5.5377809787498195e-05 -6.40302542328654e-05 0.00012543177577953034 0.0 -0.016797625821483968 0.27623263880353766 0.761056904259859 -8.116109595032834e-06 -0.0012994362604608618 -0.0009478087938716369 0.001698147844297676 0.0
0.06267597479429192 0.2789448751684993 0.7627028132110815 -6.987572462918863e-05 -2.7098757260975636e-05 -3.07291343198251e-05 7.749714672858908e-05 0.0 -0.017003108785787733 0.2749575544418739 0.7600623767073466 -0.00018705022474564063 -0.0013555517350689562 -0.0010473137795738588 0.0016632935890885762 0.0
0.0625975748628077 0.27888942086233964 0.7626591049049215 -7.545247809621668e-05 -4.607265617813002e-05 -3.4388142600481116e-05 0.00010198630430952698 0.0 -0.01728506428469971 0.2729751016449318 0.7583414914358455 -0.00030046724555638453 -0.0019132474736547065 -0.0016353941114203437 0.002605347561108791 0.0
0.06254107848570746 0.27883324442894586 0.762609816826139 -6.093137133855255e-05 -5.654417575037214e-05 -4.5412486372081205e-05 9.63270955697674e-05 0.0 -0.01770108394922473 0.2713635156970564 0.7569252740618675 -0.00042198678228411976 -0.0017439718834579702 -0.001536725052814259 0.0022148820993708024 0.0
0.06248840693219054 0.27877593380008514 0.762549923304341 -5.015681239197859e-05 -5.9666008694539684e-05 -5.9235514127998676e-05 9.807875230475352e-05 0.0 -0.018116536896407975 0.26950070545652755 0.7553146851537514 -0.00043695244168597734 -0.0018036270078124273 -0.0015980759305700616 0.0024655400280113515 0.0
0.06242822429984947 0.27870402487001283 0.7624537316794664 -5.548991837773819e-05 -7.282894202637893e-05 -9.733663160239364e-05 0.00013311811793944827 0.0 -0.018633424830250746 0.2678076003546193 0.7538010908991739 -0.000502333467546463 -0.001671008820529799 -0.0014836225570173912 0.002351760799339172 0.0
0.062394233802305 0.2786571504204627 0.7623724284448796 -3.9178815995322646e-05 -5.3286276040180986e-05 -9.240289240139283e-05 0.0001010527396478179 0.0 -0.01938957750243228 0.2663803568984449 0.7524550245828312 -0.0007157948801449312 -0.0014106039157232792 -0.0013075125654416866 0.0020987998572948984 0.0
0.06238431206488204 0.2786441437127678 0.7623464453750812 -1.3901140218356567e-05 -1.3958425094115816e-05 -3.457236839780599e-05 3.0293324015933187e-05 0.0 -0.01983370193420717 0.26569850756844093 0.7517944617450337 -0.0005102687087566561 -0.0007506154108026576 -0.0007224092993783636 0.0010588679634223898 0.0
0.06237453062355323 0.27861645515619077 0.7623227453352804 -3.6907892385711717e-06 -1.5006536939632908e-05 -1.0072985694203093e-05 3.5070248232964215e-05 0.0 -0.020344360684139993 0.2649589492034174 0.7510713349052983 -0.0004889360535764857 -0.0005889761399476905 -0.0005998181625622573 0.001108219565420333 0.0
0.06236616410602596 0.27859064165058606 0.7623039772419188 -6.255218891836867e-06 -2.4876489850396303e-05 -9.509719890944917e-06 3.710407382636812e-05 0.0 -0.02061383036471038 0.26452490268673456 0.750633438909535 -0.00027004763706725684 -0.00044141153044766415 -0.0004495714109677728 0.0007309871533734186 0.0
0.0623537165021488 0.2785553203438941 0.7622734431696889 -1.1841560961986637e-05 -3.647957504267391e-05 -2.6237084714396718e-05 4.796957570300244e-05 0.0 -0.020776443922132373 0.26424738805311726 0.7502947029654259 -0.00013019405158913475 -0.00027427824704610317 -0.0003205484030986904 0.0004458710257507809 0.0
0.06234388062750194 0.27851669801422685 0.7622210700759438 -1.4833688211101604e-05 -4.4560262499087375e-05 -5.7116639597588745e-05 6.355306456248399e-05 0.0 -0.020889631075356623 0.2640691385010499 0.7500329283566384 -8.138093719294281e-05 -0.0002445293473504523 -0.0003163334571431194 0.00032317871127701637 0.0
0.06234739405200809 0.27848709698209245 0.7621879267143561 -1.4961735506458873e-06 -3.552529199219065e-05 -4.833081777691271e-05 4.543234119538768e-05 0.0 -0.0209760859434876 0.2639092888938455 0.7498227297285588 -9.736632594181286e-05 -0.00018264351614724703 -0.0002460542348320029 0.00028218285308875867 0.0
0.06235235674091384 0.2784623068771773 0.7621536921718928 8.429562054284872e-06 -2.200255227194554e-05 -3.4170014144364316e-05 4.233850798020174e-05 0.0 -0.021010669287601362 0.26376559783458026 0.7496964366427514 -6.809452253982921e-05 -0.00014260042684496703 -0.00013685760426443015 0.00020995269320355251 0.0
0.06235465812889786 0.27844019061596814 0.7621094849664211 6.443569721655804e-06 -1.748368007298021e-05 -3.611062010675287e-05 4.947581440381219e-05 0.0 -0.020981105412636432 0.2635916944317342 0.7495965939873429 2.216238969892509e-05 -0.0001538320275411072 -7.13087804000308e-05 0.0001843255685000625 1.0
0.06235751778229885 0.2784315386858415 0.7620726368544323 2.709235289751406e-06 -9.487326825915263e-06 -3.626472304323606e-05 3.929961345551696e-05 0.0 -0.02088860636567917 0.26339500006415373 0.7495810374041321 7.760970256162787e-05 -0.00022620592822285822 -3.6880864203129725e-05 0.00022710707480236617 1.0
0.062358478772509975 0.27842201238549863 0.762027555117397 -3.238816379080157e-07 -7.465910145588504e-06 -4.338073388912026e-05 4.476232555761475e-05 0.0 -0.020738813680211365 0.26323686305371685 0.7496010002412796 0.0001674167991694101 -0.0001611507358071628 3.754625434372616e-05 0.00021831589960544066 1.0
0.06235295323140455 0.2783907168365433 0.7619779827958814 -6.46934986174566e-06 -2.8605077610526903e-05 -5.1469929982574366e-05 5.879394099339985e-05 0.0 -0.02056275930256964 0.2631203977381204 0.7495817790636063 0.0001879816654040218 -0.00011274471599926418 -4.52313445795311e-06 0.00021031068171449216 1.0
0.06236423520090775 0.27838172098256536 0.7619447067790611 7.917733027721715e-06 -1.6338773670259858e-05 -3.794620103059539e-05 3.749680769207334e-05 0.0 -0.020505266985192047 0.26302200161122885 0.7495860032082136 7.75947421522091e-05 -8.22742768068851e-05 -5.438765116158985e-06 0.00011425614205803832 1.0
0.0623738016917505 0.27836540783883496 0.7619146501394688 1.2520093097116967e-05 -1.564141256594106e-05 -2.7143393102542767e-05 3.39873748927325e-05 0.0 -0.020490288775985348 0.2629583038061364 0.7495842021325722 -2.779549088470474e-06 -5.504201402474009e-05 -9.650800723505883e-06 6.468704085496547e-05 1.0
0.06238156130691203 0.2783568749138011 0.7618992461296024 1.0061023416777614e-05 -8.796316746218604e-06 -1.4942441156095233e-05 1.98289891421284e-05 0.0 -0.020487361577387314 0.26294706702281917 0.7495724137137727 -2.366203306383382e-05 -1.154408521353322e-05 -1.3612130712584912e-05 1.7867333515897595e-05 1.0
0.06237807735652105 0.2783341685138238 0.76187735758318 -1.7889272297528585e-06 -1.8377214338441364e-05 -1.8131950403386456e-05 3.2034128455250714e-05 0.0 -0.02047758186255618 0.2629713992196092 0.7495587633069386 -1.7427224258078329e-06 2.1727262817858328e-05 -1.4177773742733767e-05 3.0048382805211054e-05 1.0
0.0623821652871923 0.27831920763656826 0.7618532263152077 3.2852609245125606e-07 -1.6204843643884318e-05 -2.3424783688277797e-05 2.8964222524670642e-05 0.0 -0.02047535951217066 0.2630094394219194 0.7495458884623163 1.5061563319316968e-05 4.00586249700888e-05 -7.4267891016881736e-06 4.033875423967788e-05 1.0
0.0623852763259817 0.2783117381238365 0.7618428855033665 1.5163684463799765e-06 -1.0355537726431333e-05 -1.5705103299339812e-05 1.2546992821440733e-05 0.0 -0.020485007959925975 0.2630363881827095 0.7495372383176178 1.0221224566355443e-05 3.2275449986879856e-05 -8.03997040904457e-06 2.8624283870802694e-05 1.0
0.06238301844166075 0.2782905197570522 0.7618222349612392 -1.0271876624053845e-06 -1.9082421966444585e-05 -1.9621133111119147e-05 2.9156782149076378e-05 0.0 -0.02050273570443089 0.263069569473645 0.7495216113422223 -1.1165011356703412e-05 2.7233402510589707e-05 -1.5500633780676524e-05 4.023811652334366e-05 1.0
0.062379821752724315 0.27825921278114707 0.7617930223301208 -1.5494398201309758e-06 -2.8684678874260364e-05 -2.74110107896119e-05 4.385969863117275e-05 0.0 -0.020518323135018092 0.2630921611202088 0.749502796398488 -2.5952662822861984e-05 1.6550526636401286e-05 -1.604283481487165e-05 3.407024072189671e-05 1.0
0.06238025363038914 0.2782412816971161 0.7617735953601119 -6.340474754578193e-07 -2.292743695551305e-05 -2.239825214042176e-05 2.708764114053226e-05 0.0 -0.020522981343722234 0.2631012311276543 0.7494968407872713 -9.700636837323936e-06 7.68387258056454e-06 -9.296980373587952e-06 1.2613100125354442e-05 1.0
0.06238896517040423 0.2782213064190568 0.7617431281162567 7.326282815986585e-06 -1.9709410243199926e-05 -2.8508240270450653e-05 3.545649240540287e-05 0.0 -0.020527916074799972 0.26311346494992915 0.7494916417309135 -2.2457607808692068e-06 1.1702882967689921e-05 -5.015909955114532e-06 1.2799905225017175e-05 1.0
0.0623998989980866 0.2781983774093449 0.7617241967539147 1.1935661417491367e-05 -2.1690607816321563e-05 -2.1690087682057067e-05 3.283226290103643e-05 0.0 -0.020539352868673567 0.26313098796955453 0.7494765655630652 -6.8571568978416805e-06 1.8401706826251543e-05 -1.1903006054328736e-05 2.6520851451196702e-05 1.0
0.062414231299183436 0.278183007817857 0.7617137946574501 1.6288250153324833e-05 -1.4465045664902863e-05 -9.897387381090263e-06 2.396354431662474e-05 0.0 -0.020552104367177713 0.26314901229351556 0.7494548169017304 -1.3393126688882418e-05 2.056228141919372e-05 -2.1173899383951715e-05 3.1718571051924176e-05 1.0
0.062416160581265465 0.2781592749687657 0.7616978108327115 4.173839335388077e-06 -2.1469459771177992e-05 -1.1622054330379319e-05 2.7690342511307596e-05 0.0 -0.02056277693207365 0.26317209617316933 0.7494421658561791 -1.3886482081149125e-05 2.4425129955096805e-05 -1.6588413380756425e-05 2.7349466604983985e-05 1.0
0.06242352622179757 0.2781508493341087 0.7616890323671167 3.8021322365980896e-06 -1.2757071421617306e-05 -1.0081319551372558e-05 1.4786645522557991e-05 0.0 -0.02056559019213652 0.2631834769984809 0.7494334627151358 -5.35135440089795e-06 1.530133002373966e-05 -1.0482603638345501e-05 1.4439455246976725e-05 1.0
0.0624262258243251 0.27814034034106805 0.7616753927276577 1.5670729630857283e-06 -9.457537448549228e-06 -1.3359134713800799e-05 1.7271531968253035e-05 0.0 -0.020566468845011125 0.26319813892488286 0.7494302754869696 8.68349270766215e-07 1.1775598231813447e-05 -1.8323880547569464e-06 1.528434907933677e-05 1.0
0.06243003260918056 0.2781351735654839 0.7616661552536644 3.3112764803904095e-06 -3.8137173068425406e-06 -1.0694735263948697e-05 1.1195064847317685e-05 0.0 -0.020610564053476353 0.2632867002204746 0.7494516731978819 -3.527137089660301e-05 7.564187933590027e-05 2.1585728132808856e-05 0.00010090778986189986 1.0
0.062432028632567645 0.27813028598073536 0.761657109320874 3.224659915176417e-06 -4.465756466141723e-06 -1.0204831614213679e-05 1.0594103819794196e-05 0.0 -0.020868532524598957 0.2638593645048019 0.7496506305251129 -0.00023362405162184142 0.000514718146000451 0.00017792593700875596 0.0006563669960422079 1.0
0.06242852604778702 0.2781221897660673 0.7616495233645995 -2.0907309718853417e-06 -7.871922256156836e-06 -6.6498237685758275e-06 1.1592550747821521e-05 0.0 -0.021080137837610292 0.26444163324057507 0.7499861994786267 -0.00025499473158467314 0.0006592999127155432 0.00034252263189631213 0.0007193515418412856 1.0
0.06242903675714023 0.2781201795363744 0.7616446268879307 -7.583443936124323e-07 -3.873965428056165e-06 -4.600775930669865e-06 5.282578901739413e-06 0.0 -0.021267458487703943 0.26529665982787193 0.7506912273865539 -0.000211126784370342 0.0008772420965661499 0.0006921983460619876 0.0011035840953213076 1.0
0.062412233397533344 0.2780989621832169 0.7616323722182482 -1.5062228345891651e-05 -1.9071694472571607e-05 -1.1082540860385736e-05 2.947626638160655e-05 0.0 -0.02111364780610385 0.26575949319338865 0.7514491023069879 0.00011844437150429417 0.0005514905792063596 0.0008170742582164495 0.0009114089500031453 1.0
0.06229082079932716 0.2780549965176821 0.7616064720158199 -0.00010808588442867314 -4.213486099665562e-05 -2.4544123242722472e-05 0.00013147869976156128 0.0 -0.02022197899005121 0.26591725594783955 0.7526537877734985 0.0008624175999643986 0.00012691582480918752 0.0011756030059356835 0.001494599645053474 1.0
0.062153420903023116 0.27804817293700235 0.7616203256538252 -0.00015170758434623013 -1.7556023277896977e-05 4.871985655216755e-06 0.00014103850401779984 0.0 -0.01852787752448692 0.2653889994004466 0.7541771142750914 0.0017421204808806595 -0.0005673205434905258 0.0015194378407004736 0.0023570448914072006 1.0
0.06200839836138382 0.2779988735576062 0.7615984237817933 -0.00015865372484939104 -4.0684321241269485e-05 -1.2945679854060176e-05 0.0001512533552361197 0.0 -0.014973464444716436 0.2630769150716044 0.7575670490716376 0.0034869334746388593 -0.002219150962674978 0.003179127570745139 0.00541041437645169 1.0
0.06195685294598259 0.27790337281728256 0.7615124825202322 -6.664353790501856e-05 -8.922684030961767e-05 -7.669964913015175e-05 0.00013821291082176572 0.0 -0.0111212401120432 0.25806561771101144 0.7605629431654779 0.004121638240796194 -0.004920012545601991 0.0033269883400411358 0.007050498492987705 1.0
0.061966458654176944 0.2777768947229756 0.7613668937244837 2.3907713342823064e-05 -0.00013025378272765143 -0.00014855837360089932 0.00019422181129215507 0.0 -0.006204024653637756 0.2519481301183125 0.7619940921901317 0.004939160644258045 -0.0064976734994484945 0.0017834628132647364 0.007920325859064981 1.0
0.06196181271396886 0.27766603430013775 0.7612314865500427 2.876961818586062e-05 -0.000123733974569906 -0.0001551533468674393 0.00017786411517331329 0.0 -0.001956823260509395 0.2466925938827002 0.7622342802375756 0.004386898887694182 -0.005747690086431236 9.557022641169539e-05 0.006754039234855944 1.0
0.061947366156169435 0.2775035109276188 0.7610845580288957 -5.684948722978384e-06 -0.00015740718745651107 -0.00015183534589421595 0.00021557508733741773 0.0 -0.000182399389491725 0.24536307209656294 0.7620597606373513 0.0019330495752439508 -0.001697025061596553 -0.0006733944777260468 0.0022441768232817974 1.0
0.061965142765147606 0.2772806479177333 0.7608546516777734 -4.933698720989933e-06 -0.00021366503159736595 -0.0002108613839717489 0.0003214560881820435 0.0 0.0016693473147756089 0.2447831713958194 0.7616951325952209 0.0012577860449673967 0.0003666731954722132 -0.000646244164857232 0.0019061609555218882 1.0
0.06197485016509966 0.27713211219633305 0.7606943418722429 -8.931741862954531e-07 -0.0001637702015134014 -0.00016886619655968413 0.0002226953184442411 0.0 0.0028071259687526395 0.24474689819596765 0.7613279925067261 0.0008640032764910767 0.0007841955437844306 -0.00026218948659528145 0.0013253926037013223 1.0
0.06198704169948274 0.2769078299828291 0.7604062271923555 8.858203803363958e-06 -0.00021151387822732404 -0.0002676416500413086 0.00035759410078991605 0.0 0.0037063180524866193 0.2445570470748455 0.7606646686909798 0.0009339608693984052 -7.705417797288137e-05 -0.00025835658933729506 0.001138592279607348 1.0
0.06198889252703052 0.2768319011802626 0.7603244068407762 1.0864730814748557e-05 -9.82873464993905e-05 -0.00012443450263124813 0.00012030564350872254 0.0 0.004080718577062091 0.24434015120791985 0.760345618464076 0.0006243405768220282 -0.0007838446315219642 -0.0002760105219294876 0.0004408167538472278 1.0
0.061984580383597214 0.27679182091575494 0.7602875071903759 -2.172467856453041e-06 -2.5517896334581745e-05 -2.530015022823456e-05 4.718173650252244e-05 0.0 0.004380519610611664 0.24398247834843406 0.7602127285893102 0.000507056754240261 -0.0008721848432867718 -0.00019005683551409332 0.000461542855638937 1.0
0.06197325511685948 0.27675296942929417 0.7602592394478335 -1.556297270223892e-05 -1.5619008063654278e-05 3.922149391974168e-06 5.1039450739468546e-05 0.0 0.005034948657084897 0.24353004310175258 0.7602787225741944 0.0005655987662039523 -0.0005584992229560647 4.341539056675167e-05 0.0008786974183454532 1.0
0.06195856135833233 0.27672459248274356 0.7602454644762949 -1.646691318921228e-05 -2.8253576724492533e-05 -3.843661518077184e-06 4.010088794353226e-05 0.0 0.0058153505805994985 0.24323422230203082 0.7602472709493245 0.0007146666114622507 -0.00011386691835368282 3.2770129353239e-05 0.0008183750869840229 1.0
0.061923445322771845 0.2766653627043952 0.7601931014330418 -3.048031796584422e-05 -6.485440945021466e-05 -5.751588919889196e-05 8.467099277251815e-05 0.0 0.006439227895691063 0.24293826002788785 0.7601982148101982 0.000788888749427298 -0.0002213485534004122 -5.402810702997304e-05 0.0006860262744663602 1.0
0.06189821645120228 0.2766090770223691 0.760124417757908 -2.9018665237026264e-05 -7.052045520008742e-05 -8.670171026020556e-05 8.696975154629942e-05 0.0 0.006341451993743913 0.2427104138608753 0.7603034230957267 3.828186083027667e-06 -0.00016326906302689567 2.3684866054467073e-05 0.00025294869688459606 1.0
0.061902671218434076 0.27659402249314746 0.7600926534415481 6.577624305404419e-07 -3.4433594604844014e-05 -5.995945433844179e-05 4.044762125769125e-05 0.0 0.0061423140942167 0.24254063581611612 0.7604702699965178 -0.00034285450056882583 -0.00015754746082041467 0.00011838780558619906 0.0003189399506525366 1.0
0.061911224562840934 0.2765814708095881 0.7600739534927945 1.3644752382996683e-05 2.3454975795212654e-06 -5.274294400040578e-06 2.0594826600505952e-05 0.0 0.006123305898464722 0.24256328404585953 0.7606871587133609 -0.00022633215389548922 5.7914053811385145e-06 0.0002504678966966481 0.000236277524288786 1.0
0.06191667580268778 0.27656606606342987 0.7600528414687373 1.186540606653355e-05 -5.274724292951913e-06 -9.168860291355058e-06 2.8740653556824476e-05 0.0 0.0059485315879879205 0.24276891211205065 0.7609461028745053 -0.00014563957693771115 0.00019078093776926902 0.0002891579218420583 0.00036334015807630603 1.0
0.0619142701266388 0.2765150402509725 0.7599974701557055 -7.405959394652012e-07 -4.3570340483142214e-05 -4.382846132443537e-05 7.685958168219284e-05 0.0 0.00532423733041654 0.24320478060064576 0.7612796868551217 -0.0004572828056414897 0.00043804772333178754 0.0003376649298482799 0.000824583047890773 1.0
0.06191523766375841 0.2764897695262728 0.7599493894961876 -4.625810882866142e-06 -3.725966953762432e-05 -5.470687337425895e-05 5.3703801913294094e-05 0.0 0.00485413034408991 0.24335878220295226 0.761342463659513 -0.0004890526707121548 0.0002482040760211878 9.038570497812272e-05 0.0005133139925097376 1.0
0.0619161096966361 0.27645824719913936 0.7599008317085169 -4.204775142659856e-06 -3.750090327502828e-05 -5.871952435666619e-05 5.51206377311145e-05 0.0 0.0046272403878377475 0.24348792004682504 0.7614333234569102 -0.00030490596015549576 9.723163457981982e-05 4.468399495425131e-05 0.0002581027494652097 1.0
0.06192483842916113 0.2764191479610413 0.7598543790406502 8.321722011630534e-06 -3.596646187176279e-05 -4.842941576454263e-05 6.268483107324853e-05 0.0 0.004560152020118995 0.24344250176553048 0.7615285955654392 -8.88198766746391e-05 -8.831343151765063e-05 6.770686050553643e-05 0.00012291549915127134 1.0
0.061935871838061665 0.2763886226215095 0.7598252898626031 1.4860685197903506e-05 -2.7179361537721715e-05 -2.5492504266656663e-05 4.499839088983143e-05 0.0 0.004590707657459641 0.24325070821143688 0.7616572569887724 0.00011486595450295541 -0.00023419586503052185 0.00012121181708558283 0.00025193950873587034 1.0
0.06195920296329361 0.2763560925894971 0.7597950328766623 2.359903741089283e-05 -3.084978825288946e-05 -2.398143065468546e-05 4.9222865710028055e-05 0.0 0.00419280187185909 0.2426407598216396 0.7617662581340702 -0.00026297888481055726 -0.0005762223025377951 0.00013798483733997582 0.0007349954858398325 1.0
0.06196421087865189 0.27634610633794954 0.7597847024172356 9.17955058063387e-06 -1.403345940866964e-05 -1.1652739934506419e-05 1.5140248222690941e-05 0.0 0.0037579748556661515 0.2423647806439572 0.7613678739312555 -0.0005209615232638689 -0.0003615856999835918 -0.0003010802765688375 0.0006500417406326219 1.0
0.06196157677736634 0.2763291454071652 0.7597684450351142 -3.949116359579383e-06 -1.4551272251127977e-05 -1.53869074446154e-05 2.332335425982763e-05 0.0 0.0033915181787670793 0.24221522480687377 0.7609316331463518 -0.0005032608538897748 -0.00013363550407025172 -0.0004999629857669446 0.0005748950595092328 1.0
0.061946182852060785 0.27629505691549516 0.759722202894566 -1.7575476851021397e-05 -2.8126572104524058e-05 -4.167423918901243e-05 5.97953226432701e-05 0.0 0.0031290126202540088 0.24213319279739703 0.7604387338155857 -0.0002869712367766607 -2.3724919947631072e-05 -0.0005746098817209502 0.0005627962022431712 1.0
0.06193901130319841 0.27628539328231866 0.7596940135227939 -1.2478637447358768e-05 -1.7347847146129618e-05 -3.722830720027605e-05 3.2181854552844966e-05 0.0 0.0029706223398148286 0.24211139026119222 0.7601450563382359 -0.0001044688640874654 4.587909854801423e-05 -0.00033375825781421504 0.0003529580798897219 1.0
0.061924632203071095 0.2762562268970059 0.7596857359729629 -1.2663718685804262e-05 -2.7520003989398866e-05 -1.390684239877427e-05 3.104645341314345e-05 0.0 0.002830667864702553 0.242054005815926 0.7598481368768345 -6.261773737928158e-05 -3.886123018667417e-05 -0.0002272679596574604 0.00032658494679683835 1.0
0.061906751424924626 0.27623061569011653 0.759685540703344 -1.5008976643119222e-05 -2.670022360169912e-05 3.632635550612343e-06 3.1416239470062844e-05 0.0 0.0027368740906343206 0.24201319771320456 0.7597183223021736 -7.672142783701407e-05 -8.88633238480826e-05 -7.76290301822594e-05 0.0001620088237351324 1.0
0.06187437754411146 0.276218318282487 0.7596743525888244 -2.8783849297466263e-05 -1.4219732721174466e-05 -3.0962199418401943e-06 3.821089157055577e-05 0.0 0.0026482694111846328 0.24192481137554933 0.7595765227767586 -0.00012616396930054395 -0.00013419842250299627 -0.00010453938935712926 0.00019029905696255598 1.0
0.06184522625306572 0.2762145315554996 0.7596572406244281 -3.2886879475922505e-05 -1.6755020808713854e-06 -1.4295581089682755e-05 3.348191200351327e-05 0.0 0.0025718829439887983 0.24184098676305874 0.7594554839284641 -9.400157584174725e-05 -7.84656417284075e-05 -0.00015386804801210757 0.00016707964951677347 1.0
0.061818096467395785 0.2762087296454026 0.7596300157558203 -2.9220389403354036e-05 -3.467227948947528e-06 -3.153246855738491e-05 3.772398329699796e-05 0.0 0.0026017787297065334 0.24171348762656245 0.7593126158001734 9.866028871779076e-06 -0.0001204286299521426 -0.0001582187986185417 0.00019193182817205101 1.0
0.06178802518006529 0.27616117423320385 0.7595897963535367 -2.8990528798250778e-05 -4.091223025613358e-05 -4.5377345547861994e-05 6.987847511583934e-05 0.0 0.0027540601188124954 0.24163120161832832 0.7592007874280395 0.00015191114298162422 -8.84092305689701e-05 -0.0001377034850565747 0.00020802605844872475 1.0
0.06176974390624397 0.27610742534902105 0.759539892587197 -1.7829414582196876e-05 -5.863137566281147e-05 -5.0257752031902514e-05 7.623321452085945e-05 0.0 0.002888911766739998 0.24160412148576474 0.7591302681818995 0.00017001351498935533 -2.635071335469025e-05 -7.460012496407004e-05 0.0001522784480775457 1.0
0.0617773918443862 0.2760719623669892 0.75950850435732 5.842247606572772e-06 -4.738467926017834e-05 -3.40870408366258e-05 4.752647395402458e-05 0.0 0.0029977466817351067 0.24167822433797292 0.7591408263381328 0.00012413864529416425 7.430867941704e-05 5.981801608755837e-06 0.0001331170882787841 1.0
0.061789106558339434 0.2760501382804851 0.7594917100517242 1.5657529796558718e-05 -2.2391264273555177e-05 -1.5273196554890027e-05 2.861201746206763e-05 0.0 0.003124613431731105 0.24171536064039595 0.7591691761155238 0.00011096366697554877 6.857258337413656e-05 5.43401514592882e-05 0.00013461070031077992 1.0
0.06179871532587112 0.2760317367094846 0.759479463894607 1.2650932308925491e-05 -9.905972745655599e-06 -7.197993729907919e-06 2.5166865431354194e-05 0.0 0.003270322545910347 0.24161649366752866 0.7591534604161566 0.00012189645296326369 -7.614724391452187e-05 9.648923646739753e-07 0.00017898099693952214 1.0
0.06180630410222358 0.2760157899910442 0.7594673633432064 7.47259405648609e-06 -9.175741249299753e-06 -7.963998625778202e-06 2.2425681063028873e-05 0.0 0.003402765776110628 0.24142677589913347 0.7591432195134509 0.00012941838138469527 -0.000208949058792478 -1.9978784458253947e-05 0.00023077967769825656 1.0
0.061809758135794965 0.2760019268337253 0.7594531967276209 2.4144948455573267e-07 -1.421584807629454e-05 -1.4689193232960143e-05 1.924546225938782e-05 0.0 0.0034547787540290015 0.2412969685369255 0.7592297400144785 7.402326034710636e-05 -0.0001853743386501715 5.5286948587852e-05 0.00016449422464703852 1.0
0.06181259604564914 0.27599254113173777 0.7594430409629427 -9.5850404631843e-07 -1.5218636432530777e-05 -1.4828411759652502e-05 1.36791499761782e-05 0.0 0.0034737948906165155 0.24123393893014097 0.7594189417397808 2.0255880882638908e-05 -7.821156969722612e-05 0.00018181756396572741 0.0001966858632108734 1.0
0.06180906476324649 0.2759701695648096 0.7594225283402681 -2.825429228133167e-06 -2.182311933279502e-05 -2.13432245458883e-05 3.0598420462372514e-05 0.0 0.0034653995499165325 0.2411475510094417 0.7596407582199783 -2.3256122234972587e-05 -4.7773613471158345e-05 0.0002479439407642381 0.00024151711489050218 1.0
0.06182218945485632 0.2759685236246534 0.7594169834807574 1.1961311144818053e-05 -5.2496301869355095e-06 -7.904894279990491e-06 1.529565537755093e-05 0.0 0.0034189913380767685 0.24098717221521734 0.7598656111362371 -5.1437301429708765e-05 -0.00011697351159630896 0.0002505431937466098 0.0002820442766349933 1.0
0.061832445537961224 0.2759616386556845 0.7594090467046853 1.3113455134228241e-05 -4.270031302681982e-06 -5.57670871950726e-06 1.366303718526683e-05 0.0 0.003396360898908353 0.24083989634661082 0.7599913421431987 -2.508863142735558e-05 -0.0001608507375370046 0.00013653984448760596 0.00019365204149654862 1.0
0.061843376135175106 0.2759456292968608 0.7593926277344722 1.2751851115580082e-05 -1.3326973129349082e-05 -1.3600127816987895e-05 2.5478648857726953e-05 0.0 0.0034435978908703225 0.240663076471338 0.7601179998998056 4.7889482908158e-05 -0.00019997340069022974 9.15753245007731e-05 0.00021717975533948255 1.0
0.06184729874483307 0.27593760043759963 0.7593921806570886 5.195280057383102e-06 -1.0156745163315108e-05 -3.5870859525460582e-06 9.964456077229166e-06 0.0 0.0035862588807953643 0.24061079385919854 0.7600840579586848 0.00014729518455527344 -8.345982040453451e-05 -3.600450968617439e-05 0.00016230949446233874 1.0
0.06185012714700692 0.2759359391481238 0.7593925204467786 8.525752723447528e-07 -3.1407040752108603e-06 8.532501362931466e-07 2.376789410830113e-06 0.0 0.003887593273072268 0.24049021651051267 0.7598769790613442 0.00030145279352260636 -8.447777605590241e-05 -0.00020263010443268405 0.00038093802827776017 1.0
0.06185106713258864 0.27593013996888305 0.7593948058565381 -1.0297809484881754e-06 -4.306339856104482e-06 3.302484172958387e-06 5.934961586062306e-06 0.0 0.004412067274793789 0.24031824703983368 0.7594330278886899 0.0005261619870795578 -0.00014877144353860115 -0.00043873883761657705 0.0007123725372845826 1.0
0.061850998539222296 0.2759279389486678 0.759394697527005 -7.447720236455547e-07 -2.3449571747556477e-06 7.05757973290645e-07 3.4122706658281942e-06 0.0 0.005043273778341665 0.24029592689443943 0.7588283780855049 0.0006568338371922171 -5.843797059514249e-05 -0.0006252058760792788 0.000876440068322022 1.0
0.06185015709133466 0.2759206300127802 0.759401258962464 6.787596531145007e-07 -4.956978337699168e-06 5.917166280878008e-06 9.223502417474912e-06 0.0 0.005575785913422999 0.2404355616400827 0.7583092564742455 0.0005706551731110835 0.00011766543520939675 -0.000566921705438012 0.0007514944483783465 1.0
0.061848299916846906 0.27591843995657783 0.7594033572100081 -1.418161927715281e-06 -4.782769966675714e-06 1.7754839912619774e-06 3.446434421034277e-06 0.0 0.0062377635656490965 0.24075492212048258 0.7577670354160385 0.0006205256522068315 0.00033109868078430344 -0.0005230164809478087 0.0009027962545713842 1.0
0.06184850853771899 0.2759220145341543 0.7594084211284057 6.87990671362014e-08 1.9356493531633075e-06 3.812337802064441e-06 6.225127412673342e-06 0.0 0.007451686988066372 0.2411302632157378 0.7571835207054991 0.0011114817552408398 0.0004200050022059908 -0.000531613425614758 0.001411701247991632 1.0
0.06185037678622804 0.2758935332331841 0.7594297016795909 1.5814695532229272e-06 -2.1963450135994386e-05 2.00278010204104e-05 3.545235869505853e-05 0.0 0.008148252088663235 0.24153094620536278 0.7565653205109463 0.000838628626615553 0.00042736371338995783 -0.0005953984823822301 0.0010315014165504695 1.0
0.061844536451569176 0.2758456360389105 0.7594241579467584 -4.161482527410607e-06 -4.835664376832501e-05 5.495914470043211e-07 4.943881263911375e-05 0.0 0.009133364361172621 0.24210818305954307 0.7558034459562294 0.0009462830132852765 0.000530001407866498 -0.0007544829590871845 0.0013338442306745804 1.0
0.06183672822485507 0.2758136338744392 0.7594026254764674 -8.37961308822466e-06 -4.121110921409293e-05 -2.1137966980842733e-05 3.897302198736236e-05 0.0 0.009756460257936974 0.2425209295870206 0.7553027310834108 0.0006642867475880182 0.0004278394729186032 -0.0005829690990660452 0.0009230705840973625 1.0
0.061835427540321994 0.27580717759613477 0.759392052858118 -3.5925723540412696e-06 -1.0857887406144113e-05 -1.7735446089879607e-05 1.1484305262673961e-05 0.0 0.010212173193698298 0.24294651893711272 0.7549097735149787 0.00040976160800162726 0.00040942991093726475 -0.0003950519093303661 0.000733113127860537 1.0
0.0618191538980814 0.27576153092788047 0.759341510784224 -1.3857589394566306e-05 -3.258813151913074e-05 -4.650514192033154e-05 6.963038016694089e-05 0.0 0.011166176017464865 0.24381822352830423 0.7540380312091015 0.0008045560608695578 0.000792738511800198 -0.0007439532777361563 0.0015474570543537285 1.0
0.061785437936739504 0.2756762955190806 0.7592665591168019 -3.212074635297606e-05 -7.709964099165837e-05 -7.520478833240202e-05 0.00012123112998776974 0.0 0.01133771205066342 0.2440846968732844 0.7537763704639319 0.0003567442268044357 0.0004104935711603813 -0.00038758200173734993 0.0004546369427519773 1.0
0.06177831745980615 0.2756416629202689 0.759226104575485 -1.4153967082220248e-05 -5.108583416888834e-05 -4.9691584598949486e-05 5.378680260104941e-05 0.0 0.011354901251424084 0.2443265447641607 0.7537220472010447 3.969425924442557e-05 0.00021642215726653676 -6.865394702158963e-05 0.00019329077719421452 1.0
0.061765934543635936 0.2756208651697816 0.7591991367871321 -1.0209459328652762e-05 -2.6234689108517577e-05 -2.5080608708178914e-05 3.137333476738081e-05 0.0 0.011261843861277786 0.24470302336293334 0.7538316357444574 -0.00018550654430964987 0.0002943907776644237 0.00015513966753144136 0.00040304249641303345 1.0
0.06175262846692981 0.27561528744454167 0.7591763620860447 -1.0451607406049625e-05 6.707773031830742e-08 -1.6376902958128943e-05 2.9246892417433928e-05 0.0 0.011236487704835294 0.2451111645917218 0.754015158136408 -7.525259379292438e-05 0.00039213913228587947 0.00024231136054182387 0.0005012172153288693 1.0
0.06174025522978551 0.2756119299577018 0.7591510636273655 -1.0531606512976687e-05 8.185409045598077e-06 -1.8102425436033313e-05 3.149403194456415e-05 0.0 0.011288462763984656 0.245594009907178 0.7542342634042585 3.917790376084095e-05 0.0004957822552350146 0.00024983803908351296 0.0005116822174854299 1.0
0.061727791300072506 0.27559888978778696 0.759124259836002 -1.2651820737186648e-05 -8.311218684995673e-06 -2.6177935561289128e-05 3.0350171385651465e-05 0.0 0.011263797481195659 0.24584197781044373 0.7546260190905435 7.361116773519391e-05 0.00034924656351062195 0.00031947866677199444 0.00043165248258119227 1.0
0.061723294489193 0.27558243701695423 0.7591059304809956 -8.345104579361063e-06 -2.5299449654084477e-05 -2.6988277880980728e-05 2.3676598060543216e-05 0.0 0.01103497999879081 0.2458978036760134 0.7550517007151215 -0.00013422175097762103 8.649399129559995e-05 0.00037584646208021143 0.0005128797172991882 1.0
0.061711821918969956 0.275563053883688 0.7590836067047121 -1.0310038268584492e-05 -2.6576682676658595e-05 -2.4424612931989548e-05 3.259281411630493e-05 0.0 0.010609071059888573 0.24602404158763572 0.7551652463761278 -0.0004860962822722186 2.976099204613728e-06 0.00020283146097044996 0.0004584577651027763 1.0
0.061670761843036125 0.2755265904108122 0.7590536229971344 -3.4963979024669315e-05 -3.302336259081752e-05 -2.628694455511549e-05 6.253155905256321e-05 0.0 0.010427853288001 0.24618946940451797 0.7549548529674903 -0.0002914223820328062 0.00013378232377083242 -0.00020156356223079716 0.0003217083723262837 1.0
0.06163642960805397 0.2755253596721633 0.7590530336162423 -4.075261076455148e-05 -7.480854485414327e-06 -5.036013933255622e-06 3.568908901613387e-05 0.0 0.01046907929138004 0.24624338737139628 0.7547766393453714 1.194035462722049e-05 0.00010752456668931137 -0.000274495909013677 0.00018743497089795843 1.0
0.061596539567970635 0.2755100191957656 0.7590384098783696 -4.2529775674099874e-05 -8.188880169270713e-06 -9.722365840513224e-06 4.290974469974375e-05 0.0 0.010560457017875138 0.24625548272666556 0.7544409854220466 0.00017493422173354295 4.729502090576533e-05 -0.00036201574912545626 0.0003451352607516866 1.0
0.06153934348883099 0.2754916998166273 0.7590334771006653 -5.474246599940197e-05 -1.4791377697437809e-05 -5.295440593577887e-06 6.09825360026024e-05 0.0 0.010712867667251547 0.24625881416176168 0.7540155028720739 0.00022055348031162385 3.861092303250949e-06 -0.0004050793789143231 0.0004633106905394364 1.0
0.06144903626449117 0.2754688128891047 0.7590260913142536 -8.550878753704896e-05 -2.3203550514464142e-05 -6.502143093626408e-06 9.460021224711394e-05 0.0 0.011162562182004667 0.24611177984850266 0.7533063897832759 0.0004146801702465464 -0.0001567096986550896 -0.0006311005085383767 0.0008445310091476339 1.0
0.06136299919580191 0.27545314847926966 0.7590256380249825 -9.070906976578561e-05 -1.955468411221704e-05 -1.9421745498571894e-06 8.744784514670177e-05 0.0 0.01176870524654587 0.24620947884630015 0.7526533857574849 0.0005785461056671795 3.3041617180621725e-05 -0.0006798610648382757 0.0009003788269422227 1.0
0.06127865837120247 0.2754312167805705 0.7590287389218321 -8.829104796206775e-05 -2.25326325841875e-05 1.679881746582255e-06 8.521399104973463e-05 0.0 0.012451297143614185 0.24637577220916165 0.7517742784603826 0.000688750599878757 0.00019149783594492152 -0.000880988729714607 0.0011163747851666258 1.0
0.061185854154600754 0.2754149987271022 0.7590379974360303 -9.093137832306834e-05 -1.7046944500307242e-05 9.286985451353513e-06 9.564175777463028e-05 0.0 0.013205571456194368 0.2466817623263747 0.7509359599485764 0.0007788586056663462 0.0003340960187839178 -0.0008700105619047461 0.0011752757384719786 1.0
0.06110313151635261 0.27540646429028803 0.7590499392260884 -8.002432820604943e-05 -6.252922963980461e-06 1.4426073845213334e-05 8.492558356991626e-05 0.0 0.013711084253625206 0.246719489211737 0.7502982264776724 0.0005427421371178127 0.00011073691431115462 -0.0006499209005820406 0.0008179900540814281 1.0
0.06104896407515718 0.2753978123250543 0.7590620449550336 -5.540199732189932e-05 -8.065139086552944e-06 1.1710933701449881e-05 5.579142711807873e-05 0.0 0.013864660859805516 0.2465638383763555 0.7501878753272084 0.0001385369279379566 -0.00016075526496413137 -0.00014116182409434571 0.00023839600087612254 1.0
0.060918988731775425 0.275367678805667 0.7590881903989353 -0.0001154265191016354 -2.643232817604734e-05 2.4265120930775233e-05 0.00013389085818218412 0.0 0.013935284876128377 0.2461993149472086 0.7499430196889164 -1.742687708460893e-05 -0.0004224341497312373 -0.00011497469047780612 0.00043260451978346416 1.0
0.06087015434016708 0.2753640314292862 0.7591004708468734 -6.933707273605954e-05 -1.0790514410601233e-05 1.512007854627988e-05 5.538489691852491e-05 0.0 0.013701840565984896 0.2460953147153646 0.7497430038072169 -0.00023886104455746223 -0.00022585868990625688 -0.00016522723561115168 0.00035858090182358564 1.0
0.06080841444087534 0.27533997253091597 0.7591036120277337 -5.7491548034547955e-05 -2.0674673968098502e-05 3.8252377296429135e-06 6.109060353682806e-05 0.0 0.013445848621941968 0.24598707882981571 0.7495748432405975 -0.00027946990223988915 -6.781376535951414e-05 -0.000198319853449561 0.00030915965098417925 1.0
0.06072181348902361 0.27531337742626055 0.7591121464423565 -7.83820107251853e-05 -2.7101166929891537e-05 4.728978152556571e-06 9.20346614018235e-05 0.0 0.013229833623731344 0.24587521376022164 0.7494354133271992 -0.00020242333421126985 -3.49658759895629e-05 -0.0002161308789681973 0.00026624414116544707 1.0
0.06057596572377086 0.2752398160557369 0.759144884074127 -0.00013895399168298842 -6.746251988316415e-05 2.808688620140077e-05 0.00016908860890882675 0.0 0.01310495564761695 0.2458086958884628 0.7493474572267107 -8.772924097080303e-05 -2.4801749010261388e-05 -0.00012216927717556374 0.00017467183137735384 1.0
0.06030860116165346 0.2750486757126205 0.7592003769897818 -0.0002616325869364971 -0.00018137261620688119 5.652358628146e-05 0.00033255551381533626 0.0 0.013054029132250872 0.24577479269985536 0.7492997786463357 -2.2501110911757175e-05 -5.425283847630214e-05 -2.5605737094256883e-05 8.456305075718162e-05 1.0
0.059803603124645416 0.2747064868183442 0.7594092218956701 -0.0004991773600757512 -0.00034349226624008313 0.00019527148105502322 0.0006424353303215584 0.0 0.013030685067098768 0.245750678337423 0.7492844551524606 -9.403174774447794e-08 -5.025204901954436e-05 2.371211129015738e-05 2.9044815661262153e-05 1.0
0.0591974788405584 0.274297070727775 0.759667096918328 -0.0006429040818307179 -0.0004352218896284027 0.000276859133118565 0.0007816543954370811 0.0 0.013026541814622388 0.24574780525844908 0.7492497383735118 1.6274227214382062e-06 -1.722465491392486e-05 -3.798786422860978e-05 4.068159550466038e-05 1.0
0.05828312852285132 0.2736496139099905 0.7601158093358786 -0.0009003537694582508 -0.0006350311249419693 0.0004436683592296155 0.0011968159467418942 0.0 0.013016257652903027 0.24573649480373058 0.7492206609963808 -3.654863498493644e-05 8.744121581077274e-06 -3.313812251068369e-05 3.116819494172231e-05 1.0
0.05757248937567497 0.2730722630193307 0.7604394526978127 -0.000779520367700509 -0.0006155348989200781 0.000369290403305442 0.000983991685477809 0.0 0.013006597842840695 0.2457297960617585 0.7491973143256128 -2.5295270963551748e-05 -1.3319642559381909e-05 -3.208912662046616e-05 2.4456414389026576e-05 1.0
0.05611922913710768 0.271672539260218 0.76045060015898 -0.00132530558043859 -0.00127765229500007 4.491118362133784e-05 0.0019931039299117266 0.0 0.012987701923352909 0.2457152047989331 0.7491596824373796 -2.5570142272551258e-05 -1.8415225538805953e-05 -3.920923110665826e-05 4.456187266783907e-05 1.0
0.05470771970582948 0.270140014639808 0.7602380348093399 -0.0014699038346556502 -0.0016038320965321164 -0.00025719730573813357 0.00213286254720848 0.0 0.012969709807346535 0.245697123904299 0.7491258351500667 -1.790634058105941e-05 -1.8088522701527278e-05 -3.3653610783838814e-05 4.388422457719988e-05 1.0
0.05296411326663296 0.2679327102292817 0.7597689185879847 -0.0017497316640516525 -0.002209378777833206 -0.0005240969341279457 0.0028241147437161563 0.0 0.012951239518810881 0.24567221616416438 0.7490795477488534 -1.563136939248421e-05 -2.4349260054760814e-05 -4.1953099177866084e-05 5.520013390782874e-05 1.0
0.050789423519092054 0.2652290978666711 0.7593452209418899 -0.0021619105194188594 -0.0027396822164391806 -0.0004891482241348374 0.0034976275954627907 0.0 0.012910576744897888 0.24564748906036107 0.7490231150731816 -3.522467917819075e-05 -2.5315678152790404e-05 -5.4848479956596006e-05 7.351504091040528e-05 1.0
0.04841724555805879 0.26230545193092913 0.7584751711806168 -0.002400510929024568 -0.0029784676121219563 -0.000790285748793267 0.003871973925931936 0.0 0.012869873428544518 0.24563028090444838 0.7489993590755488 -4.1691324975389946e-05 -1.7188003134110527e-05 -3.1970043079112835e-05 5.100588766687257e-05 1.0
0.04638934493236735 0.25999995758586775 0.758241055478788 -0.0021169024260224117 -0.0024148894477710736 -0.0003181578666526834 0.003089887432234617 0.0 0.012836722208482162 0.24560008776876946 0.7490006523682572 -3.6597954705073774e-05 -2.6880118970122646e-05 2.4376441177785004e-06 4.367851903149132e-05 1.0
0.04423116237781545 0.2574965797004132 0.7578182456475562 -0.002066710976494398 -0.0023279695099141214 -0.00032232543814213617 0.003280298386492954 0.0 0.012806782350279556 0.24556933610709578 0.7489706937789479 -2.9232184816660132e-05 -3.0253885635826174e-05 -1.6699636498022552e-05 5.246030136781007e-05 1.0
0.04222102843923252 0.25512483812049364 0.7573927215852969 -0.0019913134860998142 -0.0022937565121710045 -0.0003753834328692812 0.0031952982300756357 0.0 0.012768410441183854 0.2455438210310576 0.7489357546667247 -3.441117893679303e-05 -2.782713110545353e-05 -3.461305334747938e-05 5.917943534937585e-05 1.0
0.04020580569171736 0.25292883318693443 0.756936650688813 -0.001945909240871078 -0.002163679274653104 -0.00045178513944099533 0.0030107567099704334 0.0 0.01273168577140875 0.24551609991824322 0.7489094096009413 -3.567084829445824e-05 -2.761406668641021e-05 -3.3707862420191374e-05 5.2402697488184326e-05 1.0
0.0387018342975358 0.2513207955592294 0.7561808821575888 -0.0015915156035131058 -0.001729267994403657 -0.0007538692558784183 0.0023101306319078356 0.0 0.012714543559509184 0.2454949616056167 0.7488877850400748 -2.1193084399260108e-05 -2.1734059675249018e-05 -2.7705428865608167e-05 3.3889555325729066e-05 1.0
0.03763398905722453 0.25020345214793793 0.7553945676217695 -0.0011057782354420875 -0.001153362315691007 -0.0008610171829011308 0.001718511700265228 0.0 0.012697851246179233 0.24548294914682206 0.7488547714168569 -1.6334285819120714e-05 -1.1471429845686052e-05 -3.0177338118215358e-05 3.9090036727828854e-05 1.0
0.03682584419556748 0.24924153274948105 0.7542988888941061 -0.0007402824164119664 -0.0008590180951086165 -0.0011131599460191067 0.0016873846492626641 0.0 0.012677439237359818 0.24545603036028052 0.7488283727705258 -1.7053280342040957e-05 -2.2484855000219533e-05 -2.3021185624150696e-05 4.3724743989831944e-05 1.0
0.03648282975953169 0.24856284906020867 0.7533470520493976 -0.00030653889864359646 -0.000619516467492955 -0.0009697343696534515 0.0012308385163888312 0.0 0.012660124300517705 0.24543068740105056 0.7488203309047259 -1.7106041340795223e-05 -2.7755597582875596e-05 -9.324479906642797e-06 3.179549268052213e-05 1.0
0.03631287142318913 0.24791103200425363 0.7522667425820625 -0.00015389813342095177 -0.0006814726260768829 -0.0010625914034774753 0.0012555885429500519 0.0 0.012647550905910425 0.24540677854489631 0.7487874479938136 -1.4874552388419579e-05 -2.6185916073079184e-05 -2.9342146586734255e-05 4.1389286011406466e-05 1.0
0.03630471279216728 0.2473872241706922 0.7513577401102263 -2.5793114006190856e-05 -0.0005943068633076755 -0.0009038213818084123 0.0010483781070989365 0.0 0.01262093749078008 0.2453875500259898 0.7487576363345192 -2.601600160752103e-05 -2.0532085579462915e-05 -3.13665227062706e-05 4.5041303259780546e-05 1.0
0.03626798712121273 0.2464685659225645 0.7503704716622223 -5.76095515476137e-05 -0.0008937132009288998 -0.0009357794409844624 0.0013489922023777212 0.0 0.012591083541886648 0.24536419596625078 0.7487488569082337 -3.059049352145668e-05 -2.1631931075931727e-05 -1.3336413068138297e-05 3.929869848078977e-05 1.0
0.03614402233644931 0.24586758214821183 0.7497373681278122 -0.00013020557689371768 -0.0006894898182078306 -0.0006793256068268272 0.0008985435717948722 0.0 0.012579735594638744 0.24534763187567435 0.7487292286424538 -1.4688359609810773e-05 -1.595525059216531e-05 -1.6568904017545082e-05 2.738450234760286e-05 1.0
0.03542587908863379 0.24489484533752595 0.7492804378992474 -0.0006797205166961247 -0.0009181681785014023 -0.0004416786163305863 0.0012613553040856824 0.0 0.012555805398028749 0.24533027872843718 0.7487083119876399 -2.0569887857296797e-05 -1.625923003897576e-05 -2.0001902717515336e-05 3.602047032533434e-05 1.0
0.034948282450290725 0.24432580237244209 0.7489329213022158 -0.0006229900767392002 -0.0006461471366246113 -0.00032236797256915363 0.0008528841872108093 0.0 0.012529994563442335 0.24531718799689137 0.7486804352062445 -2.453001817694421e-05 -1.4607813034998012e-05 -2.612835259883411e-05 4.120737258627688e-05 1.0
0.03491576552870103 0.2438375831536791 0.748610568115228 -0.0001144345192401492 -0.00044360811760677746 -0.0002860746071865402 0.0005663201635782826 0.0 0.012494674457687779 0.2453130697043295 0.7486502890966685 -3.402438027454915e-05 -4.833499487688982e-06 -3.160797522073662e-05 4.6152371996689896e-05 1.0
0.034782127470669874 0.24353685461918734 0.7484094864374788 -6.110586974561276e-06 -0.00025925752748299043 -0.0002373064818001309 0.0003863895014127041 0.0 0.012445612874853554 0.24529627338539864 0.7486282641389314 -4.9601736043626074e-05 -1.3406076177845472e-05 -2.7051193578426155e-05 5.597971471179088e-05 1.0
0.03466228412117628 0.24334278561543218 0.7482347619611505 -8.469026864702157e-06 -0.00015488573971797666 -0.00019356152481642477 0.00029166806279132653 0.0 0.012399159706843401 0.24526693460309631 0.7486241799345432 -5.141643185984358e-05 -2.844331689937707e-05 -4.639808168316273e-06 5.539684646779545e-05 1.0
0.034576626196237394 0.2432339923178604 0.7481076383600439 -6.978890620192175e-05 -0.00011707443801783587 -0.00015050201025328135 0.00019921090105539155 1.0 0.012369657945017059 0.24524576748367935 0.7486217232903621 -3.229694723980654e-05 -2.6309170632007294e-05 3.1812309416419176e-06 3.651439372496473e-05 1.0
0.034586743300186615 0.24309738792538715 0.748116628267857 -5.9416736736225156e-05 -0.00012551403278152735 1.0695940746382072e-05 0.00011806509057554217 1.0 0.012365137828958154 0.24523789769127996 0.7486218296603621 -2.8684891205220663e-06 -1.0830031890171388e-05 2.2336860603760133e-06 8.585699318580942e-06 1.0
0.03460116081326915 0.2430149047114561 0.7481351583976279 -4.421433845706277e-05 -0.0001384886516004925 4.023843033625822e-05 9.467327359749924e-05 1.0 0.012354911710271458 0.24522272187061434 0.74862934354069 -2.5886886017365086e-06 -1.103368528434598e-05 6.473302215260901e-06 1.9632392168507034e-05 1.0
0.03460309228110615 0.24305444853345617 0.7481401396442551 3.63657618637623e-05 2.7556610844118104e-05 1.880632938690009e-05 3.8794563872625006e-05 1.0 0.012339491763962547 0.24520834816734824 0.7486247522430334 -1.1489121412296759e-05 -1.1404988484178587e-05 -4.359730970072137e-06 2.2907252125803494e-05 1.0
0.034623380014691944 0.24327686231378057 0.7481721305385769 4.4577334712700336e-05 0.0002067421806950685 2.1242539807088336e-05 0.0002238716739940413 1.0 0.012341319680896029 0.2452003187001114 0.7486243472664861 -4.349027650419604e-06 -8.538959119447843e-06 -3.83237184513426e-06 7.815065872154572e-06 1.0
0.0346322009242453 0.2434573488808678 0.7481875025331688 -7.579050351917971e-06 0.0002340227144676372 1.1506610472662325e-05 0.00018837213810958097 1.0 0.012524651124772532 0.24520769075318755 0.7487142404132672 0.00015466375251066083 3.4669904345640314e-06 7.626046772198745e-05 0.00020115801016188904 1.0
0.03465371253161826 0.24364211185412257 0.7482342353809035 1.1852703090862299e-05 0.00020468357006721158 3.1363304188682236e-05 0.00018487982546819384 1.0 0.0125648548141666 0.2451175438810673 0.7488376937147201 8.646266927480581e-05 -7.49233723805087e-05 0.00013232997223229718 0.00016565317014084651 1.0
0.03460410603463842 0.24385849003417961 0.7483278919240479 -3.695078980782765e-05 0.0001977270420791897 9.179658334452178e-05 0.00023881832674648188 1.0 0.01241789498737953 0.24493721136718186 0.74892545549713 -0.00011679498176820878 -0.00017846795038342815 0.00010901642713842285 0.00024107820759315202 1.0
0.03443674328206214 0.24432789946136674 0.7487005863318185 -0.00015303431520455665 0.0004083853920181296 0.00035197561310595287 0.0006251747386693895 1.0 0.012257084035345978 0.24462970744812787 0.7491086463697908 -0.0002019403997553311 -0.0003137297400456982 0.00016954275777964108 0.0003924220570018716 1.0
0.03432675176233825 0.24457259432654574 0.7490821200467951 -0.0001435735213075853 0.000305868201720838 0.0004252981377439322 0.0004800030993218965 1.0 0.012208659326044 0.2444793645243942 0.7492615502187698 -0.00010738224514346813 -0.00020398471595962656 0.00015841218349300928 0.00022841379678128324 0.0
0.03413943495873117 0.2447786639965978 0.7495855022648144 -0.0001837218266314401 0.0002206282598100996 0.0005186528869423445 0.0005526614201364072 1.0 0.012186292717372925 0.24447299933659913 0.7493129435551514 -1.5867680613413755e-05 -1.2457753461332693e-05 6.0874456167734276e-05 4.793199754539546e-05 0.0
0.0339018179083278 0.2449868517888708 0.7502904564189028 -0.00022775935729139798 0.00018527881467513506 0.000689712428035123 0.00077796832073387 1.0 0.012338216634870895 0.24441896316579687 0.7496207691719279 0.00017399698726535136 9.472548830369557e-06 0.00025311395028861084 0.00034048126126468177 0.0
0.033805498188638566 0.24530901330990884 0.7518427891705669 -0.00011655566633820256 0.0002727770178323812 0.0014446513535211392 0.0015944999264998312 1.0 0.015227566321227987 0.24369700930742094 0.752730135479945 0.0025625980502544774 -0.0005949565888306249 0.0027377627187721424 0.004291640419349319 0.0
0.03386992727774179 0.24512132160766859 0.7537682294626584 6.268660970054032e-05 -0.00010180822481065666 0.0019925146937380418 0.0019507434325516007 1.0 0.016221673152263943 0.2436826907705714 0.754009843594821 0.0016531704697227278 -0.00022333012340977414 0.0019625192840548615 0.001762906742260604 0.0
0.03417428388007167 0.2458828178152684 0.7542013013597204 0.0003082614719348776 0.0005926016812990617 0.0007882076948226823 0.0009145360217206465 1.0 0.01596905298317016 0.24372558976284667 0.754045347159665 -3.8200020857949055e-05 2.1449095045170374e-05 0.0003007868516552803 5.2625033757426635e-05 0.0
0.03481925481863879 0.24648446156176873 0.756211369706225 0.0006529137157130719 0.0007201571148022108 0.0016114807147439166 0.0021418649380941994 1.0 0.014973103890544922 0.24452826295585578 0.7527310943643304 -0.0013171912047149881 0.0007697611611697933 -0.0015281333835202504 0.001819963550278466 0.0
0.03443632301928392 0.24904319170912506 0.7584483051945611 -0.00016375685636962938 0.0023483655761735 0.0021510047955158244 0.0034941113523614593 1.0 0.014239821549210075 0.24523063943167933 0.7518543098157593 -0.00128368097270683 0.0009056497128629536 -0.0015594497454950184 0.001567320479069159 0.0
0.03434713325409938 0.2519441937317341 0.7597779391540194 -0.000267220540643029 0.003143220151778351 0.0015767987183112318 0.003220209686691729 1.0 0.014189653178127008 0.24565675339365822 0.7516331948575973 -0.00027620613059249003 0.0005501429315853209 -0.000513699235784791 0.00040982426843161226 0.0
0.03461442626993424 0.25506296810784246 0.761668163191797 9.241736666908964e-05 0.0033326619625987106 0.0018175866220962503 0.0035569983087522772 1.0 0.014786928456343752 0.24593531954133357 0.7517655249547077 0.0009044643905621225 0.0001820507815224299 0.0004973706265362495 0.0005011823506115706 0.0
0.0407632617453803 0.25907578668349573 0.760330011952545 0.005358709463029775 0.0039001226862023955 -0.000863860463683918 0.007454192037077359 1.0 0.016720566434403138 0.24525965673260905 0.754174909909566 0.002312630174884699 -0.000723719363068535 0.0026692191879287624 0.003285136195970621 0.0
0.04493780465898915 0.26192121068629315 0.7607570679272025 0.005400102443265351 0.0029543143575954628 -0.0003336887230875184 0.005269158772109527 1.0 0.016006533322400953 0.24436689074405735 0.7551198487890152 -0.00014987368358490702 -0.0010253862135419572 0.0014830150809263948 0.0015973593428180886 0.0
0.04733894011796543 0.26427595742637283 0.762753090902513 0.003165907606497341 0.002227114733994908 0.0015728633180377533 0.003695215748250591 1.0 0.014858417289390293 0.2436833523277235 0.7554541228802216 -0.0014657894526054827 -0.0008288878751522008 0.00031582766946956797 0.0011787003107218532 0.0
0.049620542049857747 0.26645111026516977 0.7637364090445018 0.001783767932166557 0.0019076745193860173 0.0017030999935226483 0.0032899683933760165 1.0 0.01391438273082168 0.2431928795717134 0.7556442942858789 -0.0015313814515890223 -0.00042124005212882575 -0.0002449095733504785 0.0011196391115518042 0.0
0.05269282833906286 0.26864152498366406 0.7643095417640857 0.0020858698427157684 0.002137231646443848 0.0009458374727666628 0.0039612266500311235 1.0 0.013365753527155938 0.24293655503688424 0.7556893054377333 -0.0007969749938885266 -0.0001409129040767388 -0.00024368645000023424 0.0006991241577671257 0.0
0.05465209575166951 0.2696821997979848 0.7644545674450168 0.0018759533250102493 0.0012305049384810185 8.800806896373716e-05 0.0022552052288883975 1.0 0.013136799189652963 0.24285226549193273 0.75566690085603 -3.253682043127999e-05 3.633745106429833e-05 -8.194895012222187e-05 0.00021724615069203886 0.0
0.05602127721419696 0.2702576294757221 0.7643461322911738 0.0016975682147722377 0.0006375834616284257 -0.0004137112551456468 0.0013095467560792508 1.0 0.013034183541197557 0.24288086976325235 0.7556478930067568 0.0002850924291540142 6.527123909155828e-05 0.00014402003691428925 4.643114086531132e-05 0.0
0.057637267698115 0.2708932384542541 0.7640176192837593 0.001970624852552447 0.0005578849732016679 -0.0006817942181191879 0.0018348644828572731 1.0 0.012926472400019973 0.24303364261157223 0.7556282721262104 9.176764616370455e-05 7.018127882975835e-05 0.0002171860409982794 0.00024398029174928747 0.0
0.0595799684644948 0.271620694310588 0.7634058869539083 0.001677179079448152 0.0006039368233024989 -0.0003952076192947078 0.0022228543217373596 1.0 0.012836621295316868 0.24316204254722446 0.7555605851687627 -0.0003151067543365159 0.00010678813652145876 -0.00013164643075581082 0.00015851222359249996 0.0
0.06085683587173498 0.2719577811134269 0.7628322379717862 0.0013522614603445602 0.00048282750920492076 -0.0004483870188671705 0.001431916710570095 1.0 0.012822766993039619 0.24320481270430064 0.7555257091901714 -0.00012045475224772644 4.240144487814763e-05 -6.878509073062519e-05 4.920141448186161e-05 0.0
0.06295593093692947 0.2720895241727817 0.7613266253333325 0.0020666525757341305 0.00025067492169427276 -0.0014082652784779084 0.002490061714467691 1.0 0.012831609152758824 0.2432369215320875 0.7554984363483709 -1.1566242573688313e-05 3.936291460809329e-06 -3.243719199028675e-05 4.034709310612788e-05 0.0
0.06429486820957069 0.27210551761326 0.7596318469258343 0.0015803584618676427 5.522927323850513e-06 -0.0017768340940875452 0.002255286437044908 1.0 0.012840108881562536 0.24325948491315513 0.7554921403044732 3.467629426942944e-05 5.293293391391658e-06 -1.4046133420548651e-05 3.315766809703518e-05 0.0
0.06487960338843707 0.27154235108696706 0.7585533581864689 0.0005586809585812653 -0.0006129397571139911 -0.001287312515609741 0.0013332677319411609 0.0 0.012847217567846847 0.24326511631571285 0.7555000141104116 3.0174773018989856e-05 7.335095764547195e-06 9.382290995554319e-06 1.3963513568848122e-05 0.0
0.06494728869124551 0.27021845888770285 0.7582051305971611 -7.137861174225817e-05 -0.001318612110530461 -0.0003806873286306027 0.0013193988385358604 0.0 0.012864124966724653 0.24324153144800537 0.7554904458017941 1.5735570831196477e-05 -6.276311323301671e-06 -9.220953143284724e-07 2.5229181018430482e-05 0.0
0.06495035930310421 0.2694873386945504 0.7580855703927957 -0.00015239518146324964 -0.0009352420487872684 9.463561234234415e-05 0.0007905440625860071 0.0 0.01289189091188258 0.2432130233268782 0.7554950154367401 1.7934651752107478e-05 -1.621633380897617e-05 -1.4105145335273589e-06 4.071117011277368e-05 0.0
0.06478897021839693 0.2686144458011294 0.7581807345469151 -0.00018575869972047216 -0.0008215994058146842 0.0002671629661871169 0.0008982976587028203 0.0 0.012934830089896324 0.24317903646235312 0.7555077679038293 4.197974480393661e-05 -3.647108684333851e-05 5.152196945822065e-06 5.769032018613791e-05 0.0
0.06466219793108123 0.268204019887316 0.758379638845137 -8.047197824278813e-05 -0.00038637687144042483 0.00021559338528555832 0.000449112208346709 0.0 0.012952679524522287 0.24316984016753868 0.7555133988717091 3.0161218854956535e-05 -1.7613463685514554e-05 8.556925932814245e-06 2.023213233585158e-05 0.0
0.0645228685271975 0.2679057286290325 0.7585600252561463 2.8791177564465968e-05 -0.00015747616428314783 3.730325496116842e-05 0.00037526849940040644 0.0 0.012964727572637587 0.24316418323139619 0.7555196595925989 1.2003507026552666e-05 2.2207814475069934e-07 6.779629947968034e-06 1.3606440011817155e-05 0.0
0.06439878369706277 0.2677010726845824 0.7586878485524293 -0.00011707213767784197 -0.00013304897298130298 3.8436508888834266e-05 0.00027956485323578925 0.0 0.012976085898179194 0.243156412808213 0.7555167022205009 5.706188980773417e-06 -1.366420747378053e-06 -7.875021194845014e-07 1.5303399757530232e-05 0.0
0.06430422639777691 0.26758040521292165 0.758766224369002 -0.00012537893656806615 -0.00017997773636822202 7.158195090854378e-05 0.00016913152451880934 0.0 0.0129813789402847 0.24315194668295254 0.7555160832424611 2.786165251900493e-06 -4.759724183403738e-06 -3.0279649133030156e-06 7.583531443986659e-06 0.0
0.06417547062622488 0.26745032251273676 0.7588434188217861 -0.00014199869498928623 -0.00019445466631186738 8.437119159777884e-05 0.00020445176816823174 0.0 0.012994039205840089 0.24314769935114328 0.7555066106161299 1.2161773326841699e-05 -7.838865719752454e-06 -1.0479831026347979e-05 1.5399424869373915e-05 0.0
0.06407118015320915 0.2673744779706777 0.7588623460233828 -0.00011392019714242324 -8.35569027945464e-05 2.7258309588225067e-05 0.0001222674745792326 0.0 0.01300922749054431 0.24315724372403402 0.7554836208379742 1.8560226312024264e-05 5.1572762403028405e-06 -2.0539694653141596e-05 2.8825574066009308e-05 0.0
0.06392969951799056 0.2673238196264129 0.7589254330480664 -0.00014912939284310978 -8.109330288506367e-05 6.905575172843553e-05 0.000167323324507411 0.0 0.013013456562136975 0.2431629841815026 0.7554662305440559 8.945741170258783e-06 7.487827013494848e-06 -1.973554947735477e-05 1.9889898224765873e-05 0.0
0.06385335168134722 0.2673145764579697 0.7589623715090023 -8.934795898202355e-05 1.0455541933009245e-05 5.661426545401791e-05 8.470808053594517e-05 0.0 0.013011079801220904 0.24317122448529926 0.7554494872465086 -3.787294873335455e-06 1.0629446455871309e-05 -1.7565862687420935e-05 1.768587198696983e-05 0.0
0.0638238034982853 0.26726966132081625 0.7590212739271516 -3.208074703656667e-05 -3.0757536411357895e-05 6.127555026361458e-05 7.826427531987506e-05 0.0 0.013007450449115995 0.2431658419638509 0.7554401569675423 -6.236355932608493e-06 -3.612303343941865e-06 -8.878428945448827e-06 1.1724986856804772e-05 0.0
0.06382929318744505 0.2672384717035808 0.7590468957884435 1.6712331290081467e-05 -3.145760080422075e-05 3.245199910437255e-05 4.2897804808696594e-05 0.0 0.013011218538102061 0.24316467692741112 0.7554415054779402 8.570748447488716e-07 -4.841393795161522e-06 2.3234126358417964e-06 4.643600457642995e-06 0.0
0.06383929660116967 0.26721699950189365 0.7590612300527565 2.358269525370619e-05 -2.6415987834394318e-05 1.1684586605737569e-05 2.6485320138385827e-05 0.0 0.013028033436917457 0.24316382856711452 0.7554281286185246 1.6127366305889728e-05 -2.6245359563740273e-06 -7.9112446030613e-06 2.096260157996923e-05 0.0
0.0638461363381362 0.26720327164308416 0.7590701686678019 6.967007203195102e-06 -1.9053392788602637e-05 2.9390435339154796e-06 1.877807997932533e-05 0.0 0.013042121065819048 0.2431790751643003 0.7554083942350104 1.930716794278908e-05 1.3521247212633539e-05 -2.0680657042788888e-05 2.9147439044998417e-05 0.0
0.06385545786486718 0.2671970326735613 0.759070063564342 1.0001463876473625e-06 -1.9664707153867005e-06 -5.142955146813515e-06 9.787564162169624e-06 0.0 0.01304507598538402 0.24319764188075937 0.7553834727621033 6.728849163991846e-06 2.2436418552211258e-05 -2.8616929525479914e-05 3.1118533832134126e-05 0.0
0.06385971198233158 0.267194393894623 0.759061282067897 -5.78908456475206e-06 2.2074851448264805e-06 -5.072139135310191e-06 1.125474793750144e-05 0.0 0.013045619579136783 0.2432059256278522 0.755377428323816 -2.2871023755077466e-06 1.2719136371488507e-05 -1.1473376707199051e-05 9.819909798951852e-06 0.0
0.06384630300208255 0.2671856879922454 0.7590501780587174 -1.0789922867253545e-05 -5.273570579245264e-06 -1.1117842154242442e-05 1.8561300279170914e-05 0.0 0.013040462296925516 0.24321850926702074 0.75536339352475 -8.354507509943853e-06 1.0826019676294862e-05 -1.0525368329405572e-05 1.910473415463671e-05 0.0
0.0638099817314337 0.2671829389306391 0.759044476900754 -3.336077510342221e-05 -8.261368057388489e-06 -4.439484605432432e-06 3.7547755879242077e-05 0.0 0.013039946844792465 0.2432220393335873 0.7553630597748766 -3.3717676178037947e-06 1.6742171598788112e-06 1.219816406901194e-06 5.066298585715047e-06 0.0
0.06377239988609547 0.2671846150093793 0.7590501793488121 -4.0290863808709426e-05 6.447702459912112e-07 3.645855016104477e-06 3.809122323511052e-05 0.0 0.013038992310363345 0.243223150721024 0.7553672316564279 7.24226709596506e-07 -7.75681003565003e-07 6.457032421950189e-06 3.5687028413941497e-06 0.0
0.0637383190168424 0.2671839950383656 0.7590536305523404 -3.694530229761029e-05 6.533077517710499e-07 6.90439136809235e-06 3.372858791483823e-05 0.0 0.013038583578248551 0.2432210043818089 0.7553709258753522 2.1959631523937195e-06 -2.6322864833695287e-06 3.838149584802726e-06 4.203263488583575e-06 0.0
0.06370086324738511 0.2671845762888918 0.7590583044714604 -3.4818573421658454e-05 1.3192686332274777e-06 6.2746479650798035e-06 3.763135266845644e-05 0.0 0.01303502157177804 0.2432226450798177 0.7553813511711635 -2.4350395841072352e-06 1.999702401724231e-06 8.565190559086186e-06 1.1247785963542912e-05 0.0
0.06366961335047358 0.2671875203502499 0.7590654613095199 -2.8265055243255345e-05 3.004664704551816e-06 5.873904078571617e-06 3.293107763962972e-05 0.0 0.013034057278999478 0.24322391299730686 0.7553827641757651 -2.377933500453352e-06 2.232075646777689e-06 2.5048464777619198e-06 2.6028595657326546e-06 0.0
0.06364776990184143 0.26718358346088683 0.7590692028906604 -2.0687487461155046e-05 -3.112061608598509e-06 2.605992209356945e-06 2.234163339610444e-05 0.0 0.013034446697238165 0.24322442501735517 0.7553842016741017 -3.118584237736456e-07 1.29765309407127e-06 7.357550131819172e-07 6.097614119370645e-07 0.0
0.06361519666940076 0.2671809212705126 0.7590701542215336 -3.0194598969727565e-05 -4.211825587762306e-06 1.1308077588230431e-07 3.2035372707564776e-05 0.0 0.013034474644612328 0.24322401694594564 0.7553862836360916 1.256915020162877e-07 4.814823194528936e-07 -1.6765788074917078e-07 2.6962442470666257e-06 0.0
0.06359090803704041 0.26717796322982984 0.7590749927383621 -2.745614888689931e-05 -3.0939752232720314e-06 3.840596856710638e-06 2.5847884390834917e-05 0.0 0.013034863212157955 0.24322572389345817 0.7553858419588815 1.0202281407712684e-06 5.222764131213611e-07 3.6406369239146606e-07 1.9772588820246514e-06 0.0
0.06356140978344822 0.2671772545372494 0.7590857321604357 -2.9272415787305624e-05 -9.020324698636894e-07 1.0608621090151197e-05 3.088204922431503e-05 0.0 0.013035007828261174 0.2432273593991727 0.7553848715478749 2.002425659166412e-07 1.3846775831253284e-06 -6.436140399636263e-07 1.7482570654573451e-06 0.0
0.06354173587377798 0.26717279769665 0.7590911736132505 -2.1933399223928565e-05 -3.4083109915102423e-06 7.409534522201782e-06 2.0941114516035118e-05 0.0 0.013036807405393766 0.2432269220138705 0.7553871791899026 1.2859785025501765e-06 -6.397627204936873e-08 2.178720572795843e-06 2.71414263822562e-06 0.0
0.06352215003584052 0.2671642481894028 0.759093659408156 -1.902147226419446e-05 -7.657411857571466e-06 3.495331864326535e-06 2.134872924717368e-05 0.0 0.013034066452581 0.24323065379617564 0.7553869151034222 -2.233794623060108e-06 3.264305727991747e-06 1.0052200747042942e-06 4.9014834200328894e-06 0.0
0.0635132606415084 0.2671618836295611 0.7590960725895234 -8.63266469633942e-06 -4.12469503918991e-06 1.4736360744690936e-06 9.963676690403147e-06 0.0 0.013032370173726434 0.24322782145892266 0.755390626690105 -2.1154241195506595e-06 -1.6931108414545359e-06 2.716385276098599e-06 4.932448407556106e-06 0.0
0.06350762784671302 0.267154210642115 0.7591039247882837 -4.076079746077905e-06 -7.2207408180149194e-06 5.611389700562714e-06 1.1821665243394111e-05 0.0 0.01302992392788511 0.24323281536240812 0.7553900613684261 -2.6540635856793705e-06 3.2343235096176235e-06 5.62695984860909e-07 5.515422406352491e-06 0.0
0.06350662609492333 0.2671508424708511 0.7591057372558356 -1.1614535700136615e-06 -3.748556129227246e-06 3.1355559989901734e-06 4.530151592338047e-06 0.0 0.01302881066070867 0.24323770482853146 0.7553960336289883 -1.4386727737164583e-06 5.323843849767398e-06 4.745959765761979e-06 7.804413788773813e-06 0.0
0.06350511537103712 0.2671428052119339 0.759112526113036 -6.518401814281407e-07 -6.742505844626663e-06 6.855872934490424e-06 1.0073739968706646e-05 0.0 0.013021513570609709 0.24325363142219364 0.7554022412536942 -6.034726146747775e-06 1.5259351896364774e-05 6.3431246218286995e-06 1.8579375076055114e-05 0.0
0.06350468635126774 0.2671396755172568 0.7591143627323336 -1.5406286734836485e-06 -3.955475226628469e-06 3.254626976515842e-06 4.149600819762269e-06 0.0 0.013021071218725588 0.24326042472309953 0.755398771728598 -1.8407764213554694e-06 9.866634257140742e-06 -1.4734494332301128e-06 8.022725200412436e-06 0.0
0.06350519406154692 0.2671375937231462 0.7591149172701488 -1.0817942546854166e-07 -2.4052972227491413e-06 -1.938791110641315e-07 1.7622106510339572e-06 0.0 0.01301027037095557 0.24328243044617984 0.7553971431651059 -8.980117499836477e-06 1.9597309202418724e-05 -2.9437147388891946e-06 2.3689564003573475e-05 0.0
0.0635032105796464 0.26712996124416777 0.7591234905033083 -2.186485574862304e-06 -6.365106697418315e-06 6.504058433295558e-06 1.173425192018815e-05 0.0 0.013003454990689122 0.24329285005390588 0.7553860173963995 -8.397543070016282e-06 1.2761345854822675e-05 -1.1122892946768439e-05 1.7591136895048386e-05 0.0
0.06350229787866311 0.2671280330628842 0.75912478878899 -9.54185783858561e-07 -2.8687211461914646e-06 3.34221278881675e-06 2.9495597396409205e-06 0.0 0.012997601322079017 0.24329721799823054 0.7553827718478794 -6.159214930879499e-06 3.8921609864411215e-06 -5.7712284526284554e-06 7.692643462657477e-06 0.0
0.06350210533993261 0.2671280472516531 0.7591221451194448 -3.134991273251848e-07 -5.671377978905173e-07 -1.6996499506379792e-06 2.1768772549682604e-06 0.0 0.012992903759047485 0.24329979900936463 0.7553810154361599 -4.369450810031709e-06 9.548899450589838e-07 -1.5138982348794906e-06 5.222889673252976e-06 0.0
0.06350071871144757 0.26712316506005584 0.7591151677568525 -8.370399521453211e-07 -3.4135280026268448e-06 -7.714339096235748e-06 8.447320579433227e-06 0.0 0.01298992893377159 0.24330199144752884 0.755392302675464 -2.4631466696977273e-06 5.896365708471419e-07 1.1780702419644235e-05 1.2179040475498048e-05 0.0
0.06349434516337552 0.2671102498776127 0.7591153500023794 -5.655495394518639e-06 -1.2206547410348743e-05 -2.1314134464965505e-06 1.5046097079348027e-05 0.0 0.01297965949227895 0.24332032726810532 0.7554002177303031 -8.781239681280441e-06 1.6324364521020754e-05 1.1227400594128335e-05 2.301391514788336e-05 0.0
