0.0632044182700286 0.2793769227430156 0.7638821024505811 0.0 0.0 0.0 0.0 0.0 -0.017547520140061276 0.2797299083503508 0.7639550473853686 0.0 0.0 0.0 0.0 0.0
0.06320714523652195 0.27937283821611053 0.7638764158666588 2.7269664933521343e-06 -4.084526905090424e-06 -5.686583922304145e-06 7.51378353425761e-06 0.0 -0.017568305905603827 0.27972835351049 0.7639511852719691 -2.078576554255182e-05 -1.5548398607512226e-06 -3.862113399422107e-06 1.8909355242996496e-05 0.0
0.06328272920423414 0.27930772268976944 0.7638592172922004 7.558396771219222e-05 -6.51155263410863e-05 -1.7198574458365812e-05 0.00010123615416043013 0.0 -0.017698906595804507 0.2797149049956963 0.7639148285686194 -0.0001306006902006794 -1.3448514793734656e-05 -3.635670334978247e-05 0.00013885771140760905 0.0
0.06341639971909842 0.2792410126718787 0.7637906625701298 0.0001336705148642786 -6.67100178907698e-05 -6.855472207056845e-05 0.00016437087013592477 0.0 -0.017798784777432484 0.2796799806363256 0.7638605311230209 -9.987818162797771e-05 -3.4924359370691604e-05 -5.4297445598483485e-05 0.00012395852069304906 0.0
0.06344408791407848 0.2791539899301618 0.7637344800171175 2.8608165325448347e-05 -8.4243631422848e-05 -5.8148141929589534e-05 0.00010721974155981108 0.0 -0.01792991825269419 0.2796463010445554 0.7637663348820931 -0.00012496087772194048 -3.4130250575813944e-05 -9.30576948558423e-05 0.00015653002252459004 0.0
0.06345862827449797 0.27912506604679277 0.7636810263773733 8.737478057642746e-06 -3.142794843495813e-05 -5.09258676555095e-05 6.249243723984997e-05 0.0 -0.01802855437948749 0.27961638261866917 0.7636307813453767 -0.00010332535078966602 -2.9168325947441336e-05 -0.0001363679860507942 0.00017109109808575724 0.0
0.06341950035145599 0.2790948644005856 0.7636806568460736 -4.687164573744945e-05 -2.0851853918150736e-05 4.038893223569978e-07 5.000432572827577e-05 0.0 -0.018065045655852516 0.2795964633887415 0.7635623224335245 -3.576061708082391e-05 -1.8129748665287576e-05 -7.647991111446992e-05 8.512969527675214e-05 0.0
0.0633769630351907 0.2790728936759638 0.7636935289808994 -4.0722392560807246e-05 -2.2706857119296253e-05 1.932442682797828e-05 4.913097484540421e-05 0.0 -0.01805392495768561 0.27954187385706286 0.7634454617899074 1.1432047963417944e-05 -5.0465767692539874e-05 -0.00010424374565495424 0.00012472057061609993 0.0
0.06334029288430221 0.2790391725879313 0.7636863126399639 -4.067618627350129e-05 -2.873109727116401e-05 7.189648941438197e-06 4.859539341008498e-05 0.0 -0.018065053643334796 0.2795454416997255 0.7633537714650208 5.971383577290249e-06 -6.497890924153028e-06 -8.864848220179971e-05 9.57052344750103e-05 0.0
0.06325310166575122 0.2789155024102129 0.7637076043493769 -6.423559839691378e-05 -0.0001193484048731541 1.4356468007881531e-05 0.00014977956851721503 0.0 -0.01807574990135364 0.27954559683856545 0.7633243259195338 -1.632057256993933e-05 3.5804337083260056e-06 -3.5284735364652726e-05 3.196642055515182e-05 0.0
0.06321761471829737 0.278876737801712 0.763715718473297 -3.798003377674217e-05 -6.998893337144256e-05 2.74397033310514e-06 5.8344687681086076e-05 0.0 -0.018085697713168064 0.27953774866006986 0.7633170093132013 -1.8805223958440884e-05 -2.93163157585722e-06 -1.797987886958255e-06 1.020124355597074e-05 0.0
0.06311019841507347 0.2788307739160374 0.7637054241749707 -9.822853908526911e-05 -4.649709355956603e-05 -1.1281443601675428e-05 0.00011074708485476349 0.0 -0.018097578391050525 0.279532316564205 0.7633040805323094 -2.3965206419509624e-05 -5.0263573390757444e-06 -5.5637037669214966e-06 2.060211159925652e-05 0.0
0.06303910089239069 0.2788255521018145 0.7637022519441667 -8.074913039019899e-05 2.731041307940275e-06 -8.100698597106467e-06 7.568524258768637e-05 0.0 -0.018086074406498717 0.2795266237330968 0.7632979323699746 7.378825236946401e-06 -8.254639652401046e-06 -6.708412959593852e-06 1.713797889799849e-05 0.0
0.06299655361380543 0.278791369142385 0.7636771352892275 -4.986825060006279e-05 -1.612666121181552e-05 -2.038331415182347e-05 6.020576907013036e-05 0.0 -0.01806252633498867 0.27951331448017375 0.7632923056212457 3.081401340889111e-05 -1.5895765626445187e-05 -8.1357285546268e-06 2.4012796881195376e-05 0.0
0.0629672976491661 0.27870530681209993 0.7635776607464871 -2.3103756156866975e-05 -7.672375942415812e-05 -9.145374216936746e-05 0.0001329493407381932 0.0 -0.01804637783516584 0.27949681210459754 0.7632711152996767 2.521650498721694e-05 -1.916056049901266e-05 -2.944071222698201e-05 3.198667281090554e-05 0.0
0.06296546979283513 0.27869607023592674 0.7635611483033481 2.397444633192038e-06 -3.7934208239915186e-05 -4.025654641462928e-05 2.1822583030025085e-05 0.0 -0.018044875942493117 0.2794948788288926 0.7632694118047908 2.5167331212993204e-06 -7.137680338568342e-07 -6.947455084860082e-06 3.965007445214726e-06 0.0
0.0629627208759263 0.2786844408297088 0.7635116284848941 2.0139877788917174e-06 -1.6982200335082312e-05 -3.895831213419869e-05 4.706891426491902e-05 0.0 -0.01802586918977475 0.27948179935819717 0.763280567224384 1.1636015131747773e-05 -1.0186410894260952e-05 1.4277605627892372e-05 2.4083709536994744e-05 0.0
0.06293584506714882 0.27864247381540896 0.7634549923934452 -2.17843242373453e-05 -2.3697864124544245e-05 -4.963976522620826e-05 7.615778073306225e-05 0.0 -0.017825288389165077 0.2790960784567796 0.7630843092664545 0.0001724553998957927 -0.00033270860234443196 -0.00016178876128909283 0.00047442614996536094 0.0
0.06278619269649642 0.27836663761153196 0.7631914975824181 -0.00014507010439147947 -0.00024091543808620207 -0.00023186808847587296 0.00041088023718448264 0.0 -0.017554530414925846 0.2775118239274365 0.7621739729997163 0.00028783776411662966 -0.0014676565936377105 -0.0008362258666938602 0.0018490526787516399 0.0
0.0627065398645361 0.2782067036153899 0.763025698932309 -0.00011126072782860246 -0.0002121684674884225 -0.00020978655528380396 0.00025300476501990445 0.0 -0.01735110544035087 0.27632744087753264 0.761362205853704 0.00024841583478130657 -0.0014565644760818838 -0.0009517104885583189 0.0014837459000041299 0.0
0.06261762396872154 0.27795166460562765 0.7627417367367602 -9.311433360938957e-05 -0.00026183773843042684 -0.0002838522394443226 0.00037270349554398654 0.0 -0.017302424331858957 0.27294848125750837 0.7591914691003829 7.021506927729675e-05 -0.003158162234319706 -0.0020539215585291077 0.003933064571147076 0.0
0.0625942548016485 0.27785691606907886 0.7626329260793879 -2.2523712231669815e-05 -0.00011828507927417495 -0.0001408956242311577 0.0001582410286933904 0.0 -0.017648715540106323 0.26956455615488994 0.7567928527613735 -0.00033895442292288956 -0.0036105809591752583 -0.002530231212980574 0.004252037949260591 0.0
0.06258252472498503 0.27781490750967286 0.7625961144961811 1.007395437516453e-05 -8.852184968563892e-06 -1.0895533140508544e-05 5.387277124801763e-05 0.0 -0.01797128872351986 0.2680504241140406 0.7555360290600194 -0.0004246376609772182 -0.0019012818695423924 -0.0015302183717100218 0.0019813632286040765 0.0
0.06257278211973494 0.2777870860970511 0.7625622825141499 4.543819874292657e-06 7.9211726098602e-06 4.820732652715871e-06 4.675564688565376e-05 0.0 -0.01843238376594767 0.2671227571759915 0.7546594174778606 -0.0004868823860667756 -0.0006712065033360212 -0.0007375754134537371 0.001252131082251739 0.0
0.06256217609447724 0.27776142417839994 0.7625331173142645 -1.4779342327772234e-05 -1.9241736317062095e-05 -1.722964811051829e-05 4.054080278166171e-05 0.0 -0.018915033495676872 0.2664188259619591 0.7539196826214482 -0.00046399711510939566 -0.000277081542585942 -0.00045979550080087097 0.001205327554526062 0.0
0.06255423040999906 0.2777455677511849 0.7625175297941902 -2.2708022355562233e-05 -3.885091079301503e-05 -3.728041387034401e-05 2.6499399090847275e-05 0.0 -0.019193962440040926 0.2659364795291177 0.7533847091669086 -0.00027196025815224374 -0.00029978111938001623 -0.0004057140058611839 0.0008581436082056966 0.0
0.06253917450950171 0.27771292539927417 0.7625039546077564 -1.5752726583927743e-05 -3.883083506174236e-05 -2.5740869333515934e-05 2.938808917692299e-05 0.0 -0.019455215839323442 0.26536011810828597 0.7525921860059321 -0.000207004120374071 -0.0006237002675957553 -0.0007729412194614843 0.0009087914310151645 0.0
0.06252788267474726 0.2776843197353883 0.7624887954575015 -1.5062977051845286e-05 -4.478970797426634e-05 -2.99452523976451e-05 4.044360276150074e-05 0.0 -0.019566525406345507 0.26511301220517397 0.752138580083182 -0.00010183589868207588 -0.0006585216980111795 -0.0007452862346686757 0.0005341151243810731 0.0
0.06252259665097545 0.27767035431877457 0.7624819777928387 -2.050018493600825e-06 -8.184682848613837e-06 2.98471872181268e-06 1.6121411202297327e-05 0.0 -0.01967532304099014 0.2648099461328208 0.7515896984580637 -9.942068702672129e-05 -0.00035287939679473504 -0.0005933527832079261 0.0006516001488258575 1.0
0.06252027603359794 0.2776696803717176 0.7624677051500484 -7.948766940960147e-07 2.5041435376340916e-06 -8.828635855040608e-06 1.3065147360626805e-05 0.0 -0.019795220278224633 0.2645540834459071 0.7511114179470642 -0.00011328167534616101 -0.00014474169469328758 -0.0004148226865175503 0.0005594484426850047 1.0
0.06251818662811688 0.2776652685783813 0.7624608348686324 -4.2099081621667485e-07 1.3868715306517276e-06 -9.213964455397782e-06 9.212074898159017e-06 0.0 -0.019855262803887913 0.26438458063601217 0.7508016304834875 -9.94756823253455e-05 -0.00015421312359416512 -0.0003048793084754482 0.00036241406230138424 1.0
0.06251742298410214 0.27766708209860036 0.7624435884584291 -3.4271215204716465e-07 3.2283433846293013e-06 -1.5482030490479856e-05 1.7703654593923387e-05 0.0 -0.019898984298575596 0.264026779019141 0.7505641025375734 -5.773060272094079e-05 -0.00032104340757251125 -0.00021514864613306867 0.00042258273444520855 1.0
0.06251773161779416 0.2776662650573059 0.7624376085154148 -2.557397793235695e-07 -8.52798439019705e-07 -7.817865015107052e-06 5.763767197446718e-06 0.0 -0.01987727089317275 0.2638893652089752 0.7505731391193037 2.2389470473341158e-05 -0.00019296778741121885 -2.588513388994927e-07 0.00014187619005691962 1.0
0.06251675878376817 0.2776626242108797 0.7624389062600688 -1.8356114070689657e-06 -6.6258407598731685e-06 6.81796168859938e-07 3.4141292596787474e-06 0.0 -0.019878145514281173 0.2638416648889094 0.7505668664887958 1.4067271410308981e-05 -6.122248805242659e-05 2.012790162609886e-05 5.050813138040525e-05 1.0
0.06251671859046984 0.2776621880880318 0.7624344688989804 -3.084468453705514e-07 -2.3384681075080683e-06 -1.4230072252438218e-06 4.81309163944432e-06 0.0 -0.019881789233940992 0.26378230804498787 0.7505486656101715 7.629540161005894e-06 -6.6041842548906484e-06 1.4398007740432203e-05 5.606617613270804e-05 1.0
0.06251114224512092 0.27764785038185297 0.7624224628787634 -4.563739323683863e-06 -1.1586133542346161e-05 -9.929138566354745e-06 1.9651129443441512e-05 0.0 -0.019867521611744956 0.2637738449664352 0.7505399832146319 1.9698339381963654e-06 -1.6006176279864995e-06 -4.2907333924859404e-05 2.808545531505721e-05 1.0
0.0625082809116153 0.27763438378074223 0.7624094865621729 -3.925781237707146e-06 -1.4516455553625499e-05 -1.52874135739401e-05 1.9358156903372192e-05 0.0 -0.01984279533850573 0.26378840715184404 0.7505310905442664 1.6622770001500242e-05 1.6638382953592637e-05 -3.465669079989286e-05 2.6601968525768712e-05 1.0
0.06250207121603796 0.2776147412446711 0.762393118644399 -6.0013234347810725e-06 -2.0162347962785753e-05 -1.8000547849803172e-05 2.5378350551451324e-05 0.0 -0.019838004391363524 0.2638143267127452 0.7505211359019077 1.1432279162839446e-05 1.355574168756041e-05 -1.85198996010828e-05 2.1940902992549248e-05 1.0
0.06250773509874494 0.2776060625490922 0.7623606418422236 3.954998591885956e-06 -1.0564797651004542e-05 -3.178371326081644e-05 3.439317657334603e-05 0.0 -0.01984504220542665 0.2638821958455401 0.750476321206972 -4.1182348071950534e-06 4.369762033211254e-05 -3.496581544628908e-05 8.736062768075598e-05 1.0
0.06251251237190057 0.27759781442271175 0.7623451709566704 6.683144856749906e-06 -6.692205260261228e-06 -1.863234981620184e-05 1.867605641338541e-05 0.0 -0.019861076940370297 0.26393096838863234 0.7504305504127055 -1.537329595684582e-05 6.989174260209384e-05 -3.28864530375995e-05 6.955946975020457e-05 1.0
0.06252317278329914 0.2775979341541665 0.7623359841096142 1.1298732786481535e-05 1.2787919583559321e-06 -8.274430895851161e-06 1.33722872620135e-05 0.0 -0.019883232506674217 0.26396290043268333 0.750390358230488 -2.8144328029842073e-05 3.6439006516113964e-05 -4.714992668331307e-05 5.2937341519131224e-05 1.0
0.06253454074845292 0.277585773251148 0.76233153980522 1.217184048117915e-05 -8.3394500880849e-06 -2.097517140745515e-06 1.731270224681523e-05 0.0 -0.019905710532293938 0.26400553414781963 0.750363823969309 -2.390373486638787e-05 3.1960153059049666e-05 -2.8616579525989526e-05 5.544490024602633e-05 1.0
0.06254392033380607 0.27757649469273216 0.7623284181502656 9.280047035836325e-06 -1.1835535700817897e-05 -6.289173804827037e-07 1.4372766554219237e-05 0.0 -0.019920252376534726 0.2640513231943882 0.7503355928009369 -1.2403191901198343e-05 4.3334817616968604e-05 -2.144279647941069e-05 5.6914856968421116e-05 1.0
0.06254801171968251 0.2775688277608236 0.7623251119955007 3.870768168415949e-06 -9.88767511183589e-06 -2.6340654918848006e-06 8.712148298272009e-06 0.0 -0.01992414015325455 0.264083548749279 0.7503245260005185 -1.4770988976636142e-06 3.532278932597186e-05 -8.82667298619874e-06 3.50109864459671e-05 1.0
0.0625429991485817 0.2775452395425387 0.7623056671510867 -5.524902652428361e-06 -2.210672649617729e-05 -1.9222738039602956e-05 3.0355806911301404e-05 0.0 -0.01992657157444183 0.26411690692614487 0.75032022424068 -8.451822689239965e-08 3.530872475776148e-05 -3.180029221517904e-06 3.146277332320909e-05 1.0
0.06254307755700886 0.2775238688551828 0.7622798975091335 -2.3206024338068524e-06 -2.261384513564351e-05 -2.949303412621628e-05 3.475795759483163e-05 0.0 -0.019951578358723954 0.26419177718361386 0.7503419485353341 -2.0476702670376778e-05 7.123307285927302e-05 1.6877073989154926e-05 8.254709528735817e-05 1.0
0.06254919146112675 0.2775209296497812 0.762268144580613 4.87114976739409e-06 -6.361629800399038e-06 -1.5998128323087045e-05 1.314857586701601e-05 0.0 -0.019982343611652305 0.2642654161416166 0.7503584230159118 -3.423334756735641e-05 7.73808785394534e-05 2.0506018102486832e-05 8.352010532567846e-05 1.0
0.06255427734173169 0.27751713754590424 0.762257846388154 7.77219020724762e-06 -4.890574477404589e-07 -8.995440005689539e-06 1.090262361566178e-05 0.0 -0.020032623113974125 0.2643677980356535 0.7503805100500046 -5.319019956406124e-05 0.00010282223694669756 2.255597069976796e-05 0.00011382803197733541 1.0
0.06255715317619026 0.2775147004292185 0.7622515614984747 5.1530559669488366e-06 -1.1178802892002444e-07 -3.141814108867882e-06 8.463900129373324e-06 0.0 -0.02011035443806916 0.264535901699848 0.7504434768532487 -7.851074646381823e-05 0.0001645799765395767 5.615063041417764e-05 0.00019522413499657918 1.0
0.0625579611125107 0.2775138352665343 0.7622496021960289 9.408654481702085e-07 4.3409254495861245e-07 3.103872609461089e-07 2.781395380260293e-06 0.0 -0.02014159791324167 0.26459376701384624 0.7504489244665661 -4.1691516710587895e-05 8.271587365343567e-05 1.6768557714474906e-05 7.031227330282696e-05 1.0
0.06255999312530702 0.2775115582418961 0.76224406348352 5.144971263930316e-09 -3.2932385205053865e-06 -4.4836666155186845e-06 5.35806072980347e-06 0.0 -0.020349556416602705 0.2650242633839549 0.750636576855991 -0.0001764075435523478 0.00036554571818591064 0.0001579637134317928 0.0005026890677392332 1.0
0.0625598879239907 0.27751133535280015 0.7622412433882146 -1.03088452225417e-06 -3.268690144459686e-06 -5.670139854698157e-06 3.0825104483652884e-06 0.0 -0.020402323617909682 0.26525415653594236 0.750850131259553 -9.144003082360236e-05 0.00029475407300765536 0.00022886827187603177 0.0003374063939871384 1.0
0.06255675163687809 0.277500720220723 0.7622378748780437 -2.2681344942245547e-06 -9.10119882478283e-06 -4.42625883322546e-06 1.1621236462919276e-05 0.0 -0.02038041299759544 0.26548130385713486 0.7512470632836483 1.4607932993836009e-05 0.0002386948238058315 0.0003944148535424969 0.00044064172719417925 1.0
0.06254777846607466 0.2774804709091342 0.7622210443014473 -8.009407236955908e-06 -1.9061760686233237e-05 -1.4456568756706129e-05 2.7739962655907415e-05 0.0 -0.020239769016084652 0.2655344594976057 0.7515576433891599 0.0001512843733806886 5.6726251274550766e-05 0.00035294809795815315 0.0003483628831021055 1.0
0.06254771405000314 0.277474097684796 0.7622102197650253 -2.490715980180096e-06 -1.1046120857326919e-05 -1.3649589105496131e-05 1.3146669923020741e-05 0.0 -0.01998798636907012 0.26548050672824297 0.7518780105468059 0.0002726448317475291 -8.62292474750272e-05 0.0003176482049811091 0.0004125742480809731 1.0
0.06255290394591127 0.277472204219299 0.7621987686494825 4.946819222131673e-06 -1.7109307733781398e-06 -1.1826605027760636e-05 1.1649188950301526e-05 0.0 -0.019336250686770164 0.26535889352762543 0.7526842012626446 0.0006248312589796554 -0.00015815998515659254 0.0007129582143635512 0.0010447239370803354 1.0
0.06255582127939002 0.27746743668514845 0.7621940538891973 5.3728550367982055e-06 -1.1622297177365745e-06 -4.883264321133923e-06 7.691799610250308e-06 0.0 -0.01855980494359226 0.26515402328313076 0.7535183962856032 0.0008130151723225357 -0.00020871980417677644 0.0008751905615748447 0.00116793316612339 1.0
0.0625551639770727 0.27745576698838603 0.76218636404467 1.078033497999752e-06 -8.857059845995266e-06 -5.399328895771131e-06 1.4487325325005679e-05 0.0 -0.01739869897796887 0.26468313618349354 0.7546864154351315 0.001141179066802642 -0.0004088025501705356 0.0011874606174786242 0.0016974500151811702 1.0
0.0625504312783702 0.2774479562622285 0.7621793312264046 -5.337106311252734e-06 -9.816288447941456e-06 -5.854336572628204e-06 1.1517722338817018e-05 0.0 -0.01624731003398145 0.26398694534100936 0.7558360671394216 0.0012115971783321704 -0.000700641791774283 0.0012097906332519536 0.001772707655144502 1.0
0.06254380025810698 0.27744664302102134 0.762177095293057 -8.815090913552592e-06 -4.8291936148639035e-06 -3.573822430442739e-06 6.522807259187029e-06 0.0 -0.014656700436371657 0.2625488238983155 0.7570367704313828 0.0015313669844661416 -0.0013798561479835426 0.0012001328154710971 0.002453624156311736 1.0
0.06253990393563125 0.277447546904903 0.7621739101461129 -5.81924887994496e-06 1.009602364458128e-06 -3.860892358632808e-06 5.293988642921176e-06 0.0 -0.013248211691902385 0.26119691802963935 0.7580766663344276 0.0014547534296455414 -0.0014938277619325037 0.0010147132268764165 0.0022349180318395273 1.0
0.06253681914830117 0.27744829087605827 0.7621703750418315 -1.9345229519983374e-06 3.692327540323241e-06 -2.9493421340664646e-06 4.845981584288062e-06 0.0 -0.011970961947464158 0.2597703326279438 0.7592239036460593 0.0012808051684106083 -0.0014689012506894884 0.0010783965620412641 0.002203666179044163 1.0
0.0625306809692737 0.2774418585301627 0.7621616099747397 -4.170215540902375e-06 -4.548949226759841e-06 -8.091636524296976e-06 1.2632586461577457e-05 0.0 -0.009939991923459048 0.25671455043747127 0.7603132799263068 0.0018766830768008388 -0.002784778676575386 0.0010986368455085612 0.0038211941807105073 1.0
0.06251847860652547 0.2774219963823351 0.7621394610257297 -1.125973981510937e-05 -2.007219411384329e-05 -2.102773941514699e-05 3.195533922522794e-05 0.0 -0.0073741142708312404 0.2541122618004244 0.7610081299252491 0.0025467997397860703 -0.002821131996153509 0.0007511071620060697 0.003781036615646545 1.0
0.062494409464488976 0.2774018849927681 0.762133026029773 -2.3906301659239242e-05 -2.4164412259416744e-05 -1.1750560615062305e-05 3.2442327868298976e-05 0.0 -0.004359771768015105 0.2510614262007128 0.7611750151614696 0.0031218504081424116 -0.0030776757335245304 0.00021250892213616585 0.004238011980867998 1.0
0.06246011992271479 0.2773757542735945 0.7621405370124441 -3.584878488419668e-05 -2.692239589097145e-05 6.254820007070133e-06 4.300862008929291e-05 0.0 -0.002444390034599856 0.249175100828218 0.7611144977543428 0.002222410512114156 -0.0020689506046759924 -0.00014779634579625378 0.002691398244507679 1.0
0.062433458893455 0.27736883015628744 0.7621514128919481 -3.0581558176306795e-05 -9.417678963005384e-06 1.5132942848642683e-05 3.0093011103864713e-05 0.0 -0.0009677621244937212 0.2477465881735381 0.7608040546802831 0.0014139310906076529 -0.0012813777183129302 -0.00037051791966245806 0.0020624864873962047 1.0
0.06237578778397519 0.2772985781367292 0.7621254392131154 -5.243186675698323e-05 -5.727842398689829e-05 -1.6967778018304155e-05 9.363315378251011e-05 0.0 0.0013778404142581887 0.2459942743018895 0.760155641209333 0.0018987642992990027 -0.0013868973516195386 -0.0006348550145618369 0.0030224241153148537 1.0
0.06231940987618083 0.27721934592297687 0.7620442248215913 -5.830306932674362e-05 -8.32849447562882e-05 -7.838949713830097e-05 0.00012882219904133667 0.0 0.0027883748138908685 0.2450920648956039 0.7595318853894898 0.0015061789176116394 -0.00100199734768026 -0.0006132935005242312 0.001844367073808101 1.0
0.06229204383957173 0.27718576242179005 0.7619940009416295 -3.3191362695614944e-05 -4.87868021661993e-05 -6.981576968377178e-05 6.605059261489462e-05 0.0 0.003998798139737597 0.2448130547764835 0.7592279514923498 0.0013188464998905812 -0.00047103519553139237 -0.00031807671379450466 0.0012045808070055672 1.0
0.06227910754677425 0.27717769913376483 0.761955698405419 -1.0790710153953179e-05 -8.45124924540295e-06 -4.498050801424071e-05 3.7677141024590794e-05 0.0 0.004848189082977636 0.24444331132828664 0.758993504014879 0.000931889938579635 -0.00027662824069080334 -0.00017522702856307706 0.0009260688840306273 1.0
0.06225871368111516 0.2771292011259828 0.7619076465181367 -1.239233089425661e-05 -2.9583664827097167e-05 -3.721663968078151e-05 7.274204099238081e-05 0.0 0.005453062451978573 0.2442921364212656 0.7585633656708757 0.0005678399070828742 -0.00017503629299109053 -0.0003354609807915128 0.0008316793961966004 1.0
0.06225735642769426 0.2771033788731856 0.7618771552836121 -1.4530217999360132e-06 -2.5699759156301413e-05 -2.3584310643601544e-05 4.4449091577480314e-05 0.0 0.005677896762704107 0.2441676837673771 0.7582888808759404 0.0001329735250385866 -7.84518688294886e-05 -0.00030081876369108065 0.00037075828738459323 1.0
0.062255896577552323 0.2770683588854119 0.7618411379257378 -1.5596272826003235e-06 -3.674958704286565e-05 -3.1119597278624615e-05 4.595526463866683e-05 0.0 0.0059537577656021455 0.2440018900292972 0.7580239671312282 0.0002486613072131586 -0.00022797085236712878 -0.000313549712898956 0.0003670576269589761 1.0
0.06224887702126156 0.2770394075842549 0.761819691733217 -1.0095308001369049e-05 -3.9218536466069e-05 -2.8108284462675477e-05 3.6397389643783503e-05 0.0 0.0060635662278261645 0.24387663505104784 0.7579297269217072 0.00021634201987774963 -0.00021348283062975755 -0.000157692913676817 0.00022828412095794032 1.0
0.06221176726094725 0.27693422376135035 0.7617092698086103 -3.448868140869067e-05 -9.44003422498553e-05 -0.00010086516047093328 0.00015739853001674891 0.0 0.006800806793411525 0.24332464477370774 0.7575249653659679 0.0006221710605463565 -0.000448730086672601 -0.0003255675900905732 0.0009888105517967794 1.0
0.06220246916926894 0.2769134860011275 0.7616815635581616 -1.7307189566426354e-05 -3.814002774674999e-05 -4.885892904625158e-05 4.083461235172695e-05 0.0 0.0071256332735747776 0.24320462929343725 0.7574156458998429 0.0004980232550482601 -0.00021385351095555094 -0.00014877201948794666 0.00039455891046486554 1.0
0.06217502956886297 0.27688868686229523 0.7616228107543476 -2.5214128944383656e-05 -2.053562419671453e-05 -5.3602799844811185e-05 6.081584659365557e-05 0.0 0.00851243018354861 0.24272200438682057 0.7567794603494431 0.001261203013185922 -0.0004292792179949575 -0.0005656690585773326 0.0015449895133390263 1.0
0.0621493872150884 0.2768704940131484 0.7615945965602545 -2.5295701732506624e-05 -1.2269131591189951e-05 -2.8586069664842465e-05 4.65083461645105e-05 0.0 0.009373934121088664 0.24267642236242246 0.7558256694928437 0.0010329823949286536 -9.104622945594861e-05 -0.0009793669848944084 0.0013411040285130655 1.0
0.062139056442037204 0.27685915263897154 0.7615890561178082 -9.852901415638269e-06 -3.7935620682566794e-06 -1.2992561900324338e-07 1.830174230331304e-05 0.0 0.009675600010168607 0.24279288392665432 0.7554131745656276 0.0003659442735022689 0.0001488135107323424 -0.0005741956970843694 0.0005043518548127872 1.0
0.062091556596055524 0.2767688991243647 0.7615179909179424 -3.960444741278779e-05 -7.878289448597889e-05 -5.485985707668475e-05 0.00012153985989515073 0.0 0.009986915352356835 0.2428816586026149 0.7550018601179532 0.00015284803444344085 0.00016477123588240207 -0.0003731084906118158 0.0004912985590328817 1.0
0.06204952978997402 0.27665871518031654 0.7614100028186358 -4.7169329204147505e-05 -0.00012380288427834348 -0.00011205263657441546 0.00016123196791111867 0.0 0.010349429501686979 0.24302418726252564 0.7545881130898399 0.00021164996220319544 0.00015152430772744167 -0.00031138151258982985 0.0005987451262239049 1.0
0.062042439058793024 0.27659095153261243 0.7613150862503391 -1.668523727296696e-05 -9.262055437838783e-05 -0.00011700943113817223 0.00011849307201643473 0.0 0.01058262657264229 0.2431655765281048 0.7543445646605149 0.000259635025774443 0.00010449271651989865 -0.0002159880227952144 0.00040128184244703067 1.0
0.06205715626242106 0.2765590924910575 0.7612692524668436 1.7831488305503677e-05 -2.8564915848736875e-05 -5.407708982076522e-05 5.2125357517464126e-05 0.0 0.010740359942180817 0.24341720392943678 0.7541383172546277 0.00021508436518064662 0.00022213666551800133 -0.00018187245444721984 0.00030250707734785006 1.0
0.06206118271419635 0.27654951658753185 0.7612567843534479 1.3543059191549717e-05 3.689289999578806e-06 -7.269198783430872e-06 1.8657102798236585e-05 0.0 0.010755689606054173 0.24350218072387153 0.7541215687603122 0.00013953308264359244 8.172679943729337e-05 -0.00010100235504741011 0.00010411612626250551 1.0
0.06205893047938965 0.2764993046956748 0.7612066295164567 2.621095969939343e-06 -2.7578571407458323e-05 -2.2913904087267645e-05 7.362453943832449e-05 0.0 0.010845741229046583 0.24374480949116253 0.7539570822907331 1.3181210620610275e-05 0.00023702547676853012 -0.00014008581773826412 0.00031299170822651095 1.0
0.06206123818945364 0.27644028200778603 0.7611279526483943 -2.7363480954304427e-06 -6.158522700744069e-05 -7.149519452016948e-05 9.87421024451653e-05 0.0 0.011066658735639612 0.24406364380673065 0.7536988075430238 0.00016313658980558852 0.00031710606671412874 -0.00021992436346701726 0.0004703813683394158 1.0
0.06206142716073313 0.2763741857536213 0.7610453599390402 -7.469567161019561e-06 -8.376627186738553e-05 -0.00010055095768594464 0.00010366144372494756 0.0 0.011312757770667006 0.24441532681491093 0.753525113185774 0.00028888306396170315 0.0003645049150383015 -0.00023558140498943707 0.0004619108945950345 1.0
0.06203574468941658 0.2763328490825419 0.7609803516319102 -2.274734253266865e-05 -5.403380889231961e-05 -8.174402130449777e-05 7.984237171885421e-05 0.0 0.011418983188178848 0.24481675353095528 0.7534247532361807 0.00017016155931600594 0.0004172152603683971 -0.00013264723904037973 0.0004182076864597945 1.0
0.06195724859076674 0.27628995098450754 0.7609268540251168 -7.115028797999708e-05 -3.5728153931036504e-05 -5.2292059877698415e-05 0.00010449871070085899 0.0 0.011702913947446226 0.24525011900421168 0.7531317122539278 0.00023984442374339136 0.00043948898265810466 -0.00023730945102816642 0.0005919376011820218 1.0
0.06186926580262917 0.2762676159819149 0.7609119209633712 -9.543955046153647e-05 -1.5653771807251208e-05 -7.4749646118528e-06 9.512367222240836e-05 0.0 0.012514590754748 0.2456157885656771 0.7524567112084298 0.0007226345235965194 0.0003740070334591314 -0.0006166650469817235 0.001130413631187716 1.0
0.06174971269177648 0.2762506916629284 0.7609096056595244 -0.00012374624311510353 -1.1540744667848741e-05 8.437935442877212e-06 0.0001186768823395611 0.0 0.013297744521664717 0.24625328435869628 0.7512987632477831 0.0008583482793596327 0.0005700640828230091 -0.0011512939719594752 0.0015397834292849505 1.0
0.06161746455567539 0.2761983339711617 0.7608701568376673 -0.000134012717483985 -4.848134165419929e-05 -3.135801053572133e-05 0.00014770060695201923 0.0 0.013449065388955012 0.24641102505804327 0.7504496440615823 0.0003149946777726735 0.00025868831822681054 -0.0010312403088778253 0.0008761803500139326 1.0
0.061512275819722385 0.2761543193494479 0.7608471099515258 -0.00010714026974986384 -5.2209848052298315e-05 -3.371029580441829e-05 0.0001171136789700566 0.0 0.013286349954535747 0.2463224202390471 0.7502366059214757 -0.00020555416893286408 -9.10328120902959e-05 -0.00031449140775516115 0.00025232286560509663 1.0
0.06128455628107008 0.27604012283053314 0.7609236604197546 -0.00020232897643638183 -0.0001098646047249309 5.527763411749391e-05 0.0002629340492063486 0.0 0.01293760575238819 0.24606962140542793 0.7502145413460495 -0.0005043706512668285 -0.0003174975269981327 0.0001357934874207311 0.0004400755611001408 1.0
0.06093738005781993 0.27586413664086035 0.7610191257120101 -0.00034189438701436037 -0.00017675649101062273 0.00010533719167079622 0.0004049337268691103 0.0 0.012951797155871156 0.24601809507629657 0.750184036601048 -0.00015857389531245779 -0.00014843120961315802 0.00016055535120572818 0.00010641158204312609 1.0
0.060477944810128643 0.2756336851177702 0.7612194334933308 -0.00047491966632521606 -0.0002375829611784354 0.00020288185344405184 0.0005517765356960326 0.0 0.012943666056901658 0.24598618727086588 0.7501421503509914 9.106751825049901e-05 -4.276951623773757e-06 -1.225879981584441e-05 2.2461476387918792e-05 1.0
0.05995974343819736 0.2753617330490853 0.7615316493216688 -0.0005419033587574038 -0.000277413072418048 0.00031799338768227504 0.0006601881876154296 0.0 0.012917743174830174 0.24595960410207393 0.7501268260714455 0.00014102020262860747 5.831170359964737e-05 -0.0001297429927302451 2.4338098669319727e-05 1.0
0.0580591987504759 0.2739796354822981 0.762246369896067 -0.0017204041041092104 -0.0012312157189442365 0.0006770561329305989 0.0024398540026475415 0.0 0.012887091261667826 0.24592696698835356 0.750105051112215 1.4620901830448662e-05 3.2737804841170295e-05 -0.00013094010706267325 6.852951605303072e-05 1.0
0.055754743078175885 0.2720713762361948 0.7621235076017496 -0.002429115099765221 -0.001986465433760118 5.25031299625188e-05 0.003048236194682299 0.0 0.012885305246604997 0.24591955417317912 0.7500877569643203 -6.62788023626723e-05 -4.599510118576675e-05 -1.680301061269163e-05 2.0624495065793384e-05 1.0
0.05185125113298027 0.2684585989372041 0.7619948299375687 -0.003877825053962857 -0.0035688366759814216 -0.00020860986270003796 0.005261997333902627 0.0 0.012883362549707025 0.24589707057305982 0.7500463975521704 -4.970204565399264e-05 -5.335996413693449e-05 6.743878069394673e-06 3.478354654517081e-05 1.0
0.0459811177566738 0.26182649180497763 0.7604877785254774 -0.005859017135862992 -0.0065055653738977275 -0.0014273308595671172 0.008990886645548283 0.0 0.01283940140843005 0.24586361998154863 0.7500009190843977 -4.771521154899768e-05 -4.688372865355551e-05 -3.554762182911427e-05 8.148593259424132e-05 1.0
0.040416031689148334 0.25493164236704313 0.7581029646441131 -0.005956460112381082 -0.007390401862062312 -0.002502798691443747 0.009257498262121942 0.0 0.012812848368836796 0.2458434630723591 0.7499886917556099 -7.0408452225291605e-06 -1.1314950290604867e-05 -2.273911863604939e-05 3.383684162734028e-05 1.0
0.037370874201105894 0.25084311201943926 0.7562159130715989 -0.0034417109557867737 -0.0047431950924011765 -0.0022028105562345705 0.005366967035868235 0.0 0.012803123958593838 0.24582620030372446 0.7499853921993671 -1.832851384925389e-05 -1.7530833940294726e-05 -1.253144405136845e-06 1.7571344108703058e-05 1.0
0.036059468857521884 0.24835655541809498 0.7542523850791479 -0.0009713594490477328 -0.0021370244153112884 -0.0019081984136427315 0.0032995767797909643 0.0 0.012795620659585916 0.24582121877725388 0.7499832796752071 -7.147682070387937e-06 -5.1830462249062415e-06 6.736249413943225e-06 9.732185699316365e-06 1.0
0.03575823075810351 0.2475919381419935 0.7533456322006883 0.0003370239073291129 -8.516187058722807e-05 -0.0008439201069211598 0.0013982541287809167 0.0 0.012797420027459405 0.24582110912474037 0.749991108965939 6.0459213416308475e-06 2.9731648151985815e-06 9.734236398457301e-06 1.0127316382693745e-05 1.0
0.035884865628589876 0.24668193439091357 0.7516059737287827 0.000557777820536564 -0.0001733746429346562 -0.0013357617637400738 0.001986479159714423 0.0 0.012836160976696959 0.24584333047750878 0.7500340472069307 3.938155110475166e-05 2.2965269170627036e-05 3.743467213501271e-05 6.049972949014374e-05 1.0
0.03637262325506188 0.24579080665073416 0.7509223581576273 0.0002696274694146358 -0.0010268943108659835 -0.0007745883989147567 0.0011999024571406973 0.0 0.012874844741902529 0.24585922487749715 0.750057243296774 4.234442995656499e-05 1.8111117071610517e-05 2.6663455504811616e-05 4.8867493259215054e-05 1.0
0.03649685575647761 0.24505737132450273 0.750767456616259 -0.0002502636386709769 -0.0013822764312683665 -0.0003081812352489973 0.0006830417387534262 0.0 0.012871607130673639 0.24586376205020627 0.750049604746193 2.281709906450722e-06 5.666009475148242e-06 -3.3609295407774342e-06 8.263508524516528e-06 1.0
0.03663747115460829 0.24451484124475106 0.7506261004070919 -0.00012266855286530414 -0.0008940371544834584 -9.670884820799715e-05 0.0005880672649069413 0.0 0.012871753530007097 0.24586193654583544 0.750041322995209 -6.254080938778247e-06 -3.947358366227143e-06 -1.3695037817367473e-05 6.9806648054654565e-06 1.0
0.036842683076475216 0.2444874021640882 0.7505853936846466 0.0001842633734458624 -1.5247235566659412e-05 2.6678096657107696e-05 0.00024395169878312951 0.0 0.012867168923212697 0.24585307087041713 0.7500479436372605 -1.1554962587762122e-05 -1.2538907572206432e-05 -2.79151455320454e-06 1.4605108565742943e-05 1.0
0.037666967970808485 0.2451227828045298 0.7504320812569978 0.0007885178308220183 0.0007450082356417016 -0.00015788039881969537 0.0010649318645002256 0.0 0.01286213164443493 0.24584444411843612 0.7500533174815177 -8.522157722207691e-06 -1.1063106517092654e-05 6.166131979120317e-06 1.206321958164861e-05 1.0
0.03875428309707446 0.2456097432284618 0.7499546195270842 0.0012128169011467367 0.0007712866566966844 -0.0004962806873270351 0.0012732402536821418 0.0 0.012865854226265676 0.2458377969759714 0.7500671081205526 5.947193963909141e-06 -6.020091199299992e-06 1.9176631949576135e-05 1.343293027008681e-05 1.0
0.03913960488382936 0.24517534387915674 0.749963742427669 0.0006549932388582163 -0.00028691419609456375 -0.0002380312391515383 0.0005858555210199209 0.0 0.012907531394708032 0.24584797178754683 0.750104903911793 4.360975751897853e-05 1.1358623564312051e-05 4.098373864334169e-05 5.7204766116721627e-05 1.0
0.03931567950409699 0.2447720635886785 0.7499586521600908 0.00016011993333585903 -0.0006204042581021727 8.538660574750577e-05 0.0003959348180295841 0.0 0.012900240266364984 0.24584426911502863 0.7500791179247542 6.604656941402224e-06 1.7644147447667102e-06 -1.476047781841997e-05 2.9336356752946376e-05 1.0
0.03938603146470621 0.24445411072591067 0.7499576648295337 -0.00011739902330662569 -0.0005351598251294341 9.373639606966684e-05 0.0003574648137343252 0.0 0.012885535320232448 0.24583361455486216 0.7500742522263544 -1.8507857336636855e-05 -9.715384278958136e-06 -1.732091809808525e-05 1.63569803755988e-05 1.0
0.03959595508643955 0.24406591176174106 0.7499612225800323 7.018693915630833e-05 -0.00040089483994327276 4.141850677594077e-05 0.0004686438407771951 0.0 0.012882784308548946 0.24582435345293066 0.7500810330182205 -1.1893574414069206e-05 -1.2703829371736714e-05 -4.624700615179606e-07 1.2046010321228641e-05 1.0
0.03978494843046338 0.24375957376123583 0.7499622711751999 0.000237095625737588 -0.00019052721866850465 -3.9692966322244145e-06 0.00033515749764184883 0.0 0.012881784508064285 0.24581825988739314 0.7500881469374938 -5.032346786316642e-06 -9.396534616133518e-06 9.368430080227102e-06 1.085956289523549e-05 1.0
0.03988596133659711 0.24359255305937874 0.7499549101839367 0.00025136853548053564 -5.43643100657892e-05 -5.36063123451561e-05 0.00018322891181494754 0.0 0.012881333621875388 0.24581333477410677 0.7500914209124137 2.048853175784781e-06 -4.744292055607446e-06 8.700501618488054e-06 5.7811692174102115e-06 1.0
0.039819017611764165 0.24318702488907473 0.7499629182871217 -3.848403934872402e-06 -0.0003539496028076549 -2.257421057611696e-05 0.0004172116642488387 0.0 0.012875758812708563 0.2458045515515575 0.7500873324104682 8.013294699402577e-07 -5.824818951536521e-06 6.809809035635765e-07 9.857275498459067e-06 1.0
0.03960945273467504 0.24277909551908067 0.7499774713032911 -0.0002744114344619493 -0.0004912632042070155 4.854389417225887e-05 0.00047104130827334886 0.0 0.012869642433034649 0.24579848387947234 0.7500888687818781 -3.9323050265588705e-06 -5.020730489912197e-06 -1.3867134563465528e-06 9.760338163437663e-06 1.0
0.039314482774069306 0.24268313505700664 0.7499659022917924 -0.00034793243020611576 -0.00016904428938908017 -6.318023045860316e-06 0.0003093231419993213 1.0 0.012863418690463493 0.24580708208518515 0.750131743830684 -1.1539667347036145e-05 5.114959788599045e-06 3.113613694125312e-05 4.348331753240321e-05 1.0
0.03894360426841458 0.24272011256281106 0.7499559491006351 -0.0003884930430684349 4.863965225758497e-05 -1.1845582696386858e-05 0.0003556386777151247 1.0 0.012912737125652815 0.24583404625298402 0.7501794302239494 4.052909979821032e-05 2.5870277455006105e-05 5.521405007444659e-05 7.458965705930336e-05 1.0
0.038543092077372026 0.24309495543666934 0.7499540190354936 -0.00038406111540787265 0.0003869011682754182 -6.288423332337392e-06 0.000558914951099813 1.0 0.012928587976686745 0.24584983414857461 0.7502010279241399 2.966852497472967e-05 2.205431375274407e-05 3.2816677459754465e-05 3.150336173738233e-05 1.0
0.03836648599156705 0.24356987109476316 0.7499840099915366 -0.00019401811677886158 0.0005509382767628426 2.472266052735893e-05 0.0005195398494841092 1.0 0.012650820308295455 0.2457050502439057 0.7501782881371695 -0.00023361293877144528 -0.00012111505346238211 -1.9355650419805648e-05 0.000308772876280377 1.0
0.03795782731574917 0.24407612621587965 0.750529078389691 -0.0003315662798931945 0.0005410457281724573 0.0004787456249412573 0.0008294974483963732 1.0 0.012174573190974368 0.2455318002887148 0.7500802286141252 -0.0004936082412919288 -0.00019474481723295286 -0.00010130701721086481 0.0005251460079998111 1.0
0.03780893799210475 0.24439566371561697 0.7510266764001133 -0.0001870699957169241 0.0003052179000487081 0.000584267873918476 0.0006229513808530951 1.0 0.01211882783769537 0.24549258396886872 0.7501311594065514 -0.00018426452942866119 -8.4962441861333e-05 9.063085601341338e-06 8.872867920164884e-05 0.0
0.037418644757778036 0.24503070860678758 0.7520516404280225 -0.0003471747323925689 0.0005217006088247154 0.001005958023198257 0.0012516808632871965 1.0 0.011976207039319686 0.24543512116551885 0.7502037370866909 -9.697259062126939e-05 -3.9988411186560614e-05 8.337063700154553e-05 0.00014426881219987422 0.0
0.034776587157601783 0.24739051667899095 0.7566976992434071 -0.0023492101276488962 0.00211878997630452 0.004197313211632634 0.005822916617651487 1.0 0.013262369926622657 0.24425035892494482 0.7536103057778809 0.0011519636403518007 -0.0009952150404636028 0.0029654925404663944 0.0038143642271325235 0.0
0.03552201827083421 0.24938622227648063 0.7580608799728588 -8.562745045222783e-05 0.0023233843657666626 0.002353729354545276 0.0026965647347023326 1.0 0.015613330414297537 0.2439681995803687 0.7573812609939904 0.00244090437047092 -0.0005528311809731958 0.004205004797642799 0.0045772213626974175 0.0
0.03574259054715828 0.25170620771351104 0.7609310604669265 0.0004940157162417069 0.002468704568244364 0.0025894797356185383 0.0034315275823826596 1.0 0.016632522537604184 0.24409965623122473 0.7598017183981213 0.0015117019448100128 5.519860027650454e-05 0.00305899229574955 0.0025406477527696765 0.0
0.03504184873687443 0.25619472763777285 0.7623071609073565 -0.00021756661422371582 0.004178633735695192 0.0013559983137910823 0.004827800231570617 1.0 0.016423429660680874 0.24460338505574394 0.7613101096347945 -0.00014374624006498383 0.000597389706730086 0.0014726722242796601 0.0014881882496431736 0.0
0.03496456820441191 0.25650556020270876 0.7625960681492548 -0.0001517328974967284 0.0010662075410635464 7.380064029996323e-05 0.0006292327007620845 1.0 0.016286279080912357 0.24472743576193706 0.7614758787421981 -0.0006227206263098644 0.00038129629539098174 -0.0002489294767906885 0.0003720449233237881 0.0
0.03607426586198406 0.25814035713768657 0.7638892428726896 0.0008358922478507629 0.0009795526171764908 0.000776881600100377 0.0021071339153377415 1.0 0.01584117911745647 0.24500453965410326 0.7616998917684891 -0.0007363401680218813 0.0002769804439411924 -0.00041054284428318705 0.0006191040924964933 0.0
0.03841254917216502 0.25933223562279784 0.7631636369891202 0.002153407542104079 0.0009438613481654464 -0.00026772985241819866 0.002806083547731908 1.0 0.015583191818796733 0.2451516237254338 0.7617586937160086 -0.00031558059197591543 3.153345219151931e-05 -1.4840040334437627e-05 0.0002559086714087215 0.0
0.042397293971599755 0.26165124227406283 0.7625575973537315 0.004007564936855714 0.0021564716574994534 -0.000498679857557299 0.004772583219860518 1.0 0.015104538385637871 0.24539481989861991 0.7617465333889225 -0.0001353132405664741 6.950020182827963e-05 0.00041931512882996 0.0005037674324739696 0.0
0.045493371056671776 0.26404197686663916 0.7627328583669152 0.0038753982142819624 0.0026399261121289306 -0.00017570197657545798 0.003813419532692268 1.0 0.014783481742289412 0.24549773543957262 0.7616327678718725 -0.00015800505817807338 0.00018090057333388417 0.00011491999837141354 0.0003709600065469024 0.0
0.04864844151160636 0.2665809943007325 0.7636127788423052 0.0030282384317976163 0.002925266935952687 0.001034437459695037 0.004046503603217013 1.0 0.014490885806456529 0.24552972502523182 0.7614260038542695 -0.00036138500889768476 7.991932233240279e-05 -0.0001860979122491756 0.00035340004363267844 0.0
0.05213106604504386 0.2698750306658022 0.764817159503363 0.0030458912307992757 0.00333236409771286 0.0013504175156708385 0.0050667720707026215 1.0 0.014112687579055476 0.2455408340190467 0.7611652055881897 -0.00041955543309646706 1.5091623841560395e-05 -0.00031982754297487726 0.00047952607702111917 0.0
0.05436585478159657 0.2722533123024223 0.7661302273593971 0.0022354473746509923 0.002261560040642931 0.0015146339648654623 0.0035363544685626308 1.0 0.013928415618075798 0.24554547128843907 0.7610785520030534 -0.00020910372492481907 -3.130683314159303e-05 -0.00020424475343831035 0.00019805713010939436 0.0
0.05622480330508767 0.27405166542625653 0.7671010983627303 0.0017779669929064916 0.0018314806412625066 0.001083464435681472 0.0027031135272613215 1.0 0.013815708271470564 0.2455478161782314 0.7610347639359819 -0.00012371036295442736 1.537348541255358e-05 -1.0297935852418983e-05 0.0001161103050280762 0.0
0.05887024275871346 0.27539635703615195 0.7670913789684979 0.0024754802779908738 0.001153131518118371 -0.0001853043995495385 0.002935502580463445 1.0 0.013732453403460045 0.24551440836899233 0.7610086572271308 -5.524858103970017e-05 -2.0424049451134925e-05 5.289577482286745e-06 8.919046500171449e-05 0.0
0.06026823551017145 0.27568691068339124 0.76634678555389 0.001730316139330158 0.0003020282068144078 -0.0009138136697113766 0.001718807039261277 1.0 0.013702921897023927 0.24550471950262343 0.760963855755533 -3.628910708311912e-05 -1.8180307361722627e-06 -2.5086159281524002e-05 6.728424568270717e-05 0.0
0.06156099265404238 0.27527754970151735 0.7640762057046311 0.0012467955674317502 -0.0004962562335097003 -0.002268816135308696 0.002557628996578626 1.0 0.01369801899500642 0.24551652506741783 0.760944313894098 3.789596879422597e-06 1.070647133605317e-06 -4.0778393187397234e-05 1.7788977899205e-05 0.0
0.06301650236591977 0.2748097342433651 0.7613914910148142 0.0014148762645615283 -0.0005474718981603541 -0.002863246685700849 0.0031118178934387212 1.0 0.013746483128984672 0.2454956469980036 0.7609451931674384 2.9653544218934656e-05 -1.4348816175418556e-05 -2.646058063950974e-05 4.6603387692708924e-05 0.0
0.06361949966600314 0.27365135513618777 0.7594603382096963 0.0007322472022945788 -0.0009972301136934691 -0.002139152522414011 0.002370539469697298 0.0 0.013766649705436671 0.24549411873177396 0.7609220731872075 1.7505479666247005e-05 -4.233535526114337e-06 -2.4860440312094188e-05 3.793444054625127e-05 0.0
0.06408641118199196 0.27152787861340527 0.7591673966078932 0.00034279686559944436 -0.0020135587478352754 -0.000301148890371886 0.0021210010893525375 0.0 0.013776743354509116 0.2454943392742125 0.7609107785818712 1.9412803607276653e-05 -5.925441592486148e-07 -1.9130224266215477e-06 1.2829542357358197e-05 0.0
0.06530963160647568 0.2700311843788188 0.759611788948166 0.0010821405631549048 -0.0016824765011638084 0.0008543719442892226 0.0020005387777888035 0.0 0.013780225663614566 0.24550990520844232 0.7608959804576126 -2.797496813757933e-06 1.2077359987617318e-05 -1.3283911005315444e-05 2.0422856169926922e-05 0.0
0.06609762991348477 0.2692445313240488 0.7597669473257487 0.0010029845244209502 -0.0008678951169552496 0.0006133636080958209 0.0011882700384858078 0.0 0.013784211999622693 0.24551357349878167 0.7608888684162062 -3.7915128794571977e-06 5.9824640250135374e-06 -9.974792520192162e-06 1.1023330927859828e-05 0.0
0.0665428782528549 0.2688368339506876 0.7597790355233915 0.0004994104008927622 -0.0002842761970550435 1.3388594018262504e-05 0.0005439036923918319 0.0 0.013786795820403716 0.2455188516691076 0.7608785822690678 3.3228625041508705e-06 7.900210885146276e-06 -1.0426747816345318e-05 1.1524438856565881e-05 0.0
0.06681184198976049 0.2686165146636483 0.7597821914155161 0.0002734566805393699 -5.545730037563796e-06 -0.00037202052997956385 0.00034921837266890885 0.0 0.01378518999325254 0.24553385295822214 0.7608692239275958 3.539988402260816e-06 1.2343714122236358e-05 -6.32028814771094e-06 1.6700999083033988e-05 0.0
0.06717682057478776 0.26836931009954007 0.759853956442732 0.00024866121480869607 -0.00013737250626844646 -0.00020939491626824694 0.00047595289278548484 0.0 0.01378276362542489 0.24554242918792307 0.7608580406437339 2.5032031956841873e-06 6.9945126089069365e-06 -1.0248943485651023e-05 1.526427561314749e-05 0.0
0.06716056079466427 0.26831429148268887 0.7599238736148751 -5.823101710738577e-05 -0.00022389457083484883 7.479628700356135e-05 8.640892455594141e-05 0.0 0.013782276590901013 0.24554185698480657 0.7608592867117472 -2.729036227263079e-06 2.0285517888868447e-06 -2.853827713730459e-06 1.1844745445124577e-06 0.0
0.06703666304515636 0.2682474326163495 0.760062318741666 -9.748752722915307e-05 -0.00021483555844902685 0.0002844949252737213 0.00016813269726272855 0.0 0.013776100130616848 0.2455436767944254 0.7608587232950432 -5.760870566901268e-06 3.1293278367022204e-07 1.6902979699688374e-06 5.734191555886556e-06 0.0
0.06690645410380643 0.2681969637300972 0.7601367609009907 -8.569116013309303e-05 -4.550485513096477e-05 0.0001618346095778974 0.0001774788780202906 0.0 0.013769412210456695 0.2455375053315779 0.7608693597357897 -7.14926825078762e-06 -5.637087125619562e-06 1.0182172235767168e-05 1.5000792757138206e-05 0.0
0.06672053770382845 0.26819849307100635 0.7601831956630866 -0.0002119920056669279 2.6845490819549017e-05 2.5219998938331674e-05 0.0001957779180941331 0.0 0.01376639108723466 0.2455276026001257 0.7608792423975415 -3.7963384088742858e-06 -1.137254784444764e-05 1.2010823467225391e-05 1.4377742367640564e-05 0.0
0.06657604684582259 0.2682258693636944 0.7602173333582504 -0.00015551661384679606 4.293592166025042e-05 8.063041547882451e-06 0.00014673531885613903 0.0 0.013768238475680858 0.2455270150811278 0.7608813916856608 1.4568973650193357e-06 -1.969726404230542e-06 3.296019262541062e-06 2.2891951857818875e-06 0.0
0.06642235073471864 0.2682294193406375 0.7602600944114625 -0.00012227973157981727 1.4002755454937585e-05 2.9021347289221888e-05 0.00015291825408296185 0.0 0.013768885192597306 0.24552843954585804 0.760880068188923 2.002413535527814e-06 3.371582412896748e-06 -2.8987776788418946e-06 1.6977724849011522e-06 0.0
0.06630047459783145 0.268211158947518 0.7602556795403747 -0.00010165757048013959 -1.9668375749138078e-05 6.44383664721526e-06 0.0001330254050641382 0.0 0.013767564260109907 0.24553074423229018 0.7608762054144581 -1.3623872029232502e-07 3.7409851424506393e-06 -6.040419784197383e-06 5.4458386552796705e-06 0.0
