0.06300026843685945 0.27970816118288955 0.7640222467700738 0.0 0.0 0.0 0.0 0.0 -0.017006492894206485 0.2797072245677721 0.7640206305573416 0.0 0.0 0.0 0.0 0.0
0.06300018700484863 0.2797095992608593 0.7640207411272391 -8.143201081500795e-08 1.4380779697620305e-06 -1.5056428347426376e-06 2.0836649839434615e-06 0.0 -0.017011541833651327 0.2797157238633268 0.7640090452951565 -5.048939444841916e-06 8.499295554742492e-06 -1.1585262185143108e-05 1.3932976741622006e-05 0.0
0.06300191747709231 0.27972385367389896 0.7640046417268876 1.730472243680059e-06 1.425441303964936e-05 -1.609940035141033e-05 2.15725176316086e-05 0.0 -0.017014560763565646 0.27972148439271055 0.7640014769231783 -3.0189299143196235e-06 5.760529383724844e-06 -7.568371978128319e-06 1.1657968479378684e-05 0.0
0.06300932467021088 0.2797670363198848 0.7639531760056064 7.4071931185637485e-06 4.3182645985850865e-05 -5.1465721281229726e-05 6.758940664950567e-05 0.0 -0.017041869770280178 0.2797716752902896 0.7639343639086714 -2.7309006714531375e-05 5.0190897579072136e-05 -6.711301450690321e-05 8.705585484899636e-05 0.0
0.06304800751401428 0.27982198891191673 0.7638358508977411 3.840052047719338e-05 5.549550382552973e-05 -0.00011729602138661639 0.00013520847130027062 0.0 -0.017041379003127077 0.27974261572309306 0.7639475724992921 -1.1065038798236956e-06 -2.5784464861858404e-05 9.171569684704106e-06 3.3680718363127084e-05 0.0
0.06304567444872279 0.2798075754900496 0.763852544794829 -6.241423946410798e-07 -1.3974743463306498e-05 1.3264011953162242e-05 2.2178280446340247e-05 0.0 -0.01703208779606844 0.2797122085588406 0.7639855981330769 1.1426908796185926e-05 -3.572764522428497e-05 4.3722756499203015e-05 4.605378570067295e-05 0.0
0.06303604194104627 0.2797354896273063 0.7639081532321506 -1.3744945838182406e-05 -7.855214878754445e-05 7.036479945570763e-05 9.052658029320282e-05 0.0 -0.017006323603484003 0.27966095435437716 0.7640543401683751 2.7695034233672478e-05 -5.445092614336676e-05 7.492506480325633e-05 9.093991260405711e-05 0.0
0.0630301499276969 0.2797213979798939 0.7639166357029822 -1.0422755951675341e-05 -2.835937355913696e-05 2.5365634930909287e-05 1.9653918177343635e-05 0.0 -0.017006229246290284 0.2796580086796697 0.7640575154994268 3.3661601643206866e-06 -5.495561892783803e-06 9.395745660231723e-06 7.800793744494977e-06 0.0
0.06301940265193336 0.27973436155982023 0.7639075555852172 -1.3799861486871451e-05 6.620581352214043e-06 6.99405645050554e-07 1.7524491937694292e-05 0.0 -0.017004433169411907 0.27963956631551196 0.7640815975953992 -7.744867983589596e-07 -8.152229908940745e-06 1.2828175375680929e-05 2.5580653171297826e-05 0.0
0.06301025024955129 0.27963023331551407 0.764034114823386 -8.654897681223726e-06 -7.086420360731066e-05 9.231110313535675e-05 0.0001614503518186259 0.0 -0.016993461442884363 0.2795800283262915 0.7641552644866978 3.864910117076244e-06 -4.337770355647397e-05 5.299135758868267e-05 9.592286679484978e-05 0.0
0.06299633801758825 0.2794595741040995 0.7642509147599151 -9.12433043513089e-06 -0.0001610543174157674 0.00020353451608734244 0.00028022783435122046 0.0 -0.01698587927862322 0.27958677077699334 0.7641530099147783 5.269461863997854e-06 -4.360684708736519e-06 7.957889633463033e-06 1.633178147340625e-05 0.0
0.0629781610449684 0.27934794594489654 0.76438579580215 -1.5104414720366867e-05 -0.00014207371975993917 0.00017040401893828503 0.00017796700238620567 0.0 -0.016976446552962488 0.2795708986134881 0.7641702345056256 1.2516722533644287e-05 -1.6368888810479395e-05 1.8340709003391923e-05 1.7690503294061377e-05 0.0
0.06294268222700451 0.2794641990750887 0.7642785547040294 -3.693717652798986e-05 7.225707396675927e-05 -5.8684034328732195e-05 0.00015096646920661767 0.0 -0.016942747784308536 0.27955342910029973 0.7641928608229247 3.2752825680819e-05 -1.5275261937854994e-05 2.0918932494659677e-05 4.541317475855384e-05 0.0
0.06293389486760391 0.2795981863143821 0.7641473865846844 -1.5783078918907912e-05 0.0001743817970836533 -0.00017946025628718824 0.00019418190053183503 0.0 -0.01692365343954131 0.27958095070990985 0.7641586640001556 2.525068500137969e-05 2.137493318745313e-05 -2.661040300037802e-05 5.281710538185635e-05 0.0
0.06297761373420795 0.27975645073212146 0.7639684252360884 3.857234579789787e-05 0.000205481406668263 -0.00022862375705428646 0.00024819532003200485 0.0 -0.01700635125052157 0.27976577115838525 0.7639393599692417 -6.97851300903146e-05 0.00017002768931249795 -0.0002029610613495661 0.0002930017300161854 0.0
0.06301403837689123 0.2797671039892335 0.763949122702792 4.857760453757318e-05 4.088784000006554e-05 -5.4907852398472933e-05 4.130932668504663e-05 0.0 -0.017059680471477493 0.279732781159664 0.7638749146141542 -7.347988895088661e-05 2.0858989621392262e-05 -0.00011330047421103989 9.808404482705237e-05 0.0
0.06309499451594112 0.2797106191432073 0.7640330665581941 8.211308698212882e-05 -9.861231613202679e-05 0.0001242656667801677 0.0001176650855070168 0.0 -0.017098490874493888 0.2797380247801765 0.7637591230427713 -5.074009381949765e-05 -1.327226841669044e-05 -0.0001070575408829256 0.00011030700668648815 0.0
0.06314687345759094 0.27968622096475754 0.7640505341311015 6.0257026905386863e-05 -8.395138174238236e-05 9.22157488400154e-05 7.220112918868173e-05 0.0 -0.017148628302483974 0.27972203513794236 0.7637380373836302 -4.405931877943761e-05 -3.3011412769585845e-05 -2.385901643754014e-05 6.11139176209693e-05 0.0
0.06317489388734668 0.2796947637638571 0.7640838298305029 2.5353620250184105e-05 -1.6630906894995036e-06 3.7344861756127205e-05 4.3034096091074884e-05 0.0 -0.017162867528788085 0.2797116924077131 0.7637313091339548 -8.690440995516691e-06 -2.9482463769232202e-05 2.172680073019902e-05 2.4089583111907422e-05 0.0
0.06317167951330685 0.2796634322729576 0.76414275100653 -1.129892633181427e-05 1.00007769074789e-05 2.2430302012078785e-05 6.2400113771807e-05 0.0 -0.01716183482230871 0.27970621078481644 0.7637296210813393 1.1023840633900037e-05 -3.010572221362416e-06 1.481481543179721e-05 3.853861143960626e-06 0.0
0.06316600577645985 0.2796504979097785 0.7641792657411618 -1.4663229621148178e-05 3.349443302419822e-06 2.0116165085558134e-05 4.0608545023546505e-05 0.0 -0.017164862972039195 0.2796893520793578 0.7637195977955678 6.288040087083872e-08 4.03955792492119e-06 -1.794977033218856e-05 1.4777961598968371e-05 0.0
0.06315929820665915 0.2796387206101338 0.7642034091523415 -8.313892510205166e-06 -7.778473903078406e-06 1.749565049704354e-05 3.0168126817423546e-05 0.0 -0.017172036803143303 0.27969014606318493 0.7637094146766568 -1.3094932833953488e-05 9.054747392708105e-06 -2.932271115213478e-05 1.874470933747665e-05 0.0
0.06316898854676602 0.2796394199462845 0.7642230723155711 1.0773911481529678e-05 -1.4342050782560563e-05 3.068181341777862e-05 1.794981099201363e-05 0.0 -0.017184998219553993 0.27969535909412135 0.7637049865859732 -1.3525284063584426e-05 -8.664581116175847e-06 -4.721462454236131e-06 1.0491884373013628e-05 0.0
0.06317682078527218 0.2796317225444439 0.7642298585832703 1.8739467585395605e-05 -9.046306709975628e-06 1.0677335982097205e-05 1.5923151816463016e-05 0.0 -0.01720270562641116 0.2796786451492132 0.7636930299014907 -2.186804285918527e-05 -8.885934644222894e-06 -1.644815089002888e-05 2.8086102489005484e-05 0.0
0.06316863150001979 0.27962855003976167 0.7642303528728912 -2.9506139532041844e-06 4.0099929194385996e-07 -6.132834023149915e-06 8.252692738688314e-06 0.0 -0.017193934730831847 0.2796788185157766 0.7636900223699735 1.4711158853250244e-06 -5.7459004192551495e-06 2.2107632820554473e-06 1.0408397956578795e-05 0.0
0.06316556707461435 0.2796343429630348 0.7642564684791998 -7.333946691306225e-06 5.101459884209887e-06 2.406371155477647e-05 2.5857231442977115e-05 0.0 -0.017185916850613867 0.27968162453757905 0.7636873109269952 1.4423545683448928e-05 1.943681330823142e-06 -6.637960870141169e-07 7.901765283663735e-06 0.0
0.06316319270315963 0.2796205146561421 0.7642921820976295 -7.269643766856098e-06 -1.3481927822831182e-05 4.078706739319862e-05 3.9581881366563885e-05 0.0 -0.017179279339171405 0.2796853427381279 0.7636834461707287 1.1959595915719e-05 4.460560295216112e-06 -2.643126792276147e-06 8.51784559155384e-06 0.0
0.06317283653865402 0.2796182684652553 0.7642957655954639 7.177817259313651e-06 -4.653847055198655e-06 1.270865120095121e-05 1.0445196337995408e-05 0.0 -0.017177294203452154 0.2796829870782757 0.7636857739497064 3.0689113012094117e-06 -4.3974568722879676e-07 8.983494241933256e-07 4.674581975372777e-06 0.0
0.06317699584434475 0.27962081771477837 0.7642930069926925 8.104768817970027e-06 1.4384219755622404e-06 -4.328858207070496e-06 4.044141522614012e-06 0.0 -0.017176111453757557 0.2796814136016113 0.7636875848347894 -1.739343975148777e-06 -7.707666445913866e-07 2.4213230202266517e-06 2.152101360174339e-06 0.0
0.06318022863164992 0.27962146095040574 0.7642921006809522 6.2137950798564335e-06 2.7354175959045436e-06 -7.903602827827233e-06 4.521654684743493e-06 0.0 -0.017174946313808927 0.2796800395469378 0.7636892928063788 -2.209709212542513e-06 -3.2684694496711607e-06 2.0425303284557684e-06 2.170394754837762e-06 0.0
0.06318273740556324 0.279621793267055 0.7642912843477522 1.3171694771468425e-06 1.0173076883382528e-06 -5.3845461526752525e-06 3.527617057998565e-06 0.0 -0.017171037376964515 0.2796755033404356 0.7636878490289033 3.01208731299229e-06 -6.009251113561847e-06 -1.6200735921622177e-06 6.658996072006583e-06 0.0
0.06318500755056415 0.27962242733339493 0.7642904416768553 -2.506982071079255e-07 1.2766052437828078e-06 7.429829690542031e-07 1.6521246163669306e-06 0.0 -0.017160182597832568 0.27967760391938007 0.7636890461714106 1.2686656712443338e-05 2.3757466413148676e-06 5.371693358687508e-07 1.0984333344931789e-05 0.0
0.0631856116998493 0.2796225458822898 0.764290435133402 4.796628731707908e-07 -4.603204962990526e-07 5.094531556979629e-06 1.8895086396753393e-07 0.0 -0.017155814010038437 0.27967785927152183 0.7636899056823268 7.057235778790023e-06 1.7295324689636477e-06 4.153078269468315e-07 4.508808067925131e-06 0.0
0.06318556766770331 0.27962300112294136 0.7642902940663826 2.933280305222954e-07 -1.3957239780407567e-06 1.4043628127966877e-06 9.991062131419787e-07 0.0 -0.017150608885484118 0.2796760265361014 0.7636851323147295 5.03544445642569e-06 -9.573198546658174e-07 -3.7921854262088433e-06 6.939156920367602e-06 0.0
0.06318342834484786 0.27962330098295185 0.7642919804008734 -1.0814001710948055e-06 1.2789970986036027e-06 -8.740957258337797e-07 2.644524862922293e-06 0.0 -0.01714163518485657 0.2796776699853894 0.7636861369491214 7.204177649542863e-06 4.648920064201885e-07 8.900507370178119e-08 9.473299939063299e-06 0.0
0.06318257636402566 0.2796234116805289 0.7642919137426898 -1.6998237017266794e-06 5.154437035710986e-07 -4.957259848067197e-08 9.799000701990572e-07 0.0 -0.01713606463583094 0.27967848474465073 0.7636865876446257 5.748698353891425e-06 9.07843638172282e-07 6.74278818326612e-07 5.879492807588233e-06 0.0
0.0631820795771956 0.2796199435616995 0.7642892175757916 -5.039929875501138e-07 -3.1198024715508322e-06 -2.2942679725272107e-06 4.2146094931271836e-06 0.0 -0.017131609887625025 0.2796798835041985 0.7636858719844805 4.5173348550349704e-06 1.2307861142849941e-06 -1.1352259348947997e-07 4.339539102128092e-06 0.0
0.06318425018902274 0.2796173672005796 0.7642890284224026 2.1612721158244842e-06 -3.2402675660179143e-06 -1.185168243948582e-06 3.5078085575687285e-06 0.0 -0.01713219031338316 0.27968423973599 0.7636983372665639 1.9877658508801052e-07 3.9870913199307595e-06 1.0662473907251478e-05 1.311864142886271e-05 0.0
0.06318541203417438 0.2796096872562592 0.7642954317818712 1.9741227794988173e-06 -7.2558540062692376e-06 5.342677768868136e-06 9.973940478748835e-06 0.0 -0.017125636079153347 0.2796544081907582 0.7637205396413447 4.835989650877296e-06 -2.414617812280361e-05 2.2724956455858695e-05 3.812233260167475e-05 0.0
0.06318561783154046 0.2796098258209532 0.7642946529683636 4.838627088466484e-07 -1.5892395958739547e-06 1.5267167947540311e-06 1.079221380313227e-06 0.0 -0.017076878732834682 0.27951700399347634 0.7636832624823879 4.268755729494848e-05 -0.00012701811682623123 -2.6333149196209356e-05 0.00014982086794178306 0.0
0.06318357589377652 0.2796098070518817 0.7642826104114477 -2.1555375702132495e-06 8.584312619590999e-07 -1.0295833821254051e-05 1.1632793747294644e-05 0.0 -0.017005559366304913 0.27923959606121235 0.7635582032953532 7.539359844074489e-05 -0.000277126202498464 -0.00012017681802075347 0.00031379125712094607 0.0
0.06318019751802262 0.27959950472500017 0.7642796615985435 -4.059067109768903e-06 -7.687435255113399e-06 -6.540162798130075e-06 1.1883315476572233e-05 0.0 -0.016919934301552083 0.278883054091984 0.7632964627093747 9.276817394542854e-05 -0.0003782567052549767 -0.00026271325809092166 0.00045108947450559704 0.0
0.06317703405420476 0.27958996326420144 0.7642671233948619 -3.718647738252559e-06 -1.071670151483649e-05 -1.2186064400413054e-05 1.5814127331734442e-05 0.0 -0.016718866004012973 0.2777437299380738 0.762468024140131 0.00018908059172132618 -0.001054013879558676 -0.0007803792327520628 0.0014128111612656629 0.0
0.06316580661318151 0.27957816698082705 0.7642503991226638 -1.0041890704684307e-05 -1.3125180923701836e-05 -1.6543749137074674e-05 2.3223703489389126e-05 0.0 -0.016687163281196963 0.27639345597515197 0.7615562185163697 6.919945315280685e-05 -0.001427832420614078 -0.000992416464692709 0.0016560216920190687 0.0
0.0631583416450603 0.2795721224358476 0.7642339668623086 -8.621298977321649e-06 -7.66642528921623e-06 -1.6440300609677235e-05 1.9207842595384714e-05 0.0 -0.016634297801510295 0.27433713242037955 0.7600071378197539 3.359936941077795e-05 -0.0020581307435645077 -0.0015252198883654946 0.0025462815680784433 0.0
0.06314520929565412 0.2795704687945886 0.7642204670292486 -1.2512122423451583e-05 -1.225174114617036e-06 -1.3644670241614327e-05 1.881415452108316e-05 0.0 -0.0167250672514931 0.27104669401440873 0.7574003038872665 -9.126732112619946e-05 -0.003222741294019958 -0.002535782420832406 0.0041995559870527275 0.0
0.06313247781911609 0.27956208336998467 0.764207653638978 -1.3076494196649015e-05 -4.695226603249232e-06 -1.2809377354798625e-05 1.974658094998799e-05 0.0 -0.017523186896193726 0.26731939740535443 0.7544534400333798 -0.0007248763499687896 -0.0038534576899671162 -0.0030649808997965525 0.004855568100138336 0.0
0.06313089043056448 0.2795631014526827 0.7641994768955607 -3.2254664058642322e-06 -5.028808830072259e-07 -8.015880221151679e-06 8.900676679291328e-06 0.0 -0.018274614282676935 0.26568252950748744 0.7530346433050835 -0.0008691171236189758 -0.0020626123340169032 -0.0017569139499717657 0.0022884543423422866 0.0
0.06312602124239287 0.27955766787486064 0.7641873881909712 -2.4861936082518184e-06 -5.060113819611421e-06 -9.70274565260564e-06 1.3520391830591418e-05 0.0 -0.018888252076859763 0.2646606415567641 0.7520783321644475 -0.0006989412588124075 -0.0007805160033162676 -0.0007852657890073232 0.0014197419196196577 0.0
0.06312037342674877 0.27954403993567245 0.7641710677589598 -4.381177442326109e-06 -1.3087161353998844e-05 -1.6642079783431707e-05 2.2288405199064e-05 0.0 -0.019132931900762574 0.2643317937120104 0.751695497985105 -0.0002507033838390755 3.6659799835801136e-05 -9.844365180292381e-05 0.0006633715930807891 0.0
0.0631197968423646 0.2795273167902645 0.7641446158765319 -1.9310425183342414e-06 -1.8230980540225993e-05 -2.671967772446568e-05 3.1594855793259794e-05 0.0 -0.019344093871439573 0.26410949885464163 0.7513784651535806 -8.185105061723653e-05 7.930855114858439e-05 -6.156778357239252e-05 0.00047437398621407605 1.0
0.06312931491670469 0.27951167895266105 0.764114364197495 7.987049387944189e-06 -1.7102825313573444e-05 -3.215289149698083e-05 3.5033045635976675e-05 0.0 -0.019518652096798556 0.26391909961524385 0.7510781460341729 -6.72654090929513e-05 -0.0002836182537539196 -0.0003662439343217657 0.00035031026990950636 1.0
0.06313495431972553 0.2795046641515547 0.7640990821641735 7.110597551825773e-06 -8.345803005134875e-06 -1.9029823426451516e-05 1.766274590568618e-05 0.0 -0.019571340302711984 0.2637326223463906 0.7508293147497214 -8.046542375892608e-05 -0.0004984000644864986 -0.0004980882409656353 0.0002865732388110452 1.0
0.06313737883395881 0.27950471967807045 0.7640869833321275 3.839148729954171e-06 1.1671409012272156e-06 -1.0150606663474377e-05 1.2069133346202718e-05 0.0 -0.019483514994169865 0.26361471270340897 0.750811226259398 -6.928587122419894e-06 -0.0002941006366151558 -0.00017506772667667076 0.00017744415284892418 1.0
0.0631440913524229 0.2795061370204514 0.7640887313810201 5.612239912063101e-06 5.0262102846712455e-06 3.727658215687743e-06 7.528924381152132e-06 0.0 -0.019400223117499397 0.2635396355069505 0.7508242345789252 8.389663713103855e-05 -2.0565969798252287e-06 9.273940345478531e-05 9.729658497965085e-05 1.0
0.06315115161588702 0.27950201838564265 0.7640780436672274 5.624889565690277e-06 -2.4768685693985482e-06 -5.552515323107494e-06 1.3648957996127788e-05 0.0 -0.01933504964699652 0.26348841474518875 0.7508294429008936 8.376767860932032e-05 -1.6329269318692387e-05 5.8084639606612596e-05 0.00010097507831557679 1.0
0.06316030816826271 0.2794918604211813 0.764068718392737 8.757672838268876e-06 -1.1352426049179313e-05 -1.0810441561657748e-05 1.6441031998514082e-05 0.0 -0.01928113845578676 0.2634395628899929 0.7508259455302255 6.373479825177682e-05 4.048995408900691e-06 3.408409303772627e-05 6.842426152362641e-05 1.0
0.0631813268716213 0.2794873422279632 0.7640572911002034 2.0581298025845445e-05 -8.497295917447213e-06 -1.4772976661035523e-05 2.393342244991692e-05 0.0 -0.019231618350984532 0.2634186187192704 0.7508290187119548 2.4499416395595776e-05 -2.1042117675651537e-05 -2.1206084334614772e-05 5.046590069648579e-05 1.0
0.06319164022670562 0.2794858698317257 0.7640511216031537 1.4414200538250476e-05 -2.614532494112412e-06 -9.013204925026394e-06 1.2533204163601291e-05 0.0 -0.019201157427584516 0.26340999022345235 0.7508307472994544 2.0165382318535792e-05 -1.4048074439720215e-05 -2.1349236185326168e-05 3.094972091548725e-05 1.0
0.06320758592778086 0.2794803446200316 0.7640440187245121 1.440994893945906e-05 -2.9199974636232238e-06 -5.584125944660038e-06 1.766965102668531e-05 0.0 -0.019142867177003434 0.26340341072180246 0.7508281471712576 6.038430115643827e-05 -8.222814973640172e-06 -2.1897739620902064e-06 6.035783908669306e-05 1.0
0.0632076421729057 0.27946658575435995 0.7640262384951759 1.3093008514945818e-06 -1.1259981407683241e-05 -1.4673112652533083e-05 2.3129924555672688e-05 0.0 -0.019102636035293913 0.26339623818250785 0.7508283224038365 5.706227433696598e-05 -3.274666492108488e-06 1.6509189744916476e-05 4.185970287163941e-05 1.0
0.06317520347375695 0.27945892107530096 0.763998056816906 -3.0377009108536968e-05 -9.993556228799201e-06 -2.7161911258093668e-05 4.358242657396283e-05 0.0 -0.01900980630147648 0.26340070402276117 0.7508336404498576 8.749648923997922e-05 3.01967319203599e-06 6.930217768346258e-06 9.130080994310566e-05 1.0
0.06311372876010543 0.2794402487078448 0.7640157988566942 -6.399160038369296e-05 -1.8371965661052973e-05 7.302693108562921e-06 6.669718455710502e-05 0.0 -0.018966938370804737 0.26340562980347704 0.7508314133656431 5.6146941515171315e-05 4.440907962031059e-06 -1.0350879820244753e-06 4.491547053119064e-05 1.0
0.06306161270294056 0.27942040561246234 0.7640191073020448 -6.099480295463962e-05 -2.0887934976066565e-05 1.0307479248210113e-05 5.591376226883946e-05 0.0 -0.01893852719936901 0.26343379892953644 0.7508296723145679 2.821658870749912e-05 2.4937666726839613e-05 -2.41956761518643e-06 3.782359712295187e-05 1.0
0.0630318975336396 0.2794021041277379 0.7640134270082907 -3.31997048416187e-05 -1.8534355172071796e-05 -2.997748315228412e-08 3.4719885427261117e-05 0.0 -0.01895000400393945 0.26348937939705896 0.7508384362414124 -1.4942612562379835e-05 5.676331446772171e-05 7.0519254864251425e-06 5.823104635099247e-05 1.0
0.06297154660511338 0.27940635661119273 0.7640147811868563 -4.8131668372748725e-05 1.5899264870624922e-06 -3.638107935717933e-07 5.99873838770981e-05 0.0 -0.019086312239699022 0.2637954493116483 0.7508960685989832 -0.00013081704065244455 0.0002771868774045105 5.149495400010489e-05 0.0003389100749390009 1.0
0.06297270189409578 0.2794232623043846 0.7640313626751161 -3.0071606442008295e-06 1.873594983759835e-05 1.114591921870492e-05 2.630901560135444e-05 0.0 -0.01912174873340909 0.2638893845242837 0.7509131292222044 -7.027858299225001e-05 0.00016173041769171093 3.086634571202719e-05 0.00011267506546091741 1.0
0.06297911498497338 0.27942503758282516 0.764102064673771 1.164757252054155e-05 8.901483929908004e-06 6.254197582166701e-05 6.839695853449247e-05 0.0 -0.019238702574375533 0.2641714796533435 0.7509885862025856 -0.00010224449972160235 0.00025353583100110765 6.81709649613211e-05 0.00029428408893352067 1.0
0.06298226589278566 0.27937604965025525 0.764146930469684 6.9194927111014795e-06 -4.1906854644925395e-05 5.8948511484066356e-05 6.79981304681567e-05 0.0 -0.01934439401352493 0.2645054810193419 0.7510967652230082 -9.742074235498285e-05 0.00032376956422536593 0.00010633260983940144 0.00037881428131344877 1.0
0.06299397073190902 0.27934335442234226 0.7641990772122857 9.272224029606405e-06 -4.696887535489464e-05 5.75941572949305e-05 6.231852004515636e-05 0.0 -0.019498184000763554 0.26523550350046327 0.751566765174375 -0.00014368853336402663 0.0006787010654005294 0.0004246030745050259 0.0008814423976741824 1.0
0.06300606056954344 0.2793039331357633 0.7642550138178787 1.0478670416331076e-05 -4.561822751829862e-05 5.034507305541669e-05 6.861898844203804e-05 0.0 -0.019125889325147843 0.2662307848379367 0.7529597896519802 0.00029402105674909733 0.001017944426725786 0.001316802670868237 0.0017533918152653637 1.0
0.06300470605822021 0.27928680296414315 0.7642668318481532 -2.538108899659508e-06 -1.915235165356631e-05 1.2464529968897299e-05 2.1789616401126238e-05 0.0 -0.018512270377370337 0.2664025613537767 0.7538255393564457 0.0006447390380667244 0.00037533316115528605 0.0011133283526679426 0.001090399669407817 1.0
0.06298844045800632 0.27926789898040294 0.7642632917358074 -1.8980375571058748e-05 -8.858898139341953e-06 -9.37559188334645e-06 2.4682594114746493e-05 0.0 -0.017716918273726543 0.26635135319906883 0.7549343006429882 0.0008640884100172245 -0.00010594765357473535 0.0011072953321631545 0.0013184763143909413 1.0
0.06296751157871468 0.27926581722604255 0.7642554867738522 -2.0192935235273074e-05 2.1716419891013503e-06 -1.2504568460571808e-05 2.2613203715343743e-05 0.0 -0.016530072146719112 0.2657898410315247 0.7564855695865416 0.001197738894472393 -0.0006783206126574614 0.001419819170187453 0.0020523248636619418 1.0
0.06293693754593797 0.27926397754909976 0.7642419655897814 -3.2084844868149494e-05 -1.136779206791427e-06 -1.20962952624282e-05 3.4272632897131485e-05 0.0 -0.015406321705972732 0.2648827142077982 0.7578325942569009 0.0011607332179145017 -0.0010047811025646128 0.001354934865846456 0.002021754197796951 1.0
0.06289238582879506 0.2792485399125631 0.7642312521102336 -4.3634131035301813e-05 -1.661029732098009e-05 -1.0669935337635471e-05 4.7586546075207407e-05 0.0 -0.014114757977458469 0.2636359948855596 0.7591623757615582 0.0012378814819447904 -0.0012590064144652417 0.0013196558677957223 0.0021880080861139558 1.0
0.06283115248035585 0.2792240708694961 0.7642108189298947 -5.884137998969096e-05 -2.573073547270165e-05 -1.3470996154117078e-05 6.850147830595737e-05 0.0 -0.012889612516832039 0.26224939588120244 0.7605064488462248 0.0012034464928720446 -0.001336276387433505 0.0013569586704407948 0.0022746902834897 1.0
0.0627655168131083 0.2792119651922126 0.7641827560883038 -6.71238888331602e-05 -1.884821878328279e-05 -2.5520554246962493e-05 7.351092517391885e-05 0.0 -0.01167976250638308 0.2604279760175988 0.7615120589393601 0.0012056102504491486 -0.0017271372225510953 0.001061674934732939 0.0024387453684837747 1.0
0.06267756156507091 0.279175063044781 0.7641333339155764 -8.694273660872086e-05 -3.269918096355976e-05 -5.071574111322118e-05 0.00010621055329023726 0.0 -0.009955816287155757 0.25824424236240817 0.7625336834047859 0.0016264053028162825 -0.002189106748042903 0.000911831641367198 0.0029519890319720824 1.0
0.06259114353131114 0.2791271104959613 0.7640609918931556 -8.91850212258354e-05 -4.747901900023983e-05 -7.382458975035954e-05 0.0001236754092951243 0.0 -0.007807283931497888 0.25622337173212373 0.7633549828340837 0.002158711903787951 -0.002096164064937086 0.0008437151483591255 0.0030683685739227276 1.0
0.06251835373357745 0.27905361574304655 0.763967868806092 -7.465013342109638e-05 -7.120681938465486e-05 -9.563000345833776e-05 0.00013878700191673562 0.0 -0.006183920307648508 0.25442128067392616 0.7636030555774681 0.0018390880817440564 -0.0018429179366578606 0.00033636726568732345 0.0024383632808636264 1.0
0.06248219882680491 0.2790164575369495 0.7638904705528857 -3.784611320533453e-05 -4.7396614796023123e-05 -8.419419034028855e-05 9.33044826940427e-05 0.0 -0.004865262933942585 0.25301838061148835 0.7638433631339145 0.0013402179723407605 -0.0013774334852158475 0.00015126426894998524 0.0019125681110365358 1.0
0.06243696921200977 0.2789518383278037 0.763777943394032 -3.550427989410815e-05 -5.84333214928327e-05 -0.00010492257156781396 0.0001353397077982908 0.0 -0.003485567542018385 0.25136449046725295 0.7636681604786028 0.0012315081183493423 -0.0014855584876608424 -0.00015907382753635913 0.002175186366632448 1.0
0.062409109886263484 0.27888694132120356 0.7636552411714742 -2.6404164828331153e-05 -6.184132664233627e-05 -0.00012090981243394238 0.00014493242895317651 0.0 -0.002083550008373614 0.24975462325407902 0.7632373979560496 0.0012806819148299105 -0.0015905659025311663 -0.0004331381492234253 0.0022125473557343296 1.0
0.0623923449886033 0.2788442632357317 0.7635480491452038 -1.844186883588864e-05 -4.4736798772470585e-05 -0.00011143324421236667 0.00011596971540240576 0.0 -0.0008453573367041239 0.24854852176355757 0.7628194370657961 0.001274784522868901 -0.0013491772042580235 -0.00046004647964044496 0.0017572580284502715 1.0
0.062386709520958775 0.27882671216028604 0.7634725696343521 -9.697982605323576e-06 -2.0618962194904256e-05 -7.982317371516825e-05 7.561523136200573e-05 0.0 0.00040443302842244283 0.24742282716931738 0.7621794273768412 0.00133519351752231 -0.0011580733410553477 -0.0005818022129454304 0.0017677627402785025 1.0
0.06236655378505993 0.27879321261120255 0.7634153970582819 -1.7718164885881406e-05 -2.632789933305679e-05 -5.304349276443831e-05 6.913734198404502e-05 0.0 0.001898136475821049 0.2468331422334401 0.7617409937893023 0.0014984708412070506 -0.00060933944719764 -0.0004666830723143295 0.0016927966336351941 1.0
0.0623076506023931 0.27875705165342457 0.7633504280246473 -5.428867568335148e-05 -3.464557959461835e-05 -5.4943365799518245e-05 9.740639521772123e-05 0.0 0.003171026799608618 0.24636883693814546 0.7609661287794641 0.0012983814641096161 -0.00036623788751916726 -0.0007051445164630208 0.001569952932061434 1.0
0.0622486566209797 0.27868037587725264 0.7632661544654022 -6.612630263376189e-05 -7.240393001187359e-05 -7.944545096803064e-05 0.00012774067991150884 0.0 0.0035540198785358463 0.24588636596664296 0.7601640779175785 0.0004978787092082884 -0.00040714794620844 -0.0007956321421772287 0.0009996238434098145 1.0
0.06221909195465426 0.2786552137225045 0.7632094710518519 -4.127334231556002e-05 -4.47419291527667e-05 -7.093406577486805e-05 6.87563496729933e-05 0.0 0.003585197946273307 0.24541772651511118 0.7601345240499251 -5.37504196589933e-05 -0.0005201739175272977 -0.00019119552455192532 0.0004603924200569482 1.0
0.06219042309702993 0.2786384474078569 0.7631799004786929 -2.322042687826416e-05 -1.6658225890068615e-05 -3.72663582811932e-05 4.1431616251643875e-05 0.0 0.003517021253387032 0.24492234663613202 0.760177497059902 -0.0002317395976720463 -0.0005488479097636074 0.00012232538351668968 0.0005073685915183384 1.0
0.062152009651199776 0.2786283151400664 0.7631632605289138 -2.782699795600759e-05 -6.300158576143608e-07 -1.1469269474678664e-05 4.4868863219455813e-05 0.0 0.003441290206206014 0.2444269097003827 0.7602226225587831 -0.0001451578873640138 -0.0005299231931034285 0.00016412108964578752 0.0005200980008857356 1.0
0.06212562814766489 0.27862073539115223 0.7631592889342719 -2.488808166222939e-05 -1.220210298005103e-07 3.873004972384126e-06 3.018434398556095e-05 0.0 0.003396752766528966 0.2440395297921625 0.7601827881911499 3.726998957045047e-05 -0.00041538565946590733 -3.404738499699744e-06 0.0003875991189149393 1.0
0.0621053745101315 0.27861448827244206 0.7631564629867135 -2.3902314992399964e-05 -7.3711604307926124e-06 9.908182353985198e-07 1.9592868361001064e-05 0.0 0.0033370387583936036 0.24372352108515702 0.7601138423301845 7.8287458691923e-05 -0.0002738005023463761 -0.00012668710849217597 0.0003089669035323511 1.0
0.06208065340353804 0.27859333540961195 0.7631388952885055 -2.725998986947461e-05 -2.377238534662639e-05 -1.9114705502944504e-05 3.546079097061914e-05 0.0 0.0032544709944467886 0.24335186824930385 0.7599840529332382 -4.33098120387694e-05 -0.00033037099465317473 -0.00023593403080387934 0.00040933472064362173 1.0
0.06204816599073644 0.27853065893301077 0.7630683928861315 -3.0777390364031187e-05 -6.350217958336755e-05 -7.024648201722509e-05 0.00010129178446884106 0.0 0.003217960663299801 0.2430576461424981 0.7598662142993359 -9.774426175934454e-05 -0.00030337773803223414 -0.00014817570828326175 0.0003332375805684988 1.0
0.06202533899180082 0.27847299178797386 0.762960364718804 -2.3969024184598104e-05 -6.333188994467573e-05 -0.00011264431666034172 0.0001257066288417453 0.0 0.0032847107554518393 0.24271660631574396 0.7597776697057671 2.986937969432353e-05 -0.0003387841694795934 -3.6955804006541006e-05 0.00034702440982482103 1.0
0.06202425260290755 0.2784138683833452 0.7628637027969448 -5.225191383412642e-06 -6.306880459779941e-05 -0.00010946163253115205 0.00011171314521843434 0.0 0.003255696447023279 0.24240280505756148 0.7597435581679919 -3.691536646435608e-06 -0.0003330901398468024 -2.0741428348812522e-05 0.0003180104426215031 1.0
0.062035420226037544 0.2783835783197375 0.7627835731570293 1.2718630265851969e-05 -3.2289039319231995e-05 -8.338643536484304e-05 8.540534116183241e-05 0.0 0.0032323068632102566 0.24210706076235297 0.7597358977571086 -2.2602955957434826e-05 -0.0003026460147765572 9.035528927692983e-06 0.0002988313636346806 1.0
0.06205281069583873 0.2783683506166986 0.7627419840393294 2.277959447710649e-05 -8.159846127972469e-06 -3.628709230568591e-05 4.87513966383554e-05 0.0 0.003184296721358248 0.24183022354115513 0.7597851992241762 -5.509135520264572e-05 -0.0002687169196014989 5.0316351298531e-05 0.00028479927520385826 1.0
0.06206774096495487 0.27834718019108096 0.7627160066588835 1.7949727393075474e-05 -1.1140789741626534e-05 -1.2277422111550044e-05 3.726098686059154e-05 0.0 0.00301092656472435 0.2417297777449484 0.7595129882244229 -0.0001728589832854064 -0.00011770207805097591 -0.0002206765128667485 0.0003364003551498585 1.0
0.06207797637076275 0.27832972653990856 0.762692973983705 8.213630498707647e-06 -1.795141757978894e-05 -1.469931316453629e-05 3.060881633688939e-05 0.0 0.0027921262609888102 0.24174645868231745 0.7590582543477531 -0.00023585043274500575 2.441693029180494e-05 -0.00047951883730926864 0.0005073162143239771 1.0
0.06208045003516186 0.27831723717476564 0.7626811630512744 -1.127974699137697e-06 -1.8861548920183624e-05 -1.698913029515168e-05 1.726268685127443e-05 0.0 0.002728039919622766 0.24178520603124032 0.7587310311872694 -9.71766344972903e-05 7.540103223166401e-05 -0.00041684150642800006 0.00033897279869707413 1.0
0.062071358138424494 0.27830115454505705 0.7626634618967018 -1.0339314159000257e-05 -1.8043566396381643e-05 -2.269911281414013e-05 2.4639072287113123e-05 0.0 0.0026817771599028767 0.24184115636758546 0.7583502599106554 -2.241575538259986e-05 6.388942523079022e-05 -0.0003833525158827844 0.0003766446487587903 1.0
0.06206281765099537 0.2782934624425614 0.7626480843570059 -1.0123437315322892e-05 -1.0008320198867654e-05 -1.946513266736672e-05 1.986960823986178e-05 0.0 0.002649739113993596 0.24190258126515538 0.7580090197776372 -5.969345658374085e-06 4.974733627115176e-05 -0.00031131533987108364 0.00035470217656269776 1.0
0.06205690955089522 0.27828108416767966 0.7626395406817668 -6.150217398096008e-06 -8.87565690823908e-06 -1.080275292730588e-05 1.6268703868609692e-05 0.0 0.002630836242322243 0.24191145715963794 0.7578475328233463 -4.155825696263348e-07 -6.431236940245412e-06 -0.00014069070965938522 0.00016815386084512754 1.0
0.06205280022068697 0.2782765848787467 0.7626309837546914 -2.3273390400232764e-06 -4.923290830405918e-06 -6.027463512330963e-06 1.0147272435646358e-05 0.0 0.002654289162762893 0.24190010003938006 0.7577230587070366 1.063544252740303e-05 -2.8362264856285216e-05 -8.722064608094865e-05 0.00011846961970173324 1.0
0.062049051377415065 0.27826973854733855 0.7626298575608996 -1.5958756886129488e-06 -6.55062127044885e-06 -7.610993285321022e-07 8.01073913722915e-06 0.0 0.0027776848668104783 0.24186746529345185 0.7576986057883163 9.275405109216812e-05 -3.113752202369303e-05 -3.918833974173063e-05 0.0001313468709151742 1.0
0.062043607345126296 0.27825948713327875 0.7626222296190839 -4.187569998335724e-06 -9.370220472746806e-06 -5.240200646229795e-06 1.4119122421618861e-05 0.0 0.0029653190105869264 0.2418418749291829 0.7576906900004687 0.00019012879699306596 -2.6050783398701808e-05 -4.542930392834185e-06 0.00019659573542877776 1.0
0.062039121936391245 0.27825374414054577 0.7626139306823865 -5.538422181635173e-06 -7.096017905408294e-06 -8.202337073288271e-06 1.1016051647700616e-05 0.0 0.003160859033553366 0.241838136170581 0.7577229556704485 0.0002238925927980646 -2.7458371265038586e-06 3.066767020431897e-05 0.00019345206832364393 1.0
0.062015758000945984 0.27820575758622595 0.762576739858985 -2.1990328543836137e-05 -4.241697787804913e-05 -3.504808778763896e-05 6.433535968815396e-05 0.0 0.0032605993519900837 0.2418529946877926 0.757736290698899 0.00011826416802647027 2.3950211242313727e-05 -1.9272049306737595e-07 9.969500093794304e-05 1.0
0.06199583354641323 0.27813615290561255 0.762484541146008 -2.314823693375536e-05 -7.18372328009692e-05 -8.916592299437433e-05 0.00011842555549111486 0.0 0.0033540742478833257 0.24185515751338774 0.7577558321422737 6.970864582696342e-05 1.392835597273483e-05 9.378990949319933e-06 9.481690007691503e-05 1.0
0.06200367983122283 0.27809580539487205 0.7623937502811258 2.406490078242418e-06 -5.255043954740171e-05 -0.00010187201167151966 0.0001001377212528223 0.0 0.003394445601517534 0.24182671590362304 0.7578026636490721 2.095818837352627e-05 -2.5872125811183193e-05 4.329509952169389e-05 7.180186921087192e-05 1.0
0.06202359282784338 0.27808196682251857 0.7623493367364755 2.27411799323167e-05 -1.5589808501772976e-05 -5.6864414294833475e-05 4.828099692255075e-05 0.0 0.0034119241341591276 0.24182572208038608 0.7579011516769608 7.873620749227618e-06 -1.4584699694259015e-05 9.224507780522997e-05 0.00010060019886883837 1.0
0.0620408312619821 0.2780699931557865 0.7623173444889753 2.4360903211315087e-05 -1.6434188041912078e-06 -2.3741123100624145e-05 3.778911250802841e-05 0.0 0.003463714833838873 0.24178264347903403 0.758012709352031 5.167244850841238e-05 -4.220814694795962e-05 0.00012529556296290528 0.00012858603025041042 1.0
0.06206522715000177 0.27804864973667526 0.7622872376088884 2.5742138304113023e-05 -1.1022169983089501e-05 -1.5821146709836953e-05 4.72938370623271e-05 0.0 0.003588171030482066 0.24161336379575635 0.7581164774596216 0.00012999850847859895 -0.00015431658731955014 0.00011489945866198717 0.00023289469272277417 1.0
0.06207466092704331 0.2780327050183951 0.7622800271305883 9.658787824746747e-06 -1.7756115844049252e-05 -3.558999709876467e-06 2.0172152643876166e-05 0.0 0.003954694652530707 0.24149382350511164 0.7579624640197836 0.00035365069829462075 -0.00014422836008469664 -0.00011708964158897893 0.0004169554160829396 1.0
0.06207022639585248 0.2780183007296736 0.7622826893862552 -8.71281422247204e-06 -2.2832601952718276e-05 -1.0988157861722533e-06 1.2490912570041255e-05 0.0 0.004302611964695031 0.24150059474491126 0.7577431842941251 0.0003937865345655197 -1.7624077883886795e-05 -0.0002560264795829705 0.00041368600351812917 1.0
0.062060819826065254 0.2780109992777109 0.7622890469361646 -1.3369365984782082e-05 -1.1837188738797847e-05 7.574523944959554e-07 1.4022987111583766e-05 0.0 0.004695651598594463 0.24159941621758055 0.7574443291241805 0.00041242427765941656 0.00011043761808314582 -0.000333798917662082 0.0004974076640100716 1.0
0.062025470610774194 0.27793829605940507 0.762244335877607 -3.263051590813912e-05 -5.9780142854574754e-05 -3.7439492083917185e-05 9.2940582732561e-05 0.0 0.005281422498979661 0.2418053484291685 0.756983515496167 0.0005493928004260463 0.00023197044579973606 -0.0004561467596430282 0.0007735788416239359 1.0
0.0620365718982775 0.2779139663717506 0.762223599274447 1.850933156855275e-06 -3.7341637046360556e-05 -2.9999990448050935e-05 3.647238047619859e-05 0.0 0.006536374286474381 0.24220967369295868 0.7559068436852935 0.0011624670900884778 0.00041189117182966037 -0.0009944661861233637 0.0017043966074255974 1.0
0.06203451971308924 0.27788642863264057 0.7622265889495252 5.591635947068123e-06 -2.8575184851426436e-05 -5.285146442214076e-06 2.3006775993597372e-05 0.0 0.0071576884219905525 0.24244047692389487 0.7554201285007179 0.0008102899373108767 0.0002786748408880598 -0.0006464949949598667 0.0008512100549857151 1.0
0.06199512179896162 0.2778487648516097 0.7622179359281813 -2.7976449172010832e-05 -3.232481264715387e-05 -2.0767786546411498e-06 5.605638163820505e-05 0.0 0.008565430154299511 0.24237731401754822 0.7543432934578774 0.0012883195515937785 -5.135956036187074e-05 -0.0009693845101577681 0.0017036684350214262 1.0
0.06193366352328946 0.27783732473800515 0.7622225923740626 -6.332162039477133e-05 -1.1303262148070575e-05 9.829647440480352e-06 6.612543404372758e-05 0.0 0.010443398925215454 0.24231205169634296 0.7536237374041989 0.0018415602051037529 -0.00014343386702643044 -0.0007776318493693381 0.002065303803324968 1.0
0.06188392035271636 0.27783124833937006 0.7622437465606978 -6.184096971378464e-05 -2.768710526771872e-06 2.2415934460276924e-05 5.333380162481201e-05 0.0 0.01127952376910313 0.24245231277188733 0.7529309670503715 0.001065150589414183 5.549626090036591e-05 -0.0006506640006649588 0.0011148363140738487 1.0
0.0618108469973544 0.27775608299412435 0.762280257535832 -7.390795309629772e-05 -6.44011676484418e-05 3.472628830295254e-05 0.00010730723163703695 0.0 0.010704358011750743 0.2422100597069153 0.7524811379610618 -0.00046791107278944835 -0.00015618504213913597 -0.00043872591434271965 0.0007072368833661385 1.0
0.061747273277889134 0.2776954836530358 0.7622246339810406 -6.450899658700433e-05 -7.567998538936106e-05 -4.3374621498681995e-05 0.0001084001880277898 0.0 0.010793293598626044 0.24267536253941607 0.7524147187035619 -0.00033786023015424613 0.0003841318817998194 -8.825272699274501e-05 0.0004918283173414083 1.0
0.06170362826352837 0.2776766474110099 0.762186576276985 -3.912993738872942e-05 -2.906737891014432e-05 -5.0405480772228184e-05 5.9595007810821815e-05 0.0 0.011270168538588815 0.24364990820375587 0.7522661496178665 0.0002843374935408366 0.00099892017545311 -8.162227428229821e-05 0.0011397889184701533 1.0
0.06168253404805554 0.27763445923335955 0.7621301318115519 -1.992588167585757e-05 -3.421054355261462e-05 -6.344260702145958e-05 7.084737503366118e-05 0.0 0.01159335238279862 0.24461378153870258 0.7524114669079476 0.0004794939780446186 0.0010953680733023614 0.00015137431197341348 0.001015052691750921 1.0
0.06162989026342141 0.27759798969519217 0.7620635927566116 -4.393948574402485e-05 -3.0706000176005126e-05 -6.943601759492659e-05 9.525362046123604e-05 0.0 0.011678273655952946 0.24487477781328304 0.7524488428725763 0.0004177722810800032 0.0004159360055246284 1.438737071478562e-05 0.0002519720983158403 1.0
0.061522601195332705 0.277553341813741 0.762025454846306 -0.00010171041262527401 -3.875653831647454e-05 -3.805622557685853e-05 0.00012334870814438356 0.0 0.012220672770040046 0.2450824166601197 0.7520694136523713 0.0005370807059408126 8.272028195991228e-05 -0.0003320783323464559 0.0006713544552367874 1.0
0.06144071439814395 0.2775368213596309 0.7620102671523833 -9.864214809206308e-05 -2.500514191343473e-05 -7.850083509343798e-06 8.319997306746032e-05 0.0 0.012730564221944237 0.2454625238186438 0.7515856943384291 0.0003952516845017733 0.00017075265627688294 -0.0005689444511024639 0.000847249947736761 1.0
0.06128460273067022 0.2775009130089999 0.761994412683471 -0.00015425398959712926 -3.688627675939841e-05 -6.98101578072193e-06 0.00015835172641261232 0.0 0.013206152671336307 0.245971271789913 0.7507558283012589 0.00040350258057271883 0.0004289601576243939 -0.0008521298686202578 0.001088254615764269 1.0
0.06108938624032085 0.2774664379740438 0.7620348198661301 -0.0001958154371604681 -3.179896674740982e-05 3.103576066402393e-05 0.0002066049208160238 0.0 0.013539389689141847 0.2463103498983964 0.7503517271109842 0.0004232465038522967 0.0005119221706650744 -0.0005148661388467027 0.0005963790158994277 1.0
0.06085549542863403 0.2773485470806703 0.7621243818315451 -0.0002339314344602351 -0.00010482963436025884 9.02496783838957e-05 0.0002759034409422429 0.0 0.013678413273004352 0.2464353930490042 0.7502690872909844 0.00015125349438084178 0.00025177328827906235 -7.091990673330773e-05 0.00019197250405607043 1.0
0.0603965515517033 0.27715796587278496 0.7625237741539954 -0.00043275562627869427 -0.00019544668032926924 0.00036348229002256145 0.0006335761132387184 0.0 0.013784363762690105 0.24646500182736034 0.7502485164657393 1.8814240759184697e-05 -1.2212168644286847e-05 0.0001369612442807197 0.00013129307769312406 1.0
0.0582777481321793 0.2752167744004574 0.763706712594281 -0.0019178296768913466 -0.0017143284214154535 0.001118880081681041 0.0030944844416270507 0.0 0.013862949043567172 0.24638880350820322 0.7503272964083374 3.8842942912064405e-05 -0.00017720807123345207 0.0001499995272386426 0.0001433197417445057 1.0
0.05680764328377675 0.273618974036453 0.7637761453225916 -0.0018176644685194132 -0.0019019628649697327 0.0003719801405186112 0.002252518661296862 0.0 0.013876574529798113 0.2463800124388757 0.750332792311498 6.366780468753652e-05 -4.6638768169418886e-05 1.7767710987525766e-06 1.9308632961822657e-05 1.0
0.05362320589999774 0.2705539269763479 0.7637764143965592 -0.0030418497671693724 -0.003011554849385734 -6.039420898294431e-05 0.004289594417532474 0.0 0.013883085546236143 0.2463970875137109 0.7502834478146182 2.3658653845591788e-05 5.59020552816251e-05 -0.00011171744258591985 2.9537843614215755e-05 1.0
0.05149620793547161 0.26846105597721515 0.7634983198003312 -0.0024212135938315965 -0.0023834105782651166 -0.00041673160285811585 0.003091859899644738 0.0 0.013890994776620513 0.24641031096058094 0.7502530274483129 1.8506342091206005e-05 6.453976334370412e-05 -0.00011337670061454576 4.428992413058736e-05 1.0
0.04871848982363302 0.26583505083854836 0.7634606287313813 -0.002574976722554359 -0.002424282545408123 -0.0002153518377614139 0.0037710239197132987 0.0 0.013910718468666325 0.24642864130391337 0.7502206100157396 1.4779217643590083e-05 2.8658560849871193e-05 -2.392322398822415e-05 4.7019569954345796e-05 1.0
0.04599496346603326 0.2627068049316001 0.7628956964646587 -0.0026035739538780994 -0.0028920099751826725 -0.00045977518007737927 0.004220676730100711 0.0 0.013934967461328964 0.24643942419188145 0.7501955362603742 2.0444254376271182e-05 1.4266221728019492e-06 -4.3679048629050574e-06 3.344893442044493e-05 1.0
0.042394801685168744 0.2576478740083837 0.7605106888269706 -0.003449675594182879 -0.004806839123718806 -0.002051534794957707 0.0066262848341534 0.0 0.01395251395360957 0.2464638737327668 0.750136458755366 2.505643857802066e-05 7.91005793006123e-06 -3.843961277142121e-05 6.441279899973892e-05 1.0
0.04096205472846736 0.25535485788457696 0.759015957491107 -0.0019208487722295322 -0.0031003021226161244 -0.0018436782382339786 0.003207200662498954 0.0 0.013961466810043684 0.2464749561888803 0.7501060828604174 9.009716429152787e-06 3.827054952643287e-06 -2.7323016865891078e-05 3.7435358533909494e-05 1.0
0.040011834866794826 0.2535817344560374 0.7576852151592999 -0.0007920021625365239 -0.0016903386161739725 -0.0015232334159086965 0.0021754222943938307 0.0 0.013972739033459016 0.24647840279379715 0.7500899782013417 3.1941404115720147e-06 8.683471110026923e-06 -2.435224707446737e-05 1.6625055561711655e-05 1.0
0.0391391270868912 0.2510653537057207 0.7557937211649256 -0.0006303827652938126 -0.0020219307597288292 -0.0016570955895371857 0.0033775951939286225 0.0 0.013995274148378716 0.2464760957376998 0.7500841061014495 1.8226121621890284e-05 -2.103783497297632e-06 -6.376803275535095e-06 2.4151566155829686e-05 1.0
0.03873551826946261 0.249428206265911 0.7541258619117097 -0.00024438762638034385 -0.0015082732769964033 -0.0015676233108268185 0.0025035551803971644 0.0 0.01401675739878586 0.24646959498850335 0.7500820849749777 2.3683319314833984e-05 -8.527121270853107e-06 4.393051946039304e-06 2.379387270817172e-05 1.0
0.038514573344132386 0.24835169248448238 0.7528151056833243 -0.0003349450407545674 -0.0012301042762598556 -0.0012907493436503134 0.0016075532161596022 0.0 0.014033727067363146 0.2464690806794379 0.7500521130217281 2.1004617037534597e-05 -2.2412401775650067e-06 -2.396779134916967e-05 3.4049885006263646e-05 1.0
0.03826042215658433 0.24732064970963852 0.751368690465999 -0.00039498078209011106 -0.0011663376330515451 -0.0014643618403524749 0.001690982966825854 0.0 0.014042863382646027 0.24647900677004675 0.7500053825549953 1.0436340038843528e-05 1.0025563663932444e-05 -5.089033368613109e-05 4.7594678020887826e-05 1.0
0.038084619362920284 0.24639765125913213 0.7499677045699791 -0.00030422717607254913 -0.0010080373477050005 -0.0014849246840750118 0.001826671578609623 0.0 0.014053344363253477 0.24649430438133396 0.7499750741609085 7.014117619349333e-06 1.9058630000399386e-05 -4.331041570509611e-05 3.661467503897856e-05 1.0
0.03785499726073407 0.24510553927415935 0.7501015180603582 -0.00011627109245904675 -0.001041166640484887 -1.3086447440786506e-06 0.0013006565252862458 0.0 0.014064423027299496 0.24650010840640973 0.7499673542143525 8.675466531253073e-06 9.207951715796224e-06 -1.0018362405283813e-05 1.3963358664614828e-05 1.0
0.03746498949306424 0.24375778286484734 0.7499543908346091 -0.0003913570442724485 -0.0014656183505349937 7.961568423184556e-05 0.0013537424959402197 1.0 0.014079813616988165 0.2465068385407108 0.7499316125079599 1.5584511784463416e-05 5.2629675472834185e-06 -2.3497539250721342e-05 3.891517412553222e-05 1.0
0.03682609456509143 0.24220330192663003 0.7498967053633572 -0.0006457478959911187 -0.0016943922260689301 1.3934178706540836e-05 0.0017150469040909792 1.0 0.014061396742957394 0.24649641951640483 0.7499155358278803 -1.1024367227805844e-05 -1.0871476600232881e-05 -1.5333171317098095e-05 2.8772169285820813e-05 1.0
0.03656751660594849 0.24255697006222962 0.7499451893080963 -0.0003397773140260957 9.039942859640849e-05 3.247314996674159e-05 0.0004685982264700556 1.0 0.013528521260199244 0.24607804376820647 0.7499825724274016 -0.0004638208579117501 -0.0003647922163832076 5.5252750472701783e-05 0.0006733406342590155 1.0
0.03653745083231299 0.2428707814336021 0.7501796698465761 -2.7745442508953823e-05 0.0006271444509582892 0.00011699611786250867 0.0003276088340148681 1.0 0.013580010497638158 0.24598215469659807 0.75010492033301 -0.00010841438910611946 -0.00020057022553766337 0.00012330968327905863 0.00018920359079891235 1.0
0.036305779997769946 0.24316593302762113 0.75078271960537 -0.00010841328290252348 0.000564182961903649 0.00046606234408220603 0.0007417195016283238 1.0 0.01346974226737658 0.24580182636765963 0.7502693667372353 -6.812840495126686e-05 -0.00017076973340219586 0.00017553233153354996 0.00023104586371211318 0.0
0.035601897744068155 0.24386957895849753 0.7522465736926023 -0.0005946262058291051 0.0006736288158698682 0.0014219082703490961 0.00180067097462879 1.0 0.012955281109759943 0.24531442712264212 0.7505965114382152 -0.0004065748152524632 -0.00041487616403809675 0.00031848727837197543 0.0007874794026639954 0.0
0.03451525695296143 0.24454725048260814 0.7542846134640137 -0.0011378611834941697 0.0005566379267505444 0.002216822877976271 0.002395697538080193 1.0 0.013147734753347975 0.24417710480103938 0.7522477468824263 6.556140821638007e-05 -0.0010611078681793517 0.0014846377055450768 0.0020367957934009175 0.0
0.03445028503462785 0.24551364838278114 0.7555762669219422 -0.0003849900563084907 0.0007997181411317526 0.0015354124382674409 0.0015890967402011702 1.0 0.016946399217960754 0.2427985653078904 0.757656843846164 0.0033339611972819563 -0.0014655482943064396 0.0050698843382484225 0.006725756945203035 0.0
0.03477623651804296 0.2466933079854552 0.7566592638298373 0.00034486706859826563 0.0011586115283986947 0.0010313892519440953 0.0016114130958040037 1.0 0.016835481728918345 0.24257155639525244 0.7597304603397551 0.0010019958195454477 -0.000521474161198784 0.0032289067000198977 0.002227468927729585 0.0
0.0351892495647584 0.2502179635566226 0.7609743109292911 0.0006656609975078904 0.003358078056362018 0.0036318783846592878 0.005587272906412413 1.0 0.015346124904226497 0.24269495695754356 0.7602012677142624 -0.0014010082209097406 0.00021094093841674834 0.0006679816150347719 0.0012899618600314103 0.0
0.04065540155960746 0.26222174613335186 0.7634952928186733 0.004907181463554614 0.01112477539458776 0.0030854286958947115 0.013510761586072926 1.0 0.014334735904032996 0.2429871387712106 0.7600588767008776 -0.0017323674854611496 0.0005681005411752567 -0.0008183136052466759 0.001163824034592126 0.0
0.0478304698276245 0.27083220882730386 0.7676337953564671 0.007590973714316175 0.010544304386443569 0.004080839771707264 0.012064906046084064 1.0 0.013960325255022882 0.24312183433656798 0.7600141045256366 -0.0009634375111110945 0.0003014523031624344 -0.000800234092056839 0.0005721975443759193 0.0
0.05234723812474771 0.2757038252384138 0.7688511872150899 0.005588916205477437 0.005931762226517508 0.0017836432369241568 0.006457486928014017 1.0 0.013841319258871977 0.24321716907181426 0.7600841490112127 -1.5251242903424676e-05 1.1854942875072085e-06 -4.6983618287549096e-05 8.292747868008499e-05 0.0
0.05689024222439115 0.27735370187887304 0.7677094207699121 0.004289677343382558 0.0009281170846372863 -0.001251887072907484 0.004880398735559194 1.0 0.013756788748206057 0.24327835056635755 0.7601057398897044 0.0005182082059864734 -0.00013870179934499316 0.0005611119875272086 0.0 0.0
0.05927127083356125 0.2776214508004029 0.7661831774107217 0.001969253988523057 -0.0014113420679121888 -0.002340958309542049 0.003190659685643976 1.0 0.013714470251540909 0.24329433915879445 0.7601231662786592 0.0003638819653174537 -6.310779160113638e-05 0.0005259347824270381 0.00017611188256276642 0.0
0.06010147667454414 0.27712384701680987 0.7642269923853844 0.0001589896467956497 -0.0014462922239682737 -0.002267065208191688 0.0021898389997380965 1.0 0.013710683900348696 0.24326901202121587 0.7601852472395662 -0.00036295732024130625 4.683983477841687e-05 -0.0001234771034371281 2.786375095789953e-05 0.0
0.060488151820136914 0.2763810026093282 0.7625622454810681 9.452422053982221e-06 -0.00025538745293595685 -0.001448204613010098 0.0016585155643339983 1.0 0.013716416426426545 0.2432272217669183 0.7602401173745271 -0.00016846707278657435 -9.815937454269011e-06 -6.474848362701311e-05 6.761381660793384e-05 0.0
0.060782467749697276 0.2758407035955187 0.7617402968708212 0.0006359862320843313 0.0005701984275623788 -0.000615200112152021 0.0010646330348949582 0.0 0.013733148694738682 0.2432442753524644 0.7602498318035085 2.2202256305903396e-05 2.160404507342174e-05 -2.9883468524577017e-05 3.313541391810064e-05 0.0
0.06025777322154808 0.2730047207507004 0.7637679237626143 -0.00013385493104368235 -0.0022960562168536838 0.0021724637475408655 0.003524657001346616 0.0 0.013732170962875484 0.24334332077541262 0.7601320657299637 3.972347249061746e-05 9.025191800662711e-05 -9.647218146312332e-05 0.00014931748419467583 0.0
0.059463255704604395 0.271262981862981 0.7652039400813931 -0.0007340739455096619 -0.002233166207943808 0.0019161308172701026 0.0024803264759271585 0.0 0.013722964692188363 0.2433652554950005 0.7601284100902755 1.1565181730576173e-06 5.699296976787181e-05 -3.836656989066228e-05 3.0301942707598717e-05 0.0
0.05912195726666385 0.27088275900877457 0.7654072430025763 -0.00033782275270186676 -0.0008182503870995976 0.0004890326814070915 0.000482674876748114 0.0 0.013711944641126746 0.2433663398625887 0.7601359980828609 -1.6430853492817847e-05 6.36100362429382e-06 -1.0529309402427704e-07 6.923250961703853e-06 0.0
0.058980575705606275 0.2708319271856486 0.7654031636489482 -0.0002267516772007528 0.00014164689671045528 -0.000346740839111992 7.55288767342547e-05 0.0 0.013717497173372933 0.24336347112593812 0.7601411451611164 2.6851869891568572e-06 -2.1235918487229574e-05 2.4928913077177875e-05 8.448726088247007e-06 0.0
0.058948571721519766 0.27081530129245757 0.7653972480787193 1.3412960646440406e-05 0.00032879634359940063 -0.0005534165756342284 0.00014615492832185722 0.0 0.013707223246079784 0.24338244657100006 0.7601383129496795 -2.6737283247049484e-06 -2.7582348968106034e-06 1.82382890531846e-05 2.5966071170649996e-05 0.0
0.05893398162623286 0.2707761803915545 0.7653995724525617 9.120424333768432e-05 9.865924661532508e-05 -0.0002174137004535468 8.387540365105027e-05 0.0 0.013708777750368923 0.24337608662828944 0.7601277553748625 2.5725020026782563e-06 -2.3694289866468346e-06 -9.7276293416777e-06 1.233505533354994e-05 0.0
0.05892985840825734 0.2707176726746782 0.7653276618410726 -4.8129127422566476e-06 -0.0002405418770168382 0.00013618577946401724 0.0 0.0 0.013713001198224549 0.24337234800347654 0.760132988943612 5.4699568086587e-06 7.193706913465892e-06 -1.2360154564267503e-05 2.632321441665709e-06 0.0
0.05894121474306148 0.2706667214510738 0.765274723984437 -0.00010180209559088407 -0.0003845809284274155 0.000273258821194884 9.207831466458258e-05 0.0 0.013717525662359762 0.24336956777291147 0.7601304854611295 3.782256783706705e-06 3.2151325576440967e-06 -1.107932133520829e-05 9.253099569171499e-06 0.0
0.05892702354231553 0.27063778793373017 0.7652302847925094 -5.8894719138857386e-05 -2.76462599498083e-06 -6.231572478346357e-05 7.724012116372718e-05 0.0 0.01374259808673889 0.2433950761771235 0.7600905815065917 2.1901404197189627e-05 1.5093133288561218e-05 -2.489291559591807e-05 5.291973427427651e-05 0.0
0.05886667263822927 0.27059671704827076 0.7652196106038156 -3.70598084638166e-05 5.6552062662195606e-05 -9.759641835755642e-05 6.748641323391135e-05 0.0 0.013737686379667675 0.24338992633056722 0.7601007055643071 2.338542269782819e-06 2.185291053733876e-06 -9.30034983658131e-07 1.437392064335824e-05 0.0
0.058792384550246685 0.2705640682807848 0.7652226343121197 -7.14453812412313e-05 -6.135157681178656e-06 -1.7536742407522682e-06 8.338316879180727e-05 0.0 0.013751593276840888 0.24339286666270604 0.7600821709244686 9.509880906093892e-06 2.4544364047503963e-06 -1.2765860643109977e-05 1.996433964839976e-05 0.0
0.058748209263126704 0.2705367315570574 0.7652063736281661 -5.080058962028734e-05 -2.464680409924595e-05 -2.6930202928697434e-06 5.372058368348549e-05 0.0 0.013765501898767993 0.2434196154375762 0.7600443765852576 1.1426636558328417e-05 2.2284861180497944e-05 -3.427783742291443e-05 4.9369309114419975e-05 0.0
0.05870047703208663 0.27052245499722416 0.7651712933320466 -4.26193784196518e-05 -1.8434684075865815e-05 -3.46506025794575e-05 5.789554951332355e-05 0.0 0.013773110714667016 0.24346681833014772 0.7599803482678711 9.695017623051032e-06 4.41811794526349e-05 -6.311817036676723e-05 8.17080086424604e-05 0.0
0.05867261140811967 0.2705151545241005 0.7651664223021631 -2.0425445837063687e-05 -8.14154022163752e-06 -2.342464269527555e-05 3.144973257991941e-05 0.0 0.01377821457548224 0.24350761541658614 0.7599355717956415 5.610930647248347e-06 4.787241594766645e-05 -5.3496580559949484e-05 6.060221280925395e-05 0.0
