0.06310552043108549 0.2795044870276448 0.7639076508841127 0.0 0.0 0.0 0.0 0.0 -0.01743482998840223 0.279736759899403 0.7639859660482077 0.0 0.0 0.0 7.144356674868688e-07 0.0
0.06314973986378294 0.27948990020268766 0.7638499252096209 4.4219432697459315e-05 -1.4586824957141253e-05 -5.772567449180421e-05 7.416459523215338e-05 0.0 -0.017471640639371764 0.2797324434412374 0.7639803596195041 -3.6810650969533454e-05 -4.316458165620762e-06 -5.606428703619493e-06 3.803803361998603e-05 0.0
0.06314596100764759 0.2794662278844941 0.7638428233147224 -3.7788561353530037e-06 -2.3672318193557196e-05 -7.101894898497996e-06 2.5001906197288754e-05 0.0 -0.017465701018894223 0.27971587568379264 0.7639711762898268 5.939620477540819e-06 -1.6567757444740927e-05 -9.18332967725366e-06 2.0587456322759474e-05 0.0
0.0631249473359186 0.2794510580665533 0.7638332635372693 -2.1013671728992156e-05 -1.516981794080774e-05 -9.55977745309422e-06 2.7624031582008176e-05 0.0 -0.017462020767852176 0.2797225488732125 0.7639702277475388 3.6802510420472223e-06 6.673189419881265e-06 -9.485422880484151e-07 5.688647550524855e-06 0.0
0.06309276739679166 0.27943568932228685 0.7638113005677677 -3.007028027246603e-05 -1.4820514525927692e-05 -2.4885361914303105e-05 4.188220161202405e-05 0.0 -0.017463144318657125 0.27971931397430294 0.763970069296276 -3.509776115952438e-06 -1.6339222153612735e-06 2.5638509950316276e-07 3.515580065490171e-06 0.0
0.0630849899424483 0.27942676780314724 0.7637965436193445 -8.551670472358886e-06 -9.516333398163679e-06 -1.4562922279904066e-05 1.8916919056434204e-05 0.0 -0.017465296288999132 0.2797226490130989 0.763964672754791 -1.6356075741553888e-06 1.6454910450040465e-06 -5.691868625631432e-06 7.935499365866404e-06 0.0
0.06308520613568541 0.2794266695281239 0.7637894290387891 7.906790942353285e-06 -8.350059100084234e-07 -1.2081853192656317e-05 7.227406124331349e-06 0.0 -0.01746529300184969 0.27972213681979374 0.7639619166934619 -4.014698768019437e-06 -9.733804924264803e-07 -4.2342808095552415e-06 3.212135571193927e-06 0.0
0.06307594288251797 0.2794045936799647 0.7637664747401812 -7.720850367079426e-06 -2.0125444418400658e-05 -1.7327872059862004e-05 3.3410433910244534e-05 0.0 -0.01746275821132953 0.2797243281792627 0.76395121826441 5.072505880021956e-06 7.14285458904768e-07 -1.0560387053675528e-05 9.683265762457326e-06 0.0
0.06305843174921784 0.27937077855405573 0.7637311085896743 -1.0522992817314629e-05 -3.588797088690709e-05 -3.8166509510375344e-05 5.517662896472718e-05 0.0 -0.017445752158167183 0.27971767235777917 0.7639450480552405 1.3186357944219585e-05 -6.882247218245647e-06 -8.794395738007948e-06 1.9974886358376248e-05 0.0
0.06305198053592964 0.2793538346290778 0.7637076026412064 -1.4753654920380154e-05 -2.495011913225624e-05 -2.47815696125843e-05 2.9054130430993896e-05 0.0 -0.017442275508800894 0.27971886814929875 0.7639450642127598 1.131895878654643e-05 -1.6354930086175106e-06 -1.112767424164776e-06 4.04453919151616e-06 0.0
0.06306518439516286 0.2793290571400119 0.763658363990946 6.9377043871651185e-06 -2.349185692273047e-05 -4.682530738664083e-05 5.40585419328779e-05 0.0 -0.017415487503313194 0.27971288480008866 0.7639498811191944 2.3118623538919314e-05 -3.434311363917025e-06 6.372150866031462e-06 2.6734266896688922e-05 0.0
0.06307296438406351 0.2793167915432373 0.763632275302769 1.1766151253648341e-05 -1.1981078859116193e-05 -3.17683556876112e-05 3.252539531427413e-05 0.0 -0.017396168054203413 0.2797143045850664 0.763954306292628 2.1276892425806337e-05 -3.53608303830501e-07 6.500091237569877e-06 2.1174596090749763e-05 0.0
0.0630663302885216 0.27929612014167104 0.7636297138445368 2.7594034229704026e-07 -1.5230957325364e-05 -2.7332790637493655e-06 2.1269529571876886e-05 0.0 -0.017393265184095265 0.2797136950374583 0.7639696145733693 5.353673156854229e-06 9.160513385653266e-07 1.4209103382917457e-05 1.5191666323876721e-05 0.0
0.0630268649597602 0.27925367946167484 0.7635951728318392 -3.7113002908457514e-05 -3.865497987751385e-05 -2.313499584295166e-05 6.630582149099617e-05 0.0 -0.01739941981309839 0.27967830018215506 0.7640517892978025 -8.059388857123065e-06 -3.0074176557317967e-05 7.350327942595975e-05 8.832269072155641e-05 0.0
0.06300390390188679 0.2792349186380695 0.7635694012002107 -3.5064181593766095e-05 -2.8463854017273063e-05 -2.8415793394522594e-05 4.1800825961670796e-05 0.0 -0.01738178933608003 0.2795684078716507 0.7641080105451485 1.0139732272364503e-05 -0.00010430303905016605 6.9060311429078e-05 0.00012731391538452585 0.0
0.06294220557285993 0.27916717371500716 0.76350063238659 -5.98545826702372e-05 -6.15336812269662e-05 -6.608721037494863e-05 0.00011188041224711613 0.0 -0.017297546841143145 0.279207037557106 0.7640821711548549 7.680791199452174e-05 -0.0003412843936294014 -9.943151896720536e-06 0.0003690226591337241 0.0
0.06287943781727451 0.27906411620688076 0.7633828126579267 -6.370707491000847e-05 -0.00010122180854762932 -0.00011904554458907804 0.00016976409650040384 0.0 -0.01718222247549181 0.27866014522340604 0.7638678038233161 0.00012421115725574976 -0.0005651102835330146 -0.00020302205906833293 0.0006018593592957582 0.0
0.06284192123576332 0.27898937536515755 0.7632953825594918 -4.0194545407748304e-05 -8.76134660256126e-05 -0.00010516082340104359 0.0001229829520006258 0.0 -0.01710176859424079 0.27799625136887113 0.7635848128444251 0.0001018942038658997 -0.0007013014139463858 -0.0003166186228279778 0.0007264931790306168 0.0
0.06277897989706906 0.27882780906922744 0.7631264413029641 -5.4658312714488504e-05 -0.00014876798767803957 -0.00015555323510150893 0.00023663543152605817 0.0 -0.016841532845196523 0.27539646032962184 0.762149251705379 0.0002319472413677792 -0.0023545822392248873 -0.0013089846345356402 0.0029561129861284375 0.0
0.06272783362456212 0.27863835730967657 0.7629057426791278 -5.201530072697803e-05 -0.00019242845691334312 -0.00021612445349138864 0.00030007209710983696 0.0 -0.016829031309914293 0.2720693545805272 0.7598902039846861 5.944443083384555e-05 -0.0034823563933917734 -0.002303989251272063 0.004083466625898652 0.0
0.06270238261942479 0.2784240003973598 0.7626259644534 -2.9367798336978412e-05 -0.00021941776531838968 -0.0002826046499900824 0.0003543275447296761 0.0 -0.017170901077542683 0.2692758634029404 0.7576905844020813 -0.0003147599791021061 -0.0031684384063284366 -0.0024345926351831775 0.0035476420795581636 0.0
0.06273948962176853 0.2783430677385601 0.7625180888288896 3.268370812572045e-05 -0.00010389761727718017 -0.00014406254207024875 0.00013834935316486423 0.0 -0.017517800538995213 0.26712903140282274 0.7560151156889077 -0.0004249763487752621 -0.0022262026397546356 -0.0018186324164378308 0.0026806237512801167 0.0
0.06278298895239437 0.2782485098654099 0.7624118552746983 5.1844113390330884e-05 -7.456965399815623e-05 -8.721480063818254e-05 0.00014106523423011862 0.0 -0.018330304843274917 0.26486969405784005 0.7540664384442813 -0.0007991043421050184 -0.0019165803499161414 -0.0017215962646792008 0.0031142799469394767 0.0
0.06279955160158285 0.2781865980227873 0.762343252513792 2.976701570183969e-05 -4.463722532454481e-05 -4.451528831875662e-05 0.00010422306864117347 0.0 -0.01929970834732409 0.2634580675608645 0.7528670473859562 -0.0010049410862267175 -0.0012388574276098647 -0.0011134484005526648 0.0021858283768620554 1.0
0.06277702675377123 0.27808589035259684 0.7622114854410792 -2.1397682852492872e-05 -8.457796203246636e-05 -0.00010426598576732219 0.00016608855250228635 0.0 -0.019986946035072707 0.2627756762455157 0.7520737165218625 -0.0007553093437834507 -0.0006503834065119047 -0.0007016602364951087 0.0011789874574007478 1.0
0.06278655695400734 0.2779198479989188 0.7620320459144159 -1.373529115826013e-05 -0.0001740551645202808 -0.00019256623599501707 0.00024319264030173295 0.0 -0.02023287391027877 0.2627354207174105 0.7516064554574159 -0.00023956413869792652 -0.00016201823140312235 -0.0004913561740154777 0.0005057103918027899 1.0
0.06283412522084486 0.27781568878506124 0.7619124465698457 3.6290539062982e-05 -0.0001394630916575997 -0.00016129906840236388 0.00016461968330883979 0.0 -0.02023900009688762 0.2626723682764058 0.7515619297382693 8.541973427276221e-05 1.399481099187026e-05 -9.061572480098556e-05 0.00011225299733852922 1.0
0.06289085659574942 0.2777245297673613 0.7618194916996464 6.775276923342056e-05 -9.700348900341799e-05 -0.00010352300278709505 0.00014014692030078595 0.0 -0.02022238857627087 0.26270587338438217 0.7515618330246814 0.00013238506048072145 5.882288853599612e-05 4.855251424736419e-05 4.876891986254749e-05 1.0
0.06289053710139213 0.2775904802600355 0.7616760887754287 2.4015695661334107e-05 -0.00010851404832429331 -0.00011078822333420558 0.0001960437422058962 0.0 -0.0202685932489157 0.26291706596875775 0.7515817113715934 -1.2079699844163e-05 0.00010045746701998733 9.366494054410465e-06 0.0001942866354812168 1.0
0.06292725835459535 0.2775467928064556 0.761614748760028 2.5889431801959608e-05 -5.2782213022276546e-05 -6.703723960759088e-05 9.19388987164707e-05 0.0 -0.020304956227239726 0.2630248702639129 0.7515423074189235 -0.00014098897124377132 1.806858126175313e-05 -0.00011625410159440616 0.0001324308109995477 1.0
0.06293114078555431 0.2775348694018682 0.7616068704634258 -1.0327585236550733e-06 -5.821706352015301e-06 -7.755970101640887e-06 7.362009595283649e-06 0.0 -0.020312875366445646 0.2630445226535948 0.7515326807798187 -9.402709952153511e-05 3.530523038547959e-05 -3.8994690142191537e-05 9.361162327744827e-06 1.0
0.06294122549259025 0.27749679858560966 0.761561978652255 1.6749645628498422e-06 -2.7819109582280207e-05 -3.3997179493337436e-05 5.743209852810842e-05 0.0 -0.02034216534411887 0.26310829780581285 0.751494581308104 -2.942631951967649e-05 7.090808087090866e-05 -5.4099604505508745e-05 8.113329440251468e-05 1.0
0.06293387801222451 0.2774582712802198 0.7615224085974758 -1.7499678176977652e-06 -4.083758428547359e-05 -4.088791650424053e-05 6.386443361049385e-05 0.0 -0.020359410739306246 0.2631343293706736 0.7514823112534923 1.3901913394416391e-05 4.762599140631981e-05 -3.409318000558944e-06 4.814782432659365e-05 1.0
0.06293492543333655 0.27743146541289226 0.7614898786495822 2.563002143009754e-06 -3.1768717986733975e-05 -3.6171523395061954e-05 3.942778107344483e-05 0.0 -0.020372043614977655 0.26315526556947705 0.7514712513689187 7.369583150737243e-06 1.232578898876774e-05 2.1985358162434146e-05 2.190579828290865e-05 1.0
0.06293439963686133 0.2773996362990886 0.7614564945064928 -3.8698116233927473e-07 -3.926644055068637e-05 -4.154960741349632e-05 4.128715149536946e-05 0.0 -0.02037932956267722 0.26317040934936514 0.7514626622251166 -7.1681334133164795e-06 3.3112596155132574e-05 -1.4619887645314243e-08 1.2256298410131484e-05 1.0
0.06293740213103621 0.2773797562478795 0.7614381367215726 1.3120879680391948e-06 -2.5315407646048262e-05 -2.564141713735002e-05 3.113245074965964e-05 0.0 -0.020387560796178993 0.2631882326172588 0.7514515975303879 -1.19662923500643e-05 3.361833679133397e-05 -8.32593191336325e-06 2.6683138152556095e-05 1.0
0.06292897078679298 0.27734129397995955 0.7614016102174518 -2.5345315866873563e-06 -2.6266668051148264e-05 -2.3792310107246758e-05 5.3868215511240384e-05 0.0 -0.020395730774864174 0.26320702735793344 0.7514520372558532 -6.407797958316971e-06 1.1334381992615596e-05 -5.489904610541198e-06 2.1766181262888184e-05 1.0
0.06293226436415862 0.2773175919008167 0.7613710036018114 -1.1167419378765476e-06 -2.5482823703047276e-05 -2.9161519002388057e-05 3.8602712319877895e-05 0.0 -0.020404442649315454 0.26324980608751075 0.7514555063601308 -8.028394927958054e-06 3.706502362018668e-05 4.302454899022206e-06 4.1038077972632754e-05 1.0
0.06290485076333768 0.27718827480542774 0.7612355258881418 -2.280454727503085e-05 -0.00011699985141973448 -0.00012524579834488538 0.00018717893854664278 0.0 -0.020405446039474327 0.26335212278090364 0.7515810160454756 -4.7008218979365085e-06 0.00010189745111465991 0.00010746553148718349 0.00016272992972699105 1.0
0.06290483025699858 0.2771678783536491 0.7612017556564327 -8.310613701790704e-06 -4.972600914946959e-05 -6.324900683030854e-05 4.575225965110642e-05 0.0 -0.020338662914145423 0.2634084313955408 0.7517822756682604 5.8626454545367516e-05 7.180719136015298e-05 0.0002099875076091323 0.00022186483590010684 1.0
0.06289029953362471 0.2771339118880231 0.7611722977698568 -1.0998928617939789e-05 -2.796383219756788e-05 -2.7604402415153224e-05 3.816606560698202e-05 0.0 -0.020213825460334584 0.2636121419837955 0.752215968251981 0.00012750057923610278 0.00018294271999203746 0.0004255679904878309 0.0004907076946678524 1.0
0.06285853849903561 0.2771018972860652 0.7611457162626177 -2.822933873222519e-05 -2.1135532244921676e-05 -1.314891070759685e-05 5.566658618308334e-05 0.0 -0.019957500727147966 0.2637030175167146 0.7527617325195077 0.00025458813140369027 0.00011939468326968773 0.000570845314742556 0.0006149731910026908 1.0
0.06282017564734294 0.27708816876021547 0.7611319064359046 -3.953405714532381e-05 -8.39115249858377e-06 -4.444897043727968e-06 4.746555252131696e-05 0.0 -0.019636063896604425 0.26366312110152634 0.753316497586475 0.00033714114304736345 -2.6906237905343174e-05 0.0005858531982475998 0.0006398498268209022 1.0
0.06278349594892384 0.27705431334242286 0.7611154100208573 -4.056543939946041e-05 -2.995018986634626e-05 -1.5018597493608391e-05 5.033932264257309e-05 0.0 -0.019279245431650344 0.26360692415811166 0.7539621317660452 0.00037010724793609423 -8.746535944837419e-05 0.0006304431767154546 0.0007352188954180332 1.0
0.06274213431308667 0.2769688560817925 0.7610768270611588 -4.129370455569731e-05 -8.534753441171929e-05 -4.2451733150030896e-05 9.807544584415e-05 0.0 -0.018854410172075266 0.263408085945017 0.7546375658811535 0.0004165563057867375 -0.00020494617362182345 0.0006561260045772853 0.0008270665810331327 1.0
0.06271998196488651 0.2769155833106623 0.7610658638902711 -2.4889296675170424e-05 -7.507270811772906e-05 -2.74139932803285e-05 6.497028533949763e-05 0.0 -0.01831375901634443 0.2631734464069972 0.7555602498573724 0.0005208096465922435 -0.00025019200271029677 0.0008794932966286904 0.0010965372929008649 1.0
0.06269119057044789 0.27687546851010114 0.76105680993618 -2.1453571625322424e-05 -3.768023276200687e-05 -2.3699443718093536e-06 4.5847426119585726e-05 0.0 -0.017689242439914456 0.26294865932055095 0.7567577194642015 0.000623613193411619 -0.00023112894100244002 0.0011891894321360288 0.001368264279545206 1.0
0.06263495945166636 0.27684734650466164 0.7610440105591938 -5.1365990382054145e-05 -2.486794774072924e-05 -9.292845387358084e-06 6.457980669860743e-05 0.0 -0.0170155153865942 0.2625209661934844 0.7577843833759714 0.0006863069462625164 -0.00037701328717487404 0.0011258700403260458 0.0013028041968568419 1.0
0.06254607084101009 0.2768098690843958 0.7610175811961607 -8.983448048979064e-05 -2.6389479167907447e-05 -2.247364932215091e-05 0.00010239453137649918 0.0 -0.01609678087132182 0.2617080859195454 0.7588444442760968 0.0009004510834997907 -0.0007781169643599148 0.0010613545319784025 0.0016075128868198142 1.0
0.06242863172054142 0.27675395154091786 0.7609755788263731 -0.0001231503979025735 -4.991769435068101e-05 -4.17544266588472e-05 0.0001363701458662587 0.0 -0.015095921607779622 0.260564689942469 0.759691411345414 0.0010173925215657608 -0.0011685817594684594 0.0008356528414507587 0.0017532274566656894 1.0
0.062336210841685925 0.2766847507950159 0.7609241904850702 -0.00010493118779194874 -7.60879217639099e-05 -5.656671453589707e-05 0.00012483314286468357 0.0 -0.014117100002663705 0.25941609441461533 0.7604316912483737 0.0010069113630121749 -0.0012386419365734002 0.0006879469230117865 0.0016842568902092608 1.0
0.062262835190632325 0.27662385768331926 0.7608704299786909 -7.341865952554128e-05 -7.244167201924538e-05 -5.831372979021434e-05 0.00010926814673324953 0.0 -0.013253496263327169 0.25838027005398323 0.7609348413302204 0.0008782768551958064 -0.0010847433884204544 0.00048592383401410406 0.0014282301473847508 1.0
0.06220803352982329 0.27656899659706946 0.7608207791084923 -4.4813830194720166e-05 -5.4246367797235534e-05 -4.819197010188449e-05 9.241115658770956e-05 0.0 -0.012323607181364164 0.2570859315821723 0.7610688153105054 0.0008821455222055535 -0.0011916316410062514 0.0001669138155121746 0.001593382594879744 1.0
0.06216086839823024 0.27650269143523043 0.7607648101909034 -3.793780226092054e-05 -5.949071874634076e-05 -5.195418562167353e-05 9.959904162126158e-05 0.0 -0.010945558249597562 0.25552620975693624 0.7610955677246325 0.001285774185162296 -0.0014772710954397824 -1.543996555777253e-06 0.002099297883527436 1.0
0.06205077413366518 0.27635695303661817 0.7606258500959862 -9.915308285966657e-05 -0.00013156620191184437 -0.00012547744558883892 0.000228670089859532 0.0 -0.009527828234521822 0.2541821206790359 0.761022575259858 0.0014790715192184467 -0.0014233831445370647 -0.00010214190638673827 0.0019623572437456717 1.0
0.06198920190218827 0.2762852672899828 0.7605544275805937 -8.24338590758681e-05 -9.48008882128925e-05 -9.321274600738738e-05 0.00012274654812071604 0.0 -0.007876707545883575 0.25277118099156115 0.7610817708664421 0.0017070218112376604 -0.0014368363755285676 4.9170410008327926e-05 0.0021436136454094945 1.0
0.06194277218040744 0.27622573732515815 0.7605057548961808 -5.5028520173691355e-05 -6.287842195478583e-05 -5.3562865867557185e-05 8.233817276724345e-05 0.0 -0.006250516739123148 0.25165562950260206 0.7610785116912658 0.0016780086287863413 -0.00115070779421971 5.3304916254234055e-05 0.001982772519615904 1.0
0.06189126080307922 0.27614648491166094 0.7604488189548311 -4.35761197644664e-05 -6.629942914775429e-05 -4.4802807506442764e-05 0.0001113373361350632 0.0 -0.0043958819764101835 0.2503909062468738 0.7610308480773293 0.001799931751380138 -0.0011638389995881624 3.967201420966614e-06 0.0022484874450126383 1.0
0.061815877944499255 0.2760112943603614 0.7603357181506968 -6.470463924272213e-05 -0.00011980765983691605 -9.565950429210555e-05 0.0001971342772597907 0.0 -0.0031399192610920214 0.24911543946170797 0.760610454548963 0.0013167413684821278 -0.0012441301104579628 -0.00037575651182535097 0.0018514995415852768 1.0
0.06174801360393022 0.2759034426438673 0.7602341168245594 -7.037337647605613e-05 -0.00012098761026882015 -0.00011041235617064189 0.00016397717043218924 0.0 -0.0018934033329440856 0.24774256499333933 0.7600024686149742 0.0011662165904208985 -0.001407824142239309 -0.0006675190477798399 0.0019261071470876496 1.0
0.06170458957220513 0.2758360076610919 0.7601593359359684 -5.332260641456156e-05 -8.390871444058983e-05 -9.157173339961167e-05 0.0001021160065611419 0.0 -0.0007004798583224208 0.2466706861957436 0.7596066211158278 0.001138936257453994 -0.0011712396443704256 -0.0005104676651086148 0.00167085953255457 1.0
0.06168799917992207 0.27580273340301187 0.7601042432426128 -2.187178686358924e-05 -3.475239104610024e-05 -6.0557439404989766e-05 6.850582857454721e-05 0.0 0.00038359530716775806 0.24606247816918586 0.7594757033985629 0.0010726910319079485 -0.0006403899623853957 -0.00015979506034575878 0.0012442515583643413 1.0
0.06167779160649785 0.27576710769366725 0.7600685288662059 1.5569230142139937e-06 -1.3571877744970304e-05 -2.2016903177056013e-05 5.406000485867602e-05 0.0 0.0016301475381596084 0.24560803279888724 0.75944058688354 0.0012520982181899924 -0.00036730843235414077 6.241320005837683e-05 0.001319997983273017 1.0
0.06166588298227804 0.2757365766522211 0.7600486756134113 -4.904242997042734e-06 -2.3784681078642006e-05 -1.1216893335871778e-05 3.933761716215101e-05 0.0 0.0023757562500801533 0.2452595498067138 0.7593346615718172 0.0008774453266319775 -0.0002532960909969386 -3.280673190755374e-06 0.0008443510432433296 1.0
0.061643264542129254 0.27570494922438593 0.7600200872237122 -2.3594329149799482e-05 -3.802603162076335e-05 -2.626182126520306e-05 4.562362120147132e-05 0.0 0.00274685831843989 0.24481847479771626 0.7590536739010288 0.0004008469313314981 -0.00042330568901448643 -0.00025623869220092375 0.0006336355328668288 1.0
0.06160761926410732 0.2756620487506757 0.7599870661015479 -4.194890149340315e-05 -5.185495530179097e-05 -4.002244934942455e-05 6.522971021722079e-05 0.0 0.002896424176034626 0.24447646266128678 0.7586578408525309 3.974566599200687e-05 -0.00042556178201681944 -0.00048076107117761574 0.0005356372102961666 1.0
0.0615663331816801 0.275607745244403 0.759944754470232 -4.63636689643211e-05 -5.578497267674708e-05 -4.569279768422748e-05 8.068589209574389e-05 0.0 0.0029593013172891465 0.24423119517902944 0.7584100400963497 -6.588904287639424e-06 -0.00032222101198676177 -0.0003543957038626489 0.00036951955130333394 1.0
0.06151853868383937 0.2755544147748629 0.7598971976707635 -4.8219375522209e-05 -5.418374286332388e-05 -5.0172230388005555e-05 8.588627150174204e-05 0.0 0.003026012252814942 0.24383700432880273 0.7581225399768131 5.513668844330292e-05 -0.0003544546846134646 -0.0002648212684352657 0.00048555947466814246 1.0
0.061474094744289366 0.2755245985935004 0.7598361015850578 -4.356075598400816e-05 -3.231034217494153e-05 -6.0500765375472385e-05 8.091244802077754e-05 0.0 0.0030427753263070805 0.24348780465731143 0.7579653000307706 8.41096879007552e-05 -0.00033487914941558576 -0.00012321467670187852 0.00038227783637556135 1.0
0.06139743437033585 0.2754543275542187 0.7597938803719304 -6.97932266829709e-05 -6.020018524359282e-05 -4.503376183335944e-05 0.00011209147609308196 0.0 0.003061099522221444 0.24275174540181707 0.7576786464926422 8.22388263728303e-05 -0.0006838272476489144 -0.00022089972801502778 0.0007877459088560523 1.0
0.06137155980707383 0.2754028862372078 0.7597680090454342 -3.5521164180966823e-05 -5.454201293931719e-05 -2.4698088666366668e-05 6.488857360396601e-05 0.0 0.0030881746052546662 0.24253163441464526 0.7575091212181951 1.638715680950492e-05 -0.0003517004302495401 -0.0001948560355390591 0.00029402463951356205 1.0
0.06134610922320241 0.2753300556840355 0.7597077324705414 -2.1754932052128947e-05 -7.106211451937425e-05 -5.006265336554848e-05 9.509191440723621e-05 0.0 0.0031264716090492538 0.24239663045886883 0.7572984182059248 2.1426529072684597e-05 -0.0001237730088796387 -0.00022506934136493537 0.00022783973708783356 1.0
0.06133130690735376 0.27523313598205307 0.7596180989371439 -1.0669352809806034e-05 -9.716352792610961e-05 -8.687753286722024e-05 0.000134510889394811 0.0 0.003130547631437378 0.24224822191612158 0.75713555037773 9.666600307779477e-07 -5.646281513202678e-05 -0.00017910660566898039 0.0002326286201481773 1.0
0.06132982632797674 0.2751527716269274 0.759548299449509 4.838131885850545e-07 -8.798074815867012e-05 -8.201510090240905e-05 0.00010802671268536245 0.0 0.0031632952786471596 0.24204324953318948 0.757169580924226 2.3444540237991862e-05 -0.00014912929690862276 1.875063391430326e-05 0.00022034908372422124 1.0
0.061329773088898684 0.27503798284920006 0.7594514426522767 7.373357695555208e-07 -0.00010870221028813195 -9.722047653262035e-05 0.00014674306122268877 0.0 0.003075162474701321 0.24187029043965388 0.757287051819744 -7.129387846233171e-05 -0.00020982967708291906 0.00013630773195159093 0.0002228467881270853 1.0
0.061300454657929784 0.2748924440574398 0.7592956093627565 -2.7456425716206132e-05 -0.00014174775193707503 -0.0001484219209699879 0.00021611489513755392 0.0 0.0028047494271215214 0.24180802050342087 0.7573632046187468 -0.0002636180459133665 -0.00012780456345739313 0.00012127480716073969 0.0002737418975894668 1.0
0.06129235041462758 0.2748505769204793 0.7592442272695695 -1.8867216114876802e-05 -6.396516421137846e-05 -7.080675250351662e-05 7.164792694141265e-05 0.0 0.0025508384476165525 0.24182156956317824 0.7574593055342445 -0.0002945609720519176 -1.6723118273300288e-05 8.661219611955819e-05 0.0002861346013985459 1.0
0.06128301947802289 0.27481001850766623 0.7592175479658338 -8.297232706922381e-06 -2.757778280928862e-05 -2.0181117287347256e-05 4.090896499134979e-05 0.0 0.0022558505552440207 0.24176493644310976 0.7574820530805773 -0.00030793010138344286 1.9412668217592163e-05 1.7382669522176392e-05 0.0002948366255152795 1.0
0.06127194784868141 0.27477672134664305 0.7591981778434094 -9.845930948989441e-06 -2.121725548796173e-05 -5.729168240620327e-06 4.362686438117764e-05 0.0 0.001993019873886896 0.24171304240593347 0.7575691817369841 -0.0002616650152331043 -4.4913844876634794e-05 4.118892737993874e-05 0.0002834299308416054 1.0
0.061235493062597686 0.2747161886924239 0.7591538106578192 -3.0111038806339036e-05 -5.1441243504435e-05 -3.125918197641033e-05 8.770416310898392e-05 0.0 0.0018342855677791522 0.24171113884092205 0.7581401908071248 -0.0001490357555546841 -3.0159079118800087e-05 0.0005003587364039662 0.000589977199384055 1.0
0.06121454022530239 0.274695806004663 0.7591413862890553 -2.5286129590759295e-05 -3.41427314981324e-05 -2.2048862204590794e-05 3.0188197969517166e-05 0.0 0.0019861291570355743 0.24174471486045668 0.7586496964830763 0.00014486107062528322 1.4924381868394444e-05 0.0006094564307576958 0.0005434439165290581 1.0
0.061180863750591265 0.27465233149308793 0.7591033028718878 -3.418223783578993e-05 -4.949961469871494e-05 -4.6026338296018094e-05 6.0825925885611197e-05 0.0 0.002064970660376671 0.24173066696152393 0.7589739303114476 0.00014123106828639736 4.3966185536997325e-06 0.00041156080944173315 0.0003240547664096116 1.0
0.061140194483631345 0.2745852698701228 0.7590460968573183 -4.161444376220787e-05 -6.612544026721442e-05 -6.23938013504781e-05 0.00010219134981778638 0.0 0.00206702094557029 0.24169663751779386 0.7593043997927258 2.7987619928741874e-05 -2.0627880490653753e-05 0.00029362533787039794 0.00032452570887862115 1.0
0.06104466506907608 0.2744512976395999 0.7589166797599144 -8.632436427099563e-05 -0.00012151174473818823 -0.00011627591824446649 0.00020906492391043561 0.0 0.00215535767174988 0.24161872259453437 0.759442859010423 4.5621542888238246e-05 -7.921272910912103e-05 9.634625941663039e-05 0.00019618735999269392 1.0
0.06100597994595878 0.2744086102685722 0.7589131000353713 -5.45001831400114e-05 -6.907234393213721e-05 -3.286306784265004e-05 6.074764251647792e-05 0.0 0.002510194175023302 0.24160836427227012 0.7592403422801677 0.0002791168531735227 -4.132006486005789e-05 -0.00022492986615474522 0.00040615321336646433 1.0
0.06098550668392861 0.27438173325120474 0.7589169571261868 -2.1779062444323552e-05 -2.507644400459429e-05 1.2045800184776388e-05 2.4887450669098496e-05 0.0 0.0027957512183654776 0.24166599192641297 0.7589992678545028 0.00032312440119067594 5.318164508480529e-05 -0.00028501598289583846 0.0003785456475411852 1.0
0.060947497660556786 0.2743576235292985 0.7588938171534626 -2.6222538197519978e-05 -9.288175171544313e-06 -1.036585530550896e-06 5.538632430400405e-05 0.0 0.0033127636721399633 0.24186251453251145 0.7580909216196082 0.0005246280659763308 0.00020400600452528733 -0.0008096565554961958 0.001052520260299842 1.0
0.060936089829130735 0.27435447486469633 0.7588808324830282 -8.594308955811675e-06 7.4940893137411086e-06 -6.5162810303195125e-06 2.2704229539749734e-05 0.0 0.0034877968612263147 0.2419633303343378 0.7576310464155444 0.0002695616969694769 0.0001510283324657961 -0.000607919370947086 0.0005283877888759954 1.0
0.060920952496520554 0.2743437828998353 0.7588683091475379 -1.3983084090249498e-05 -9.935958510824972e-06 -2.092107863471211e-05 1.814225992566874e-05 0.0 0.003797848061920888 0.24203003299731346 0.7572927611841718 0.0002341946725234703 6.951076529788326e-05 -0.00033765078267532895 0.0004278665516980885 1.0
0.0608755678479411 0.27432996491567835 0.7588447336727496 -4.5173851211079706e-05 -2.2629755231735145e-05 -3.345489424369169e-05 4.954482851824627e-05 0.0 0.004514469569420245 0.24220563657038474 0.7570375945737825 0.0006125377586964159 0.00013048693804918943 -0.00015848263141887968 0.0007900511440832188 1.0
0.06084502394987337 0.2743212097582297 0.758833034548704 -4.188669773700127e-05 -1.816951504113925e-05 -1.9484331725545082e-05 3.94079920686527e-05 0.0 0.004855863184511521 0.24248227584681042 0.7569060849588289 0.00045698263209710527 0.00025102384122571253 -6.847009904850648e-05 0.0004896012937867843 1.0
0.06080611813998166 0.2743017091400262 0.7588138957033486 -3.627976156231826e-05 -1.3506352740348177e-05 -7.393390980939629e-06 4.462878584274318e-05 0.0 0.0054790279937849224 0.24298770505094278 0.7566668215912332 0.000609127931064158 0.0005007268675830954 -0.00020029258991669733 0.0008096218553290641 1.0
0.060741493299788875 0.2742371029040925 0.7587521428073171 -6.0985827698674756e-05 -5.926339265183544e-05 -5.550580657710748e-05 0.00010966303031058401 0.0 0.006314648912399999 0.2434757121533289 0.7563324066049731 0.0008115190613083851 0.0005502776399981643 -0.00036901828950043934 0.0010197954121209018 1.0
0.0606940543884367 0.27416037361027157 0.7586818329853254 -5.2939644047410444e-05 -8.174209664862425e-05 -7.707642713934594e-05 0.00011775889661877424 0.0 0.007476473014592687 0.24401278739329296 0.7560253449351407 0.001150477309898543 0.000559393394597392 -0.0004077673785344682 0.0013355095657711488 1.0
0.06064778414838384 0.2741012554772947 0.7586390553515923 -4.380347059944411e-05 -6.740810308115772e-05 -5.240802089570481e-05 8.424614242888117e-05 0.0 0.00912499035933599 0.2447912672167076 0.7559591501234957 0.0016231805557784798 0.0007236612428563006 -9.623806733450094e-05 0.001811361080323882 1.0
0.06060181439445211 0.2740460194111198 0.758609209852421 -4.431099637544496e-05 -5.474922530778533e-05 -2.9077120795107867e-05 7.565823725925026e-05 0.0 0.010681949066500166 0.2452977474956572 0.7555804224885956 0.0016922075009342178 0.0005515343383450844 -0.00029084160116232675 0.0016862851872760883 1.0
0.0605742766652323 0.274024391385403 0.7585967325551093 -2.9150466268800273e-05 -1.889181315587014e-05 -6.118469645244264e-06 4.027616052391085e-05 0.0 0.011103685701202303 0.2454095683713432 0.7552626686071509 0.0006159263448768446 0.00014589212071891173 -0.0003183030539951463 0.0005437458530403096 1.0
0.060540638657887266 0.2739978828319766 0.758584782499146 -2.8222823994289293e-05 -1.4926047524957447e-05 -2.434176891267163e-06 4.39152779565293e-05 0.0 0.011412035223718614 0.24559831998338033 0.7549470812471274 7.440312683824868e-05 9.10484724927079e-05 -0.00032915862456650005 0.00044002619871135894 1.0
0.06047840275139487 0.2739637746172844 0.7585607333379516 -5.882029803657004e-05 -3.04530750849761e-05 -2.1979000434267027e-05 7.438454465626953e-05 0.0 0.012025579186833502 0.24616048353994077 0.7550402998405917 0.00036062545610734064 0.0004623458530540008 1.2063308324611512e-05 0.0008816093172259419 1.0
0.06045707345419363 0.2739554552744742 0.7585516137188358 -3.402331753835444e-05 -1.8653293432673595e-05 -1.948319992697286e-05 2.62518764181439e-05 0.0 0.012338458211723594 0.24645071112304945 0.7551866823580669 0.0003606180561463299 0.00039186769914093 0.00019644883776061799 0.000478098395841904 1.0
0.06042637543556184 0.27394097830483066 0.7585375677538745 -2.7554381526504604e-05 -1.532372201291668e-05 -1.6342333947275297e-05 3.3557681409296356e-05 0.0 0.012443951545319213 0.246762777540264 0.7551087407701614 0.0002589698918079546 0.00037742095193803247 3.322146096665867e-05 0.0002802796274610582 1.0
0.0603656239112961 0.2739099284477761 0.7585172449274717 -5.390949614416962e-05 -2.785663932684636e-05 -1.8132968648598705e-05 7.220657827131296e-05 0.0 0.012453553858593449 0.24704938110646638 0.7549666980937956 0.00010623856928376426 0.00030903166257675407 -0.00014380850254843615 0.00031858532651585767 1.0
0.060263176407676686 0.27387634443181796 0.7584923481031453 -9.894725161437689e-05 -3.524609265682782e-05 -2.3943821542415427e-05 0.00011319626438053632 0.0 0.012560105366447794 0.2471917803002088 0.7547450063027864 4.169953158706589e-05 0.00010565197933513589 -0.00030675919190238687 0.0003225601372641312 1.0
0.059957829140673984 0.2737919986185999 0.7584621575441165 -0.00028594770166308835 -7.876251823397639e-05 -2.988419319397339e-05 0.00031505992174344884 0.0 0.012931753028904635 0.24733475205552974 0.7541236065874746 0.0002567114745721706 8.150446655806333e-05 -0.0006216165725948151 0.0007221214453731444 1.0
0.059415330863348687 0.27357942047441747 0.7588096354784865 -0.0005457182705936656 -0.0002039828681533374 0.000292017347097973 0.0006794487299044994 0.0 0.01332991537129526 0.24756394598790737 0.7535819485350359 0.0004787389324926164 0.00022400636043656033 -0.0006075295904931354 0.0007124762931799323 1.0
0.057566811827367226 0.2719635931199444 0.7602390901275535 -0.0017208110818771323 -0.001440406315373016 0.0013292260194941623 0.0028280210375641727 0.0 0.013678784140999713 0.24772577130171422 0.7533194861449796 0.0004439090305010884 0.00021309377456440537 -0.0002845285172259113 0.000462759154444296 1.0
0.05299718268261353 0.2674424166774524 0.761824682532295 -0.004388751375772767 -0.004320678932760042 0.0017643889524362306 0.006643556948581589 0.0 0.01389115153027588 0.24787353707546456 0.7531409994396748 0.0002086531773871547 0.0001466541918156021 -0.0001221210180047612 0.0003019474780391879 1.0
0.046228262628831444 0.2598412439024062 0.7612407294568049 -0.006979141101863244 -0.007741988896207237 -0.00012330774303346767 0.010219822007308924 0.0 0.014036613778998019 0.24793980812631447 0.7530319396824297 8.30371255720714e-05 8.2500244028213e-05 -4.4796363673592566e-05 0.00020727928159085598 1.0
0.04289969607435964 0.2549155801724288 0.7593578801004593 -0.004417622762741905 -0.0060766111364612746 -0.002021295544058722 0.006259460650824259 0.0 0.014089101110558453 0.2479566200851036 0.7529934041397808 5.358810951461736e-06 2.3432563166613375e-06 -3.151862509577239e-06 7.61261469275903e-05 1.0
0.041249329060384025 0.2522142154601327 0.7575422153192021 -0.001528364606462789 -0.002871330965336538 -0.0024047881031725904 0.0034415938245615603 0.0 0.0141155139744735 0.24793876572683843 0.7530053321114738 1.509054333275267e-05 -4.174042614464265e-05 -1.1044741693066852e-05 1.9919923152784708e-05 1.0
0.04081193590991597 0.25129282977633055 0.7565201770113381 0.00039956070754262565 -0.00014485161486901466 -0.0013989544373204721 0.0015605312419192212 0.0 0.014144429537326931 0.2479197345085249 0.7529900505964608 4.897145822919244e-05 -2.319002963852872e-05 -5.7832289430843236e-05 3.9903060546707554e-05 1.0
0.040300809387260904 0.25009756126560334 0.7543612307430578 0.00031798326150941176 -8.598178480053083e-05 -0.0016789859729822978 0.0026383329760696684 0.0 0.014345955003369333 0.2479162473326849 0.7530034438882226 0.00019517355240412384 5.41003410569249e-06 4.796992951125456e-07 0.0002037830626324431 1.0
0.03993251015299285 0.249446235431848 0.7537724065334702 -0.00042957965245291963 -0.0005843240005156868 -0.00048520024483831225 0.000975729136055648 0.0 0.014386081161818816 0.24793224760615734 0.7529723778788878 0.00010009109005830859 2.258344042583782e-05 -1.7851896630259557e-05 5.7619203849579976e-05 1.0
0.03922826365345204 0.24841429094672748 0.753823215879711 -0.0012809880543452543 -0.0015541511030468514 0.00018951498903838244 0.0010437699722399287 0.0 0.014418735135325022 0.24790207867232672 0.7529577233952628 3.3655782213203175e-05 -1.1523193155471887e-05 -2.554923725365442e-05 3.65204665404088e-05 1.0
0.03838178188807936 0.2474556053959909 0.7539069508860173 -0.0013096533919390594 -0.001565765953416889 0.0001413123166890929 0.0013585832075309412 0.0 0.014501266809789075 0.24791054664795364 0.7529403234037939 5.320939929148551e-05 -3.1668891934544935e-06 -1.7997314401312585e-05 8.838560274685925e-05 1.0
0.03771467963095495 0.24680209294533453 0.7538244533738011 -0.0006305655246759898 -0.0007026520835094084 -3.8114764617190426e-05 0.0009820694396173672 0.0 0.014550173017846429 0.2479479055397315 0.7529172742558105 3.757908434171386e-05 2.8687795307740127e-05 -1.6305637911529102e-05 7.273763828787678e-05 1.0
0.03721333577262486 0.24647250197245005 0.753406065318781 -0.00041653123190042154 -0.0002086192014726044 -0.0004330541264498148 0.0007193862867523335 0.0 0.01449909200877833 0.24791187579324037 0.7529154051675719 -3.8538811202076624e-05 -2.250665669352181e-05 -7.179830442092947e-07 5.861976529154932e-05 1.0
0.037000770906623966 0.2464030219965174 0.7529290020831303 -0.00010415177510996517 9.031036475790457e-05 -0.0006697027563498357 0.00048645707668701875 0.0 0.01450997660580951 0.24789999216741873 0.7529307235007591 -2.3082585225700867e-06 -1.998909927844401e-05 1.5534452611976453e-05 1.768699593969135e-05 1.0
0.03690672829334389 0.2463759418012658 0.7523886927484227 -1.3059006953866409e-05 4.605242846998344e-05 -0.0007377659446099279 0.0005964021868147581 0.0 0.014531220494219552 0.24789964221882055 0.7529280941677652 2.6402078171304264e-05 -5.874978117084345e-06 6.140775401658893e-06 2.5514346510342114e-05 1.0
0.03690193822035695 0.24641467097344955 0.7517519060527714 4.446814907540516e-05 7.484964520246794e-05 -0.000522522876661559 0.0006215265861809136 1.0 0.014538071481962603 0.24789284648152846 0.7529205466276158 5.04820878008004e-06 -5.621021202287729e-06 -9.85297472930727e-06 1.257126187302149e-05 1.0
0.03704881513281698 0.2465474808027177 0.7506321196343938 9.8723660399782e-05 4.910840117197657e-05 -0.0009822513006104907 0.0011305349418215499 1.0 0.014528663058319931 0.24787561791247653 0.7529244475324188 3.2256551738653054e-06 -1.4876237051035429e-05 -8.128029236578437e-07 1.904458480916102e-05 1.0
0.03711073188007576 0.24664536603524304 0.750108127554584 5.300712810130744e-05 7.310879950410843e-05 -0.0006483662367749636 0.0005563261236465225 1.0 0.014731210500234035 0.24783844512922912 0.7530392108495401 0.00017585284784489368 -2.9692379224992987e-05 9.648361249584585e-05 0.000233974643396239 1.0
0.037088265336371745 0.24652311531051774 0.7500031091521164 -3.0182558456351492e-05 -9.385052112716175e-05 -0.000135836109389035 0.00013097634821637423 1.0 0.014396000912072831 0.24769858522126004 0.7529601497126928 -0.00023910299748245735 -0.0001298830025495102 -3.513067710088687e-05 0.000376904041448257 1.0
0.03680812962706855 0.24650545623345962 0.7499814556648277 -0.0002760141242062267 -5.7374477213261864e-05 8.938699002546975e-05 0.00028572512276447677 1.0 0.01395711628133448 0.24735507849081698 0.7530494741518802 -0.00048190736892700885 -0.00033754261314136307 5.494337236509128e-05 0.000561057174880137 1.0
0.03663437082119431 0.24651564071637352 0.7500010586315468 -0.00023814859876338022 -2.2174492272258894e-06 0.0001255122209834762 0.00020892387946576342 1.0 0.013862556917000349 0.247244481944638 0.7530965716295128 -0.00021603227268617497 -0.00018165358496126561 5.419009939647082e-05 0.00015626432965858318 1.0
0.03657344842264369 0.24651710512074884 0.7499930866778249 -9.165392577460506e-05 1.6268194935037338e-05 -1.8848693844344087e-06 4.875303753580553e-05 1.0 0.013819856427296759 0.24720900181765737 0.7531046413398907 -3.082100660575949e-05 -3.4208149363573364e-05 1.568915503114131e-05 4.14375069223684e-05 1.0
0.0365765445479209 0.246483758825471 0.7499627605861073 4.3067490046597e-05 6.084654915724643e-07 -0.00012025808619443954 1.9293998319881277e-05 1.0 0.013795797912011376 0.24718208692916507 0.7531131228463015 5.114006438337236e-05 2.1525849914432477e-05 4.864385755490495e-06 4.927781720125419e-05 1.0
0.03660013149933075 0.24646407059103242 0.7499077335392301 8.60973133088795e-05 -1.0090412284756783e-05 -0.00014387435329477538 8.238283425858201e-05 1.0 0.013816747589369228 0.24717585629988748 0.7531190771708945 7.852842835816845e-05 2.8472912710771485e-05 3.6415880941034365e-06 3.118616872489362e-05 0.0
0.03661006109525064 0.24646327457092798 0.7498866153918153 3.111736685662306e-05 -1.8041066907148223e-05 -5.550402472421926e-06 2.8393589465783515e-05 1.0 0.013834219251037227 0.24718172213709413 0.7531141488969355 2.512930494285628e-05 5.08522437159278e-06 -5.369170963567907e-06 1.1205932859705253e-05 0.0
0.03661397483365932 0.24648475659312621 0.7498705794835216 -1.7975400238027592e-05 4.298592472871292e-06 1.2585089756586728e-05 1.6661591240030738e-05 1.0 0.013838998715545893 0.24718553313939362 0.7531110774217901 -6.145472321831484e-05 -2.4886706303374435e-05 -1.3198161402626092e-05 0.0 0.0
0.036560157691680736 0.2465843161136262 0.7498462891000007 -8.353061055031078e-05 0.00010503011813074843 -8.277451474457986e-06 0.00011766389043737149 1.0 0.013876081791992217 0.2471571282969836 0.7533091217723679 1.308069542087768e-05 -4.703273256878449e-05 0.00018439033214784383 0.0002101567205574817 0.0
0.03629310946572053 0.24708652324595237 0.749950992352282 -0.00024708832366504373 0.0004629884824873657 9.338385078569059e-05 0.0005791853497789986 1.0 0.015409370514865836 0.24644865744965486 0.7556706142827481 0.0013427698505289547 -0.0006040541441432326 0.00208181681762353 0.0028836651681648944 0.0
0.03593605053296864 0.24790708642988854 0.7503305077961917 -0.0003747712635968699 0.000838723077834859 0.00035533306726211433 0.0009795159160479947 1.0 0.017165499458214745 0.24578595546463586 0.7586108104092737 0.001939819426803401 -0.0007670055720200418 0.003187134463660866 0.003564596624500541 0.0
0.035784721887474245 0.2485005853464112 0.7511537462023056 -0.0002128887380882864 0.0007130927603620643 0.0008101118867553111 0.0010226120388117056 1.0 0.018213258300267987 0.24498844720505492 0.76139801714164 0.001363136920900192 -0.0008549208092457042 0.0031537897830086438 0.0030212005694444516 0.0
0.035625235228118494 0.24897849843455278 0.7538522866216427 -0.00013276826022778663 0.0004923887327776078 0.002527604804434606 0.00271664256163187 1.0 0.018033870013773944 0.24429351153096704 0.7633788325863736 -7.758026974238075e-05 -0.0007185008077089312 0.0021248407842019965 0.002057945027239746 0.0
0.035527763220069876 0.2504878803903942 0.7574696692700829 -5.87304102392003e-05 0.0012770577590009258 0.003797794164966146 0.00397103191160042 1.0 0.01719397735838246 0.2440520301967679 0.7643806157524508 -0.0011449601007308713 -0.00024181217368733285 0.0007919042800772653 0.0013752810819484406 0.0
0.03697703788840503 0.25306490619433636 0.7599371294806312 0.001266048925682213 0.0024931405126361462 0.0029510552327585045 0.0038489028296516746 1.0 0.0164013998030776 0.24386655511983438 0.7645153362255706 -0.0011989189684616338 -5.899375909029096e-05 -0.00023004471747554625 0.0008732881363808122 0.0
0.039727927145526684 0.259974789769436 0.7615108219802336 0.002780623234284539 0.006566316911545299 0.0015816354210681195 0.007504925558183223 1.0 0.015988864457440726 0.24381512774669134 0.7644238977500396 -0.0005083388142872792 5.186400892704356e-06 -0.0003470759012055467 0.00038859345306866956 0.0
0.04717018582147742 0.26656898748312097 0.7622297871804322 0.007118254990641275 0.00743738322001369 0.00036958422508602106 0.01009363784140819 1.0 0.015779287998603814 0.24388748085193418 0.7643115685561623 0.00010069830979231382 3.4976221886589e-05 -1.2113516111127425e-05 0.00024159015396339964 0.0
0.049323170154247656 0.26866771771393555 0.7633893042894959 0.0037088214313739085 0.0031565468492902064 0.0006289468338227266 0.003294860491970131 1.0 0.015716920255013464 0.24393843514186606 0.764235615772124 0.00018609815579741424 4.17828610382976e-05 9.331064652099352e-05 0.00010956867312354778 0.0
0.054433808547387434 0.27403953648854235 0.7661571444461555 0.004381434892651855 0.0040292541968697275 0.002532536692682056 0.00750855825105427 1.0 0.01564020438822228 0.24404248828415148 0.7641004958901122 -1.1215238320079566e-05 5.163936967443291e-05 4.1013863061550946e-05 0.00019044309114899568 0.0
0.06044950374671656 0.2766356928287618 0.7649531088479617 0.005404692141808807 0.0023970838115364326 -5.2410453308189076e-05 0.007077496547358994 1.0 0.015620186412353096 0.2441140654322242 0.7640260086560182 -0.00013116828832862777 6.647947309547744e-05 -3.47639157577055e-05 0.00011019310009400965 0.0
0.06476142128955975 0.2775819087021692 0.7634586565541167 0.004483291593511014 0.000880711287726224 -0.001584576305187628 0.004674702304602155 1.0 0.015620746250237664 0.24414953118705338 0.7639699579712412 -9.625179796022356e-05 5.047385883970995e-05 -9.526256406924491e-05 6.061069286486531e-05 0.0
0.06855908981544481 0.2778037497454251 0.7607984440688017 0.0038897295075612723 0.0002236103476823102 -0.003052493404064754 0.0043457731866236166 1.0 0.015600530333898004 0.2441642517218738 0.763924674542734 -3.982218184192857e-05 1.909653745231152e-06 -9.728028959616686e-05 5.2172956203216936e-05 0.0
0.0693231041968233 0.27728131763624475 0.7591669572400171 0.0011703866556797193 -0.00029893320391308686 -0.0022178436318672622 0.0019991889638717054 1.0 0.015582096089795112 0.24416509370613187 0.7639328161636508 -6.386556758899661e-06 8.397925771820092e-07 -9.364199702944056e-06 2.353527562772267e-05 0.0
0.06931289935779768 0.2769500510977571 0.7585251082169348 -0.00035806963362136103 -0.000573486827551273 -0.0006276425687936989 0.0008393769848637645 1.0 0.015578419355294892 0.24415258251678057 0.7639512808657843 9.837181164385205e-07 -8.00655780284475e-06 2.388726013731258e-05 2.2906742771755995e-05 0.0
0.06900247203027945 0.27642346825061337 0.7578537519862552 -0.0010764262243950226 -0.0005107390727138597 -1.5511518912901534e-07 0.0007486893695692453 1.0 0.015576492648238068 0.2441383935278762 0.7639625659288659 3.6572586493981596e-06 -1.3336483004987442e-05 1.62175668046155e-05 1.5244670392775965e-05 0.0
0.06845919164549959 0.2756061637909443 0.7570952343342914 -0.00024502827371613136 -0.0003053268736479789 -0.00034418894759852487 0.0013505029360013237 1.0 0.01557150711326572 0.24411723433966517 0.7639874089041114 -4.085930920193144e-06 -1.2778046865611766e-05 1.5710800231031894e-05 3.4570870227502854e-05 0.0
0.06832913673613733 0.275361904264439 0.756916390967317 0.000145930286936451 -0.00043616247674902603 -0.0005421685099325428 0.00032521329929110013 0.0 0.015568845620389066 0.24410924384307875 0.7639963188720928 2.3172375248722057e-06 -9.825695563996857e-06 1.0475406751448709e-05 1.2412700438358765e-05 0.0
0.0679594978562518 0.27495551636970844 0.756365482473641 -7.46513923927444e-05 -0.0003967260092022679 -0.0006191308485236605 0.0006655756992576638 0.0 0.015568287991551218 0.2440938201380887 0.7640046815606751 -7.359685170835753e-07 -1.3223349499496122e-05 3.2298620069402394e-06 1.622721938986163e-05 0.0
0.0674953218952455 0.2746289221875637 0.7564076981998719 -0.00034264125737754406 -0.0003346685654815571 -0.0002041154031874261 0.0006609143313077923 0.0 0.015570925997136364 0.2440843862902667 0.7640064560695705 -2.223587123413432e-07 -9.69604832244235e-06 6.334107321599047e-07 1.1136071442402554e-05 0.0
0.06691648035729315 0.2741160540710571 0.7570225326629988 -0.000763254553953143 -0.000505265386289912 0.0006459835004165768 0.0009886182370455908 0.0 0.01557950749887383 0.24406434220622425 0.7640087366048329 8.543821985536565e-06 -1.8657840446439613e-05 4.304389496736206e-06 2.1676606474459344e-05 0.0
0.06582826651034321 0.2731091285882693 0.7583262282284527 -0.0011119634887930478 -0.000963904694750825 0.0013846496421914699 0.001949750032615841 0.0 0.015585008694166704 0.24405180199981036 0.7640209169103064 8.257220157383568e-06 -1.5866470600194193e-05 1.1071684194779767e-05 1.8682557403798626e-05 0.0
0.06421574282747447 0.2720041931186718 0.7601285745931072 -0.001658971556128245 -0.0012317505418950436 0.001878573613442742 0.002670696845838489 0.0 0.015591478879840819 0.24404506101465412 0.7640274086802525 6.3700812607305545e-06 -8.35564568155707e-06 9.611121372246392e-06 1.0640112322169015e-05 0.0
0.06330120867527143 0.27150994385737426 0.7610423711823995 -0.0011393903769667433 -0.0006732141041964893 0.0011613501771607073 0.0014042856406287585 0.0 0.015595581221177764 0.24404177014886136 0.7640306549223472 3.479317953734015e-06 -2.5437543542734395e-06 5.868996228599964e-06 6.382440538003921e-06 0.0
0.06226879855242035 0.2710922295958084 0.761857243712781 -0.0009299314843822494 -0.0003022217163679198 0.0007024194805884196 0.0012982234108458637 0.0 0.015598946781251084 0.24403696864426475 0.7640302299421651 2.5646030733042953e-06 -1.9708103473000955e-06 -1.622425595721543e-06 5.916614401789674e-06 0.0
0.06190111757640171 0.27096486972650036 0.7620796671597565 -0.0003530022590063986 -3.399570345090155e-05 3.7533087165033785e-05 0.0005218181603097996 0.0 0.015593206174274215 0.24402630278119006 0.7640418275673229 -4.9878799521724e-06 -9.935677022823754e-06 8.06676792382515e-06 1.7120919464782156e-05 0.0
0.061573237822528354 0.27086496482392414 0.7622802293086534 -0.00016534920224515608 7.897603024026366e-06 3.6080593211933534e-05 0.00039708471637898426 0.0 0.015577340913233496 0.24403414361374798 0.7640589437322444 -1.545268293560209e-05 3.5326398632249484e-06 1.6737153349948434e-05 2.4472267068808483e-05 0.0
0.06152603548105629 0.2708314233732 0.762304842414986 -1.9443966562378377e-05 -5.8636523979235013e-05 4.356664434601434e-05 5.1558842909462006e-05 0.0 0.015571258326321972 0.24404214764223175 0.7640502154000008 -9.423012509409804e-06 8.220362800903099e-06 -2.08790026525311e-06 1.33216728022244e-05 0.0
0.06158635348806686 0.2707976614252754 0.7622659286035104 6.171493812405591e-06 -0.00011743616572182814 7.597907844376841e-05 6.12262274709911e-05 0.0 0.015563684130342492 0.2440491855863427 0.7640424978794158 -7.152432232938439e-06 9.736558948101934e-06 -9.460087940645584e-06 1.2237179506418747e-05 0.0
0.06163470831828834 0.2707824024432216 0.7622423308365073 5.436257846359654e-06 -5.631481745425231e-05 5.101105792533066e-05 7.717667000076709e-05 0.0 0.015560770372224822 0.24405121963201504 0.7640399026699408 -1.610720295813267e-06 3.670481561313797e-06 -7.437953179125553e-06 5.028735150942271e-06 0.0
0.06174156864452593 0.27076091282120807 0.7621845419601789 9.642307499543672e-05 -4.503675117741761e-06 -6.446921769999643e-05 0.00010666979202612501 0.0 0.015559178676092215 0.244052771475519 0.7640404170069239 2.8787168950203085e-07 -9.47859940261362e-08 -8.655552753423181e-07 2.422796470179631e-06 0.0
0.061775481852424576 0.2707555656971566 0.7621660991959328 6.8688627189847275e-06 -1.2318472554983411e-05 -1.0013015046298531e-05 5.3730794747704376e-05 0.0 0.015556210455037694 0.24405178792855567 0.7640403729338586 -1.950726219610656e-06 -3.044570016389021e-06 2.5623065280845034e-06 2.891698748304078e-06 0.0
0.06180893947052698 0.27074457399564944 0.7621547656509163 4.1606178812722897e-05 5.573859740722444e-06 -3.0818145565745495e-05 2.431035052599846e-05 0.0 0.01555719191267846 0.24405006474906768 0.7640442511749921 -9.068272850789813e-07 -2.5641718735786115e-06 6.673466236603931e-06 4.331715705581175e-06 0.0
0.061828351318096185 0.27072351445218945 0.7621526110068902 3.783703201769642e-06 -1.8868485119153273e-05 6.936220785744372e-06 3.676817881168064e-05 0.0 0.015563178388847519 0.244044630625263 0.7640404772869214 4.567609821120386e-06 -3.4716268522984583e-06 -2.111085468144261e-06 9.009110152969423e-06 0.0
0.06182110426644886 0.27070719217123357 0.7621448217548024 9.010093699086139e-06 -1.5521196762952234e-05 -1.4915929249301451e-05 1.90159478194187e-05 0.0 0.015564368945752683 0.2440463979227139 0.7640358322434362 3.2182044080380867e-06 6.545161681691106e-07 -7.714486642736993e-06 5.04889179556953e-06 0.0
0.06181016195615112 0.27069996052247886 0.7621393176652601 -6.856047643709843e-06 -1.017118862832623e-05 -1.0626609446920393e-05 1.3512495388723561e-05 0.0 0.015567501283750878 0.2440457039185533 0.7640381270650741 2.6386095379596237e-06 4.791921008931879e-07 5.051158577485788e-08 3.853747135745233e-06 0.0
0.06179955988181851 0.27070251961980296 0.7621358223694921 -9.168004388558464e-06 3.4511748216823428e-06 -6.934090668202281e-06 9.272002786497448e-06 0.0 0.015567367359994347 0.24404507430085065 0.7640375201870595 1.0349228174314372e-07 -1.650970751675321e-07 7.042284080573946e-07 9.589626480839017e-07 0.0
0.06178529109059091 0.2707018582629469 0.7621394376419562 -7.958164261405876e-06 3.1053015988523733e-06 -1.1249280530333528e-06 1.691150181089371e-05 0.0 0.01557078246394299 0.24404410346748 0.7640368525990834 1.980013084833856e-06 -8.157022869406615e-07 3.36433196670773e-07 3.6524529828782767e-06 0.0
0.061779923353728075 0.2707035394339798 0.7621380243449515 -8.556607336408016e-06 3.764246610734461e-06 2.934868470949767e-06 5.294124948522537e-06 0.0 0.015568561770110918 0.24405343610537125 0.764037145512384 -1.4739749510878603e-06 7.346017964786614e-06 4.925196022715108e-07 9.671069783958535e-06 0.0
0.06177423409564996 0.2706951436075186 0.7621309914331511 -1.960374056473155e-06 -8.584385525659107e-06 -5.37299163246932e-06 1.1873061046253603e-05 0.0 0.015568069462230176 0.24405641545500395 0.7640344880474503 -6.153408495298908e-07 4.847758573276319e-06 -2.308841349483571e-06 4.072926565021883e-06 0.0
0.06178640697048968 0.27069257674764746 0.7621195317100791 1.0261513265630642e-05 -7.008453034828759e-06 -1.1922357161397871e-05 1.733997450409836e-05 0.0 0.015566530573383126 0.2440611866848007 0.7640292735234558 -1.3068551258829203e-06 4.751063151657683e-06 -6.05308653345289e-06 6.838209173033836e-06 0.0
0.061794877238090545 0.27068818750465107 0.7621181207886449 9.935615076764236e-06 -4.882854063823161e-06 -5.389665225215975e-06 9.863019838479838e-06 0.0 0.015567244327107361 0.244060780225734 0.7640313042193692 7.227283933950814e-08 3.682603330242594e-07 4.2450691462582967e-07 2.4743779932639597e-06 0.0
0.06180525994045146 0.2706678727953229 0.7621351975292514 1.1013196535496503e-05 -1.6990105490576013e-05 1.529879691230849e-05 2.771323629913643e-05 0.0 0.015566942911786851 0.24406180435289818 0.7640309929924388 3.938377210509233e-07 -7.735201836530709e-07 1.1727924986288785e-06 1.1461467902626264e-06 0.0
0.061808373714362215 0.2706349687532482 0.7621518939352198 3.2444847024941647e-06 -3.2168775049614475e-05 2.1620872834263236e-05 3.771264437018158e-05 0.0 0.015569920398812699 0.2440598060970491 0.7640239930076294 2.7317148829811433e-06 -2.3472500217919057e-06 -5.530731936718801e-06 7.72945555456068e-06 0.0
0.06180935170905912 0.270621399208415 0.7621511277118435 -1.4598684358253872e-06 -1.9879571548643914e-05 5.3572559376234655e-06 1.401431650986746e-05 0.0 0.01556810585519924 0.24406163133619999 0.7640184863506531 -5.503640163469514e-07 1.3170112165182307e-06 -6.460907576772355e-06 6.323308269079792e-06 0.0
0.06181066129033298 0.2706161317605961 0.7621509443374828 -5.750358151836338e-07 -5.330103861747924e-06 -3.5912430221524973e-06 3.9387473577293934e-06 0.0 0.015566739314161379 0.24406172866262005 0.7640160263077219 -2.2357042874925006e-06 1.6165282125668054e-06 -3.8189385065816445e-06 2.667049838856291e-06 0.0
