0.06295973986570313 0.27969713239733385 0.763941328905223 0.0 0.0 0.0 0.0 0.0 -0.017035844560066255 0.27976012969153047 0.7637788529349316 0.0 0.0 0.0 1.2223021724465117e-06 0.0
0.06292351859687603 0.27967735205678357 0.7639232881823931 -3.6221268827102415e-05 -1.978034055027944e-05 -1.80407228299595e-05 4.50412018929077e-05 0.0 -0.017036246451983636 0.2797676718557237 0.7637678976964071 -4.0189191738079777e-07 7.542164193241607e-06 -1.0955238524568145e-05 1.0879172148711073e-05 0.0
0.06278739705223126 0.2795713847674043 0.7638414116774987 -0.00013612154464477666 -0.0001059672893792829 -8.18765048943293e-05 0.00019095000232674452 0.0 -0.01703811994587353 0.27978654888485593 0.7637395033031135 -1.8734938898937181e-06 1.8877029132224887e-05 -2.8394393293607045e-05 3.466592670530342e-05 0.0
0.06272752521588 0.27954233167371295 0.7638039005602144 -5.987183635125515e-05 -2.9053093691333576e-05 -3.751111728433898e-05 7.639242738012923e-05 0.0 -0.01702706595445134 0.27976641126641644 0.7636708397167647 1.1053991422191323e-05 -2.0137618439497462e-05 -6.866358634871617e-05 7.358670576263775e-05 0.0
0.0626717625662533 0.279471083681852 0.7637518758103545 -4.878951395838725e-05 -6.393773484426108e-05 -4.743794387747082e-05 0.00010436629741250461 0.0 -0.017033783503136637 0.279763646832853 0.7636235889555406 -5.852307113242597e-06 -5.062712966521823e-06 -4.869159234567189e-05 4.806686302027648e-05 0.0
0.06256816424112628 0.27921631627726695 0.7634489563251 -0.00010743384177022217 -0.00025848161626613157 -0.00030277060107203427 0.00040914454408554963 0.0 -0.017035736131200397 0.27973587236286745 0.7635712124643977 -3.357393761657042e-06 -2.4838635718325666e-05 -4.990888214731563e-05 5.683526763998925e-05 0.0
0.06258809758445177 0.27910757674689507 0.7633095830408508 3.098693158017048e-06 -0.00014435393406082682 -0.00018225737846169966 0.00017751088422207628 0.0 -0.017059149372273753 0.27972110692565844 0.7635440875034998 -2.2608672830427072e-05 -1.565223612188113e-05 -2.5843889553903218e-05 4.065418004387841e-05 0.0
0.06268905173358426 0.27907472318091503 0.7632814554858102 0.00010005254725022763 -3.0012030964774496e-05 -2.669332550770707e-05 0.00010643270914762178 0.0 -0.017055305379128513 0.2796665397063069 0.7635029654194825 3.938835169289305e-08 -4.9614363535320306e-05 -3.7680538972958906e-05 6.811649262259988e-05 0.0
0.06284072123788248 0.2789850217574968 0.76323325718736 0.00016207129893734272 -5.691497004965071e-05 -1.3149106978834678e-05 0.00018007563093104203 0.0 -0.0170772150140953 0.2796588940913878 0.7634716979728753 -1.6587619126151038e-05 -1.5946479263119963e-05 -3.0463875778928168e-05 4.0109322525483485e-05 0.0
0.06292665527258366 0.27887044223420443 0.7631727574203752 0.0001083638122398436 -9.625365533925526e-05 -2.8947864440146962e-05 0.0001736557070691027 0.0 -0.017084025535268277 0.27965060042355383 0.7634498766663567 -8.335982787165001e-06 -4.501302346975521e-06 -2.5767117247019537e-05 2.2213517804949464e-05 0.0
0.06299419546858485 0.27876589972745847 0.7631157578475334 6.546116836675348e-05 -0.00010709773709507597 -5.0442643983731524e-05 0.00013082767941653616 0.0 -0.017088330556278612 0.27964546344881597 0.7634397283296561 -3.034392502490254e-06 -1.830650253334362e-06 -1.4161966465571454e-05 1.2757621043266421e-05 0.0
0.06304151208844812 0.27867258044404325 0.7630706525779445 2.1785492622893306e-05 -0.00011780628862106058 -7.125641316982937e-05 0.00010357955377130832 0.0 -0.01709224357778921 0.27963790183806664 0.763434934975234 -3.61561663633998e-06 -2.9341456243166056e-06 -2.212229692067692e-06 1.0269717473829134e-05 0.0
0.06307516358990674 0.2786202018536925 0.7630336671695084 1.3888356828567968e-05 -7.154633887174022e-05 -6.37080316870242e-05 8.09790898819249e-05 0.0 -0.01709526382584883 0.2796315982285928 0.7634343119561738 -2.370371604715598e-06 -8.988804354698727e-06 7.185104989994054e-07 7.604922011903211e-06 0.0
0.0630908531177166 0.278574824757485 0.7630003233835907 2.3127456729104106e-05 -2.222891200772748e-05 -1.7885658996046082e-05 5.799882085647114e-05 0.0 -0.017100154516558493 0.2796288567829089 0.7634502375470772 -5.276568255226072e-06 -6.245999819464669e-06 1.4996447269678593e-05 1.553369634579775e-05 0.0
0.06309715034765016 0.2785408782265493 0.762965163689472 1.6293565069786736e-05 -2.2321271550798983e-05 -2.4534986226800237e-05 4.774163161837738e-05 0.0 -0.017100427504175265 0.27961043209802205 0.7634704687646644 -4.952908183403443e-07 -1.906690896617919e-05 1.9458887302903212e-05 2.810730556754566e-05 0.0
0.06310997199788072 0.27851044902754823 0.7629292086713875 1.615419519103622e-05 -3.4162490563190624e-05 -3.8352320316504984e-05 4.9800495175282835e-05 0.0 -0.017091821681733056 0.27958152253354346 0.7634904369365891 5.539632372864477e-06 -2.595522406341177e-05 2.167352026134224e-05 3.6098291444748576e-05 0.0
0.06310956634031369 0.27845963643570776 0.7628797514587257 -1.3231997903148944e-07 -5.264978409426223e-05 -5.060501734249814e-05 7.01466156729423e-05 0.0 -0.01705633152821612 0.27955390361519067 0.7635319333781952 3.442914829200421e-05 -3.1156792911952925e-05 3.86207977417754e-05 6.08786751585363e-05 0.0
0.06308131878544129 0.2784249909692248 0.7628635533073057 -2.3611112141168816e-05 -4.314994187606247e-05 -2.3849138958842867e-05 4.8244686447470515e-05 0.0 -0.01703875292122096 0.2795376030440873 0.763556874475031 2.5251672969797353e-05 -1.9180029373423767e-05 2.9182504440695415e-05 3.5439187846635406e-05 0.0
0.06304837359235514 0.2784100575774869 0.7628638734115202 -3.662659502240183e-05 -1.9201034869053508e-05 1.643879733026489e-06 3.521911247211703e-05 0.0 -0.017023417103858046 0.27953341963744904 0.7635622456745453 1.6147688630640985e-05 -3.2221587811821694e-06 6.847657924988543e-06 1.5593853223314258e-05 0.0
0.06296526583984742 0.27839108952150454 0.7628712264361198 -8.05772154140335e-05 -1.2185105148062857e-05 1.350051877584783e-05 8.508641878001711e-05 0.0 -0.017012795475214466 0.2795236985202585 0.7635882323987756 7.65508589002488e-06 -3.420659296340646e-06 1.8057435973826085e-05 2.9598331861570034e-05 0.0
0.0628561874558435 0.2783611036369562 0.7628424915498265 -0.00011363468884917538 -2.4696150817864083e-05 -1.905917277587212e-05 0.00011926114243565436 0.0 -0.016927108644661223 0.27937114253861767 0.7636296479897697 7.070295160132847e-05 -0.00013042534916527735 3.897035938163277e-05 0.0001801943661347862 0.0
0.06279968725015726 0.2782579753058962 0.7627458865642536 -7.068486942318174e-05 -9.367609153869205e-05 -9.317450225362426e-05 0.00015111375533619623 0.0 -0.01675591849347476 0.2789069622680554 0.7634491664722003 0.00016856374839709863 -0.0004431315768171909 -0.00014456640585807292 0.0005276157472741432 0.0
0.06269041076990098 0.27812196412206275 0.762584243980188 -9.397275468029902e-05 -0.0001458471064563606 -0.0001708624918110798 0.0002357312039072437 0.0 -0.016162920497520154 0.27664413446744157 0.7619438679150065 0.000556727040901588 -0.00207273989562675 -0.0013444118599663078 0.0027661851574792592 0.0
0.06266668381526917 0.27808367685727864 0.7625199907511104 -3.258180858605867e-05 -6.865243380832736e-05 -9.888104268911265e-05 8.300210598524577e-05 0.0 -0.01603642965712677 0.2751035705613173 0.7609971653267372 0.0002651894719228666 -0.001935450272995158 -0.001238346071465796 0.0018838550390201218 0.0
0.06260212669810168 0.2779734579966055 0.7623944299348262 -4.8082335200441146e-05 -8.790054538114606e-05 -0.00010617600722925296 0.000171226169240229 0.0 -0.015990072918212424 0.27172398944513243 0.7585266191655898 3.5206983614691475e-05 -0.003221231322807213 -0.0023408933119518703 0.004064232291129287 0.0
0.06254868900580225 0.27783966772235386 0.7622334571582536 -5.26587907401044e-05 -0.00011969829304554789 -0.00014228236805126455 0.00022279996180736138 0.0 -0.016342165069883896 0.2697873016852665 0.7570263226122251 -0.00037833236238694553 -0.0022710220119193346 -0.001768110124394243 0.002580600548079656 0.0
0.0625266693224834 0.27770818117624874 0.7620757922139532 -3.3105810048018486e-05 -0.00013439996289701624 -0.00015762737368215277 0.00020859525284214607 0.0 -0.016649526648227584 0.26820192080925176 0.7555564733285719 -0.00042695740383960867 -0.0014610321754575401 -0.001379744061447196 0.0021226173317624385 0.0
0.06252051414651627 0.27753393174293317 0.7618779975338968 -7.954668260663967e-06 -0.00017666838581938262 -0.0002007515351724633 0.0002570938776036723 0.0 -0.017220314575312097 0.2667784043686385 0.7541657066962589 -0.0005669994714097384 -0.0011309290920077165 -0.0012070495741028917 0.002078325615474699 0.0
0.06254428055600024 0.2774341672730559 0.7617361834445667 2.5772129376601144e-05 -0.0001232500289941741 -0.00016242661044103376 0.00017687506797128399 0.0 -0.017809806850443883 0.26614134581576604 0.7534541781761855 -0.0005671978753009752 -0.0005851451021532037 -0.0007072663332126955 0.0011576628972411983 0.0
0.06257996347445172 0.27738445888965657 0.7616221748698903 3.8257245223040194e-05 -4.606724372596644e-05 -0.00011167809367683251 0.00013104284843506634 0.0 -0.018305313463592706 0.2656828772173023 0.7529650067129784 -0.0004653285053487379 -0.00045134897856177324 -0.0004639658366326641 0.0008305922038274482 0.0
0.06260690865179719 0.2773392674299093 0.7615194105009495 3.6087182029427835e-05 -2.0153317939783166e-05 -8.321289785150825e-05 0.00011300744329830579 0.0 -0.01871022706192998 0.26534901244044895 0.7525586884974335 -0.0004067207321584331 -0.00032436616248949753 -0.00034034191116478455 0.0006065970475429565 0.0
0.06263066817878093 0.27730110328395746 0.7614373757289378 1.7121098979520185e-05 -3.362161817749547e-05 -8.063551261443568e-05 9.688396700295234e-05 0.0 -0.019046185710911448 0.2651523304048624 0.7522138219716418 -0.00030326639626302376 -0.0003680717438926235 -0.0004423919542187007 0.0005828217955893254 0.0
0.06265034949903521 0.27725865640617814 0.7613679671117343 1.5054916473939756e-05 -4.487373219043726e-05 -7.087801710758615e-05 8.296191850292706e-05 0.0 -0.019372728219952375 0.26498367093128916 0.751865511964191 -0.0003101186406245948 -0.00012585609911896839 -0.0003297323863975213 0.0004812986141219831 1.0
0.06265303117365235 0.27722275419818654 0.7613166710777561 2.3805740728147988e-06 -4.7308635487330213e-05 -5.653689480085867e-05 6.0213780862028725e-05 0.0 -0.019557182546637752 0.2649155869453813 0.7516490596893861 -0.00019587796976544065 -0.0001262425201676179 -0.0003087462647901973 0.00028507297614308947 1.0
0.06265670011852337 0.2771825455800099 0.761270393567373 1.1615282248499668e-06 -4.793043562506812e-05 -4.9848273332580285e-05 6.280336216228622e-05 0.0 -0.019725396458904015 0.2648452462156386 0.751441174379587 -0.00018449296028537668 -7.646425336836258e-05 -0.00021988332319872184 0.00028421447400203085 1.0
0.06266198364329036 0.27716816575036574 0.7612330457457186 6.213494764611041e-06 -1.413655917980748e-05 -3.493480061119477e-05 4.0971660516671954e-05 0.0 -0.019717799177487855 0.26474126511090834 0.7513233860083541 -1.4521713505455218e-05 -5.734663117465291e-05 -8.067283129373497e-05 0.00015903041249948823 1.0
0.06265880707933293 0.2771481861247208 0.7611984233359947 -4.100212479090832e-08 -1.2812982157785723e-05 -3.431660376912061e-05 3.923838821856803e-05 0.0 -0.019591679515713153 0.2646667664216164 0.7512998244734357 0.00013479537061273858 -8.734840507224713e-05 -1.3495299674525082e-05 0.00014741854376195025 1.0
0.06264889420046942 0.2771159980132624 0.7611504784679242 -8.630411598721764e-06 -2.808002226753167e-05 -4.680186150952008e-05 5.884343712531444e-05 0.0 -0.01950801804515156 0.26458770220451616 0.7513096443636003 0.00011967277944898992 -8.259302246893551e-05 2.290869627604781e-05 0.00011605068780425607 1.0
0.06264190172359173 0.27708530065642445 0.7610975473877506 -8.111922014383642e-06 -3.297672376839357e-05 -5.454422605169182e-05 6.224355292496041e-05 0.0 -0.019481566642078337 0.2645226118616893 0.7513109839824497 3.3290857282662666e-05 -6.365978435721176e-05 1.0294859419253909e-05 6.82013004086327e-05 1.0
0.06263718313279272 0.2770444998050483 0.7610645780777211 -5.796863617095853e-06 -4.2966584095827804e-05 -3.8670367222431467e-05 5.216213053553623e-05 0.0 -0.01947684153512725 0.2644631728091547 0.7513108933854779 -2.366793112335762e-05 -5.458666508140271e-05 -7.586161742788181e-06 6.0813145638126506e-05 1.0
0.06263286801313846 0.27700582214855934 0.7610190388959562 -4.286277001261632e-06 -4.155873154549141e-05 -4.1372695965616067e-05 5.891518248949387e-05 0.0 -0.01947644765967246 0.2644185692478199 0.7513091131372676 -2.5875589382797577e-05 -3.669634444578834e-05 -1.0291439830004774e-05 4.3704959739011015e-05 1.0
0.06263931513383002 0.2769835282348977 0.7609945131272035 6.692856132819529e-06 -2.4481678602254567e-05 -2.5627297546252072e-05 3.534183738721039e-05 0.0 -0.019479229503856693 0.26440336192451314 0.7513100554203281 -1.3121225139032388e-05 -1.8666351515010066e-05 -1.1760097556471808e-05 1.7662191014215887e-05 1.0
0.06264779956665133 0.2769494086513433 0.7609772636217347 1.0313685478284853e-05 -2.7015835946366848e-05 -1.456221174568134e-05 3.824425097846832e-05 0.0 -0.0194665134904827 0.264402879408916 0.7512889744392535 2.9844957263027724e-05 -1.4124529090371574e-07 -1.4631418745761484e-05 2.2158406625898412e-05 1.0
0.06265570489630322 0.2769390124254025 0.760969669735268 8.577489243738647e-06 -1.2927103699349724e-05 -6.417418834505113e-06 1.5646052052212e-05 0.0 -0.01947853975991647 0.26442582171793966 0.7512788146511545 9.264593754846876e-06 2.562180977483008e-05 -7.2623255833531645e-06 2.9107026364140123e-05 1.0
0.06266277165736212 0.2769369116240177 0.7609653519110728 6.601199848268905e-06 -1.505290620793266e-06 -4.097310340290187e-06 8.113067291971422e-06 0.0 -0.01949251897441124 0.26443960842023273 0.7512560644982778 -1.5378769648238696e-05 1.7852461172619398e-05 -1.9365186317581113e-05 3.0468834797022816e-05 1.0
0.06268151658936945 0.2769432090208491 0.7609662486181852 1.6073153550706238e-05 7.683435190740545e-06 4.7116908370628785e-07 1.9807925149240394e-05 0.0 -0.01949531450616852 0.26444989378344935 0.7512435012949574 -1.079554992849801e-05 9.235044174833742e-06 -1.5139523407678752e-05 1.55587373959401e-05 1.0
0.0627128315881614 0.27693439835675665 0.7609644665743522 3.008033610815149e-05 -5.631245813997301e-06 -1.3021057028823554e-06 3.297480001357e-05 0.0 -0.019498484521976153 0.264463759374201 0.7512462954271507 -4.384895487771653e-06 7.993115154492783e-06 2.2074145724255398e-06 1.4146936816487188e-05 1.0
0.06273039555500588 0.27688618241324636 0.7609238438311432 2.2488932608670363e-05 -4.485898523346803e-05 -3.751716545159647e-05 6.538314844711847e-05 0.0 -0.01950468164349096 0.2644799026828874 0.7512425104530334 -3.9001738132308895e-06 1.3186991260962668e-05 1.4142393241887654e-06 1.8658817475370345e-05 1.0
0.06275132319837833 0.27685137309915225 0.7608751866067605 2.0900292856402197e-05 -4.574184565577752e-05 -5.310166448212237e-05 6.328129445968994e-05 0.0 -0.019509836931867617 0.26450239621646815 0.7512382450440668 -3.730336827679313e-06 2.298417530256256e-05 -2.6996498256353884e-06 2.3422947891375357e-05 1.0
0.06278922705678457 0.2768377917540273 0.7608425076990206 3.347654471358697e-05 -2.205718107010398e-05 -4.1137540872873354e-05 5.1494624258343686e-05 0.0 -0.01951749017754032 0.26453776510607174 0.7512416014580695 -7.0130189634146776e-06 3.667739587660197e-05 -3.5850543908244e-08 3.603786409324022e-05 1.0
0.06282088797609177 0.2768221579691026 0.76081643512155 3.3115292872907835e-05 -8.512955441201114e-06 -2.5302019060254927e-05 4.3643251507863176e-05 0.0 -0.01954448635847662 0.26461941361143576 0.751286256515212 -2.7200162083511316e-05 7.943600481205007e-05 3.841161723741966e-05 9.63450141963163e-05 1.0
0.06282849065700621 0.27681614155248274 0.7608101891114192 1.210984562034375e-05 3.6386773285276765e-07 -2.2253087347146208e-06 1.255165681923172e-05 0.0 -0.019624067884244537 0.2648199529545606 0.7513910878424704 -7.512517974717978e-05 0.00019068719915519246 0.00010129447404771927 0.00024041495479650092 1.0
0.06283262832005733 0.27681101545533654 0.7607995980836822 2.111834485757949e-06 -1.030817302843842e-06 -1.7149141256058045e-06 1.1852226183546759e-05 0.0 -0.019888064537508573 0.2655851328609013 0.7519364148531201 -0.00024672362851177395 0.0007066861502419211 0.0004977573047269015 0.00097192802114161 1.0
0.06282658793246178 0.2767914323977081 0.7607844124395494 -8.828609073959753e-06 -2.006580705750598e-05 -1.326637024726033e-05 2.5601076935174913e-05 0.0 -0.019902696090576193 0.2660174392193316 0.7525152308683047 -8.221171964235946e-05 0.0005721209165661658 0.0006441697192977985 0.0007442063157587955 1.0
0.06283167571180141 0.27678417594112176 0.7607183341559929 -3.2724736823412743e-07 -1.560099573303075e-05 -6.477606260251843e-05 6.704030596444929e-05 0.0 -0.019514992147578767 0.2665840272630393 0.7540656187770226 0.0003454793913593849 0.000563686150258841 0.0014662154870048482 0.001655711555774429 1.0
0.06281934238775116 0.2767504689992731 0.7606613394843449 -6.708745314095733e-06 -2.9929873536824104e-05 -6.916556739286784e-05 6.768453064338466e-05 0.0 -0.019071245438478365 0.2667439603354873 0.7552258484159611 0.0005295813023523807 0.00018138431237872676 0.0013475208637322156 0.0012910988996359236 1.0
0.0628671324129606 0.27675709347967725 0.7606188301686307 4.193852436871691e-05 -7.588373749201112e-07 -4.9786367742541667e-05 6.276066638570385e-05 0.0 -0.01773917448210932 0.26621413927772697 0.7574800299701756 0.0012847067816377522 -0.0005352065757783194 0.0021166798033832495 0.0026345031235539404 1.0
0.06292617340213602 0.27672410831429106 0.7605881322788778 6.488245821302175e-05 -2.3895423450520387e-05 -2.8139174469299755e-05 7.451397342829672e-05 0.0 -0.016543192649430508 0.2651441854265432 0.7590949785207539 0.001340900372379257 -0.0011594022858836697 0.001771976244193928 0.002327127522781877 1.0
0.062970730003084 0.27667330275445473 0.7605611832684893 5.3731160789806977e-05 -4.813351900913319e-05 -1.7562988015519895e-05 7.401029682881319e-05 0.0 -0.014753395487899501 0.2630666428963212 0.7607454058882871 0.0017331531310153675 -0.0020742874302127835 0.0015960500707639374 0.0031470859091047537 1.0
0.06298468437579127 0.27664064255930365 0.7605187854502298 1.8027308883772555e-05 -4.105446002582715e-05 -3.471129832397242e-05 5.528754553220506e-05 0.0 -0.013292635883392752 0.2613133572853151 0.7615204096384438 0.0015175393576967121 -0.001939050407292771 0.0008042875501811891 0.0024522251073013884 1.0
0.06299211461685354 0.27661751062650186 0.7604818038615729 -2.444513941356255e-06 -2.648202429704875e-05 -4.143122863853535e-05 4.2875104962016175e-05 0.0 -0.012056085767817772 0.2597869392753359 0.7620151955013136 0.0012214198941395981 -0.001559997083729186 0.00034348862964700796 0.0019869400506543474 1.0
0.06299448377177375 0.2765835024714766 0.7604396880487746 -7.0728645042844985e-06 -2.7850095786495383e-05 -4.8577251858577795e-05 5.4754170773504046e-05 0.0 -0.010553927745787032 0.25800756772450756 0.7621517681757803 0.0013525044399542762 -0.0015468039942854888 7.27902717077754e-05 0.002350571954579325 1.0
0.06298453872588364 0.27652289918223666 0.7603758598128347 -1.12553108297081e-05 -5.42821835920347e-05 -6.174594583150602e-05 8.924433409632247e-05 0.0 -0.00894894418136511 0.2563626622535626 0.7623260949521429 0.0015542045593584606 -0.0015532771971509098 0.00010061537398650938 0.00232091359985825 1.0
0.06297732065700916 0.2764066727582855 0.7602502692702139 -1.722285987639956e-06 -0.00011021751274192125 -0.00011858071330782301 0.00017079861466145655 0.0 -0.00502984147225009 0.2527870065697224 0.7621847869421731 0.003678704157128773 -0.003295459468394941 2.541204850210559e-05 0.005281707640517544 1.0
0.06297943789272714 0.2763696231669559 0.7602103370111648 4.0070476287021745e-06 -6.447232792181037e-05 -6.170208767996595e-05 5.682415887726972e-05 0.0 -0.0028132471212377313 0.25136784411194857 0.7620504397387663 0.0028317405708785737 -0.0020589733339755833 -0.00011588887389387846 0.0027170884907332295 1.0
0.06297580689790769 0.276347240631807 0.7601958936053855 -8.292606099748591e-07 -2.132291124316723e-05 -1.3025453674957422e-05 2.0908864295730075e-05 0.0 -0.001755833601085741 0.25044507164199337 0.761704230505956 0.0013026256762752187 -0.0009941882420093355 -0.0002841328966000196 0.0013053780117013854 1.0
0.06293821591828867 0.27625065442676305 0.7601133477013639 -3.2988208595672836e-05 -6.98281883276781e-05 -5.7634386194617787e-05 0.00013419055617488746 0.0 -0.00029627626364399384 0.24892883877022054 0.7606038057992983 0.0009779048139953496 -0.0010693122439962652 -0.0010528200375143964 0.0023781278076404743 1.0
0.06290363877166877 0.276149364490784 0.7600101281182831 -4.004113689113169e-05 -0.00010108242074946414 -9.881369247034313e-05 0.0001561488524422213 0.0 0.0005850129964323534 0.24818302280237878 0.7598750928240885 0.0006411682504007025 -0.0006966242353317975 -0.0009045484407618753 0.0015327970021640287 1.0
0.0628766962787686 0.27605099603365757 0.759896570736288 -3.3042343853101435e-05 -0.00011108278721036926 -0.0001255899399627416 0.00014764601652224996 0.0 0.0014298100713594827 0.24775364479560072 0.7593378763444728 0.000779067741997175 -0.00047687949774811826 -0.0006007998431208411 0.0010131101519861917 1.0
0.06285776090730169 0.2759650964805317 0.7597755691652818 -1.9847074509162974e-05 -9.766972006833993e-05 -0.0001349323141803478 0.0001448033007872496 0.0 0.002838151865217362 0.2475673269621834 0.7589358618408452 0.0014974441046377402 -0.0002947182806685483 -0.0003245125990112168 0.0013677237555956784 1.0
0.06285395687991956 0.275902195980475 0.7597262435615877 -1.777223309678295e-07 -6.3355788873868e-05 -6.31256784525034e-05 8.549795676189922e-05 0.0 0.0034074854397839523 0.24735303749223503 0.7587096160774852 0.0010128942857424257 -0.0002870814913533367 -0.00014333347582879915 0.0007771235684907074 1.0
0.06284773125856227 0.2758150648807949 0.7596600740516252 7.585939854108973e-07 -6.631716669683932e-05 -4.0684129261106476e-05 0.00010821112393171587 0.0 0.003609073679121849 0.24698086187479418 0.7582898617340985 0.00011059426878351616 -0.00019296370522455452 -0.00031373992366023825 0.0005525000724851126 1.0
0.06284371097679464 0.27572496275724134 0.759600399710101 -3.871947932499269e-06 -8.83721446825033e-05 -4.897744925407884e-05 0.000109101861509657 0.0 0.0037822895829668986 0.24679724316698276 0.7579421134777454 -6.6112466446210764e-06 -0.0002937133129274161 -0.0004225530364640708 0.0004064272963415832 1.0
0.06283784336194709 0.2756436724695462 0.7595273036699126 -9.441669527359191e-06 -9.249193048035961e-05 -7.531115789638204e-05 0.00010969900168209513 0.0 0.004130170283209953 0.24660682376022652 0.7575597482719303 0.00026095482271925154 -0.0002825380954061817 -0.0004775256779565633 0.000589710603973442 1.0
0.06282943229869484 0.2756032426438337 0.7594800522375635 -1.0012824088266795e-05 -4.8908535422071696e-05 -5.921355587428492e-05 6.131234344053174e-05 0.0 0.004279790806668533 0.24647938875910907 0.7573251248357602 0.00018344141987753694 -8.272414266927912e-05 -0.00025560525278480297 0.00030101054095763415 1.0
0.06281765976551765 0.2755783456473624 0.7594231115613548 -1.2577260369689288e-05 -2.005463025273621e-05 -5.91830541175104e-05 6.182971158975834e-05 0.0 0.004429496677606396 0.2462314669612365 0.7572001469776055 0.00024426074157208363 -0.00018598529225163755 -0.00010999931936405305 0.0002866227510283637 1.0
0.06280661469416329 0.27555495821112647 0.7593816059557652 -1.1498623171603974e-05 -1.3329363546227648e-05 -4.223542133253058e-05 5.213552065666622e-05 0.0 0.004563395836916869 0.24604331003865976 0.7572470768985887 0.00019644710874865644 -0.00019133222106385153 7.486323359545439e-05 0.00025840539225202726 1.0
0.06278921897543588 0.2755118947141532 0.7593073390836402 -1.5740417377674074e-05 -3.684481709693246e-05 -6.275785956604445e-05 8.620520538359574e-05 0.0 0.004518135832994115 0.24573523387621624 0.7572462725013518 -9.105784084925228e-05 -0.00031417702257656064 5.453018683331006e-05 0.000307242199770758 1.0
0.06277401664065803 0.27545271802289545 0.7592390619665934 -1.6116742461656513e-05 -6.569648177872399e-05 -7.4272088259479e-05 9.243702260184825e-05 0.0 0.004346759815061248 0.24550596990324466 0.7572727400349675 -0.00020436360597611894 -0.0002682990720575786 1.200406223960567e-05 0.0002910045211947231 1.0
0.06277166332486572 0.2753991396511529 0.7591746678798641 -3.918544921661452e-06 -6.445940756102626e-05 -6.894107107133095e-05 8.253915945167039e-05 0.0 0.0041648677413186974 0.24540294473548463 0.7573790289606623 -0.00020571032682038828 -0.00010563913657172928 7.511386664375011e-05 0.0002270902197993326 1.0
0.06278052426314407 0.27536013473618276 0.759140625884722 9.49250904569145e-06 -4.35662217305392e-05 -3.879147732556983e-05 5.264705525889913e-05 0.0 0.004064378318281085 0.24554024135730618 0.7576001574816216 -0.00011299293849642737 0.0001351197782595649 0.00018994637646812 0.000280920842896039 1.0
0.06278868612324379 0.27533183993741983 0.7591131621109428 1.1769343739724546e-05 -2.2686157235155295e-05 -2.0130765608148736e-05 3.99819570468e-05 0.0 0.00402358070415972 0.24578799234456383 0.7577385743405581 -3.52971554940882e-05 0.0002925568106711921 0.00017407908083766284 0.0002890890719641101 1.0
0.062783167633436 0.275310734857333 0.7590849421166881 -2.1905456404519395e-06 -1.4504165073168312e-05 -2.191099314095197e-05 3.7109546388552567e-05 0.0 0.004019715154236933 0.24606977255939436 0.7577405287904588 3.713797506386986e-05 0.00031633177448745625 3.1352009038424015e-05 0.0002832667118949484 1.0
0.06275082921006993 0.27528809485911343 0.7590448561484864 -3.1816943702593014e-05 -1.884663291532892e-05 -3.7192767219243945e-05 5.559751945661245e-05 0.0 0.004033816598852008 0.24665558843415 0.7577629509433405 3.713188393290019e-05 0.0005478176600797697 -6.894136479066782e-06 0.0005790585979136235 1.0
0.06272937693515593 0.2752744058866795 0.7590170982089076 -3.1101433702906466e-05 -1.7362627062295806e-05 -3.676021634294723e-05 3.8169213137147945e-05 0.0 0.004061993103578881 0.2468757150714067 0.7577864903732697 1.5365336743722817e-05 0.0002763610521368474 -1.1612125523757207e-05 0.00023812855961621485 1.0
0.06269746703821487 0.2752465869087643 0.7589796415824799 -3.307311239922532e-05 -2.823541646246755e-05 -3.8753042913379054e-05 5.478704703876031e-05 0.0 0.004042794611654008 0.2471086592281182 0.7577708789091646 -2.9968607578485727e-05 0.0001886794541628269 -9.234721118917875e-06 0.00021466179987971828 1.0
0.06267848228632673 0.27522958210227566 0.7589646710383393 -1.88694107375451e-05 -2.0825916603770333e-05 -1.8588921027253046e-05 3.1129358264219486e-05 0.0 0.003809616057197916 0.24754827424367248 0.7580349474352769 -0.00021826197118085856 0.0003612390550330615 0.0002435256143331165 0.0005667568170830287 1.0
0.06265631457980035 0.2752199282645807 0.7589630271823454 -1.6675551584796893e-05 -1.0468629135432243e-05 1.7029464841923772e-06 2.3524567138255182e-05 0.0 0.002633653566911031 0.2482447163774454 0.7589079054309545 -0.0010784797682286682 0.0006760465456552351 0.0008411579728906177 0.0016336931468178201 1.0
0.06263107266897025 0.27517899644554966 0.7589296983013375 -2.215332391530562e-05 -3.414786463877536e-05 -2.3807242122791733e-05 5.838276429183711e-05 0.0 0.0013733338344297972 0.24834302576557937 0.759752087441244 -0.0014067157158642294 0.00025733486216188335 0.0009618253659114711 0.0015400170904366444 1.0
0.06259886927198012 0.27508570432054114 0.7588405137499671 -3.277483904356401e-05 -8.842507514357393e-05 -8.432376705434795e-05 0.00013372180697293309 0.0 0.0009052763709879764 0.2481959578982405 0.760442417957609 -0.0007008435594370793 -0.0001344076355027024 0.000775424746071499 0.0008044141145441617 1.0
0.0625950624660325 0.275040934225596 0.7588049952647508 -1.141020921098631e-05 -6.2725058852481e-05 -5.69730409395172e-05 5.951773863130157e-05 0.0 0.0008359177249647236 0.24806609415800485 0.7609285137572961 9.594433773412863e-07 -0.0002342595872198556 0.0004693023458695132 0.0004973632548299881 1.0
0.06259264338331504 0.2750199997790311 0.7588002003713534 5.462431705381197e-07 -2.466589509186262e-05 -1.0606948451407127e-05 1.591416455284857e-05 0.0 0.0008172046370016972 0.24796546420853827 0.7611147779428119 0.00023317246013981993 -0.00020019627605745243 0.00010082969393133249 0.0002507754984732586 1.0
0.0625903351393826 0.27500618812217925 0.7587943917342537 1.0131844107692735e-06 -4.499906496409243e-06 5.9404905035276745e-06 1.6930389588288234e-05 0.0 0.0008376564325779566 0.24786223624277168 0.7612142538123222 0.00016259059295516284 -6.679466022791177e-05 -1.3738073727150425e-05 0.00015459380606136069 1.0
0.06258438415990704 0.27498846133818794 0.758784686980734 -3.3935764095154444e-06 -4.982830117443044e-06 3.840483511877645e-06 2.474478901330238e-05 0.0 0.0008802727599489579 0.24771998404865164 0.7612866061032897 -1.8802562753704124e-05 -4.485591773959228e-05 5.779907966684164e-05 0.00013914674043478408 1.0
0.0625797875833402 0.27497362619109694 0.7587728871724682 -7.432458334641036e-06 -1.3749712483737302e-05 -1.0715985113760802e-05 1.849634845637126e-05 0.0 0.0009278213089244131 0.24759347152942168 0.7613146740062712 -0.00011934588679835836 -8.962757087150805e-05 9.587163740477174e-05 0.0001398032772282281 1.0
0.06257693693495914 0.27496132090424225 0.7587596107010639 -6.202274167081571e-06 -2.0989340609696493e-05 -2.3184120960220593e-05 1.5320338936848103e-05 0.0 0.0009539957872591147 0.24748900622006978 0.7613434054515107 -2.223562136973562e-05 -0.00015412277859355391 6.443106754173338e-05 0.00011436108593673743 1.0
0.06257135881341282 0.2749508790237986 0.7587396756795737 -5.69664274308893e-06 -1.7003901841498344e-05 -2.6648543019806932e-05 2.4707068819896917e-05 0.0 0.001009501997399451 0.24730262543142065 0.7613088966075385 9.276023555917644e-05 -0.00018971627489660232 -4.507888259615658e-06 0.00019449598048517053 1.0
0.062558306511598 0.27494160770627757 0.758722777829603 -9.854518758609868e-06 -5.96820913139419e-06 -1.4517369645235709e-05 2.378554608333059e-05 0.0 0.0010877614534695295 0.24709436709750837 0.76122573004248 9.870280334721963e-05 -0.00020937115469112446 -8.620492665753314e-05 0.0002447398391238749 1.0
0.06253074546571927 0.2749217733294903 0.7586836744460673 -2.6591829386926278e-05 -1.624276316426377e-05 -3.36135381105805e-05 5.12971777261317e-05 0.0 0.0013349354073784088 0.24666655637361265 0.7609787368123898 0.0002307821003455479 -0.00040557579856873786 -0.0002522041345319776 0.0005473634627510738 1.0
0.06251698050806473 0.27492186974719646 0.7586737271119769 -1.8910838342089613e-05 -4.023643068213194e-06 -1.6550068761578543e-05 1.796769796694677e-05 0.0 0.0015812406644423915 0.24638049072677062 0.7607759987350309 0.0002771130345491909 -0.0003430347269464456 -0.00023995873517367974 0.00043593029130183016 1.0
0.06250387119606941 0.2749083912207506 0.7586711247264484 -1.3191719871605122e-05 -1.072613550505349e-05 -1.7243232213115125e-06 1.7138340117263852e-05 0.0 0.0018575446128112978 0.2461474581223816 0.7605219982239418 0.0002932072927168154 -0.00024457558463128763 -0.0002561324677471329 0.0004300695770625549 1.0
0.06248604163678279 0.27489592940658536 0.7586798153403604 -1.4391525619178897e-05 -1.2206337216488208e-05 1.1862367124740169e-05 2.423220324293815e-05 0.0 0.0020835653799927095 0.24601578057546902 0.7602053064706095 0.0002330981073330144 -0.00011100380499628974 -0.0003026766726608336 0.00041366278452579337 1.0
0.06247015541580098 0.2748818058106413 0.7586785211191813 -1.4599626648248551e-05 -1.4376346758764808e-05 4.310488242230818e-06 2.2361281709210024e-05 0.0 0.0021866588422633183 0.2458960183409883 0.7598513812380536 9.777065527644422e-05 -7.635144351382976e-05 -0.00034373647828270747 0.00039356711439471825 1.0
0.06245439052800574 0.27486451470720874 0.7586511821861844 -1.6131949665657133e-05 -1.768661482435521e-05 -2.483234105329968e-05 3.510735600242356e-05 0.0 0.0022970866311048705 0.24579079855025238 0.7595557423519428 7.247926008165517e-05 -9.18034689390817e-05 -0.00030985558468630045 0.00033301999348778384 1.0
0.062442940101083144 0.27483052235176997 0.758617699264127 -1.3503556727785762e-05 -3.2668260604897904e-05 -4.038667344688289e-05 4.8562963576347226e-05 0.0 0.002492758097324436 0.24569504923297167 0.7592313380312248 0.00016700812988926754 -0.00011062408666638311 -0.00031775572142037664 0.00038231756654635586 1.0
0.06244381339195883 0.27480446894021926 0.7586019690022996 -1.040340242527854e-06 -2.9728370691074838e-05 -2.5825473426450834e-05 3.1678452099307797e-05 0.0 0.0026120675954642543 0.24555805692870372 0.758986819940727 0.00015684809961375161 -0.00015904893997674256 -0.0002544892609465872 0.00031345092837684383 1.0
0.06244035229624113 0.27478284019449417 0.7585978019160337 6.388653403208323e-07 -2.1551159867618297e-05 -2.1681081341992168e-06 2.090389471714213e-05 0.0 0.002902378757528634 0.24549948387829829 0.7587045419298208 0.00028104498111631237 -7.515766174569829e-05 -0.0002563968807085574 0.0004022560649493389 1.0
0.062430233478621956 0.2747730975375109 0.7585918513757844 -8.390140534567998e-06 -1.0366599529831698e-05 1.7693819635144703e-06 1.5709953652009247e-05 0.0 0.003214626995035235 0.24541418803889056 0.7584198324236893 0.00033720956525585855 -7.510564556565384e-05 -0.00028492753430107824 0.00043547147119062687 1.0
0.062410098794943414 0.27476405511116575 0.7585917944856189 -2.094181334305772e-05 -5.029339410249486e-06 4.0846531564538995e-06 2.276031883783526e-05 0.0 0.004066132856081667 0.24524833500480642 0.7577677450878709 0.0007883470256402289 -0.00014387155367110368 -0.0006117960609240215 0.0010788233080740554 1.0
0.06240236422562593 0.27475833894866936 0.7585972415179364 -1.3087882062887685e-05 -3.935713930198073e-06 3.7877147848279396e-06 1.1051409249393417e-05 0.0 0.004570622610593755 0.24536748525355365 0.7575355938371012 0.0006229070906910204 6.77997155343975e-05 -0.00035165206501744855 0.0005917920081002701 1.0
0.062397190407690865 0.2747467977442461 0.7586072299609418 -5.757741373672853e-06 -1.1341434113364377e-05 6.3943768472925174e-06 1.5049692632857123e-05 0.0 0.00497812322438756 0.24550301137427466 0.7573231349757596 0.00042856175830964874 0.00016130225856717805 -0.0001998072365550971 0.0004430257291608625 1.0
0.0623885739456829 0.27472969648074375 0.7586218797182466 -5.084589346638173e-06 -1.9479436156110243e-05 1.3797134490437311e-05 2.4697605535913157e-05 0.0 0.0061164686697284905 0.2458680596454297 0.7568017572737386 0.0009684742348893846 0.000365838772296106 -0.0004231931695935764 0.001305353065549728 1.0
0.06238479427161657 0.2747243379167129 0.758621246385996 -2.2091723368922742e-06 -9.139049443556246e-06 3.502347177406674e-06 7.121206139660837e-06 0.0 0.006764801105584972 0.246068586641062 0.7566021442626971 0.0007510784192352852 0.0002642797038890052 -0.0002467646606771051 0.0007612531821118904 1.0
0.062371956382176345 0.2747191053942803 0.7586167434630688 -1.1746201575829226e-05 -4.436960584813755e-06 -5.752475279672244e-06 1.3526122333891141e-05 0.0 0.00746081794680566 0.2463865586231286 0.7562767983885718 0.0007029590138435634 0.00029314754681868495 -0.00030693145571277934 0.0007812140336511595 1.0
0.06234421411130782 0.27470012366146723 0.758601076103348 -2.8058919342071825e-05 -1.4535699332081772e-05 -1.758710775648177e-05 3.7398114062707775e-05 0.0 0.007825921769867062 0.24657540096516564 0.7560350369304593 0.00039571550937801756 0.00017529562226567864 -0.00026878736238301193 0.00047223744199951693 1.0
0.062308710303634426 0.2746685571652687 0.7585760440696888 -3.8365146580232086e-05 -3.066496588618143e-05 -2.6231070678170443e-05 5.475310487475116e-05 0.0 0.00793038668437094 0.24649698814491058 0.7559592033041 8.431838504730556e-05 -7.557331215757868e-05 -0.0001066431719043283 0.00017952766670520246 1.0
0.06227248603376048 0.2746307647208032 0.7585744943839895 -3.8302399846404955e-05 -4.06262708381015e-05 -6.239074831671254e-06 5.1634471059175974e-05 0.0 0.007997098464578361 0.24627178999536387 0.7560676620609402 -5.0368695157755215e-05 -0.000243809201149917 0.00014431892679088356 0.00024839465856950306 1.0
0.06223101483294413 0.2746015753385348 0.7585882366751291 -4.117228292374709e-05 -3.424652581548362e-05 1.5780592059154004e-05 5.16225505172011e-05 0.0 0.008351936792200542 0.24615649298575684 0.7560690741433383 0.0003031333394793452 -0.00018087152437031554 4.9415717788371194e-05 0.00036895481239988186 1.0
0.06221209576913016 0.27459594806567916 0.7585921006737618 -2.1051431721709362e-05 -7.770632797139895e-06 1.2120468160439017e-05 2.1290085901026334e-05 0.0 0.00859431031132494 0.2461127712814473 0.7559861153890183 0.0003768202435353894 -3.7141139214507275e-05 -8.508818544974858e-05 0.00027638716267197226 1.0
0.06218618314723983 0.2745860034119704 0.7585983559336693 -1.9876404164497257e-05 -1.7362877624465652e-06 7.198491518621829e-06 2.7632745132574484e-05 0.0 0.009073442317584593 0.2459930065905816 0.7557628091649091 0.00048331972644965896 -6.235217499672073e-05 -0.00022702755502093224 0.0005132855952433479 1.0
0.06216414402068927 0.27457237841160553 0.7585990603747083 -2.056112896407103e-05 -9.001215105941394e-06 -8.14065549057989e-07 2.6904317096597574e-05 0.0 0.00931977716395635 0.24585455960782876 0.7555957358928185 0.0003329452867530222 -9.063422611114611e-05 -0.0002466719825764943 0.0003493479123100929 1.0
0.06212180421515269 0.27452798520262384 0.7585527281331119 -4.0201894943263834e-05 -4.214706996590393e-05 -4.439545451325254e-05 7.624518750788635e-05 0.0 0.009694330289530803 0.2453713538139256 0.7547128465322511 0.000308672042359634 -0.0004493890179711975 -0.0007935108895473035 0.0010607738795861766 1.0
0.06208595894464632 0.2745079176830948 0.7585168213476257 -4.1279696790439755e-05 -3.2055728344863456e-05 -4.609706824762332e-05 5.580101626068651e-05 0.0 0.010105821765860014 0.2453209870703997 0.7537982982434951 0.0003621649935388814 -0.00019650660592912604 -0.0009772093471428463 0.001026184397007888 1.0
0.06202685712219008 0.27445290598627237 0.7584623771337595 -5.876764513206568e-05 -5.2636218297783735e-05 -5.386332567214231e-05 9.462014303848149e-05 0.0 0.010459735801856319 0.2451105395336962 0.7533918128600832 0.0003659423070107742 -0.00017947195324583134 -0.0005350342785207761 0.0005640565248813569 1.0
0.06194807412670343 0.2743360412956329 0.7583539043005559 -7.881654067331656e-05 -0.00010901347267672332 -0.00010072192112833194 0.00017927940258584098 0.0 0.010649391944616718 0.24495893485306097 0.7532128718690219 0.00023036811493084273 -0.00011443904734881097 -0.000142179103998644 0.00028456155122551333 1.0
0.061859586865774654 0.2741926810952163 0.7582424820498687 -8.955849486539532e-05 -0.00014775460203156262 -0.00011683447050343364 0.00020410868230708317 0.0 0.010597693406172308 0.2447041767322553 0.7531337862521188 -4.8611432109895445e-05 -0.0002123841947431722 5.5968938245502006e-05 0.000285340061436757 1.0
0.061768748622239675 0.27411254993892553 0.7581714985724455 -9.354221466972567e-05 -9.999922020270914e-05 -8.01146634433795e-05 0.0001388874019840964 0.0 0.010644511898496394 0.2445271310911991 0.753178753202726 -1.707647521368745e-05 -0.0002086855337138455 0.00012658696990744563 0.0002135061846474285 1.0
0.0616875882610181 0.27408217864639806 0.7581541582389829 -8.203492683307897e-05 -3.0662256362413346e-05 -1.874503546834492e-05 8.488429824948442e-05 0.0 0.010706409920241865 0.24457720340761194 0.7531848079657602 2.8562892979684597e-05 -6.193941334402584e-06 9.101046057122275e-06 5.45730087669605e-05 1.0
0.06149090972543037 0.27401844883841364 0.7581131457446876 -0.00017685658367732653 -3.793306829939443e-05 -2.2011567616795004e-05 0.0002126201592078525 0.0 0.011256380429298104 0.24504847391932785 0.7525084676388597 0.0005238837470820315 0.00043369896760350046 -0.0006874729322258477 0.0009780378136297258 1.0
0.06125360146088176 0.2739502742384076 0.7580752124986196 -0.00024335994540213262 -5.612725886587814e-05 -2.9109852601007094e-05 0.00025598685137556037 0.0 0.01179429775148095 0.24573016705623382 0.7515798778081801 0.0006505372500335275 0.0007752792265418107 -0.0010312692019754984 0.0013078956841971795 1.0
0.06106448786722205 0.27388530348059686 0.7580417398119944 -0.00021602649414935137 -7.528127418343025e-05 -4.0710483275262604e-05 0.00019875556791563239 0.0 0.012072569035327638 0.24626405783452207 0.7508221487496379 0.00038301799529154204 0.0006260027818480809 -0.0008870074471483197 0.0009540518463129844 1.0
0.06063033484438159 0.27373920339250435 0.757967381097572 -0.00039957004697875164 -0.00014909047907762062 -7.991613839022332e-05 0.00045576046072620896 0.0 0.01281225788198703 0.24680519613526802 0.7504737712794648 0.0006167560358339374 0.0005222085296844105 -0.0004053388188573003 0.0009467183563891804 1.0
0.05992842346106391 0.27350291302415913 0.7579869949889184 -0.0006838973950166358 -0.00023862380613699655 -2.258004617343933e-06 0.0007516233798024864 0.0 0.013190816476983995 0.2469856603383122 0.7504326944455366 0.00039960454441945734 0.00014756160145760385 6.544582409759674e-05 0.0004546973010024313 1.0
0.058523897635128004 0.2728740947000706 0.758386708940448 -0.001358801498974376 -0.000588492579584348 0.00035848514129696455 0.0015863875372125746 0.0 0.013307666518417294 0.24703565902155264 0.750412744455156 0.00012225885923523438 -3.589695115088911e-05 0.00016426954155639596 0.00013302200337154404 1.0
0.05602454680343899 0.27104133761958316 0.7590287224481183 -0.002475178847533763 -0.0017249761314330828 0.0006762376917646567 0.003163034689464036 0.0 0.013350634976268564 0.2470615672097096 0.7503845335770681 -6.530161887792661e-06 -2.6741250334725544e-05 2.4734013166722267e-05 4.113034868876686e-05 1.0
0.05192823450497457 0.2672916778189113 0.7591315200399281 -0.0041003310613339315 -0.0036916454107660287 0.00026099417939922075 0.005560166357970769 0.0 0.013372479019968202 0.2470693405233052 0.7503778264570446 -1.0497556643006473e-06 3.155102412506977e-05 -0.0001068041936452425 3.5469240869457554e-05 1.0
0.046295628928245805 0.2619004164969722 0.7585236953761086 -0.005730632620919528 -0.005560896905304369 -0.000558869124356271 0.007829933899994842 0.0 0.013395573853558112 0.24707133980637122 0.7503763321460514 3.6287332898977563e-06 4.58322341235736e-05 -8.490375226727917e-05 2.312783052920548e-05 1.0
0.038189940049395445 0.2538452934096915 0.7572266345842351 -0.008072686049699263 -0.008097983378953037 -0.0014078137295104013 0.011466295736150071 0.0 0.013442930438457613 0.2470935066024588 0.7503323580011094 7.514408981039721e-05 5.042530538369283e-05 -5.653405810420744e-05 5.528692812224842e-05 1.0
0.03562665930032161 0.2513911181254536 0.7568280104111157 -0.0037342197591162113 -0.003681610302773548 -0.0007697015152419483 0.0037092077565856712 0.0 0.01346231256037966 0.247099039462114 0.7503836398729344 9.370213105704117e-05 2.8243393138954287e-05 5.7106302917130634e-05 6.454422873117304e-05 1.0
0.0344471563477482 0.25023899018326445 0.7564403460165124 -0.0006583089201245595 -0.0005857942598352193 -0.0003159088628420578 0.0013690727898236568 0.0 0.013487105874071897 0.24709755027430857 0.7504135107331782 8.758895720296315e-06 -2.0749603226143326e-05 6.153118515732993e-05 3.8001962536158814e-05 1.0
0.03362095394225828 0.24897821075639553 0.7556093459497224 0.00023754906584279065 -7.447701828332997e-05 -0.0005198049138260084 0.0019051408714822853 0.0 0.013506314309407099 0.24710671352737548 0.7504381546144868 1.4209176891448049e-06 -2.160363817682679e-06 3.304989578182512e-05 3.1076370872713886e-05 1.0
0.03350473506303631 0.24832974822817805 0.7549292355545633 0.00030427958036793716 -0.0002669523085930394 -0.0006129750336364963 0.0011721047180011611 0.0 0.01352027413773936 0.2471102918514945 0.750461713793436 7.238282479368998e-06 2.1946743665375126e-06 2.2964726840214036e-05 2.93515413652202e-05 1.0
0.03375271347147739 0.2474914550228409 0.7536187288442562 -3.672610198906037e-05 -0.001123992635788597 -0.0013037260822568865 0.0013838771973686318 0.0 0.013557084796910717 0.2471184803845603 0.750514926011841 3.099128589848914e-05 6.492826795502113e-06 4.4901872136547736e-05 6.498530454357042e-05 1.0
0.033910750162258724 0.2471721731448149 0.7530723976424333 -0.0004049824465164834 -0.0010620120847690722 -0.0008512101584699978 0.0005254280242937143 0.0 0.013574501911334256 0.24712458335347814 0.7505487991205878 2.4649449706055706e-05 7.911451789157859e-06 3.475430177481556e-05 3.881869481664151e-05 1.0
0.034052603761452804 0.24673960532278105 0.7525477159199638 -0.00021319639726997183 -0.000719581450354308 -0.0005145918017223974 0.0008293366556145088 0.0 0.013588193727305376 0.24712527902361986 0.7505738999035543 1.6259739439400567e-05 2.9881931622584094e-06 2.5656627001015787e-05 2.703687292198591e-05 1.0
0.03410115606843901 0.246079046148187 0.7520756766842359 0.000329803586264406 -0.00024434088973577725 -0.0002937936341507201 0.0008003973071777776 0.0 0.013585875604927801 0.24713277696653863 0.7505920536559969 -3.979421799781643e-06 3.952651136887568e-06 2.3076831342747566e-05 1.9978158379572414e-05 1.0
0.034003904071623084 0.2456917146743553 0.7519937446335269 -9.516753452994435e-05 -0.00041718896059306535 -7.818556697357815e-05 0.0004185262208786654 0.0 0.01365909100457408 0.24717529659711984 0.750590890869173 5.865712873292844e-05 3.7358078189337556e-05 -4.535109278153532e-06 8.524287538735515e-05 1.0
0.03389624875508497 0.24537244505053607 0.7519245628035046 -0.0001452352065414201 -0.00036168454769152205 -5.447016108706544e-05 0.0003280052102665996 0.0 0.013733680504037093 0.2472091679260372 0.7506000061447641 8.24799190023815e-05 4.1451504026020756e-05 2.791858336623651e-06 8.473710573202295e-05 1.0
0.03366815224515745 0.2449906542411913 0.7519240872040232 -0.000174039042602766 -0.0003218775222273004 -1.5504880205741253e-05 0.00042641132412090115 0.0 0.013980688573121661 0.2473046094773067 0.7506375482569777 0.0002334753235892257 8.999641965798943e-05 3.481358345475395e-05 0.00026248700027345405 1.0
0.033372144122606216 0.24473775551642885 0.7520894293740288 -0.0002680846051969794 -0.00025935704778665884 9.410846994117807e-05 0.0004600585934293436 0.0 0.01432998114083488 0.24738368959761356 0.7507691717501701 0.0003629827968398148 8.927270401602874e-05 0.00012730589441038273 0.0003863637369539124 1.0
0.033405183002614476 0.24478674052433427 0.7521237077701358 -2.2154791720819064e-05 5.0672894792924846e-05 9.815363255229995e-05 5.2900136664548424e-05 0.0 0.014421267189358758 0.24737799550452907 0.7508491506701614 0.00015639064768601795 7.548475885337633e-06 0.00010514110266077818 0.0001235207660057284 1.0
0.03363657735583926 0.24497454840843322 0.7521036602986145 0.0002556431443574411 0.00018975678099955807 -4.6424544617824784e-05 0.0002769932500342698 0.0 0.014300979277413705 0.24723508370909722 0.750965740870467 -0.00012154930170187424 -0.00014032737284967915 0.00011578496459094712 0.00020584296117628228 1.0
0.034043533755798494 0.24529821060221932 0.7520752988525597 0.0004568348633714988 0.00034128978544304534 -5.837810897384513e-05 0.0005482895500079649 0.0 0.014061335956431083 0.24706046960447064 0.7510345034998652 -0.0003016521600303024 -0.0002044950049220381 7.06288139734996e-05 0.0003162355847438372 1.0
0.03441907957390178 0.24553657670368714 0.7519609964063506 0.0004357764335183281 0.00029906482981339414 -0.0001037756581147282 0.00046316280423904616 0.0 0.013889161392284733 0.24716754125195495 0.7507944697279338 -0.00024388560361869962 4.457544249792438e-05 -0.00021129810330521194 0.0003217864747156459 1.0
0.03474187182678156 0.24567786385956183 0.7517747529789086 0.00032383210918151433 0.0001257031502429244 -0.00019218290830394464 0.0003766671552309241 0.0 0.013689587139699167 0.24715064127525793 0.7506801369602978 -0.0001881137309739746 4.458374070642592e-05 -0.00018499242621538556 0.0002191272302502531 1.0
0.03493100722004565 0.24576621680963356 0.751648166415297 0.0001409931722149295 2.5984472012180102e-05 -0.0001355767576994895 0.00024609465125634365 0.0 0.013629251940885522 0.24713325371661748 0.7506593346937583 -2.187507258409172e-05 2.3993579370423435e-05 -5.1256444921394925e-05 6.244996315230387e-05 1.0
0.03509663032701232 0.24586300915492576 0.7515930170519028 0.00010153469505129383 5.7439703120849145e-05 -4.679249212594374e-05 0.0002121477082591766 0.0 0.013631766161978672 0.24712178880989813 0.750671803418612 4.991847309304383e-05 -1.2342466959227834e-05 4.442030104334552e-05 2.3768041547034496e-05 1.0
0.03522526555635805 0.24592294032161707 0.7515159031106282 0.00012249771746627953 7.526790265116097e-05 -5.682422933659713e-05 0.00015912187271867453 0.0 0.013655414816757742 0.24713302148905467 0.7506788218616294 3.503639870140171e-05 -1.853250100837047e-05 5.2230122772771583e-05 2.8495431022858753e-05 1.0
0.03528660844911358 0.24591235034255726 0.7514720324826712 8.268146426559606e-05 2.021601536058324e-05 -3.2423085942258767e-05 7.382214267871612e-05 0.0 0.013673103880901242 0.24714303951347968 0.7506908827263649 1.1741846462329559e-05 -9.60223382797196e-06 3.4326714769553085e-05 2.4465426834684138e-05 1.0
0.03533383228217459 0.24583262229823707 0.7514295560598019 6.489815957171085e-05 -6.028665692006481e-05 -3.9237909579492025e-05 9.9260620810988e-05 0.0 0.013696854199503533 0.24714962203854884 0.750706349663419 5.324161681245803e-06 1.587539167421245e-05 -5.1550289457853715e-06 2.4971112620372922e-05 1.0
0.03539378152221741 0.2457352520569618 0.7513531788610323 6.0596424213513005e-05 -0.0001142059615851619 -8.462409879625795e-05 0.0001394134490737425 1.0 0.01371880559638155 0.247159376027294 0.7507072432515207 9.016165586308211e-06 2.9347755613167578e-05 -3.058386934875617e-05 2.3397455022325516e-05 1.0
0.03547743877003276 0.24565187225132304 0.7512718397318687 8.35127857033516e-05 -9.9979159197678e-05 -9.544933835071253e-05 0.00014624240716391927 1.0 0.013741528503996368 0.2471668343967621 0.7507159268597178 1.2115407047843851e-05 -3.5475169806440158e-06 1.1348010662860325e-05 2.7781748816910765e-05 1.0
0.03552154940349719 0.24547300627230528 0.7513123582279988 5.486523740784059e-05 -0.00015958892602702294 2.0946467213225044e-05 0.0001845303624758296 1.0 0.013899055297360477 0.24693221679135485 0.7510652048094679 0.0001461854808204447 -0.0002023721464510436 0.0003067625211593285 0.00044535714699757835 1.0
0.03539051065606353 0.2453801430049609 0.7514118250913893 -0.00010287673465555385 -0.00010316719985800417 0.00010988579027423767 0.0001900860054923472 1.0 0.013763313286623223 0.24681019808689122 0.7511823398825536 -7.089178530287607e-05 -0.00017184075828617182 0.0002007119626962207 0.0002324333832934167 1.0
0.035121984695012924 0.24548902375725026 0.7514397004111567 -0.0002804543413181704 8.693431656705682e-05 6.21724312293006e-05 0.00029130968162345387 1.0 0.013600014784766268 0.24678169408893724 0.751099587052023 -0.0001833670485329684 -5.350661309991338e-05 -4.545107728723567e-05 0.0001652009902854144 1.0
0.034934832216412394 0.24554919855358712 0.75146763241188 -0.0002472602598625636 0.00010206053467178525 3.0814612923309505e-05 0.00020155637919838299 1.0 0.013342608081332148 0.2466920819599172 0.7510238731757252 -0.00028393229326070915 -5.422872645409616e-05 -0.00013217599438303804 0.00028288834980539084 1.0
0.034789273586469396 0.2456031290921647 0.7514880234255458 -0.00015628532747780213 7.50780319181322e-05 2.6017993842427915e-06 0.00015137689275849777 1.0 0.01304562664909449 0.24656376291764173 0.7509855390265314 -0.0003199117087801455 -9.821112493232786e-05 -9.813686700429794e-05 0.00034226966397506994 1.0
0.03469030570669251 0.24564790650690296 0.7515038467641367 -6.963294072010213e-05 3.875840458391356e-05 -3.3740718149073587e-06 0.00011100455704313597 1.0 0.012913567816613207 0.24650749076332681 0.7509687207642699 -0.00015811378921262563 -6.732327814746393e-05 -2.469003431768059e-05 0.0001435002720147524 0.0
0.034574942867451615 0.2456761826941387 0.7515564079567564 -7.091679744184328e-05 4.353369046293813e-06 4.5373598650695884e-05 0.00013200172725762814 1.0 0.01278997660584587 0.24645057924063365 0.7509750963717708 -7.840436942037494e-05 -6.7779110546344e-05 4.705518110968918e-05 0.00011615386741424866 0.0
0.03455383555005804 0.24572263257336954 0.7516453385414025 -2.7033287852380167e-05 1.890407258946098e-05 0.00010295295980703436 0.0001044517702614245 1.0 0.012722490588435656 0.24641980280493214 0.7510323899582861 -3.0677699908292745e-05 -4.7029664223887555e-05 9.994002010768931e-05 0.00010866093383206068 0.0
0.034461291720824294 0.24598583404034455 0.7516035937760247 -9.327428857295007e-05 0.0002421582509645845 -8.097598646364631e-06 0.00027548775318833433 1.0 0.01265369735453174 0.24605063890117757 0.7516885915825134 -6.795276487042576e-05 -0.0003016017184103731 0.0005630863237254381 0.0007518023708238404 0.0
0.034430663679782786 0.24653208322617345 0.7514005365294553 -5.662108453107653e-05 0.0005552333171034582 -0.00019827812522054457 0.0005883915444328076 1.0 0.01304294054912082 0.24543953519232314 0.7532766051205605 0.00031869302505004374 -0.0006173763849469231 0.00152754936306514 0.001753172602478583 0.0
0.03426979717692544 0.24690390498788928 0.751573401903776 -0.0001397636768956811 0.000461739567601036 7.820891486345114e-05 0.0004467842056526612 1.0 0.013861130768547674 0.24462307067068728 0.7556742172278139 0.0008001283040508858 -0.0008730753619342677 0.0024835453236110444 0.0026637601186263547 0.0
0.03404552596096119 0.24727311069771007 0.7521416648160715 -0.00023082537651607864 0.0003787168669347919 0.0005388226793428871 0.0006956062956757912 1.0 0.014311921793010378 0.2440302753967856 0.7576854112426377 0.0006085908545851494 -0.0006885746199288207 0.0022889628208090647 0.0021447012735140466 0.0
0.03357303059901191 0.2477311086245141 0.75322108762468 -0.00046076031509002346 0.0004020914317466789 0.0011164979649354865 0.0012719798306167207 1.0 0.014458598317513716 0.24337767363105084 0.7597193556746531 0.00019631478059219324 -0.0006039192443790113 0.0020164273298336503 0.002098919664801777 0.0
0.03335114712642907 0.24813727535233848 0.7544072492448779 -0.0003013571572037224 0.0003789491435500775 0.0013200540617023786 0.0012939340772924737 1.0 0.014311842153331537 0.24288815485002163 0.7610018247039407 -0.0002342887949574978 -0.0004414792548271244 0.0012070862405528402 0.0014225789576459789 0.0
0.033130272691852626 0.24858526252814836 0.7555296517049277 -0.00020206757200469077 0.0004347272278284669 0.0011928535731508488 0.0012048873875040442 1.0 0.013965249646794695 0.24250657466331016 0.7619434948672984 -0.0004733453384371219 -0.00033510157861693966 0.000725592960926195 0.001074098451543293 0.0
0.034521901152405485 0.24914318996168852 0.7553378032229918 0.0012060450855620256 0.0005705734229870839 -7.980348914759304e-05 0.0015007091237505639 1.0 0.013417220800743977 0.24214722307404019 0.7626544204860845 -0.0005936844997558585 -0.0003506103025337317 0.0005987382928004246 0.0009613228940079703 0.0
0.03574876640937245 0.24910593561855798 0.7569243089826447 0.0015123414443313883 8.147020058397032e-05 0.0010438218264242052 0.002032252438758001 1.0 0.01307974696530801 0.24195378660717373 0.7629295853020092 -0.00033085750999285805 -0.00023060142488345116 0.0003536166859203576 0.00047852329342613616 0.0
0.0369087917183628 0.24977453460283391 0.7592674263893746 0.0013328470761922295 0.00048227339394011606 0.00229471697699727 0.002698908145444449 1.0 0.012681396760163752 0.2417622299334711 0.7631487056130485 -0.000296019333255488 -0.00019183390192892128 0.00026484930336433446 0.0004834861441613287 0.0
0.036453575143473305 0.25206067102426577 0.7602873135097598 -0.00028107241865216306 0.0020848963539789054 0.0015484512009256283 0.0025395441127639335 1.0 0.012430306513959495 0.24170039202004356 0.763220141381614 -0.0002330650649833184 -6.802444934625245e-05 0.00010332084175360351 0.00026924281299819074 0.0
0.035622262179441665 0.25572105335351153 0.7609290008426208 -0.0011814130106127456 0.003773350528297127 0.0007600952537018848 0.0037743140248998118 1.0 0.012258979161031643 0.24167278197862643 0.763216182605125 -0.00015122101142706583 -3.158785151509706e-05 4.018289012809638e-05 0.0001829083365406008 0.0
0.03805347432868816 0.2581261977237504 0.7624737690889232 0.0016069698595820995 0.003013081321864959 0.0011691854977689566 0.0038060973459787158 1.0 0.012119804736182321 0.24167728102361571 0.7631664317237673 -0.00013415019755943567 1.3859014098098412e-05 -6.093905811078515e-05 0.00014033683783628344 0.0
0.04182761412611915 0.2613668267932171 0.7618531463820791 0.004004848853760091 0.0031033320250225416 -0.0004542241966935831 0.00497753117423304 1.0 0.012023493778431867 0.2417003258881914 0.7630897576896698 -0.00011385963100393355 2.1265142578531847e-05 -6.553766659928842e-05 0.0001260183102356025 0.0
0.04590347647645076 0.26426883591371264 0.7621956168288267 0.004887157225579184 0.0027184622140958075 -4.98563170414296e-05 0.005037676281091858 1.0 0.011946514715831776 0.24172595245819975 0.7629822035006228 -9.397688629782637e-05 1.9708435803964593e-05 -0.00010593799521257821 0.00014023357022404715 0.0
0.047945260376113484 0.26613572392087653 0.7632354583800562 0.002704934281564374 0.0017454602983048126 0.0010877219144481058 0.002954235289409325 1.0 0.01189077862658172 0.2417622348128528 0.762899669715632 -5.594657122525939e-05 3.419668898799964e-05 -0.00010366767374184746 9.94671390565794e-05 0.0
0.049710679062704474 0.26849968654053413 0.7645586030862761 0.0013026125152704928 0.0021289947890133273 0.0015175856235795484 0.0031675473023884044 1.0 0.011858574898011074 0.24179944144187432 0.7628274138366335 -4.6150249983770944e-05 3.168772776070223e-05 -6.53681419167655e-05 8.998979892722408e-05 0.0
0.0510970215298852 0.27070549169194436 0.7658436786438189 0.0006252246998022725 0.0023116444570736878 0.0014400658973971487 0.002980782080666023 1.0 0.011834244189864177 0.2418392905549305 0.7627750987984592 -1.6754387879354784e-05 4.511905019142961e-05 -5.371903991936667e-05 7.008071021026607e-05 0.0
0.05255846221602891 0.2726022620802757 0.7664931573187086 0.0011546540564353657 0.0020430365907450885 0.0008417536941365134 0.002511615957566627 1.0 0.011821530988419461 0.24187092105174052 0.7627209518798141 -1.0729417759179692e-05 3.345357750544968e-05 -4.943567593062086e-05 6.426200306433252e-05 0.0
0.05375818871129484 0.27357296627888716 0.7665098582690892 0.0015760134682913868 0.0010664826784342351 -5.35366150089167e-05 0.0014701385308554778 1.0 0.011822594106287904 0.2418881695826809 0.7626860822619583 -1.3601262167250603e-07 1.9320016573774764e-05 -3.787085291693435e-05 3.940477011142463e-05 0.0
0.0549495264414273 0.2741606126177146 0.766356474088339 0.001466563857659634 0.0005848069203937089 -0.0005478463732754955 0.0013212604753614944 1.0 0.011822937083695476 0.24190024432488932 0.7626632689183869 2.5661580695849435e-06 1.0008889942493013e-05 -2.6814908210306112e-05 2.4447807086091134e-05 0.0
0.05615678452791389 0.27450914179469055 0.7661553838066144 0.001273563250344687 0.00017162577419434309 -0.00025633739488073405 0.001337936519299602 1.0 0.01182761126439027 0.24190424339698738 0.7626447755237405 3.9269976852854906e-06 2.416830447733321e-06 -2.0246061773104964e-05 2.0044692383019855e-05 0.0
0.05736136980661455 0.27496686927254743 0.7658595561357773 0.001092799997678182 0.00032630017361908684 -0.00020210337468846507 0.0013035617342560023 1.0 0.011832442053806515 0.24192951475436306 0.762620269960146 4.826308073091395e-06 2.1745039879038466e-05 -2.156405631316271e-05 3.5749362450003075e-05 0.0
0.05813464285659727 0.2751761387367452 0.7656621416352459 0.0008370716322497855 0.00037988937119001146 -9.478842321296722e-05 0.0008186971986604351 1.0 0.01183054523398165 0.24195256603724594 0.7626115490910205 -1.1224505206575779e-06 2.748782501467969e-05 -1.234027298898738e-05 2.5278913309857658e-05 0.0
0.05880552339540982 0.27548550810882716 0.7654966828523772 0.000621035539925346 0.0003842644997572005 -9.082813427960853e-05 0.0007337903393670052 1.0 0.011834012620330441 0.24195986465464717 0.7626042625136422 1.0288198381262854e-06 1.3838430462629157e-05 -7.406019789333478e-06 9.712888587753987e-06 0.0
0.05950445312779 0.2758208886887107 0.7653780832685482 0.0006354720232053136 0.0003598062736222701 -0.00012752857434137374 0.0008095409988851665 1.0 0.011833361202659222 0.24196352294707962 0.7625953609863213 2.2815297507296594e-07 2.4449906206739364e-06 -8.370019802546792e-06 9.559969424615663e-06 0.0
0.060117274224842324 0.2759315523590051 0.7652756724732674 0.0005969287835409095 0.00010845414320914334 -0.00012427456468293427 0.0006395859666832649 1.0 0.011831479939074758 0.2419608827156505 0.762597864195553 -1.0662218858367895e-06 -6.338076986106098e-06 2.2309940951257537e-06 5.0672385300105195e-06 0.0
0.06062984084331714 0.27602739887276817 0.7651689464516556 0.0005566661714501008 5.7306993653766496e-05 -0.0001100250645501807 0.0005169437246682405 1.0 0.01183044317158786 0.24195575631419602 0.76259527095448 -1.3266626205128307e-06 -8.123043892950887e-06 -5.350748298826611e-07 5.7776960378377474e-06 0.0
0.061152948985383496 0.2760033747629678 0.7649566203150961 0.0005466739027426851 -4.092966392647845e-05 -0.00021030867601612254 0.0005581488619840352 1.0 0.011831856756992574 0.24195169773333403 0.7625938697949979 1.4660328372459604e-06 -4.4766159253199655e-06 -2.107236981391642e-06 3.967892795040758e-06 0.0
0.06166301473399338 0.27595263643758144 0.7646067842332429 0.0005121749761692956 -6.694185580461527e-05 -0.00036070430645466134 0.0006366935144510204 1.0 0.011837524153218494 0.24194757697898345 0.7625919767734259 5.480535549807736e-06 -9.727860443103724e-07 -2.840760415113611e-06 7.3829432149101525e-06 0.0
0.06216787240281626 0.2759128027738642 0.7642535925919383 0.00048084312112300497 -6.019797131060682e-05 -0.0003840588957993858 0.0006140563522202371 1.0 0.011836916846912583 0.24194906654101417 0.7625874882446845 1.1349543019649707e-06 1.7224991260407453e-06 -3.834927728807378e-06 4.974072726330726e-06 0.0
0.06253503410588145 0.27579720517712153 0.7638579165455979 0.0003937353690803524 -7.798866258951055e-05 -0.00040610379119595435 0.0005456881642705024 1.0 0.011837296807518572 0.24195087897664588 0.7625833415127501 3.245520526449426e-07 2.2741732947548233e-06 -5.077481275882588e-06 4.312657027016166e-06 0.0
0.06282273593817402 0.275734313107803 0.7633991554833057 0.0002898439262111549 -6.338430286612751e-05 -0.0004431125217300673 0.0005457756195180774 1.0 0.011836792713673362 0.24195705414532356 0.762573018386726 -1.578370152563319e-06 6.21907936780173e-06 -9.590413713065342e-06 1.2099250383032594e-05 0.0
0.0629733900858325 0.27557616265543194 0.762892801503312 0.00013725899275984917 -0.00014882328174357147 -0.000490405242090633 0.0005557931091744015 1.0 0.011837219122130647 0.24196379748939412 0.7625629537898275 -4.154853054881538e-07 6.807424569688989e-06 -1.0138937632463483e-05 1.2378320879013933e-05 0.0
0.06310205315865004 0.275405872597546 0.7622893541677577 9.722489503150174e-05 -0.00017405531084897324 -0.0005905264364437802 0.0006394937727981286 1.0 0.01183807683904737 0.24196994837561064 0.7625552998215461 1.0398301043523603e-06 6.152879804443957e-06 -8.798685779835928e-06 9.663132855788893e-06 0.0
0.0632815824604344 0.2751329119223797 0.761518626329726 0.000166482786628621 -0.00027401434323766257 -0.0007684816373704368 0.000835568741587134 1.0 0.011840656761312364 0.2419703387315653 0.762554020993215 3.121124802223653e-06 7.268137952472766e-07 -1.5139897722217109e-06 2.7116353314755996e-06 0.0
0.0636202003728585 0.2749319277562145 0.7608114850370193 0.0003395200095236132 -0.00022705602025085154 -0.0007516498604306758 0.0008129999789986352 1.0 0.011841038739341243 0.24196704556951962 0.7625596956506826 1.343394815026754e-06 -4.145724232884934e-06 6.406925645481429e-06 6.622845084584345e-06 0.0
0.06398804853156573 0.27472973162058745 0.760241217413914 0.0004130826966315049 -0.0001988864027333001 -0.0005906543794471334 0.0007025652134475794 1.0 0.011837382093002169 0.24197578310829262 0.7625575333633089 -3.64545673575433e-06 5.762243202401834e-06 1.0530474348406205e-06 1.0102063089816577e-05 0.0
0.06426263628810208 0.2745074626950113 0.7598015364381764 0.00031671774998864963 -0.00020700328483534423 -0.0004202978697252025 0.0005624155285153788 0.0 0.011836595790478702 0.24197326632760396 0.7625601413839603 -2.0748101944379516e-06 3.1053236419226876e-07 1.5119281414308177e-06 3.626236757740202e-06 0.0
0.06449006872685858 0.2743218667763446 0.7594760253309681 0.0002175965193223247 -0.000178641329872571 -0.0002865446277402431 0.0004434267672516572 0.0 0.011838329552779253 0.2419687038804539 0.7625618376576059 1.0260845807180791e-06 -3.5261328390190187e-06 3.1183149887180426e-07 4.687068530141187e-06 0.0
0.06465271799853022 0.27385557380483255 0.7596979754680011 0.00012528289581469385 -0.00042766786791773194 0.00018354760222960342 0.0005412880870630841 0.0 0.011845143377359424 0.24197228389514377 0.7625577143224223 6.904410631256608e-06 1.6798176212329958e-06 -4.0688381598946124e-06 8.960439231958036e-06 0.0
0.06476144448752766 0.2732228741303891 0.7601585101611809 8.228626010585705e-05 -0.0006506711521511305 0.0004946538561584504 0.0007904786223669781 0.0 0.01185201675373406 0.24197759429955787 0.762552079954227 8.468871283572916e-06 5.226663929258802e-06 -6.167808940322407e-06 1.0717715032136715e-05 0.0
0.06484871629209384 0.27245749570255395 0.7608182717273536 8.263842087626001e-05 -0.0008102235179661076 0.0006949014609167935 0.001016272963792184 0.0 0.011859536811469494 0.24198603330842636 0.7625453515956894 8.302975311918677e-06 8.787563513041228e-06 -6.833425993412411e-06 1.281996394566288e-05 0.0
0.06485909385734213 0.2717823520526765 0.7614450362510926 3.539990751167031e-05 -0.0007232449053748628 0.0006693864731767386 0.0009183856991788467 0.0 0.011865319848084102 0.2419925853508835 0.7625396341865465 5.522691091727618e-06 8.29817594499849e-06 -5.978189508566752e-06 1.0406948903981798e-05 0.0
0.06478833312854017 0.27115321171408735 0.7620767078455332 -5.957609200384951e-05 -0.0006166665920253955 0.0005986707249145744 0.0008854059225730156 0.0 0.011869631771095058 0.24199777872555456 0.762534890761625 3.347232230805433e-06 5.907972039591396e-06 -4.861173316270105e-06 8.322970645909009e-06 0.0
0.06469720179548571 0.27077353848392083 0.7624972411813697 -0.00010437166112079843 -0.0003586522661155104 0.00038370701826713385 0.0005845511162681109 0.0 0.011872396703209586 0.24199951789865232 0.7625338063443315 2.275374981875917e-06 1.3415938298396997e-07 -3.286521944993822e-07 3.4629326934547367e-06 0.0
0.06459597366873328 0.27049846324544013 0.762842503477818 -0.00010834327553820695 -0.00021639458617873138 0.00028938521314125754 0.00044997238388138803 0.0 0.01187447851298536 0.24200287769919776 0.7625304364053823 1.843999372136098e-06 1.8088440363118272e-06 -2.180102478460927e-06 5.134729578708503e-06 0.0
0.06448867701538065 0.27031621465008143 0.7631048830673656 -0.00010543061359077587 -0.00016465337017804616 0.00025905110389537765 0.00033958869151793123 0.0 0.011874093049778918 0.24200312679977548 0.7625295199681569 1.3704346279456945e-07 9.448608373555533e-07 -1.5317614278715207e-06 1.2460990044200326e-06 0.0
0.0643755099955004 0.27017723774760155 0.7633048991765716 -0.00010364831037889993 -0.00014210180921430255 0.00020540149426803082 0.00026836324182533653 0.0 0.011874636301157808 0.2420038999192123 0.7625286202936578 2.695352143451445e-07 8.413648629787825e-07 -1.1083568949736635e-06 1.04514725964848e-06 0.0
0.06427935820687646 0.2700922346327594 0.7634393069599327 -9.163592150428386e-05 -0.00011241856371346098 0.00015798860355040954 0.00018509516186721714 0.0 0.011875382810909706 0.2420030381209225 0.7625273594807838 8.8767987647478e-07 -2.557403664357536e-07 -1.4187237056609995e-06 1.7551831875739197e-06 0.0
0.06419828940223428 0.27004187268980956 0.7635408408410455 -8.335474137054564e-05 -6.865516347083196e-05 0.00011300007929197482 0.00013461312678882044 0.0 0.011878932866912464 0.24199841763134364 0.7625258263052319 3.389687614965449e-06 -4.2096499200711365e-06 -1.6069171604460368e-06 6.060898781329653e-06 0.0
0.06414495072404015 0.2700123661510517 0.7635988624274734 -5.7126423556429474e-05 -3.82295634368385e-05 6.843076879250076e-05 8.916304682306015e-05 0.0 0.011881532405426583 0.24199819249608354 0.7625249488020728 3.3530612049140117e-06 -1.5021198204846518e-06 -1.0358778073834257e-06 2.913989754920453e-06 0.0
0.06412530318529493 0.2700139433487006 0.7636036380224013 -1.8915273817446437e-05 8.539663860693204e-06 1.2029064710340374e-06 1.906887734602115e-05 0.0 0.011887716371980796 0.24200451179443497 0.7625151254695215 5.919870890009033e-06 5.534335583243095e-06 -8.441323785067655e-06 1.2773621390178712e-05 0.0
0.06411951792828191 0.27001314514142943 0.7636040430028275 -1.2857346537594561e-06 4.078992758224935e-06 -4.632101668102342e-06 5.137647575273246e-06 0.0 0.011893725198169369 0.24201004797272527 0.762508585974515 6.298981822941118e-06 7.352170059509137e-06 -8.344545924507247e-06 1.0992600184255867e-05 0.0
0.06412396384581888 0.27001394053433564 0.7635881126796201 5.755371245267602e-06 2.0723518831928752e-06 -1.6969935987944248e-05 1.7336583532030162e-05 0.0 0.011900107146686628 0.24202022881464075 0.7624952688181128 6.281712069631931e-06 1.047162771586483e-05 -1.2747759520613471e-05 1.75678048591124e-05 0.0
