0.06308686370289782 0.27956585365893716 0.7640427811504784 0.0 0.0 0.0 0.0 0.0 -0.016948058734939847 0.2796572321275653 0.7640595225698502 0.0 0.0 0.0 0.0 0.0
0.06308891430806347 0.2795615379956935 0.764046571399034 2.050605165657138e-06 -4.3156632436591735e-06 3.7902485555685317e-06 6.098845373599818e-06 0.0 -0.016946902048761026 0.27965425187850945 0.7640589895861502 1.1566861788207816e-06 -2.9802490558727968e-06 -5.32983700063383e-07 2.585857237229166e-06 0.0
0.06309056695100554 0.2795463624958945 0.7640479800053198 1.6526429420654631e-06 -1.5175499799013892e-05 1.4086062858353898e-06 1.5330074837140375e-05 0.0 -0.016901755796952005 0.27963088509236117 0.7640554709320185 4.514625180902093e-05 -2.3366786148282248e-05 -3.518654131617893e-06 5.141892045335424e-05 0.0
0.06309940224097492 0.2795214652112939 0.7640667979008695 8.835289969380544e-06 -2.4897284600589042e-05 1.8817895549694263e-05 3.243532522181592e-05 0.0 -0.016822965804672657 0.27962809093961005 0.7640856681259929 7.878999227934821e-05 -2.7941527511177178e-06 3.019719397434617e-05 8.56841184977493e-05 0.0
0.06309270711315194 0.27951244770905304 0.7640784499497488 -6.119087098536359e-06 -9.257234960032318e-06 1.2656747305414191e-05 1.6183643789824196e-05 0.0 -0.016779166730209658 0.27963077455080515 0.7640928770236167 4.387207629893542e-05 4.318175458906917e-06 9.102610027602014e-06 4.39677520264883e-05 0.0
0.06308946862160332 0.27952485486208867 0.7640667945007845 -4.266974305151875e-06 1.30431560306613e-05 -1.2409728281863783e-05 1.732843802885067e-05 0.0 -0.016737574793456705 0.2796286796041144 0.7640797372774892 3.931040430267089e-05 -2.9648407987255946e-06 -1.5321881271054386e-05 4.075712011506318e-05 0.0
0.06309715154380593 0.27952412892286926 0.7640707377697507 6.548105917429953e-06 4.146823555249094e-06 -1.065863791505161e-06 8.999459439984463e-06 0.0 -0.016710028423940038 0.2796326777546191 0.7640641315897881 2.3010967493537225e-05 2.483873333536697e-06 -2.069082725445585e-05 3.432470898315745e-05 0.0
0.06310725479341317 0.27952093840126485 0.7640696412271758 1.2061172409424035e-05 -5.2562956384696565e-06 1.3491464837374774e-07 1.0331776414315134e-05 0.0 -0.016702629982272087 0.27963050643952136 0.76406994561019 1.0104946749461631e-05 -3.4607510005645992e-06 3.400315069708127e-06 1.1004214238479704e-05 0.0
0.06312235910006712 0.27952448797082746 0.7640748619278703 1.6971063071065617e-05 -9.926196226298459e-08 4.866238539353913e-06 1.6260826631469598e-05 0.0 -0.016730153713540936 0.27964101568098465 0.7640670851395291 -2.7377019570531094e-05 6.209120995287348e-06 1.1361326001199175e-07 2.7456121729550216e-05 0.0
0.06313679949915778 0.27951840326926947 0.7640765037903455 1.6531803984242765e-05 -8.128852329765147e-06 4.85647578655462e-06 1.5569789390075228e-05 0.0 -0.01675637385093258 0.27963175456821787 0.76406605223439 -2.76329671987352e-05 -7.132749976285307e-06 3.466333495577575e-06 2.8545909264262047e-05 0.0
0.06315375938473342 0.27952011986955577 0.7640772218692702 1.64735387537982e-05 -1.5336347709498743e-06 3.1124834156210386e-06 1.710229504287982e-05 0.0 -0.016741206363638433 0.27961775002167005 0.7640497711639958 9.475860416002504e-06 -1.3312732320611494e-05 -1.0227566968571556e-05 2.669389297597374e-05 0.0
0.06316476343973315 0.27951021155960243 0.7640700781921823 9.776199614576607e-06 -6.004586632838303e-06 -7.82749557795684e-06 1.6268910447899954e-05 0.0 -0.0167161634491353 0.2796353434341831 0.7640472662169232 3.0313884805782156e-05 1.0500346559774314e-05 -9.530831752135477e-06 2.954655351207865e-05 0.0
0.06317181070660167 0.27950937083778626 0.7640654426084343 6.52938629984992e-06 -1.5624718665849822e-06 -8.135698716979331e-06 8.840125456443807e-06 0.0 -0.01670472550657459 0.2796387902757712 0.7640489789722871 2.476727179995023e-05 8.349461723505164e-06 -1.3563517948598262e-06 1.2951698093464524e-05 0.0
0.06317523894973523 0.27950787631375257 0.7640643562541028 3.0120467198683124e-06 -2.169462434987283e-06 -1.2816248932977009e-06 3.6176382011173224e-06 0.0 -0.01669708744817288 0.27963135495901653 0.7640595710147302 9.715129778185815e-06 -2.9292252640559952e-06 1.1834389166484674e-05 1.4804631829498486e-05 0.0
0.06317382477302069 0.279506274781984 0.7640664455700364 -1.7688523458537588e-06 -6.554662078448707e-07 2.4353221969378318e-06 3.014394452720982e-06 0.0 -0.01664348033868879 0.27953064375987524 0.764027442385491 3.9967119122882015e-05 -8.911008235506445e-05 -2.149822825652838e-05 0.00011754583007872874 0.0
0.0631728003839771 0.2795094818553692 0.7640635122868902 -1.5302555726575015e-06 3.3541761912599677e-06 -6.221323717922949e-08 4.704224948890855e-06 0.0 -0.01650116999568857 0.2790971606450089 0.7637683395499097 0.0001286638436520564 -0.0004022790533586382 -0.00023246848906989677 0.0005246682637319121 0.0
0.06317060370380269 0.2795087194582351 0.7640540228226059 -1.7339852856897539e-06 -6.155202464941042e-08 -8.644685778558344e-06 9.626674278991548e-06 0.0 -0.01634755994339736 0.27805865640736765 0.7633175809678377 0.0001701411774144014 -0.0010142469975300663 -0.0004622839336479853 0.0011464341364939886 0.0
0.06313575908498127 0.2794229861440562 0.7639796365269467 -2.941925457854482e-05 -7.379156202662137e-05 -6.728147464197132e-05 0.0001176976423172724 0.0 -0.01591831057277062 0.2744269875605587 0.7610915179041841 0.00040702882442547004 -0.0033892324590444837 -0.002032032703760552 0.00425836860354399 0.0
0.06313799324251868 0.27937973592924514 0.7639367070217015 -7.380211526272779e-06 -6.259955366207787e-05 -5.854252909635858e-05 6.49949517053077e-05 0.0 -0.016010106673833846 0.2721962901227711 0.759593925453592 1.9238182087723434e-05 -0.002857014640585918 -0.0018708846996896068 0.0027850366943721555 0.0
0.06314252217881006 0.27934536687133266 0.7639077298755668 5.65212719152817e-06 -3.969644445349558e-05 -3.405866285141388e-05 4.014728660988044e-05 0.0 -0.016243057774085422 0.27016651925755797 0.7582345943041059 -0.00026642867879521825 -0.0021365492617271033 -0.001466329380591187 0.0023121113864658974 0.0
0.06315080027344931 0.2793438356268406 0.7639002243206543 1.2430981374947003e-05 1.0897956462725852e-07 -3.4844418517080106e-06 1.1683637054834943e-05 0.0 -0.016387383078442765 0.2692149530781311 0.7574851611678535 -0.0002498007742249705 -0.0008203843466614493 -0.0006887131499525751 0.0012514014073081606 0.0
0.06316144838234855 0.2793392860520936 0.7638747889111068 1.3849530148441303e-05 9.626846697628776e-06 -1.1401288791109036e-05 3.0389200024856236e-05 0.0 -0.017000703405317383 0.2672327039941842 0.7557233201981164 -0.0005753055759360051 -0.001372157594434939 -0.001337578454337625 0.00276456116337807 0.0
0.06316476657771705 0.2793439738432165 0.7638483685329995 4.780944405528385e-06 1.1177630324771954e-05 -2.346291299778088e-05 2.8370134535452373e-05 0.0 -0.017469572313096305 0.2663117452606368 0.7546830883606974 -0.0005164089312772962 -0.0009951386610769178 -0.0011304653752336952 0.0015491951750208587 0.0
0.06316469601499185 0.2793453442513308 0.7638391993471085 -3.673149596745573e-06 -1.3118864488541633e-06 -1.7857501939460396e-05 6.141711038763034e-06 0.0 -0.01768986048107722 0.26592456781136004 0.7540494637396286 -0.0002336466313691353 -0.0005997242473884121 -0.0007862078549034606 0.0006270316045558701 0.0
0.0631643820863932 0.2793465197853442 0.7638311613046387 -4.879627934574396e-06 -8.376152712068498e-06 -1.4004599061966124e-05 8.429783295562857e-06 0.0 -0.017828911458246645 0.2657068741330598 0.7535790477560831 -6.834885348613819e-05 -0.00035132656322475124 -0.0005494275605333379 0.0005612703020525152 0.0
0.06316043505552622 0.27935228605893225 0.7638130888968638 -1.8361691024231864e-06 4.8906978570102455e-06 -1.2641084812582497e-05 1.9783116632514407e-05 0.0 -0.017865804480780074 0.265364680471276 0.752859937195433 -1.0557285957679696e-05 -0.00014321057862355527 -0.0005248726518260875 0.0008399254048164573 0.0
0.06315848560945707 0.2793557581594568 0.7638059330278766 -2.1999170089606647e-06 4.153002060489656e-06 -7.492339744199816e-06 9.63715508863779e-06 0.0 -0.017779004434935047 0.2650188192128949 0.7521729690338788 0.00011222970582406856 -0.00034187170136463596 -0.0006768479051049186 0.0008069809459069223 0.0
0.06315716211596581 0.2793565265063365 0.7638024465607705 -3.54324171520848e-07 3.196894167413924e-06 -3.45735081003725e-06 2.1464321547607168e-06 0.0 -0.01770191024233066 0.2647495486595181 0.7514364871250616 8.361506656431598e-05 -0.00035406999813670896 -0.0008042940511214481 0.0007139529604434664 1.0
0.06315630833498521 0.27935670561275544 0.763800781907917 -1.7745550594061596e-08 -3.854251468128663e-07 -3.009100756205709e-06 1.9056820188597952e-06 0.0 -0.01773695672618354 0.2646099741186108 0.7508552867406185 -7.01714697784071e-05 -0.0002950587999269276 -0.000736940098234397 0.0006234917743222739 1.0
0.0631554540222753 0.27935625717501583 0.7638002969522052 -8.435811245650747e-07 -4.837169025985002e-07 6.161098129127936e-07 1.9054372456725466e-06 0.0 -0.017926078627822972 0.2645740677697864 0.7505111685462376 -0.0001933376690680513 4.261764134281219e-05 -0.0003070004582262217 0.00039946913842012254 1.0
0.06315479105268694 0.2793558502429441 0.7638002402243509 -7.216360664664151e-07 -1.0143410480641653e-06 1.3985244867024473e-06 6.099684230417202e-07 0.0 -0.01796036378797692 0.2644558456378325 0.7504776446103147 -9.533859012012311e-05 -2.8518887082695332e-05 2.1690415733243828e-05 0.00013100282726087424 1.0
0.0631542010015547 0.27935495279631595 0.7638009004349268 -7.92381745004443e-07 -5.040705137014318e-07 -3.8228113203477524e-07 8.42791119135235e-07 0.0 -0.017916439730028825 0.2643752320661132 0.7505356576295242 3.043413631914144e-05 -7.839482522886985e-05 0.0001333593394173589 0.0001014491840377014 1.0
0.06315485273888487 0.2793578546121279 0.7637971764730139 1.329661271138337e-07 2.9473459846875956e-06 -4.269656397406199e-06 4.994793782230635e-06 0.0 -0.017975013277752663 0.2644416530351617 0.7505580843561825 2.7998645187478474e-06 1.3449596623558459e-05 5.05271522768795e-05 9.939021981164966e-05 1.0
0.06315451645089422 0.2793568079331952 0.763798342496878 8.014562969006685e-08 -3.477964300279947e-08 4.033755057090663e-07 1.712454066800032e-06 0.0 -0.018012892129809117 0.26450395170339114 0.7505747878834313 -1.2774603788189105e-05 6.59851003796934e-05 -9.320742765204864e-06 7.109008937387419e-05 1.0
0.06315381215199453 0.2793538175558536 0.7638016803876555 -6.192896795999948e-07 -2.9453135845909195e-06 3.2857318699264855e-06 4.289468503752004e-06 0.0 -0.01811525498310761 0.2647302146157862 0.7505867067870239 -0.0001023640828020156 0.00022247978210627274 -4.738555462015573e-05 0.00024315209544272778 1.0
0.0631530856060361 0.2793525802249514 0.7638032610975356 -8.860089144870183e-07 -2.2332139716968888e-06 2.74185134185866e-06 2.3196739138064564e-06 0.0 -0.018288596307831667 0.2651426585084158 0.750712356335642 -0.00019747328455359177 0.00042099002380597785 8.02234415856459e-05 0.00046909624255893074 1.0
0.06315113599665653 0.2793502622866565 0.7638003654392705 -1.945893514196384e-06 -2.4984056988230744e-06 -1.835397829793201e-06 4.127611091307055e-06 0.0 -0.018465049957598758 0.26559901627768623 0.7508402474249057 -0.00020411731887943682 0.0004877266137046458 0.00015161691841715573 0.0005109029711851355 1.0
0.06314955772646495 0.2793344533496076 0.7637862663468047 -1.8167144957431773e-06 -1.3819985722595207e-05 -1.338372791041689e-05 2.113485712174216e-05 0.0 -0.018496010535091395 0.2663309992887736 0.7516368439574724 -4.2984244737227724e-05 0.0007025909247102684 0.0007409266475649141 0.0010676527206563134 1.0
0.06315521860961677 0.2793572300593101 0.7637337567509473 4.657315551515377e-06 1.574394756371667e-05 -4.975173102689619e-05 5.766857762387351e-05 0.0 -0.016799487307761343 0.26572585489716055 0.7535579889316419 0.001482976234667082 -0.0003851125589494993 0.0018647410539434277 0.0026381917510692908 1.0
0.06315785413444551 0.2793512621495216 0.7637347549201033 4.265344019185399e-06 2.244119927616402e-06 -1.37554503936975e-05 7.779984230306832e-06 0.0 -0.014523664299234814 0.2642659217825156 0.7554901352642451 0.0024606864177861 -0.001516126867644547 0.0021583102663731996 0.003356371116956425 1.0
0.06314370664511591 0.2793174384382505 0.7637183399182826 -1.1277422159935574e-05 -2.9593038617812056e-05 -1.0151092345240705e-05 3.683951060030994e-05 0.0 -0.01059723155379215 0.2604754071189723 0.7572780762610279 0.003993176486017695 -0.003766758131543807 0.0019352990531014045 0.005688392891246432 1.0
0.06311888966124167 0.2792130246423272 0.7635898482460742 -2.5996598881059666e-05 -0.00010068520955459335 -0.00010702237279103462 0.00016893309929175404 0.0 -0.006463372304773837 0.2560111727149063 0.7586323714824423 0.004391377697288754 -0.004821485043771442 0.0013340774091792546 0.006279078717099036 1.0
0.0631387134843435 0.27922935787175174 0.7635110465731875 9.286777748667578e-06 -1.624746812396594e-05 -9.935712629542773e-05 8.834373988443588e-05 0.0 -0.004191926132300323 0.25304264313745195 0.7594276134161971 0.0025889667997045316 -0.0034485906895120513 0.0006404927332761538 0.003820827886561739 1.0
0.06315964915857936 0.27923309958090486 0.7634586211611154 2.532470967963889e-05 1.3206518491548219e-05 -6.428939392021963e-05 4.8622386345442213e-05 0.0 -0.002642091244982727 0.25051317804025386 0.7601316759581147 0.0012022546988500929 -0.002262118178117671 0.00047550752469487643 0.00295309482934025 1.0
0.06316443847845958 0.2792054747460291 0.7634125383596224 1.4394775777936344e-05 -6.5319481332352025e-06 -4.091223368677901e-05 5.3852222756948506e-05 0.0 -0.0017077149102998975 0.2489561796185983 0.7601996028198014 0.00048373680805910424 -0.001128557373896737 0.0001252599328340797 0.001905080757650406 1.0
0.0631636103208872 0.2791592698741077 0.7633580829972784 8.557812864047577e-07 -3.7571055952264926e-05 -4.0661879381180446e-05 7.755549934725755e-05 0.0 0.0009035939485734132 0.24787589749113653 0.7597615474105462 0.0021470457294865556 -0.000769747909170082 -0.00033557866883703914 0.0028916569451091544 1.0
0.06316303543239607 0.279159605689063 0.7633067194434227 -6.4949188924201645e-06 -1.8985979635350893e-05 -4.258519302882261e-05 5.066730218841156e-05 0.0 0.002153605032768017 0.24721740308395987 0.7592101834822089 0.0017797998664242185 -0.0006444762773371948 -0.000591521042243354 0.0015119165725245112 1.0
0.06316340966649048 0.2791624131817788 0.7632746977648364 -5.643313441409556e-06 -4.30154150979641e-06 -4.2348784978454235e-05 2.73363486289235e-05 0.0 0.002942337644508798 0.24668447097621893 0.7588294465451865 0.001214247571026446 -0.0007671293142193145 -0.0004289246325453169 0.0009348772646653246 1.0
0.06316483717108881 0.2791577200715162 0.7632646544773081 1.604922965236333e-06 1.437092692320731e-07 -2.1442338576370217e-05 1.3506045294853462e-05 0.0 0.00388087301035243 0.2459543191316666 0.7582505449644849 0.0008421446251744716 -0.0008244460088106999 -0.0004993788618165281 0.0013503784018768748 1.0
0.06316075319533876 0.2791598816983966 0.7632485220483163 2.083138057335905e-06 1.3636629898634083e-05 -6.387264896651575e-06 1.7204398850660852e-05 0.0 0.004495098153201264 0.2456229675162143 0.7577239238630028 0.0004044644763363382 -0.00043083958869608117 -0.000476134635684368 0.0009308850481940549 1.0
0.06315930233800926 0.27916628763191176 0.7632388913566004 -1.7455840879025435e-06 2.75056831337786e-06 -6.466182860002858e-06 1.2314170337150896e-05 0.0 0.004786560726838891 0.2455299891313755 0.757452420322722 0.00023590128785178337 -0.0001546572768285361 -0.0002679297809303917 0.0003943161135140441 1.0
0.06315897499542074 0.27917028408704203 0.7632322580101272 -1.9761490602841958e-06 -7.175571616508805e-07 -8.38224069556026e-06 6.674786949027336e-06 0.0 0.00506225686923715 0.24531851664956644 0.7573409743436045 0.0002982049830448821 -9.848111218795303e-05 -0.00013674525173975162 0.0003057784733615943 1.0
0.0631496774456139 0.27915153860219266 0.7632158884372815 -8.132778297529309e-06 -1.6682398761401158e-05 -1.8160393870624547e-05 2.622886554119003e-05 0.0 0.005473132687106425 0.2452606062974792 0.7572906451354348 0.0005110446116540265 -3.152818169203822e-05 -3.7542811288902155e-05 0.0004731812243221501 1.0
0.06315238136059807 0.27914721989015956 0.7632056238299705 2.8802021997879867e-07 -6.5424473549891726e-06 -1.3562698280604071e-05 1.2590791823051788e-05 0.0 0.005926696818010265 0.2451591680859854 0.7572026613117878 0.0003890029507924177 -7.770025193707232e-05 -5.1088257998899774e-05 0.00047424357211631706 1.0
0.06315637045020507 0.2791457474474059 0.7631972282885883 4.73536658356701e-06 -3.349869793446476e-06 -7.868579245557491e-06 8.650714430866192e-06 0.0 0.006511494998073177 0.24492463159057795 0.7570314387778554 0.0006133579666132499 -0.00025031097828420555 -0.00017124728344974569 0.0006272532678048923 1.0
0.06315837279806688 0.27913895233715513 0.7631954005865486 3.7083991958145912e-06 -4.657595337364714e-06 -1.000198051567009e-06 7.104110456929321e-06 0.0 0.007239594042156536 0.24462892973693084 0.7566077717289728 0.000776210305236142 -0.00034002150881764636 -0.00045658607117228284 0.000900246581167933 1.0
0.06315821666647113 0.2791329557106495 0.76319787569353 3.209711808555442e-07 -3.788942337859362e-06 3.138373832911478e-06 7.215583350490715e-06 0.0 0.007385244375733332 0.24441335708463854 0.7561621770710157 0.00023366219664195027 -0.00022908464383739014 -0.0005072696519100637 0.0005286842719329054 1.0
0.06315157772754044 0.2791253855151725 0.7631895502651282 -6.368972411599336e-06 -6.799560554114422e-06 -4.633942977534109e-06 1.2933545707261554e-05 0.0 0.007313875377286841 0.2440133309387986 0.7555761433651158 -0.0001445082346112341 -0.0003619759265653439 -0.0005855848984982482 0.0006890775890920978 1.0
0.06313231884193275 0.27911119989670846 0.7631714299174499 -1.9690468910936457e-05 -1.4886770246017381e-05 -1.815563613631815e-05 2.9503478199480135e-05 0.0 0.007252194392509315 0.24358146776446726 0.7549784298210995 -0.00018263182639024873 -0.0004376052512319569 -0.0005968896466163264 0.0007580712530552596 1.0
0.06312191038538251 0.27909961642471975 0.7631540857238243 -1.4922171292867244e-05 -1.4606316118455206e-05 -2.166532644172951e-05 2.4115842066755275e-05 0.0 0.007647189399134173 0.2431899149691986 0.7543963144585576 0.0002896484563632359 -0.00039515552336452707 -0.0005677773808283164 0.0008102759072767989 1.0
0.06309818270701949 0.2790484346724433 0.7631250802425922 -2.0909821577180446e-05 -4.461327052858749e-05 -2.9009370025517137e-05 6.214990094776598e-05 0.0 0.007924384349848318 0.24294390913207223 0.753517655980978 0.0004012235930057437 -0.000268204097419093 -0.0008128117542267048 0.0009413158752194077 1.0
0.06307899930861781 0.27898640354313486 0.763079895758169 -1.9740260330071235e-05 -6.545574111031662e-05 -4.379501951167984e-05 8.04484034292311e-05 0.0 0.00790781032909949 0.24294580924321188 0.7532035661328652 0.00014417574265947414 -6.997922318936165e-06 -0.00042254755305482476 0.0003203600353653502 1.0
0.06307532064944248 0.27893022530140943 0.763014598246692 -5.225134105783329e-06 -6.297993159069801e-05 -6.386143025359321e-05 8.598273386191365e-05 0.0 0.007713850300389528 0.2429063498655966 0.752912876930459 -0.00018983301392325137 3.3617466882889554e-05 -0.0002539041481521431 0.00033726275421116743 1.0
0.0630924560782005 0.27891915092403735 0.7629588300836402 1.7190980145363014e-05 -1.750290015365162e-05 -6.06878823392564e-05 5.878098512721768e-05 0.0 0.007444645648601228 0.24280783190287752 0.7525038609672697 -0.0004006451036375875 -5.9207291244663536e-05 -0.0003210292163341737 0.0005119379132639794 1.0
0.06308991903393175 0.2789052727068383 0.7629016408323012 5.143038097799214e-06 -3.075104532191727e-06 -5.775382545110745e-05 5.819776766207577e-05 0.0 0.007110753703836026 0.24266857068226705 0.7519736318849369 -0.00040313579804005813 -0.00017648123987531485 -0.0005112560755640124 0.0006565907050763234 1.0
0.06307433638568648 0.27890841949742373 0.7628744073159606 -1.4180857241608644e-05 9.901955375056475e-06 -2.8685044792188886e-05 3.3502083186965236e-05 0.0 0.00686530208146319 0.24259234255490564 0.7516340768277319 -0.00024273910460987408 -0.00013648891194109917 -0.0004233523079863386 0.0004129173779733779 1.0
0.06306148168309032 0.2789101314749088 0.7628606530905326 -1.853216035933364e-05 5.020796930714631e-06 -8.124530519504822e-06 1.787890109378366e-05 0.0 0.006615510636140121 0.24256887961583792 0.7512867588107565 -0.00016819951270066727 -4.434638215483719e-05 -0.0003833021859890609 0.0004075920298428487 1.0
0.06305131330284615 0.27890310840084026 0.7628633996473305 -1.6033155988077842e-05 -1.1249800539744204e-05 6.2513147696153545e-06 1.2533205769842124e-05 0.0 0.006447337814583446 0.24258093388250684 0.7510069731223202 -0.00015200403494941317 3.904976463100173e-05 -0.00028536226554574647 0.00035081900924657187 1.0
0.06302467444523113 0.2788780343844806 0.762877397274201 -2.3538239127614385e-05 -2.8602238929577778e-05 1.4695941260099805e-05 3.911951616988327e-05 0.0 0.006222098436018908 0.24276372099931484 0.7507447517258962 -0.00021241205424479636 0.00019708086379248063 -0.00019463719769643995 0.0003889955317842338 1.0
0.06301728336430715 0.27887675104952386 0.762878296382925 -8.256110307436074e-06 -9.59371387845944e-06 2.2301315884045987e-06 9.021903293311562e-06 0.0 0.006181270667199178 0.24283574792953846 0.7508251689887386 -7.902479454427012e-05 0.00011178493657279765 3.916807019378244e-05 0.00011659604823250637 1.0
0.06299867052128394 0.278865977528593 0.7628804048182263 -1.369205688057777e-05 -6.4549353356377275e-06 -1.8116221855966365e-06 1.898857613238617e-05 0.0 0.006183156986562084 0.2429438478480955 0.7510493348284316 2.6947744560925702e-06 9.373909412370454e-05 0.00023065027265676945 0.00023396577714453366 1.0
0.06298657316014646 0.27886480694125937 0.7628814904986129 -1.4024009770996346e-05 -4.3259341293595036e-07 -3.3148962611483757e-06 1.3705155884467584e-05 0.0 0.006171551898266914 0.24301988714973313 0.7512079521084004 6.203554918280036e-06 6.0705673251419955e-05 0.00021381660971821746 0.00019209719343712527 1.0
0.06296361370304433 0.2788626681066634 0.7628758849454332 -2.155910188596762e-05 1.8591261367325595e-06 -5.198332942874022e-06 2.3891860708027723e-05 0.0 0.00620334898770392 0.24309655626838642 0.7513073530448238 3.2994183796583316e-05 6.159261104195479e-05 0.00012175390052847042 0.00012571946053605704 1.0
0.06294650033399384 0.27886500314720897 0.7628796474250797 -1.8773118447354604e-05 2.1944263774728993e-06 2.3218584178067574e-06 1.778383068627428e-05 0.0 0.006192809295586892 0.2431993834041529 0.7513509296444087 -1.2758422631577388e-05 9.325100380616142e-05 1.174878180651461e-06 0.000107784371689906 1.0
0.0629209273548055 0.27886487401581944 0.7628864957120199 -2.5239896101610395e-05 -1.0006989200072223e-06 9.059534256267458e-06 2.5388100786315418e-05 0.0 0.006150673065364814 0.24340502724103974 0.7514567992798623 -5.2694529550098644e-05 0.00020245604499152404 4.2369004567357886e-05 0.00023413379341190988 1.0
0.06290582927052857 0.2788637976830715 0.7628909123935977 -1.7998231857089805e-05 -2.2754548936254883e-06 7.2433182928569056e-06 1.6964005978924816e-05 0.0 0.006146776471469016 0.24360912620928074 0.7515257634819321 -2.7458507574665763e-05 0.00023485388719975898 6.689751275823041e-05 0.00022651994655144742 1.0
0.06290141081935557 0.27886559181808834 0.7628885281065786 -3.6033595639338056e-06 1.948633479808556e-06 -1.6294616097230741e-06 4.5486119622335845e-06 0.0 0.006127453005639762 0.24376376072629782 0.7516351749196186 -5.675557670267403e-06 0.00016853509756503435 0.0001401405814426488 0.00017998559741949676 1.0
0.06289863602498418 0.278865572586341 0.7628883516171105 -6.305654642634167e-07 -5.583996183160938e-07 -1.8927030317349095e-06 2.947607750889803e-06 0.0 0.006093658052457899 0.24383433295620544 0.7519449559439494 -2.6235339938259503e-05 7.571679866257523e-05 0.0003039767476251213 0.00031826708923576695 1.0
0.0628921229447166 0.27885104472816663 0.7628822650585723 -3.6494947831597815e-06 -1.1878558153732514e-05 -6.899832299693375e-06 1.711056234031622e-05 0.0 0.0061037405549282915 0.2438442395385927 0.7526324247042891 5.290080049417148e-06 -1.3395972849999577e-05 0.0006626714964054008 0.0006925609227422041 1.0
0.06288695043732263 0.2788432344174732 0.762875205092927 -6.70178480734312e-06 -1.083532162490544e-05 -8.11768465585332e-06 1.2484314794616551e-05 0.0 0.006343597328889949 0.24386611923164905 0.7530078830065365 0.00021470678276681675 -8.00804280465123e-06 0.0004913475069626128 0.00045744014612430204 1.0
0.06287683100251834 0.2788402721196436 0.7628786337776798 -1.1107747454979411e-05 -4.290157751004196e-06 2.561957017611183e-06 9.947616928982809e-06 0.0 0.006594267464451256 0.24385029621004473 0.7532985527565036 0.00028220454358151973 -1.0703354110664418e-05 0.00029941931094590313 0.00036072286247301776 1.0
0.06286897573594598 0.27883888948247704 0.7628745068212701 -1.0536784143416956e-05 -3.669645464553492e-07 -1.0329160824698547e-06 9.103293668503172e-06 0.0 0.006806481083880632 0.24376472973283167 0.7536264693632785 0.00024713017878947967 -6.015991031618046e-05 0.000255724526570572 0.0004047663210208416 1.0
0.0628592134315966 0.27881371426684814 0.762861600821646 -8.948869517776289e-06 -1.9611735188803345e-05 -1.1228306611630606e-05 3.0197681678450757e-05 0.0 0.006939718615172084 0.24370758246514815 0.7538658762317751 0.00014046465208741537 -6.205138996122385e-05 0.0001913445304225068 0.00029637678436246034 1.0
0.0628601663708388 0.27880063123952337 0.7628655375800142 3.989116841370653e-07 -1.7036607679740984e-05 -4.797689346375293e-07 1.4591621930797091e-05 0.0 0.007083106425740215 0.2436497529281951 0.7540526316660146 0.00010030064392307254 -6.038970668955813e-05 0.0001810646421871146 0.0002340475326848433 1.0
0.06286158004494335 0.27879588428716695 0.762847002114574 3.114479591653189e-06 -8.132814365228656e-06 -1.4689115046800114e-05 1.761308533559009e-05 0.0 0.007183348836158838 0.24327878213966236 0.7547283164639396 7.486826788703505e-05 -0.00032633187600369625 0.0006347943174534611 0.0007640433858821004 1.0
0.0628683602188822 0.2787938965273333 0.7628403665470236 7.351269615115335e-06 -1.4114404430070405e-06 -1.0129413685487793e-05 1.0364468957552813e-05 0.0 0.007945913740996114 0.24344906550181913 0.7551281492871443 0.000667326613284049 5.473447353161821e-05 0.0005357805140734836 0.0009041876326349289 1.0
0.06286337456782672 0.27877040366054023 0.7628450057692566 -2.394760859725536e-06 -1.6605753943890563e-05 3.3139140212528483e-06 2.4480330839980607e-05 0.0 0.008416237899946926 0.24362806649081342 0.7552575611802876 0.0006268962856149058 0.00022133683767134547 0.00017136339837433635 0.0005074120191277685 1.0
0.06285355555985156 0.2787355172949683 0.7628256078005653 -1.132227128292405e-05 -3.459133792996303e-05 -1.2877067019250217e-05 4.1513630895298034e-05 0.0 0.008728961352656786 0.24373264131396968 0.7553840701755736 0.0003813748840741782 0.00017745618574591308 6.170301228142699e-05 0.00033101640358068466 1.0
0.06285014774164507 0.27869115184334 0.7627900637938004 -7.260759057532427e-06 -4.874794888060865e-05 -3.522707661425202e-05 5.653094544225047e-05 0.0 0.008815636652370671 0.2437082441762933 0.7554992586832213 6.200976301694528e-05 7.68408394813809e-06 4.746660327672157e-05 0.00016713150149553487 1.0
0.06286199316426974 0.2786701434668282 0.7627835191998998 9.236345673038214e-06 -2.9846011731240767e-05 -1.5672146743494175e-05 2.544534366803733e-05 0.0 0.008938769361069358 0.24371053699144382 0.7555927575706296 4.932071453366742e-06 -4.746253977172261e-05 6.95162596077671e-05 0.00016428275359938816 1.0
0.06286706692242088 0.2786542333308117 0.7627832538414413 1.0300251567382819e-05 -1.200208424772988e-05 3.016048518048326e-07 1.5088882238472295e-05 0.0 0.009063839902308874 0.24372736933048136 0.7556648538744448 7.006203469972105e-05 -4.3965016072393243e-05 0.00011168319649037172 0.00013501954908669907 1.0
0.06286935929437858 0.27864271263108675 0.7627847146082259 5.064354538314455e-06 -5.0369730163514464e-06 5.0707934803542045e-06 1.3159002888926547e-05 0.0 0.009169104948355381 0.24374047262885973 0.755722301494089 0.00014391280634723974 -2.7131331688399682e-06 0.00011606824527054334 0.00011713474713586039 1.0
0.06287042134365706 0.2786310999139277 0.7627714693203757 3.767559988036337e-07 -8.051182247543987e-06 -5.77988481974646e-06 1.820618015712147e-05 0.0 0.009250346035624562 0.2437469115820218 0.7557782137497691 0.00016673250565927693 6.528959072236404e-05 3.598346871505739e-05 0.0001002504164112594 1.0
0.06286908086915806 0.2786068145889132 0.7627832528481087 -4.264445331166362e-06 -2.4641311378969944e-05 6.245201128514691e-06 2.6529326216492383e-05 0.0 0.00910354162735157 0.24361247253153714 0.7558564398431764 -0.0001221895824797774 -0.00010524480446578416 5.6987450221424854e-05 0.00021220656807432656 1.0
0.06284623900899086 0.27858712772794075 0.762789453855287 -2.1467705430888962e-05 -2.5437087858054332e-05 4.003673008186773e-06 3.023046669400992e-05 0.0 0.00909050276243767 0.24358520788633395 0.7558884716784143 -7.946670344285761e-05 -7.085840639560969e-05 4.536031010775763e-05 5.33658188069169e-05 1.0
0.06281877064241105 0.2784587136684189 0.7626646584890463 -2.8978225684413933e-05 -0.0001156929664569759 -0.0001061886005684082 0.000180118228561785 0.0 0.009527029403137448 0.24398082865481716 0.7557759719215328 0.0003494990555062688 0.000323527049401024 -9.319272309693508e-05 0.0005835299211124256 1.0
0.06283541287433653 0.27840231812313354 0.7626433934411386 8.655500948470617e-06 -8.018881695095789e-05 -5.1940077322318945e-05 6.835760358371541e-05 0.0 0.009818071474313402 0.2440641988923833 0.7557351223074896 0.00039794729024989156 0.00020300485076417985 -7.686621719779698e-05 0.0003296916776295382 1.0
0.06284091007390682 0.27839159851905876 0.7626516104813067 1.2629887530743627e-05 -1.8696881705581706e-05 2.2982767023094424e-06 6.8744047749617775e-06 0.0 0.010011933349665846 0.24337755400707828 0.7555661192346934 0.00026477622128591905 -0.0005561730055148126 -0.0001615212985336098 0.0007077087162260641 1.0
0.06285585786127083 0.27832446431336766 0.7626321132867999 1.9370861144971167e-05 -4.292233562837059e-05 -3.569458746176972e-07 7.125458658472634e-05 0.0 0.010013756216801388 0.2425755644904871 0.755408406462483 5.01593381529647e-06 -0.0009295501207053773 -0.0001675965354219231 0.0008303650656102304 1.0
0.06286023658019335 0.27825014279800225 0.7625863081582968 8.171406728386097e-06 -6.61587244187249e-05 -3.130678814815693e-05 9.534086850246426e-05 0.0 0.010220477113107224 0.24230056480658638 0.7550407554597336 8.638369903354465e-05 -0.0005064054894936942 -0.00033489515226622105 0.0005084573407967067 1.0
0.06287256594272217 0.27820456370950963 0.7625331534095662 7.313786521214598e-06 -5.5103533858974386e-05 -5.4872006139184565e-05 6.922742852499986e-05 0.0 0.011470871071776006 0.2423173280110346 0.7537970328249767 0.0010633825344236996 1.4945096060483366e-05 -0.001139483489369237 0.001736856131887711 1.0
0.06287445965442895 0.27817251220224287 0.7625278820640132 -1.2577427166233495e-06 -4.0047199481045903e-05 -2.7434481550623008e-05 2.5866470397192365e-05 0.0 0.013100253329508182 0.24273481004376876 0.7522185208970963 0.0017751917448257423 0.0005676458826386671 -0.0016771736438670414 0.002345674544172687 1.0
0.06285796512563893 0.2781442270455304 0.7625035945255613 -1.5024853675049498e-05 -3.085984972820161e-05 -2.6186697144180616e-05 4.416113282373977e-05 0.0 0.012991560285165142 0.2422477315496111 0.7519332597997967 0.0003767451688840262 -0.00015358605126054685 -0.000621998715280554 0.0005901817124028981 1.0
0.06285494668642155 0.27812442219600897 0.7624782477733169 -5.456246117523558e-06 -8.418925866305186e-06 -1.0148441245062161e-05 3.509205145812308e-05 0.0 0.012852274515901159 0.24231574300962397 0.7515866413890507 -0.00034528414775713407 -0.0001415544612156965 -0.00017121862966418483 0.0002762944179041804 1.0
0.06285350046682711 0.27811444239044314 0.7624636737229786 -2.63717613412856e-06 -7.873542664291084e-06 -1.3127932109435043e-05 1.6021619982500832e-05 0.0 0.01308302900968922 0.2431358048709029 0.751124648924822 -0.0001550144723015478 0.00055485268652937 -0.00020804328666773717 0.0010310794106823632 1.0
0.06284826195706608 0.2781035795048764 0.7624718204699968 -1.8455354189679027e-06 -1.6079729534851742e-05 9.49982805158288e-07 1.3280721544805534e-05 0.0 0.013261249047746209 0.24390533538116832 0.7509947196523925 8.928882618210521e-05 0.0008738788565336333 -8.764331823239377e-05 0.0008789981944243959 1.0
0.06284077526525308 0.27808232909610614 0.7624808484168795 -5.721742105488343e-06 -2.1086128450169237e-05 9.011946655429056e-06 2.4904583685194027e-05 0.0 0.013383628983135222 0.2446775607752576 0.7509260805498373 0.0002951997170322074 0.0009359746744469236 -0.0001374604778453167 0.0006999874846476156 1.0
0.06283351896417834 0.2780720254988629 0.7624770344057975 -6.952341344225904e-06 -1.2645295819640266e-05 1.7023696588160271e-06 1.4427926003404573e-05 0.0 0.013602971302854124 0.24522126046931372 0.7506974837359994 0.00042212097723101454 0.0006186246284650602 -0.0003276122193666802 0.0006051708417995482 1.0
0.06283867982787457 0.27806924724361387 0.7624577318164344 1.2448119881550369e-06 -4.29917592858492e-06 -1.612677416186323e-05 1.8626354216854315e-05 0.0 0.013830850802886981 0.2455622642512554 0.7504269807614334 0.0002471101785838342 0.000256317425386018 -0.0003004366437514025 0.0005420065736315386 1.0
0.06276992537425732 0.2779589128502178 0.7623609186323326 -5.775236978003329e-05 -9.3365616311246e-05 -9.397773859710608e-05 0.0001612452906920601 0.0 0.015645051674488313 0.24510948190746465 0.7495234566933249 0.001451383530984175 -0.0005302341670678505 -0.0007669581347078227 0.0020558638791736265 1.0
0.06270558051810875 0.2778696417750604 0.7622849694730551 -7.242988819247322e-05 -0.00010502254738210993 -9.406747025419095e-05 0.0001389650812087319 0.0 0.017071732946301845 0.24438877957676647 0.7500213602573229 0.0017107964379837136 -0.0007836353550041352 0.00016619181163914472 0.0017199570326103635 1.0
0.06233538316369541 0.27749941148642804 0.762293054314764 -0.00033494843035417407 -0.00033990436359190667 -8.62396500064252e-06 0.0005144759976728517 0.0 0.0173754487497513 0.2439304847860863 0.7501728127288207 0.0006229563527527747 -0.0005552913298719367 0.000319355252593613 0.0005248832611007704 1.0
0.06037843736038196 0.27590374708835763 0.7627369880337742 -0.0017766697161435334 -0.0014611859642941066 0.0004008842163569094 0.0025565007928664437 0.0 0.01756003595095621 0.24367009177012122 0.7502569676687355 -1.708298558671383e-05 -0.00024814431859375647 0.0002557600788365486 0.00028450906925942736 1.0
0.058147621961052505 0.274028988184145 0.76260700650911 -0.0024481186135897983 -0.002034391705388559 3.164583513059863e-05 0.0029723488744843045 0.0 0.01770909159698333 0.24355810008937503 0.7503021065753648 -0.0001487980342683451 1.9903519865775254e-05 6.645183695927671e-05 0.0002622434468067458 1.0
0.054747529947803915 0.2713264225302805 0.762320394448992 -0.0034595923777653343 -0.002764946463826641 -0.0002883937306807282 0.004284978545017909 0.0 0.017850690388598545 0.24343846303932043 0.7503267345378384 2.09765141032125e-05 8.82604272927853e-06 -6.688818189146229e-05 0.00020988343007622096 1.0
0.052804872929445947 0.2697266918943445 0.7621183566530707 -0.0023182789991423513 -0.0018813349008915455 -0.0003155614505144787 0.0025599754844431465 0.0 0.017877113991430337 0.2433637899704449 0.7503472483618999 0.00015924665862031054 -6.993759535293173e-05 -7.900999985611544e-05 2.5926678714989818e-05 1.0
0.048150984504620756 0.2652702659257493 0.7614843181245838 -0.004039326788887807 -0.0038677054884602977 -0.0006329264129652305 0.006383260814767125 0.0 0.017908737583917797 0.24324564846209948 0.7503777006991967 0.00024269309839810638 -0.0002018289555012947 4.677527972714074e-06 0.00012758885836767412 1.0
0.04626311828706938 0.26336441266660077 0.761041448647731 -0.0023132202434998314 -0.0023957378287745297 -0.0005075651772395916 0.0029403635215651497 0.0 0.01791650641330995 0.2432055607723453 0.7503865425988281 -4.0803225294274836e-06 -0.00010489899557724312 0.00012505990218416186 6.213208735398202e-05 1.0
0.044560526466412266 0.26156059166664414 0.7606068346585373 -0.0015406747568372165 -0.0017106891491595047 -0.00039315861296527436 0.002295838378346895 0.0 0.017912979200644007 0.24318035987542916 0.7503834575913025 -7.896313396543145e-05 -1.7778024197720953e-05 -2.1654952851249583e-05 1.8837911374535365e-05 1.0
0.0431260814342165 0.25971353754994125 0.7596476357295656 -0.0012465131328996152 -0.001626181499510152 -0.0008175104599835569 0.0025664756917876588 0.0 0.017948054518493597 0.24312614315833128 0.7504064916194492 2.82115052743311e-05 -2.944574753906224e-05 1.2908680709466502e-05 6.839373414153373e-05 1.0
0.04175082510219341 0.25744000113594606 0.757987539409492 -0.0012168213507627913 -0.002058902437458013 -0.0016415760956746096 0.003224976334505271 0.0 0.017991224742221663 0.24301438209113185 0.750439731816947 5.3675951006235475e-05 -9.548797857930768e-05 3.0963799319649906e-05 0.00012587098470913534 1.0
0.04145582060171647 0.2565447469105035 0.7571529690109536 -0.0005092732972170988 -0.001197556032102793 -0.0011040496767024798 0.0012959332660362585 0.0 0.017976286302001734 0.24295181159590679 0.750433275524331 1.4347972812211052e-06 -8.532028037328835e-05 3.418965058475753e-06 6.653733816586996e-05 1.0
0.04109915017069207 0.25497959438740103 0.7558199724039448 -0.0003258752794630705 -0.0014615178263360008 -0.0012385141741284155 0.0018638977534382152 0.0 0.01809707396860885 0.2429060407313436 0.7505060127791776 8.935719201047277e-05 -5.299620009839096e-05 5.981919552765814e-05 0.00014049826723001304 1.0
0.040623591544538644 0.2533088487853856 0.7544202763954374 -0.0005973899295680599 -0.0018165791284790165 -0.001346222001938797 0.0024110117450653976 0.0 0.018138395484718194 0.24287525691411013 0.7505256915082662 6.283549519762221e-05 -2.714249014704115e-05 3.3200163607748355e-05 6.283866473165454e-05 1.0
0.04013589439976195 0.2522740167948639 0.7537351545320664 -0.00034631961933563344 -0.000998877018848314 -0.0007311791896622855 0.0013354464770578773 0.0 0.018154825818395996 0.24284975595788205 0.7505352378522326 1.934649026206662e-05 -8.854636568144002e-06 8.365370218327696e-06 2.8594945011146e-05 1.0
0.03885794144912931 0.25030727867853064 0.7538660955548986 -0.001275520699278715 -0.001836701557898252 0.00010305699643393024 0.0022567043504332536 0.0 0.018176398057419885 0.24280337040745786 0.7505480835149388 1.1050945719276133e-05 -3.8763365434586056e-05 6.088686321663489e-06 5.1749020698253904e-05 1.0
0.03825538095717235 0.2496129423527833 0.7538788371028773 -0.000885531928490838 -0.0009921237199857803 0.00017172607516561015 0.0009805970514729025 0.0 0.018177635053145354 0.24277585179062353 0.7505506344668864 -2.5857142375272013e-06 -3.996917513570826e-05 1.398238369054271e-06 3.0896199308951664e-05 1.0
0.03764924190377181 0.24908210566254785 0.7537274651698084 -0.00059622409570207 -0.0004605587025500574 -5.2484321436298905e-05 0.0008084040537757226 0.0 0.018185421987763947 0.24273011695443156 0.7505562476809513 6.530327156167066e-07 -5.047758481518353e-05 2.870978558275238e-06 4.562442714779512e-05 1.0
0.037120592962721105 0.24871127412003785 0.7534049195359335 -0.00036933159513008224 -0.00016009686432472419 -0.0003313670041289248 0.0007009270393911228 0.0 0.018199086977588402 0.24269730972747142 0.7505669615085764 1.5302491783459794e-05 -3.3458794627127286e-05 1.1315603083239746e-05 3.47636608026311e-05 1.0
0.03672942040404669 0.24847854573748213 0.7530013304236164 -0.0003303036184328338 -0.00022920453327195198 -0.0006099446903525853 0.0006439376178826227 0.0 0.018229859360421232 0.24266514295868116 0.7505834958216665 4.217320030291499e-05 -3.0182410723632354e-05 2.3560372627264193e-05 4.959898909471219e-05 1.0
0.03632925783726269 0.24821225401687907 0.7524894944185945 -0.00036789890928558413 -0.00026746478527098824 -0.0006041135531811976 0.0006976833186988899 0.0 0.018354190246712126 0.2426064580028582 0.7506401729534998 0.00011024592959082119 -5.2087604718130853e-05 4.942840385165096e-05 0.00014762236773557594 1.0
0.03638388055481745 0.24753716494490363 0.752263721972858 -4.824775118622343e-05 -0.0006814456105876694 -0.00022340977236588928 0.0006782322626760844 0.0 0.018652866573464696 0.24260824501227415 0.7507481592238711 0.000288766823271062 -9.911661701429693e-06 0.00010702044584225775 0.00031873746892253273 1.0
0.03626668897880517 0.24698257910482274 0.7519662375846659 -9.908928373407238e-05 -0.000741659132431472 -0.00017063470509237155 0.0006735882814435917 0.0 0.019185323372334764 0.24271263102002363 0.7508669982209097 0.000534831427477597 9.402784300657283e-05 0.00012902109453306955 0.0005561863481657037 1.0
0.036030927191326396 0.246639833815366 0.751702661321754 -0.0001599170038192213 -0.00034399733540837877 -0.0002276090555034646 0.0004785249198728616 0.0 0.020248388236569107 0.2430829900006809 0.7509752206715714 0.0010386284329633832 0.00035487009264411685 0.00011572613102957082 0.0011265973738061536 1.0
0.03582550303419384 0.24642660314238404 0.7515064098389087 -0.00026002414419354326 -0.00018654142283528374 -0.0002023361677208464 0.0003562668707402172 0.0 0.020667146439262367 0.24328972185428877 0.7508260245243044 0.0006035880036117773 0.0002808535485011308 -0.00011699284499310932 0.0005086295808904237 1.0
0.035845212258292986 0.24622321305654837 0.751312237646617 -5.864619137544542e-05 -0.00011065572121960897 -0.00020828520309855127 0.00028626914110568716 0.0 0.020784817899519623 0.24333625795689223 0.7507635909075294 0.00010933935333862221 7.611090273337365e-05 -0.00012040450728493264 0.00010783690425925981 1.0
0.03593987895579237 0.24600465626033366 0.7510692441975594 0.00010366770802052784 -0.00016300921948663404 -0.00025175826708376725 0.00033882774643811096 0.0 0.02088375750562775 0.24338077498225463 0.7507084642864392 -5.592492257996352e-05 -1.2196471962946453e-05 -8.073775134451352e-05 0.00012825680227052417 1.0
0.03606761706078183 0.24580738385262507 0.7508153459033793 0.00018211942520883717 -0.0002296912803981222 -0.00026611481670542347 0.0003479258424001245 0.0 0.020985003804452035 0.24342238664444762 0.7506487682889796 -2.8598963164974304e-06 -1.367306532918663e-05 -4.520120407863906e-05 0.0001548661608498124 1.0
0.036126259391310256 0.24568385112209387 0.7506601165132111 0.00012408914610559038 -0.0001939433947871384 -0.00016489430794336488 0.00020449385589491184 0.0 0.021044783122109216 0.24344392889508032 0.7506135490425008 8.400127888224657e-05 1.76600273619136e-05 -1.055595650750628e-05 6.451332922227494e-05 1.0
0.03615598580671169 0.24558610019802507 0.7505054436969651 -6.122373371285549e-06 -9.467710495636428e-05 -0.000153842653400127 0.0001797718824264648 1.0 0.02106294122486848 0.24344802200255955 0.7506035902338087 0.0001155746225580205 3.737672164268921e-05 5.7652934116053385e-06 0.0 1.0
0.03617212061829959 0.24553486873508557 0.7503732689589296 -3.037868794967795e-05 -3.1071328517473886e-05 -0.00011735094428888933 0.00014904026011151915 1.0 0.021079616585603898 0.24345418414732525 0.750594130647599 7.907322027193224e-05 3.6175113722575355e-05 -9.693373444834914e-06 3.3763417723146785e-05 1.0
0.03614131745421659 0.24536025739391432 0.750383171650719 -3.954227188443456e-05 -0.00013895805780118016 3.228924631507729e-06 0.00017939378531791445 1.0 0.021082076215504755 0.2434560091182837 0.7505931277889034 -4.1807301118126135e-05 -8.887927396879572e-06 -1.8392869875707825e-05 8.250498196571898e-06 1.0
0.03621339049353617 0.24519466657080152 0.7503667022359237 6.767604684654183e-05 -0.0001864649421558216 2.7403852945684034e-06 0.0001790673582850325 1.0 0.021090114753834276 0.2434599394100432 0.750588646489228 -1.2480154608009001e-05 -5.947937374840715e-06 1.5181687585230739e-06 6.802735360539368e-06 1.0
0.03632937507550189 0.24502740591614552 0.7503198577091637 0.00013250968959342674 -0.00019103881989110134 -4.1419294643161734e-05 0.0002066571318021983 1.0 0.021089917716905944 0.24346818361058162 0.7505876613122936 6.239105439563214e-06 1.070351869527092e-05 -4.9051720320248505e-06 7.181426399784958e-06 1.0
0.03640387378735477 0.24482030072808478 0.7504056530593208 0.00010594559586109307 -0.0002064260802142492 5.568252376902331e-05 0.0002381118928070608 1.0 0.021096267661724757 0.24347810404146483 0.750583042408017 9.436212955682042e-06 1.1944109366725297e-05 -6.944386282473781e-06 1.3156661627885326e-05 1.0
0.036402237385839774 0.24490202641459025 0.7501605176831051 9.495311884844194e-06 4.698473698616667e-05 -0.00019125221172756882 0.0002581075450268033 1.0 0.0210993868255561 0.24348057915037422 0.7505801878163789 2.4191676459321758e-06 3.25132233085952e-06 -2.5328322211828655e-06 5.400059649851433e-06 1.0
0.036345507906563705 0.2451870679976286 0.749792212556685 -7.172627514990402e-05 0.00030405433775831887 -0.0003923144709985368 0.00046793208171979576 1.0 0.021100296861615218 0.24349095188617662 0.7505780912247154 -5.836379273084079e-07 7.354423859942561e-06 -1.0662592149651254e-06 9.863754656426105e-06 1.0
0.0361397517150429 0.24533868698728922 0.7496777922706037 -0.0002155323879158125 0.00023811564906509665 -0.00020253946688420543 0.00028732433880529766 0.0 0.021102033287426568 0.24350055460859657 0.7505759555672051 1.1958189521409867e-06 9.53252513473546e-06 -1.8608154176335387e-06 1.0737951358365365e-05 1.0
0.03585700073026211 0.2455012951501116 0.7495321662780507 -0.00030419378159713377 0.00016178973500109134 -0.00011922435736428378 0.00034472914542460237 0.0 0.021102049699423153 0.24351897092790178 0.7505716223413983 -7.992603872834635e-07 1.7145856571912547e-05 -3.2905085443977673e-06 1.8557143818405002e-05 1.0
0.0356422563423012 0.24569401752307032 0.7493904963355504 -0.00023579013821905772 0.0001518649461842026 -9.939982630134213e-05 0.0003277940813124752 0.0 0.021106607803355285 0.24353214533967496 0.7505656439211114 3.9489617497464925e-06 1.5698473013001666e-05 -6.172586962277997e-06 1.539030977437742e-05 1.0
0.03550875162688236 0.24580110194888133 0.749360442404895 -0.00012925502037272157 8.032922432240407e-05 -1.1266752011289396e-05 0.00017857722735970219 0.0 0.021106210935414687 0.2435378983209493 0.750564779462875 5.837007242895587e-07 7.3764850217422476e-06 -2.0320667007372756e-06 5.490519978385456e-06 1.0
0.03550968804437744 0.2456685011573128 0.7495052158727905 1.804824425531167e-05 -0.00011925483229492447 0.00013715212688877017 0.00018876102444327706 0.0 0.02110532895905852 0.243541503460871 0.7505654812380926 -3.4231463673538684e-07 1.769758854642425e-06 6.639474944527711e-07 3.732892765124132e-06 1.0
0.03581809414435741 0.24538395475800348 0.7495466628799462 0.0003095052637197668 -0.0002778353780299401 5.1912548903173064e-05 0.00042095824707098924 0.0 0.021108658272286186 0.2435450267437977 0.7505633984633231 1.939687398962264e-06 9.94110409233916e-07 -5.27215087039542e-07 5.5496322652281464e-06 1.0
0.03590359117402235 0.24529567201573158 0.7495560984610918 0.00017522293946336642 -0.00015459030687821823 1.1745602482977262e-05 0.00013975967686404614 0.0 0.021107163531142774 0.2435468016249329 0.7505643134179126 -6.968812733403948e-07 1.9917066743290115e-06 6.90437632553818e-07 2.7893330207764646e-06 1.0
0.035913251727032754 0.2452574635162694 0.7495621390752977 2.804101110009995e-06 -4.045020842587176e-05 -2.770465835542533e-06 1.710147173028721e-05 0.0 0.021106187736775278 0.24354788930085589 0.7505644810734018 -1.1075345648378731e-06 1.935426586282309e-06 6.382718432127521e-08 9.237247336369179e-07 1.0
0.03588760614885283 0.2452682626311069 0.7495472872567522 -8.413478099833646e-05 6.478714682064452e-05 -4.454433652196925e-05 3.575337258559331e-05 1.0 0.02110666474700798 0.24354892062223704 0.7505639585613999 8.727560606501658e-08 2.2762486691273935e-06 -9.132860762151338e-07 1.2923451136596218e-06 1.0
0.035854879900931454 0.24526213184952855 0.7495275781181716 -8.209579351259718e-05 4.7860439713766096e-05 -2.9736040429913664e-05 5.2669092764623e-05 1.0 0.021108037616828668 0.2435497326476486 0.7505634806692115 1.5469685720928836e-06 6.587938998907563e-07 -7.29610229596475e-07 1.9029262388821693e-06 1.0
0.03581414740885032 0.24520749680213547 0.7495130235349484 -4.8182234172810504e-05 -5.189272732382833e-05 -7.326790400105057e-08 6.449255785965997e-05 1.0 0.021108473581080974 0.24355095524368395 0.7505630226612386 5.814951188030382e-07 7.900280568649021e-07 -2.1177388164307487e-07 1.3381776704913205e-06 1.0
0.03577478795534333 0.24509513843700953 0.7494978184515327 -7.985209310359232e-06 -0.00015091375949640844 1.6510653158565644e-06 0.00011114669141480224 1.0 0.02110893077320102 0.24355154097981646 0.7505628266028816 7.448220878604836e-07 7.776543779436051e-07 -2.9059538736722755e-07 6.591304090333086e-07 1.0
0.03563780835043628 0.2450731839159473 0.7493830848850461 -8.985526098750835e-05 -7.05146329828087e-05 -0.00010490064504582324 0.00018695054486796898 1.0 0.021112433944142986 0.24354785194547254 0.7505615763551071 3.1291097186716456e-06 -3.0453471102945475e-06 -1.1582055815248464e-06 5.235289180292356e-06 1.0
0.035460143968319875 0.24503300981708087 0.7492586729619217 -0.00019669129709564288 -2.1354705039612317e-05 -0.00013708510506810147 0.00022002831114265698 1.0 0.02111276695591958 0.24354810548777808 0.7505614581000001 6.54783101523361e-07 -1.077325687609314e-06 -1.1746541095932583e-07 6.57018664811099e-07 1.0
0.03530524727831531 0.24488650041870044 0.7492126487148002 -0.0001793365220002986 -0.00011409641072239141 -7.059812295534175e-05 0.00021744197481399986 1.0 0.02111295041638261 0.24354793750534126 0.7505614412585178 1.5126321648985515e-07 -1.3440041725726875e-07 -5.061551145441066e-08 0.0 1.0
0.035227293042491975 0.24478932910442436 0.749194239450686 -9.236865394257025e-05 -0.00010810091888078338 -1.4240059906385156e-05 0.00012603353102029984 1.0 0.021069095157735036 0.2435007746728404 0.750586336145814 -3.7856053485016266e-05 -4.0080015410104754e-05 2.1448697428836473e-05 6.846501005430139e-05 1.0
0.03524799373226936 0.2446763175438486 0.7491987493053451 2.8719914796294096e-05 -0.00012036162839984852 2.3387119962962685e-05 0.00011294362267552377 1.0 0.020977193681572033 0.24347760003036736 0.7506415545444279 -9.155891632075984e-05 -3.2836883151742155e-05 5.4540364478985875e-05 0.00011172580028608471 1.0
0.03534273741619442 0.24458919264107606 0.7491806618830003 0.00011954372534232614 -9.645404001995906e-05 1.995439089913156e-06 0.00013296885364911452 1.0 0.020979363108356776 0.2435140409713213 0.7506355296274958 -2.3321141493712447e-05 2.577204085650962e-05 9.935217735309877e-06 3.6861315070553054e-05 1.0
0.03538256865442037 0.24454166574310024 0.7491768045901636 7.273750542150805e-05 -4.5057352378200186e-05 -1.157409241702594e-05 6.407277632178425e-05 1.0 0.020950171785017582 0.24353020747037574 0.7506451885109111 -1.700477239595058e-05 3.0049791164516323e-05 2.372920722395014e-06 3.0207025243477173e-05 1.0
0.03538871034263256 0.2445178258912178 0.7491825206142632 -3.4406573337820995e-06 -6.694248443842106e-06 -1.294071230436261e-05 2.0472617174146414e-05 1.0 0.020921667814761548 0.24353240642172885 0.7506581898135489 -1.7368982021590304e-05 1.2501697672536892e-05 4.963221314347785e-06 3.482646214530127e-05 1.0
0.03539442890283915 0.24449999782953696 0.7491876473380268 -2.4711912592583466e-05 -1.3788189411251036e-05 2.2185935355095168e-06 1.9365507448148336e-05 1.0 0.020888521917745075 0.24352396229321263 0.7506757335235041 -2.804484870219643e-05 -8.997222969021168e-06 1.4332711420090182e-05 4.0741875324155615e-05 1.0
0.03540247013062822 0.24447927610282583 0.7491945072799875 -1.1297818933474511e-05 -2.5521544467365394e-05 1.2926272434050977e-05 2.7106624056158604e-05 1.0 0.020878480457768293 0.24353326679687048 0.7506781760519176 -1.7631673766469162e-05 -3.558974374968113e-06 8.191979719971908e-06 1.1731415036289675e-05 1.0
0.03541107899257483 0.24445861887390793 0.7492013434857466 1.1510480628557708e-05 -2.2651450387381995e-05 9.494951691360234e-06 2.227499351704443e-05 1.0 0.020881987179974623 0.24354079093822179 0.7506740420055718 -4.034002488682404e-06 1.854106503555774e-06 8.07959914523683e-07 7.239727670590086e-06 1.0
0.0354184468851245 0.24444061740072567 0.7492075675197977 2.2187608784269574e-05 -2.5853346227400683e-05 6.202183605321218e-06 1.8523450602985153e-05 1.0 0.020890142128648682 0.24354573135515364 0.7506700608954432 1.0655138293280316e-05 1.1412238233317918e-05 -5.730154709695177e-06 1.2543404546075883e-05 1.0
0.035417214981073517 0.24444533576118738 0.7492063379013562 8.76872925860545e-06 6.193297139551286e-07 -2.8232681523787603e-06 6.074419745556804e-06 1.0 0.020894740564737262 0.24355191024130207 0.7506669423632374 1.472866605621532e-05 1.2079937819553632e-05 -9.221606236273427e-06 8.461358475777626e-06 0.0
0.03540998326907694 0.24446518831786498 0.7491998720752486 -1.146489280471854e-05 2.352431277621587e-05 -6.048128725684853e-06 2.185690431297219e-05 1.0 0.020885757839929298 0.24354565390734015 0.7506732542728107 -1.0904456146311145e-05 -6.5742790002471896e-06 7.153912521288287e-06 1.2099435446384883e-05 0.0
0.03540805085963501 0.24443512322234015 0.749238622550706 -7.213233118312408e-06 -1.6240611492813562e-05 3.123975042486949e-05 4.9794871142753086e-05 1.0 0.020738063298999687 0.24311991009960796 0.7508532675790052 -0.00013366695661180236 -0.0003703625047120905 0.00015904877994428628 0.0004805347274746523 0.0
0.03532099958458481 0.2444869852093059 0.7493228492376163 -7.498428401518419e-05 3.525873427453722e-05 8.355387499327169e-05 0.00013134608699303597 1.0 0.019820930226756697 0.24165108989908585 0.7519383965478069 -0.0008318014108318233 -0.001382678293307711 0.000983897416854113 0.002044875689648215 0.0
0.03514705397227326 0.24465215325359377 0.7494384037721488 -0.00017199908537521692 0.00015216786316168293 0.0001238921243688241 0.000266317433429166 1.0 0.0192786198795639 0.2404000973175871 0.753080508989156 -0.000719541073762446 -0.0014787539730773123 0.0012820113918238373 0.0018174633422027352 0.0
0.034918007111045674 0.24496383301243552 0.7495668669900724 -0.00024248038420453293 0.00031345102398034117 0.0001377383451599075 0.00040813441707816773 1.0 0.01893204214376694 0.23921460900643293 0.754639240097829 -0.00041204816685198523 -0.0012894630372719351 0.0016161823115777147 0.0019254472795745938 0.0
0.0347723869366915 0.24529991824684522 0.749654657469372 -0.00017567982676678105 0.00037020727071326317 9.556241551299768e-05 0.00037760176651590303 1.0 0.019079962148010353 0.23862607514304832 0.7561077754489969 0.0001653128506131262 -0.0005982145841007475 0.0015304669173110022 0.0016005351580078396 0.0
0.0346519485953306 0.24559928709770695 0.7497020351453686 -0.00011217177301187792 0.00032431497580080704 4.0186697504260056e-05 0.0003214723872406478 1.0 0.019383020563091106 0.23815985471424356 0.7573926589913901 0.0004572186236191959 -0.0002579860375678053 0.0012504902373051783 0.0014261078271218344 0.0
0.03465159478778645 0.24599847925104149 0.7497348078514703 1.1497740926607111e-05 0.00036666759646508033 1.6383930161241344e-05 0.000400942399946983 1.0 0.019689888729212793 0.23781405001842454 0.7586355534809655 0.00042452230818076507 -0.0001947976140771081 0.0011233772350903628 0.001328756508000563 0.0
0.03468897728961961 0.24628235140546237 0.7497746124351257 6.622322301658207e-05 0.0002818691142395 3.056255957926466e-05 0.0002974362927076929 1.0 0.0198254319329014 0.2376448010525739 0.7593910928238425 0.00012520991792226921 -0.0002072441342416614 0.0007563441758460734 0.0007720873188281666 0.0
0.03461525011178994 0.24665884166614713 0.7498902948020397 -4.583837390290105e-05 0.0003482950583231793 0.0001095993347022994 0.0003927131488265369 1.0 0.01983402627403995 0.23755794261385715 0.7599475174146653 -0.00011815832545781813 -0.0001951229760507662 0.0005443214172722774 0.0005612200442035655 0.0
0.03441793141505694 0.24716414832228678 0.7500862708330188 -0.00020644045763015947 0.0004938603210172585 0.00020566003427871288 0.0005778027953038769 1.0 0.019762276621501658 0.23750323829591818 0.7603067791845061 -0.00013363921422885955 -7.684718086543104e-05 0.0003246284864229412 0.0003677796358749182 0.0
0.03416519405996636 0.24788884293703153 0.750526060355765 -0.000293790576647854 0.0007274888536038356 0.0004321880004473501 0.0008882677348497476 1.0 0.019563768682480515 0.23756859392291282 0.7605793345568028 -0.00021293712254125184 3.944671511561912e-05 0.0002836819099767754 0.0003568341221704876 0.0
0.03407698148789262 0.24848195281886962 0.750569774918702 -0.0001429993298485663 0.0006618617950412636 0.0001421572271274906 0.0006062138705315674 1.0 0.01934173245245682 0.23763303674007505 0.7606815178318181 -0.00019774698950725305 9.942354998320867e-05 0.0001337160552822331 0.00024906833587326656 0.0
0.0347099087293132 0.24911452770120662 0.7504289723927318 0.0005547344565996688 0.0006334378952877369 -0.00015141383801023638 0.0008820374607725009 1.0 0.019060277211805518 0.23772885647944672 0.7606961548674948 -0.00025369772361468347 8.969777054106684e-05 4.2259426569968804e-05 0.00028736594783495325 0.0
0.03553561243540493 0.24977415874784892 0.7506793573136028 0.0009498102767398251 0.0006335288194966919 0.00010566196419506547 0.00110735386395879 1.0 0.01883535991274606 0.23779129767842488 0.7606168923423453 -0.00022332242933563283 6.780559623249907e-05 -6.103614870757142e-05 0.00025575980957479364 0.0
0.03663388306216534 0.2510175773714514 0.7507662165737651 0.0011944622107868633 0.0011287281482855183 0.0001132043045657229 0.0016615596678025615 1.0 0.018644587274429185 0.23785104381225286 0.7605060389660225 -0.0001868123105258223 5.7024188417360464e-05 -0.00013691827647734425 0.0002252526306571721 0.0
0.03781263123249877 0.2517687289705117 0.7520189301971159 0.001212752589472052 0.0009038659395633707 0.0011305331491958028 0.001878056009792024 1.0 0.018551742363826396 0.23789179943167396 0.7604423224088891 -8.95138649997971e-05 3.3683388695041684e-05 -7.494803294111048e-05 0.0001213323558589798 0.0
0.04048902241753434 0.25278860667508546 0.7557302124000091 0.0024203283881633502 0.000998291356129217 0.0035646485022637372 0.0046484773017168276 1.0 0.018433494449055496 0.23794638376384109 0.7603622787893384 -9.352829638021131e-05 4.7907886987069826e-05 -6.451598511976301e-05 0.00014956681659031887 0.0
0.0422133595999542 0.2547963540405313 0.7571144124640257 0.0019918501811099355 0.0018571756067627797 0.0022047263124701025 0.003096198704005334 1.0 0.01835752679350227 0.23796928946385093 0.7603028530208941 -8.213213078441146e-05 3.571947418952088e-05 -4.6851500192830124e-05 0.00010516076125137842 0.0
0.04115422505203493 0.2590119739773479 0.7588065397370464 -0.0006565688149483671 0.004010433277391772 0.0015706699839220118 0.0045122470171939065 1.0 0.018306459097121672 0.23797651145618182 0.7602331683754334 -6.0996325641069486e-05 9.534229392630373e-06 -6.70512645407014e-05 8.285107218264912e-05 0.0
0.04228353602859688 0.2633868069881011 0.7584704185766298 0.0003277585770946795 0.004778481321480142 -0.0003959422923746742 0.004614252960637707 1.0 0.01827745153723265 0.23797051694922672 0.7601761474140465 -4.026010417132716e-05 -5.656095758288073e-06 -6.4418329757364e-05 6.398458454884146e-05 0.0
0.04357383540799019 0.26608103205205247 0.7620526999780397 0.001107031927338569 0.003238360811337504 0.0024784838648278565 0.004684492007496231 1.0 0.018255312552863834 0.23797094752741282 0.7601383846967935 -1.99129259631882e-05 -6.111696326872393e-06 -4.9059931905471233e-05 4.4013342544266146e-05 0.0
0.050199589572852574 0.27153360384703346 0.7679785555992219 0.0061281380712176784 0.004776153709762747 0.005867418284145512 0.010349347311290133 1.0 0.018243865214184547 0.2379494338628011 0.7599615423886456 -9.423214865486563e-06 -1.7479857209994447e-05 -0.00015601600487841688 0.00017862787114781257 0.0
0.05509296088903185 0.2732751970280732 0.7676694907889874 0.006242533125260178 0.002124694030539506 0.0016201731916866352 0.005403346117436773 1.0 0.01823092962944053 0.23794503352518553 0.7598504973956977 -9.307135012136654e-06 -6.321612468991982e-06 -0.00013512705078417143 0.00011553611019464723 0.0
0.05843615730729454 0.2741821763132308 0.7670470445613143 0.00413375537859755 0.0006283984466675245 -0.0008220290796210577 0.0032563637264081116 1.0 0.018254152537789625 0.23798165982247263 0.7597551062257927 1.2702739164167822e-05 3.450977465880282e-05 -0.0001067396219462267 9.955410764268378e-05 0.0
0.060081952233187526 0.2738752796477516 0.7664168135191269 0.0012038430724017387 -0.0005172229855823071 -0.0017686783851629806 0.0017959797855949342 1.0 0.018280279776931637 0.2379763255113683 0.7597057455041282 3.075757011848701e-05 7.011520612356825e-06 -4.702151448746275e-05 5.597284947540485e-05 0.0
0.06086385685418438 0.2733569073766131 0.7653660904529508 -0.00024245893184341632 -0.0007047634399532762 -0.0015573566845048675 0.001617704675852585 1.0 0.018305017137786272 0.23795094913206832 0.7596889309766691 2.966886015837892e-05 -2.3067661920844255e-05 -2.9706715937346384e-06 4.211912832006773e-05 0.0
0.06147141323213528 0.2730598818291652 0.7645932218950408 0.0001298601765683091 -0.00039053299803355843 -0.000701800829797204 0.001018399479977495 1.0 0.01833131362085496 0.23793403969366173 0.7596902568519818 2.6885248177704052e-05 -2.658737543560267e-05 1.6305415561080996e-05 3.234902120414594e-05 0.0
0.06203150437049704 0.27240446442616806 0.7635230046170084 0.0006933379873172813 -0.00033252484672226246 -0.00019115766932246872 0.001182331186759436 1.0 0.018363512936759856 0.2379160710774032 0.7596954027639292 2.864240349618671e-05 -2.366032306879253e-05 6.477896917426871e-06 3.42390479852669e-05 0.0
0.06224769490237456 0.27206938554298665 0.7630269098068906 0.0009269649771252004 1.4514548929667973e-05 -0.00032777063310693386 0.0007645838592542876 1.0 0.018375674307337924 0.23790955586915333 0.7596926463208806 1.3238589888859504e-05 -8.897937305526954e-06 -1.5006085239734906e-05 1.6055273522069158e-05 0.0
0.06241619757468843 0.27167420207887993 0.7625169030034774 0.00024687196322871474 -0.0005092094363416295 -0.0008616459169533313 0.0006101833813904108 0.0 0.01839282858661996 0.23789263616313766 0.75968263335463 1.3721913115443632e-05 -7.5248445007861495e-06 -1.2290376393561832e-05 2.3972336139286876e-05 0.0
0.06274161880001475 0.27075343558442294 0.7615280468493939 0.00025672452921072803 -0.0008637614525689114 -0.0008626294353746921 0.0014144514885249494 0.0 0.018432345547087725 0.23784834076893024 0.7596530061538905 3.714372578950346e-05 -3.613013400036978e-05 -3.280349732203592e-05 6.762249911156551e-05 0.0
0.06310950481540858 0.27026762884595645 0.7609960694724448 0.0002871637888129286 -0.0007001613227285508 -0.000660519715128054 0.0008460196874408164 0.0 0.01846815418051871 0.23779870683424995 0.7596204820794747 3.96416800769274e-05 -5.7449349823440755e-05 -3.483819907216643e-05 7.057765250332898e-05 0.0
0.0629191310614769 0.26864292152346203 0.7628363601734869 -0.00011014572169849575 -0.0014795774997232044 0.0014536856017859502 0.0023969852158324517 0.0 0.018517013467494937 0.23774721699894777 0.7596121757375047 5.037094544360327e-05 -5.774816566468594e-05 -1.202908416858759e-05 6.974692033903763e-05 0.0
0.06252511645746754 0.26760349628821445 0.7646557342837329 -0.0004152647419483549 -0.001234913385293961 0.0021849050869636602 0.002182164619990376 0.0 0.01855711915525134 0.23772099811155512 0.7596213524366422 4.415797024667981e-05 -3.0188087323910096e-05 1.2400091876560037e-05 4.839351093328917e-05 0.0
0.062355290578191884 0.2672794823012662 0.7655846185014875 -0.0003078073296892359 -0.0004557968987689644 0.001357374437416728 0.0009898331911730519 0.0 0.01857890828583019 0.23772167942893885 0.7596169828173985 2.2856269165963423e-05 3.4699397781478798e-06 5.746575229549216e-06 2.3218683865806967e-05 0.0
0.0622949749236805 0.26748209045034405 0.7665071980078059 -0.00011074249971245056 0.00033174467743805685 0.0008377402417344827 0.0008881128464326056 0.0 0.018598512872848312 0.23772964022424742 0.759604454099365 1.3099141618063784e-05 1.768754240598421e-05 -9.610380349451054e-06 2.439411836045046e-05 0.0
0.062340221503493026 0.2678374490297385 0.7670001047084662 0.00011491282028053382 0.000559999561977632 0.0001914967846066432 0.0006671547225890303 0.0 0.01860141246952507 0.23773285516440332 0.7595983071084966 2.01065031275877e-06 8.371013833533758e-06 -1.2098471078385012e-05 8.141237485354721e-06 0.0
0.06231818553981992 0.2681796527911836 0.7675133251412883 9.561070543955371e-05 0.0004382710807443536 0.00019658956733427835 0.0006459091313365733 0.0 0.018602165384281773 0.23773652982230267 0.7595901496284185 -3.426128616695091e-07 -1.894934936335015e-07 -1.3108266804904349e-05 8.356613094602362e-06 0.0
0.062232040137666214 0.26844100558942935 0.7679462505082655 -6.702514185360294e-05 0.0002134551220169073 0.00048626871259061346 0.000456780120554305 0.0 0.01860536405933439 0.2377367351376113 0.7595863018994419 2.5912850491201613e-06 -4.915873317796426e-06 -4.775294543231142e-06 4.727422163108505e-06 0.0
0.06212779043191574 0.2687357079995096 0.7684239900132153 -0.00018666314505232985 7.760592017884242e-05 0.0007119837524707477 0.0005773783013248011 0.0 0.018607656720222583 0.2377408435754001 0.759574854343001 5.381375434506686e-06 -3.7214094498260955e-07 -6.498080986806265e-06 1.2631373290415094e-05 0.0
0.062057194818345415 0.2689584543388966 0.7687179291736966 -0.00012190124599168942 0.00020023399860255998 0.0003636859622470532 0.0003954135329404507 0.0 0.0186112332705012 0.23774119510910002 0.7595694970225293 4.8466274658959604e-06 2.2990295233503506e-06 -5.236309603964753e-06 6.872579770904853e-06 0.0
0.06198914621474711 0.26918139851242395 0.768955213292525 -5.457849108739954e-05 0.0002493576762052142 0.00019905020510838458 0.00031630506671361186 0.0 0.018616588514079102 0.23774810924161124 0.759560675349691 5.616195789755883e-06 8.146068080439638e-06 -9.664500761023135e-06 1.1635643651418052e-05 0.0
0.06194921605625658 0.26927821852981254 0.769050322704909 -2.0845449490703496e-05 0.00015020074029559167 9.427146291139687e-05 0.000151455983942319 0.0 0.01862109217561217 0.23775490025696763 0.7595524618895048 5.018328275858498e-06 8.117338575694638e-06 -8.901559725111923e-06 1.2162032360667978e-05 0.0
0.06193307879433646 0.2693998270439403 0.7691504782348372 4.007548640897942e-07 0.0001155430278837219 4.5108589962571826e-05 0.00015340339536132049 0.0 0.0186228882603524 0.23775964777844738 0.7595459495709974 9.746936332667208e-07 5.434912762814574e-06 -6.316156569386603e-06 8.132767178472238e-06 0.0
0.06195222166392984 0.2695065441728581 0.7692282776030867 1.54033098855132e-05 0.0001004368646845106 7.932363573660253e-05 0.00013874898700439668 0.0 0.01862325299900248 0.23776001924527979 0.7595430524643586 -1.298030180593653e-07 7.406571981118205e-07 -3.1425135372405593e-06 2.8652553418808118e-06 0.0
0.06196218775705723 0.2695816877127457 0.7692927185054637 1.1495787929620039e-05 8.097718220176201e-05 7.950963515930971e-05 9.594425940400819e-05 0.0 0.018627778990698986 0.23776277984959232 0.7595403922147991 3.3105955611748e-06 1.016418560803764e-06 -1.833524307536695e-06 5.742127056923246e-06 0.0
0.06197983250242809 0.26967330401988165 0.7693548308844189 1.5129717725948915e-05 9.75495863390007e-05 8.094342853807768e-05 0.00011106627993460051 0.0 0.01863039302478561 0.23778066372793075 0.7595274785487355 3.1380624328359925e-06 1.5281179945833175e-05 -1.1331215540352582e-05 2.257023786908978e-05 0.0
0.06198846402781786 0.2697205247114745 0.7693869791062974 7.514297649740707e-06 5.612377135367607e-05 3.447960784995762e-05 5.8154895604714345e-05 0.0 0.018635063813756875 0.23779733594359964 0.7595064326935684 5.0103245632499446e-06 1.91368352178571e-05 -2.1061441868915258e-05 2.7456513187099142e-05 0.0
0.06199900399010962 0.2697559707778208 0.7694093928609442 4.452022923072841e-06 3.321792830779044e-05 1.827458164877367e-05 4.490645057407392e-05 0.0 0.01863674169630656 0.23780564921469086 0.7594965852721526 2.670857378525609e-06 1.2205983016209945e-05 -1.4558285851803044e-05 1.2670115272346199e-05 0.0
0.06201070920319711 0.269785007651517 0.7694157756552719 1.0092606920527857e-05 1.7952669005082025e-05 -3.215755130852666e-06 3.0366438063159573e-05 0.0 0.018637282827565615 0.2378122788533044 0.7594881366037096 2.469113262766595e-07 5.7313518141717095e-06 -8.372941291340692e-06 1.0049748826240258e-05 0.0
0.06201845614089517 0.26981010717069315 0.769422760026239 1.0164956606122833e-05 2.6598681010918724e-05 5.4610655523267985e-06 2.8547830758252334e-05 0.0 0.018637225861327503 0.23781679104663678 0.7594816133169919 -8.773842235264283e-07 1.8680108907022725e-06 -4.246011796600346e-06 8.754057815028203e-06 0.0
0.0620321337023995 0.26983117030831605 0.7694196351485094 1.5128947640776913e-05 2.2104709278233047e-05 -2.063468744879565e-06 2.5070801815964158e-05 0.0 0.01863697976910252 0.2378185045957969 0.7594799495420425 -5.981171520745053e-07 7.56100380565267e-09 1.549062165069311e-08 2.7641198266994333e-06 0.0
0.06203713103584817 0.2698426379849218 0.7694218615320075 6.5031878082650625e-06 1.448407190779552e-05 2.8009154357179933e-06 1.1691628338338263e-05 0.0 0.018636226600267966 0.23781912611757763 0.7594787029007869 -3.8205538486569134e-07 1.0097457715019426e-06 -5.434787507840749e-07 9.162973993187614e-07 0.0
0.062026722862234956 0.26985739169629075 0.7694176298608268 -8.383709086260208e-06 1.5709083366797903e-05 -1.3066936108640067e-06 1.902018767568606e-05 0.0 0.018638214705927417 0.2378094091949466 0.7594730543995425 1.7252777196895708e-06 -6.754055128646273e-06 -6.166040175359538e-06 1.1318950238384553e-05 0.0
0.062012202667512846 0.2698700922953006 0.7694120709923937 -1.7572066393180874e-05 1.0212990610701842e-05 -6.253485083881228e-06 2.0364475618293702e-05 0.0 0.018634904786225526 0.2378056572083007 0.7594657437447793 -1.9011408295247349e-06 -5.845568952854633e-06 -8.63783916738921e-06 9.54033812725056e-06 0.0
0.06199766538008854 0.2698793142558328 0.7694149901068383 -1.7039837027032738e-05 9.778932485722366e-06 1.0876958612245365e-06 1.7552748508019757e-05 0.0 0.018629575062497666 0.2378013230640808 0.75946407176377 -5.589606425550021e-06 -4.788550256258585e-06 -3.07710888648578e-06 6.507166555205727e-06 0.0
0.06198832421063939 0.2698870366799904 0.7694080613902166 -1.0204479889405992e-05 8.019543464196753e-06 -5.2050942325299536e-06 1.3503452064414171e-05 0.0 0.01862622418880709 0.23779095837462563 0.7594606692473896 -4.5695686339200085e-06 -8.615146818998014e-06 -2.962120769718893e-06 1.1248799973856497e-05 0.0
0.06196137865375272 0.26989203803722556 0.769407442052859 -2.1873485898013772e-05 5.0884027112795315e-06 -1.6312941642095004e-06 2.725901428230691e-05 0.0 0.018620741037526284 0.23777763014471814 0.7594596412823906 -5.390092684639854e-06 -1.291482773097181e-05 -4.7570674166051476e-07 1.4963836511261122e-05 0.0
0.061944403305371556 0.26989211540893926 0.7694168012367611 -1.7963616858579432e-05 -9.3427150964526e-08 7.5855405136676885e-06 2.037642675088951e-05 0.0 0.018618451999578255 0.23776964044933982 0.7594644909139745 -2.578222998202159e-06 -9.683963040452325e-06 5.035151916984585e-06 9.666516364090607e-06 0.0
0.0619265284072478 0.26989452775341666 0.7694129257883411 -1.8554394071281248e-05 8.4722605907518e-07 -3.447353156920843e-08 1.7571194349121823e-05 0.0 0.018619229713618533 0.23776359821690113 0.7594617369465793 1.1389805197194276e-06 -6.38403280352239e-06 -8.472555955045462e-07 6.13543577733831e-06 0.0
0.06191023384027911 0.2698966266010146 0.7694110536633073 -1.6955310264466272e-05 2.5821776799460414e-06 -3.1361621711923263e-06 1.6512021876861258e-05 0.0 0.01862092629763746 0.23774967773530056 0.7594540772773337 2.6385561486845455e-06 -1.2073990063321933e-05 -7.978492605723794e-06 1.6114242249622572e-05 0.0
0.06188714575271117 0.2698910057085098 0.7694081725573783 -2.117549466137151e-05 -4.016858566114999e-06 -3.917122346727325e-06 2.427345903423772e-05 0.0 0.018628525077978686 0.23771881748138696 0.7594388198295788 6.92553720508138e-06 -2.8097482599969697e-05 -1.6031427623577884e-05 3.565432220855658e-05 0.0
0.06186909739400408 0.26990023673730573 0.7694091391830937 -1.8889870576617094e-05 6.4652643193916685e-06 -2.5914689489490793e-07 2.0632866472945563e-05 0.0 0.018613779578393348 0.237700131327901 0.7594196542827741 -1.089900355174355e-05 -2.3954362706029333e-05 -2.061597119526668e-05 3.079775571889728e-05 0.0
0.061851947449924255 0.26992835873905957 0.7693889420611977 -1.7667141691170338e-05 2.6771919154711942e-05 -1.7246478040742683e-05 3.7742747919056656e-05 0.0 0.018603617888438718 0.2376896527783507 0.759409266083635 -1.3661997610920213e-05 -1.3029767431943533e-05 -1.3092480690030112e-05 1.704123461733949e-05 0.0
0.061831128996058866 0.2699514508123413 0.7693533181117836 -2.0969103008525492e-05 2.794862792550104e-05 -3.4602486662133456e-05 4.803462836657206e-05 0.0 0.018595728731321325 0.23768424593148538 0.7593964302856795 -1.0816067604030324e-05 -3.2120430173749785e-06 -1.0476403685818781e-05 1.5841687865873e-05 0.0
0.06182034583543395 0.2699602646320786 0.7693479509591329 -1.1424196509346014e-05 1.2770026686145389e-05 -1.3643925504854908e-05 1.5113969460434137e-05 0.0 0.018592531295827778 0.23768271677548697 0.7593917930055711 -3.4091575421476936e-06 2.2485398068424407e-06 -3.4497989266078123e-06 6.870886094692321e-06 0.0
0.06180941900189151 0.26997525475483164 0.7693350923078575 -9.852183491149488e-06 1.100775650996254e-05 -1.0604512903399865e-05 2.0985560382940866e-05 0.0 0.018592925367339398 0.23768014947681598 0.7593922097770776 2.5274103508749653e-06 -6.068578782532624e-07 1.1226780567778611e-06 2.388576854853574e-06 0.0
0.06180152908386261 0.26998410288416197 0.7693273729932933 -7.482768249682885e-06 5.8476881305699e-06 -4.1119786574696626e-06 1.5579473157798093e-05 0.0 0.01859239278225021 0.23767848811022518 0.7593906199085624 2.2949813366764622e-06 -3.7050844415634405e-06 -3.104086657734641e-07 1.910826648461615e-06 0.0
0.0617842197724328 0.2699826727253727 0.7693191187146388 -1.584465755949859e-05 -2.052540005918083e-06 -5.143704856776561e-06 1.955378449302546e-05 0.0 0.01859218232020067 0.23767951686106298 0.7593938197596619 6.799998143882475e-08 -1.8773357597143592e-06 1.7781894259070523e-06 3.636115692289147e-06 0.0
0.061771018395571094 0.26998470955925247 0.7693187923985182 -1.4977750286951099e-05 1.963179962424023e-06 -1.7624856790686985e-06 1.2664407902188686e-05 0.0 0.0185901661577353 0.2376793155649067 0.7593945523355085 -4.086893880516271e-06 4.271891363575846e-07 6.277873172220402e-07 2.2218583873683244e-06 0.0
0.06175184500553756 0.2699763902067565 0.7693100629714626 -1.968834582324794e-05 -5.487338929008804e-06 -9.894999070996106e-06 2.213967997798635e-05 0.0 0.018587228207998976 0.23768090309756798 0.7593917909125235 -3.475770247796327e-06 1.757661336993361e-06 -2.5950929567273457e-06 4.0280466383314205e-06 0.0
0.06171029700365052 0.2699705896901955 0.7693031576804784 -3.935428924807886e-05 -7.415531029886668e-06 -8.573180275638893e-06 4.336617594961733e-05 0.0 0.01858493653987647 0.2376844083188355 0.7593849684765955 -2.861254130376763e-06 3.669357856296113e-06 -7.574229052975872e-06 8.230961360374202e-06 0.0
0.06163822201607297 0.2699748531515891 0.7693114917972107 -7.035476432256987e-05 2.3619687801611406e-06 7.21491055175579e-06 7.248760000399241e-05 0.0 0.018584141375446693 0.2376821754871747 0.7593875725836421 -6.767120049690791e-07 -9.756209491084805e-07 5.48895815783739e-07 3.6481059002053357e-06 0.0
0.061595819492090614 0.2699701068718259 0.7693100652159574 -5.31856262922838e-05 -6.25715395873234e-07 1.076189449782435e-06 4.338576170810557e-05 0.0 0.018583978908792577 0.23768267792247674 0.7593935921007763 4.3620066131191005e-07 -6.786533838260142e-07 6.543827307623848e-06 5.700490309900711e-06 0.0
0.06155868820528157 0.2699699448261526 0.7693137247469866 -3.690151053581807e-05 -5.687208296158101e-07 3.819169468824228e-06 3.5233660853834823e-05 0.0 0.0185862572159204 0.23768455531228633 0.7593962896379175 2.383192482981875e-06 1.3603202131746106e-06 5.144580008059106e-06 4.209869014673134e-06 0.0
0.0615244625587718 0.26996901079251484 0.7693181204482897 -2.842500149732009e-05 -1.317959300986049e-06 4.307912160732176e-06 3.563540052192057e-05 0.0 0.018589963124317693 0.23768466742698247 0.7594000210196558 3.9919377012323e-06 7.534139933898667e-07 4.5798039131880505e-06 5.295992077682096e-06 0.0
0.06149208170284756 0.26996838608897805 0.7693260210154702 -2.6431879407906784e-05 -1.0160957972344613e-06 7.21974458983362e-06 3.442151967074966e-05 0.0 0.018590221258373126 0.23769258375026114 0.7593917885263773 9.302690104131453e-07 6.9719879601871e-06 -7.424032506158704e-06 1.1315794269508768e-05 0.0
0.061448266974195295 0.26996133365838265 0.7693279264495442 -4.170331260691646e-05 -7.046827838683558e-06 2.2274515372683258e-06 4.3655350360184375e-05 0.0 0.018591461435845058 0.23769597536546563 0.7593885289921473 5.215124304234991e-07 5.301218423063787e-06 -6.9028079490970295e-06 5.067813695713384e-06 0.0
0.06143342325239462 0.269955142035134 0.7693263294702477 -2.4784322116725304e-05 -6.706068534233276e-06 -1.1246446466418432e-06 1.5956988051353457e-05 0.0 0.0185918849523928 0.23769590416141834 0.7593902090733812 1.1140711912582462e-08 5.444923104356209e-07 -1.5622376050267942e-07 1.4433727166384351e-06 0.0
0.06142709835839406 0.26995208688934336 0.769325431990981 -8.020138714680978e-06 -3.70004209923137e-06 -1.5715436695969228e-06 6.6465279717380695e-06 0.0 0.018593261772583268 0.23769442600873783 0.7593926692930826 9.933097831141965e-07 -2.71519750432732e-06 4.4912479420976484e-06 3.120616935176057e-06 0.0
0.06142552008169149 0.26994994578502274 0.769322905128028 4.079755209338668e-06 -2.363778153172268e-06 -3.7491347910028375e-06 3.98093910907963e-06 0.0 0.0185944530428398 0.23769406215700145 0.7593941102064393 1.4570650775656448e-06 -1.5096074140946203e-06 3.5628096933209432e-06 2.3511390676905823e-06 0.0
0.061425477914521534 0.2699456507099549 0.7693155089719651 2.659527794822376e-06 -2.5928821410576936e-06 -6.274623203790209e-06 9.268824943074348e-06 0.0 0.018596503776879332 0.23769455480145443 0.7593953904377942 2.4008233850660596e-06 1.7547612024826815e-07 1.643579435505898e-06 2.2766515969853796e-06 0.0
0.06142656802706689 0.2699364181182131 0.7693154589218347 3.150974889473072e-07 -8.279792022912366e-06 -1.0949182768160287e-06 9.10850858733013e-06 0.0 0.018595975569546556 0.23769339130522968 0.7593966948099486 5.627361433927735e-08 -1.5061603257245453e-07 4.474875203686084e-07 1.617522536773489e-06 0.0
0.06142933089427568 0.2699314729304241 0.7693148277006981 -2.896018813229153e-07 -6.787400548818247e-06 4.62776581972258e-07 4.933367892943067e-06 0.0 0.018595662578452053 0.2376950524582234 0.7593937331564249 -8.700707857004142e-07 2.1715466789916448e-06 -3.7905800175307653e-06 3.557559429660378e-06 0.0
0.06143548689382335 0.2699320695400206 0.7693168323798063 3.742918207236223e-06 -1.0106760121435222e-06 2.136191312309973e-06 6.803377840525065e-06 0.0 0.018595734406105766 0.23769453997284515 0.7593950919906294 -2.5686477200705656e-07 -2.6474770079723165e-07 4.7097673653888884e-07 1.5403666168193889e-06 0.0
0.061431357294180124 0.26992991298256175 0.7693139241922761 -6.012261476354657e-07 -3.2194243793083916e-07 -1.5750523602087593e-06 5.702843372881874e-06 0.0 0.018595389493796924 0.23769483777804515 0.7593943592498407 -3.3411168200937584e-07 -1.915804061811099e-07 1.0557875534099811e-07 7.129239247625426e-07 0.0
0.06142707802255209 0.26993340694819834 0.7693119405280502 -4.989531413361148e-06 3.834517091568179e-06 -2.6488974356814806e-06 5.921946100169985e-06 0.0 0.018594816571367863 0.23770267071450107 0.759392310663166 -3.273711066095543e-07 6.58043573943847e-06 -1.556720092051846e-06 8.097780498311766e-06 0.0
0.06142384258456333 0.269936008368359 0.7693097916521277 -4.58585583606675e-06 3.3384729976744844e-06 -3.2712892223132916e-06 4.516214317756143e-06 0.0 0.018597867344015244 0.2377097801234511 0.7593854445864391 2.6486560876017256e-06 8.33942655766994e-06 -6.309242182421202e-06 1.06106557468251e-05 0.0
0.06141879878946493 0.26993476327447324 0.7693068549408862 -5.0219555967918155e-06 -1.1384398804040627e-06 -3.341890135202505e-06 5.92074049551875e-06 0.0 0.018602390501124548 0.2377195464464778 0.759376375646516 4.832016706632588e-06 1.0219736251957138e-05 -9.614737901629895e-06 1.3885830255483108e-05 0.0
0.06141435603968922 0.2699372615950527 0.7693052332876552 -3.967196496610564e-06 6.708737257623941e-07 -1.2067687551969846e-06 5.493164226402691e-06 0.0 0.01860438695662421 0.23772552098318733 0.7593703815355283 2.8195972269744127e-06 6.777081877450612e-06 -7.482219814120637e-06 8.645543414570642e-06 0.0
0.061408771641729726 0.26993771878138306 0.7693064905320676 -4.524488720488972e-06 7.927352128403832e-07 1.2354586954823633e-06 5.650692772908738e-06 0.0 0.018605581943964253 0.23773128003779762 0.7593639680950456 1.1994296724409825e-06 5.038368713948706e-06 -6.221844724043141e-06 8.603209408961163e-06 0.0
0.0614054793767747 0.269938027023721 0.7693071705887868 -3.44247022866545e-06 4.815176931604637e-07 1.4951704032852612e-06 3.416922654215727e-06 0.0 0.01860685223715445 0.23773253909111705 0.7593637902309346 5.627583532414365e-07 6.242213996790587e-07 1.3793667310262813e-07 2.099746108864888e-06 0.0
0.06140271276210604 0.2699380689900798 0.7693079342445407 -3.3114412471450116e-06 -9.772226595834304e-09 7.49096065975282e-07 2.7971619996966312e-06 0.0 0.018608702393894092 0.23773092662334513 0.7593670981263395 1.191214202587373e-06 -2.0634585227161358e-06 4.1495467403902005e-06 3.885820693172529e-06 0.0
0.061398752108374546 0.26993509259481185 0.7693056225340933 -3.351002059859081e-06 -2.1873450201586603e-06 -1.9158404313563084e-06 5.5189069657171925e-06 0.0 0.0186080610899495 0.23773313451807382 0.7593648104418943 -1.5472517807701217e-07 1.3593786749898999e-06 -3.7127490194473847e-07 3.4498740029749698e-06 0.0
0.06138788544412278 0.26993337210671453 0.7693045647278088 -9.853977159088188e-06 -2.5362143715011285e-06 -2.044885518044559e-06 1.1096238628161698e-05 0.0 0.018608552396810803 0.23773387699103707 0.7593636082171056 5.930075757274505e-07 1.4281955466646912e-06 -2.2842904557413424e-06 1.3811548806035993e-06 0.0
0.06137994122453466 0.269934552010935 0.7693060517947165 -9.717358475041372e-06 4.707987639432007e-07 6.534986690474138e-07 8.274789915186632e-06 0.0 0.018608386671333844 0.23773368571558814 0.7593640022442917 -1.8994876599406458e-08 8.514564543732612e-07 -1.072024772051795e-06 3.983778389878739e-07 0.0
0.06136799028351048 0.26992973675233234 0.769302879791624 -1.201028329713142e-05 -3.0820194787345042e-06 -1.892499445942506e-06 1.2881589769691211e-05 0.0 0.018608013578570774 0.23773372245095112 0.7593634772222325 -5.295164879551838e-07 9.90281811207927e-08 -6.998620388361431e-07 6.250814020104289e-07 0.0
0.061349881514302214 0.2699287516060751 0.7693035021422844 -1.749344941904283e-05 -1.8672311243614628e-06 2.167539074388401e-07 1.839776560706359e-05 0.0 0.018609719249612626 0.2377338838976189 0.7593643630109336 1.4190909197507614e-06 6.833193703927688e-09 8.48965305025558e-07 2.1201805958816517e-06 0.0
0.061332925590250637 0.2699304867063104 0.7693080912485044 -1.7582291294110505e-05 1.317745954513201e-06 4.12392218125569e-06 1.7842726354110942e-05 0.0 0.018611189474112295 0.2377361807249311 0.7593623465361832 1.8953503959600397e-06 1.5368657407611517e-06 -7.022443983893219e-07 3.2806132714594916e-06 0.0
