0.06159017328601591 0.2798353504606351 0.7636201022937106 0.0 0.0 0.0 0.0 0.0 -0.017111254295736712 0.2787629337231173 0.7627785148068598 0.0 0.0 0.0 0.0 0.0
0.06158608283088478 0.2798023306843724 0.7635661477018209 -4.090455131132431e-06 -3.301977626274377e-05 -5.395459188972662e-05 6.338876425367842e-05 0.0 -0.01713272272580528 0.27870260979741246 0.7626977820370927 -2.1468430068567745e-05 -6.032392570481937e-05 -8.073276976705568e-05 0.00010280738059952646 0.0
0.06156207784604085 0.2797486153434988 0.7635002000163913 -2.400498484392971e-05 -5.3715340873561335e-05 -6.594768542955709e-05 8.837801964309905e-05 0.0 -0.01707218234929729 0.27859855067406153 0.7625197739239559 6.054037650798927e-05 -0.00010405912335093026 -0.0001780081131368405 0.0002187109773578581 0.0
0.06152224874209935 0.2796537281161535 0.7633504533144602 -3.982910394149941e-05 -9.48872273452972e-05 -0.0001497467019311305 0.00018169760090136502 0.0 -0.016968959480036124 0.27842351741147087 0.762265822348925 0.00010322286926116656 -0.00017503326259066254 -0.00025395157503083077 0.00032649194859867264 0.0
0.0615422604904554 0.27960372694895186 0.7632344567241293 1.9273747276293552e-05 -5.199166437293667e-05 -0.00012032691136483391 0.0001278897797409542 0.0 -0.016932969248850162 0.2783485044359403 0.7621298640705686 3.495859213648388e-05 -7.847099035266863e-05 -0.00013788299867092732 0.00015684130325042457 0.0
0.061568294255976014 0.27957295613229133 0.7631860788884615 2.8906027910728264e-05 -2.765298916489945e-05 -4.447732800919449e-05 6.29683657802792e-05 0.0 -0.016921483352629517 0.27832167575271416 0.7620811693611584 8.29686406431227e-06 -2.0813486241137312e-05 -4.3019404218884496e-05 4.901907204447141e-05 0.0
0.06159384445790848 0.2795392734698809 0.7631550735619251 2.961025277391239e-05 -2.776264845304885e-05 -1.9405316766653816e-05 5.361347910990413e-05 0.0 -0.016892987021413418 0.2782634913657323 0.7620271761184242 1.4787103372338595e-05 -4.3547391233008983e-05 -3.420461715650022e-05 9.09116962879879e-05 0.0
0.06160710745991849 0.27951776111686355 0.763137715949679 9.757345364018506e-06 -2.450152785297616e-05 -1.3645715375307551e-05 3.0267882479938354e-05 0.0 -0.016878067095766596 0.2782504751110848 0.7619856732090062 2.400629704187193e-05 -2.467534039679251e-05 -5.0392046336951164e-05 5.271140816773021e-05 0.0
0.06160157597551583 0.27949341191815547 0.7630706749490641 -8.759464273368487e-06 -2.5043263456574296e-05 -5.51232567641437e-05 7.105941204784978e-05 0.0 -0.0164805560239372 0.2774992585918603 0.7613478612592993 0.0003434347383572862 -0.0006507019586283388 -0.000560909866145685 0.0010477795519066367 0.0
0.061602010295517144 0.27947976149030235 0.7630576158062343 -1.179228489316456e-05 -2.0965576144932686e-05 -3.5281499489588345e-05 1.7705583700197864e-05 0.0 -0.01565323337183198 0.2762240017940083 0.7598916735680069 0.0008327065810598685 -0.0013159157440524552 -0.0014480410035584011 0.002123874183573274 0.0
0.06159397359587752 0.2794641599053247 0.7630540138513271 -1.0500074068833516e-05 -1.9004604827579923e-05 -1.7320337569979203e-05 1.6152137285662524e-05 0.0 -0.014768726861443841 0.2750738469472225 0.7586457292740364 0.000987954359369632 -0.0013389901089000918 -0.0014776984280988283 0.001921872508661262 0.0
0.06151642223008251 0.2793398930506973 0.7629383825896344 -6.286448170850684e-05 -0.00010574131196793108 -9.302476436866321e-05 0.00018651388279344053 0.0 -0.013484800610637147 0.2737475481049908 0.7575847440470388 0.0012828091418876479 -0.0013418886829635302 -0.0011497990145359416 0.00207775127131673 0.0
0.06145387829441848 0.2792167145631792 0.7627013259071256 -7.226705407760721e-05 -0.00013839507008277891 -0.000226699998754107 0.0002802206941218691 0.0 -0.012255357427721344 0.2724045956363584 0.7570167630253388 0.0012651115886779744 -0.001283616173821983 -0.0005267608125078654 0.001932132467857556 0.0
0.06144085435877428 0.279201723435901 0.7625680557845563 -2.507435563839225e-05 -4.435152824533139e-05 -0.0001779978577927113 0.00013334338922028113 0.0 -0.011503855850059379 0.27121930418155155 0.7565309551895142 0.0007872842172631388 -0.0011192169707492914 -0.000277184340411786 0.0015123028860817495 0.0
0.061381395234820744 0.27910892433168116 0.7624425288683038 -4.45218227185009e-05 -6.627086569739336e-05 -0.00013096360435399873 0.00015603815983686464 0.0 -0.01127076186000796 0.26982879651151415 0.7549776956691181 0.00018311562647674607 -0.0012942929242904643 -0.0012687369838132335 0.0020660736059530884 0.0
0.06136824389377074 0.2790714445962462 0.7623526517931243 -1.4563640382003096e-05 -3.344481995023798e-05 -7.59767789564146e-05 0.00010848047376423126 0.0 -0.011646307542864874 0.2692853709700476 0.7534532713735556 -0.0004395169557275 -0.000715387438651446 -0.0017393187220297683 0.0016893207045617653 0.0
0.06134299153003798 0.2790638258764087 0.762295115842513 -1.7158446629888425e-05 -2.893912794094988e-06 -3.1184951905685486e-05 6.529472838010875e-05 0.0 -0.012180871967814491 0.26883228235070467 0.7522475264558292 -0.0006625292424430205 -0.0003917387910332971 -0.0014977427096026542 0.0013773685850637712 0.0
0.061327921173875345 0.2790623204479953 0.7622759726021628 -1.8371349813002015e-05 -4.162750045313533e-07 -1.227399526621442e-05 1.9356426315185867e-05 0.0 -0.012504065446972535 0.26848668005505316 0.7515875086735859 -0.0004009353213743675 -0.0002475448705304361 -0.0007279217995698264 0.0007971143525641348 0.0
0.06129957016023304 0.27904817511311164 0.7622778015352978 -3.18470576838102e-05 -1.8330009092253266e-05 -8.62123467621803e-06 3.105058039203763e-05 0.0 -0.012855836552539074 0.26836220708634007 0.7508799474053673 -0.00021774465008888308 -0.00013755697385501426 -0.00048736776330716666 0.0008107131929895926 0.0
0.06127909652676099 0.2790546897184709 0.7622662425850978 -2.1658984751933224e-05 3.57511370312571e-06 -1.5625097811575612e-05 2.8531380023565935e-05 0.0 -0.013082797384389545 0.2680413788500688 0.7502574273875029 -0.00011959713263388102 -0.0003098828767909112 -0.00044667210164187727 0.0007599899273374798 0.0
0.06127266374307771 0.2790546184698169 0.7622591172233244 -8.053411137361243e-06 2.941461256315706e-06 -6.024255716332178e-06 6.618848140623769e-06 0.0 -0.01316915775181284 0.2678959684215481 0.749941006242614 -5.082756036283169e-05 -0.00024318011817019277 -0.0003684443366741115 0.00034128845379996216 0.0
0.061251198511380146 0.2790527756560869 0.7622582165998476 -1.9975617897252445e-05 -9.350134263108813e-06 -9.01963972446725e-06 2.154203326077008e-05 0.0 -0.013215111034391859 0.26765340615744554 0.7493216090813661 -5.192250151741585e-05 -0.0002688682545224062 -0.0006773073853061575 0.0006510417808038996 0.0
0.06118900598731115 0.27907450583306626 0.7622578947969149 -5.31787728502236e-05 2.1550985789044113e-05 -2.1887754692916995e-06 6.645229016784382e-05 0.0 -0.013360124782002646 0.26752399397810667 0.7485935838683735 -0.00016629503621000242 -0.00010878102852703345 -0.0007648754218659995 0.0007717761394854731 1.0
0.06112556565467508 0.27909696601988104 0.7622599905736352 -7.131267425220267e-05 2.6796312725165546e-05 3.7997240173269492e-06 6.904257981157367e-05 0.0 -0.013446368897602834 0.26701413075168734 0.7479812843964904 -0.0001257929267786773 -0.00044878747474673246 -0.0006671390341690536 0.0008076458587289875 1.0
0.06108360487187243 0.27912703604273675 0.7622449473957477 -5.124987255239497e-05 3.1234916714373966e-05 -8.890624567360813e-06 5.1622424240282974e-05 0.0 -0.013471915762967034 0.26674806988649613 0.7477878895960534 -4.6720952554870796e-05 -0.0003333541442011655 -0.00024592681378306875 0.00031644576537000484 1.0
0.06101598316873122 0.2791309622343071 0.7622560049761374 -6.203508414015349e-05 8.445271841690635e-06 5.885086780323682e-06 6.783667540924304e-05 0.0 -0.013452339500260818 0.26633697641725385 0.7477054379901472 9.165673740828154e-06 -0.0003917182797922664 -2.937869471021995e-05 0.00040596130742414716 1.0
0.06096339918266489 0.27914058224267335 0.7622718037652368 -5.0251540115950544e-05 5.58549891540046e-06 1.5131975334918186e-05 5.8145389131131804e-05 0.0 -0.01326558415148938 0.26615848533870134 0.747721249788912 0.00018958904032878262 -0.0002194521948649128 0.00010872088571252695 0.00028934538050289123 1.0
0.060935645592625855 0.2791453864063272 0.7622787907987977 -2.728827937655398e-05 4.6429363132720314e-07 1.2045552527685567e-05 2.8648793123354035e-05 0.0 -0.01321361980382158 0.2660011717341566 0.7477690494598362 0.00011333275595613865 -0.00010731014256875899 9.467810236301314e-05 0.00016358434995706976 1.0
0.06092885685906449 0.2791414983644987 0.7622700814459772 -6.910100799066544e-06 -3.7712509880746934e-06 -5.388483543320974e-06 1.0065197337758177e-05 0.0 -0.013128982003993301 0.265677494613329 0.7478802875429987 7.421714130108169e-05 -0.0002645515875833487 4.977318941684736e-05 0.0003416885387998694 1.0
0.060910122561914574 0.2791332993414193 0.762249843652498 -1.3557532202764764e-05 -6.058016952731815e-06 -2.2693494241265205e-05 2.950629309273084e-05 0.0 -0.01316363383440548 0.26556038426763234 0.7479249647432633 -4.671834709521895e-05 -0.000164416614038757 9.920550776738413e-06 0.00013978995761768608 1.0
0.06086680187848077 0.2791096791647186 0.7622180688362014 -3.833134590817609e-05 -2.1268799825820263e-05 -3.613594939824398e-05 5.993436207895372e-05 0.0 -0.012987766135784144 0.26547324349625795 0.7479070778001544 0.0001174305616789879 -0.00011965682344119015 -2.5830147987467673e-05 0.00019206104598958648 1.0
0.06079968857781759 0.2791009108859282 0.7621542572427425 -7.051991458815942e-05 -1.2849526887711929e-05 -6.34154646320628e-05 9.221264105886855e-05 0.0 -0.012197454941398445 0.2653307757215614 0.7478285434062082 0.0007196228485453911 -0.00010973460561612718 -7.021556845292177e-05 0.0007993305543354313 1.0
0.060754623436615536 0.27907882085436253 0.7621017503970273 -6.065735272794505e-05 -2.065317215050828e-05 -5.600874718976631e-05 7.256145591831331e-05 0.0 -0.011630749506444145 0.26527582128310917 0.7478367329849389 0.0007215202296215616 -7.092702532732052e-05 -2.205756523105816e-05 0.0005994962883463825 1.0
0.06060616819045546 0.27898764185453484 0.7619223903974328 -0.00013360793017411422 -7.985915099313969e-05 -0.0001608065353860193 0.0002470433818932739 0.0 -0.009439046011621495 0.2649145686106039 0.7479292513707765 0.0020258192391181622 -0.0002996905727528737 9.241455860936105e-05 0.002177952538232621 1.0
0.060469164871387086 0.2789040808385173 0.7617600146271104 -0.0001457060975592551 -9.448210547175711e-05 -0.00017971378165876632 0.0002355370440203478 0.0 -0.00787942201453475 0.2646846660141651 0.7482389346262595 0.001833548614705529 -0.00029951004712043143 0.0003147699698860469 0.0016615188655134108 1.0
0.06029634202948354 0.27886623918950026 0.7615417258925241 -0.0001726690072567589 -5.212344840628864e-05 -0.0002203883224776183 0.0002752405743724224 0.0 -0.005464413231877287 0.2640174826966966 0.7488036994177885 0.0023301483111858533 -0.0006354423293614572 0.0005859834427627011 0.00251266935437764 1.0
0.06009126573270217 0.2788992026630795 0.7613092937140037 -0.00020463017824828462 3.0051233236104503e-05 -0.00023509416165555164 0.00031107794237571895 0.0 -0.002989587008917888 0.2629438586274962 0.7498492258809194 0.0024646232158201994 -0.0010506870773022096 0.0010334901581258273 0.002918145959124676 1.0
0.05975841376378036 0.27897233953676587 0.7610663210877773 -0.00031778891649384094 8.926185383718296e-05 -0.0002402472145668155 0.00042063759798211913 0.0 -0.00123732404570814 0.25997646560246424 0.7511994317312886 0.0018478650817057999 -0.0027875000522148423 0.001386663969993535 0.0037063248162554586 1.0
0.059467050358606756 0.27890216040881877 0.7607735045366626 -0.00031275627022658305 -2.887572396995271e-05 -0.000281364172458839 0.00042274917031212545 0.0 -0.000269144270683963 0.25765919920318014 0.7521349621078147 0.0009395689816132349 -0.002715166359895356 0.0010629587492034564 0.0027051141374426386 1.0
0.05934980504365494 0.2788724097465372 0.7604547331708622 -0.00014667042458250783 -5.595814914378907e-05 -0.00031780760733874313 0.00033525802504767434 0.0 -3.652462097718748e-05 0.25632974485790966 0.752841554962533 8.564926623655844e-05 -0.0015696619823741794 0.0006796064170291689 0.001452927933733235 1.0
0.05930283810706227 0.2787371438227116 0.7601643272488776 -2.849125105050079e-05 -0.00014755421682241263 -0.000306901470977776 0.0003230462846366258 0.0 0.0006843793182645896 0.25504902679778335 0.7530287753366607 0.0004908779374013685 -0.0010153985064539628 0.00011490251198740144 0.001506766831956786 1.0
0.05925328598517106 0.27852834278957744 0.7598693122333366 -2.4233125022168396e-06 -0.00021843518190152927 -0.0002894883151277194 0.00036774750153451165 0.0 0.0015824377413100465 0.2537103222425012 0.75308155541132 0.0008598146541741113 -0.0009810633210000595 -8.803000388100737e-05 0.0016546270656408227 1.0
0.059223123278739236 0.27847630972557796 0.7596949005812057 -1.9114252893838066e-05 -8.549682537916899e-05 -0.0001870013190431155 0.0001896703452916895 0.0 0.0024291635359384683 0.25214120616526814 0.7532043315353324 0.0011350684727659873 -0.0014525802946861982 5.4091227139388686e-05 0.0017882658399288698 1.0
0.05918644775442225 0.2784111972427683 0.7595936331292246 -5.391642688762214e-05 -3.605296360457298e-05 -8.911751097811233e-05 0.00011563426010775785 0.0 0.0028810267232851415 0.25070006895406544 0.7534539827456969 0.0006715939820248601 -0.0016573601182506867 0.0003147378685788584 0.0014842379265010584 1.0
0.05912433937530808 0.27828300927053967 0.7594491695797806 -8.875416682809433e-05 -9.191048148692289e-05 -0.00011385375493616623 0.0002048417513286476 0.0 0.0029031630951225286 0.24994324169043652 0.7537263612484854 1.5384927335966928e-07 -0.0010981304734673661 0.00038935065342814905 0.0008115582180510533 1.0
0.05908813189174659 0.2781732319163174 0.7592958353164422 -4.923539468320849e-05 -0.0001171505427990944 -0.0001547442106114087 0.00020095455078267217 0.0 0.0027376829382167673 0.2495406722439053 0.753689868199737 -0.00035608486856369623 -0.00030355124011349115 5.820805304072776e-05 0.0004420447990509881 1.0
0.0590786447722865 0.27807874650622383 0.7591678998467299 -2.611933960116838e-06 -0.00010533213389126301 -0.00015068419547123875 0.00015362023040318816 0.0 0.0020404330030779527 0.24903108783569416 0.7533061414677852 -0.0007690497145174941 -0.00026583624133555374 -0.00038062970739229725 0.0009513570472007397 1.0
0.059075337818204385 0.2780493153377184 0.7591361283462972 6.5619144472258345e-06 -5.401716267490067e-05 -5.841515596459289e-05 3.8850512486226845e-05 0.0 0.0018338812526179833 0.24883188488971605 0.753231271799659 -0.0003005856611817281 -0.00020194457966658352 -0.00025835185360965733 0.00033140896733382334 1.0
0.059020670230271195 0.27802401178011205 0.7590984614248426 -4.076616470071007e-05 -1.4693894990584251e-05 -2.442230483593917e-05 7.344290288590981e-05 0.0 0.0016499911406737426 0.24869879737072673 0.7531638855020483 -9.415280762456067e-05 -0.00018713346154808244 -9.066985363815734e-05 0.00018301379482410745 1.0
0.05897419887697608 0.2780087600311288 0.7590704833491015 -5.275022011340675e-05 7.073010374201001e-06 -6.003646013841356e-06 6.171230671500757e-05 0.0 0.0016430113136435007 0.24867223784430326 0.7531506933873401 8.716685451727949e-05 -0.00010665213019126992 4.732029926780759e-05 3.5417839493569756e-05 1.0
0.05891468719682838 0.27798546719354683 0.7590230619529402 -6.772141704294583e-05 -2.3585480102902826e-05 -3.9910708741753615e-05 7.650847630585422e-05 0.0 0.0016536376441979874 0.24866498919340657 0.7531349835432456 7.772090401026149e-05 -7.2407602068798056e-06 6.160442502605012e-05 4.489333487941809e-05 1.0
0.05885190708272602 0.2779499372440677 0.758966843691678 -6.821938005550414e-05 -4.56682190320198e-05 -7.056524167036087e-05 8.998712624044074e-05 0.0 0.0016764850530879912 0.24866272804323528 0.7531281456464335 2.0296779502361148e-05 3.899618789891205e-05 6.336112221982807e-06 2.2801697826604038e-05 1.0
0.05878677634815138 0.27793075851172366 0.7589076692881617 -6.117238295806552e-05 -2.9338166284491204e-05 -7.144713775980862e-05 9.010453784337802e-05 0.0 0.0017143691719050916 0.24866746037532123 0.7531228211306482 -1.4943449697901962e-05 -1.3081280833144573e-06 -5.1679302771963755e-05 2.0569001083628534e-05 1.0
0.05873688514437611 0.27792120230790435 0.7588705869071869 -4.702394467436368e-05 -1.0952861502217925e-05 -4.1211168090648885e-05 6.458789732515739e-05 0.0 0.0017675350915031432 0.24869205537891298 0.7531171306761922 -6.086729645436283e-06 -3.017073284603553e-06 -3.7627999747477035e-05 7.094121683558913e-05 1.0
0.05864647148926153 0.27789762112646543 0.7588022809743749 -8.141689828930932e-05 -1.3879814856693752e-05 -5.3378884199988864e-05 0.00011328195639952402 0.0 0.0019133013447679699 0.2487517158148538 0.7531321984206856 0.0001534385636736235 6.819667968920799e-05 2.9328862071717682e-05 0.00015203218451513177 1.0
0.05857693565595281 0.2778832064382309 0.7587455956153276 -7.86032199629679e-05 -1.4494132447727489e-05 -5.801372885638871e-05 9.465505560634328e-05 0.0 0.0020949559381305055 0.24879992366618062 0.7531843935736354 0.00018863060932972902 5.8583597848414754e-05 4.924001408613362e-05 0.00020107036271629664 1.0
0.0585093302481861 0.2778277752520399 0.7586650435623563 -6.861571493050929e-05 -4.961665137650409e-05 -7.736840214093291e-05 0.00011600714100925564 0.0 0.002250708444233685 0.24881356023899884 0.7532543373264282 0.00018556781650166354 2.7404281184921413e-05 7.811355847867722e-05 0.00016860073167664338 1.0
0.05844772749681064 0.27774782201731824 0.7585686142447978 -6.170872528633327e-05 -8.398089727459137e-05 -9.917612994199076e-05 0.00013971835001149984 0.0 0.0023908655910881314 0.2487638833720634 0.7533800915933416 0.00014141493793938526 -4.812694283283808e-05 0.00012450011607905865 0.00019193864104902816 1.0
0.05839660523075895 0.2776760461179952 0.758466117155871 -4.943041383857842e-05 -8.200194284879793e-05 -0.00010653922409798917 0.0001364191580840646 0.0 0.0024044846544080565 0.2487103191152621 0.7534379163123932 1.707305040356922e-05 -7.08698522801522e-05 7.623283999412619e-05 8.434134418532484e-05 1.0
0.05832593154606462 0.2775586129569766 0.7583093904588624 -6.423341879614256e-05 -0.00011129192740133413 -0.00015049053212706277 0.00020689680044117236 0.0 0.0023460725239235723 0.24862352554229492 0.753467364026202 -7.878247050850413e-05 -9.217133290823179e-05 2.5467710899533463e-05 0.00010569888833309848 1.0
0.05824384622746042 0.27741956285878444 0.7581289350379009 -8.255265417560917e-05 -0.0001377410456513733 -0.00018251342947826142 0.00024323265560569578 0.0 0.0022216412716860906 0.24854460785989052 0.7534574258338524 -0.00014138206046858628 -7.99675161043592e-05 -2.183954392390851e-05 0.0001493051761280167 1.0
0.05811949230523803 0.2772374725777291 0.7578517210389311 -0.0001261574794585064 -0.00017972115094268284 -0.00027217184897215173 0.0003537521095443797 0.0 0.0020806271696683283 0.24851309301684227 0.7533990618457973 -0.00014677865877663708 -2.9638641045017883e-05 -6.611972190094353e-05 0.00015774691841688074 1.0
0.05800809939939279 0.2771383399506271 0.7576427841552422 -0.00012062814054412378 -0.00011702241086908294 -0.00023209373580609254 0.0002587059141507048 0.0 0.002072409945010673 0.24839331835237707 0.7532773628067461 -2.162352958703817e-05 -9.398679991607537e-05 -0.00012081708689779429 0.00016785985104320273 1.0
0.057818083801424724 0.2771186597932646 0.7574943090250051 -0.00018128734142408562 -2.3646659542863432e-05 -0.00015514382769487174 0.0002365322886262787 0.0 0.002203968346822366 0.24811189162400565 0.7530773083526123 0.00014493928625200405 -0.00026373288684007656 -0.00019435380553308926 0.0003663809764530572 1.0
0.05766937281414342 0.277120099175404 0.757440381593345 -0.0001609659818310082 2.4043311285589604e-05 -4.4445875506685174e-05 0.00016185237737242095 0.0 0.0022880189593128927 0.24774744737092938 0.7527490247918303 0.0001393572161086941 -0.000388395033518742 -0.00031811507169838903 0.0005061283763005821 1.0
0.057485238655816825 0.2771277421755598 0.7574028828052465 -0.00017699523315047077 2.6300224675886547e-05 -8.050821050157298e-06 0.0001880063869097989 0.0 0.0023431558655746688 0.24740223635454614 0.7524319074235821 6.873966087996572e-05 -0.0003842294649550652 -0.0003428610418093121 0.00046936716705538476 1.0
0.05732134539178644 0.27713971717635816 0.7573828271725909 -0.00016536115895926702 8.160818805943448e-06 -9.744280650449827e-06 0.00016801435712661137 0.0 0.0023622808254112446 0.24711675210791548 0.7522560204081888 -6.209350341291108e-07 -0.00029998816606973885 -0.00020127138947913071 0.0003299073819505298 1.0
0.05718004318298527 0.2771458404087166 0.7573718637150708 -0.00014033895685819202 -7.54296266414396e-06 -2.0195122784844255e-05 0.0001380493022868107 0.0 0.0024288248112230497 0.24674094628457552 0.7520726595728763 2.196114111173665e-05 -0.0003294582369432473 -0.00015039324565043984 0.00042230992914151427 1.0
0.05706262777834852 0.2771496548922355 0.7573692180276785 -0.0001148722557712771 -9.185569853469223e-06 -2.2044805515246743e-05 0.00011803515897150578 0.0 0.002495875007339176 0.24642579530837222 0.7519659781293272 5.8417354723545195e-05 -0.0003027756499649435 -8.546695418207599e-05 0.00035204945103865413 1.0
0.056944052910541894 0.27714725659442213 0.7573662181647643 -0.0001111187339134929 2.37014178375045e-08 -6.543253671855624e-06 0.00011835499466087784 0.0 0.0028129784418890412 0.24579061008793818 0.7516688678189867 0.0003024869284174556 -0.0005911076420024643 -0.00025328802684681324 0.0007583212938272536 1.0
0.056877539773626556 0.2771535471126008 0.7573627025782657 -7.574018774046987e-05 8.350112442624506e-06 -2.243734994102146e-06 6.984324421704387e-05 0.0 0.0031585455910320905 0.24543090620194774 0.75152697334997 0.00039322973405124854 -0.0004543356730252869 -0.00019957831669224763 0.0005317843161262095 1.0
0.05680688496437293 0.27715541568183705 0.7573532296862601 -6.346286998797585e-05 4.53835107228055e-06 -4.639363602345492e-06 6.785701624494357e-05 0.0 0.0036677442439844226 0.2451174555029654 0.751404913715799 0.0005162894133281889 -0.0003231094819488878 -0.00014733631140631073 0.0005913755380095884 1.0
0.056738952033613656 0.2771592000496958 0.757347018746201 -6.952740315440054e-05 5.0780578282714195e-06 -8.174479909991717e-06 6.99402969218956e-05 0.0 0.004120187063178188 0.24490757584295708 0.7513506900032764 0.0004810213664399892 -0.00018113993739162757 -4.9126159705110116e-05 0.0005098226375230276 1.0
0.056681437598631375 0.2771731040644653 0.7573362829513635 -5.996800643806943e-05 1.3347977205271488e-05 -9.939176760996229e-06 6.0724132972535526e-05 0.0 0.004785581001969325 0.24462513187126922 0.7512123072941593 0.0006212842722167346 -0.000223214106111387 -9.408191680691059e-05 0.0007368599240323876 1.0
0.05662561796872527 0.27718842913120023 0.7573283738836086 -5.7527464404175075e-05 1.6171854315993672e-05 -7.915352349983979e-06 5.7360909219561544e-05 0.0 0.005403983759955217 0.24437404177541003 0.7509178753138062 0.0006263108043981528 -0.00025618031660105126 -0.0002741449500221133 0.0007399548824873949 1.0
0.05657617873936866 0.277167351077256 0.7572997511710439 -5.1494682103667066e-05 -1.4990943682003684e-05 -2.4662078449672345e-05 6.0521846753420946e-05 0.0 0.00810710837781453 0.24407891117713526 0.7507277519225237 0.002407529306078915 -0.00031499163831126206 -0.00024571116380586234 0.002691350859549649 1.0
0.05655129829044539 0.2771274328837959 0.7572457740200562 -2.7724484134833806e-05 -4.252882017869148e-05 -5.275304480029152e-05 7.27890419850938e-05 0.0 0.009640160716789912 0.2437934813958507 0.7507667968951731 0.001995307406621105 -0.00032826080188693823 -2.0529601292016618e-05 0.0016399698396616356 1.0
0.05652191408717651 0.27702133915801164 0.7571188178551397 -2.197257989883651e-05 -0.00010424743586249304 -0.00012259360243908183 0.0001667615652613022 0.0 0.01073309209554505 0.24352616820343762 0.7506096376385976 0.0012285596694923506 -0.00025764906339164576 -7.210366968687872e-05 0.0010423229581137824 1.0
0.05651623553246177 0.2769449759806928 0.7570255582011803 -8.112489744411562e-06 -9.359047566580745e-05 -0.00011171814437058045 0.0001238818821885118 0.0 0.01151057264251438 0.24366072741806027 0.7506258145610637 0.000615079413298678 8.743723020168269e-05 1.4251033417605796e-05 0.0007956244294776409 1.0
0.0564990889528858 0.27688666317895577 0.7569594087441166 -1.3365325245459192e-05 -6.146890684458098e-05 -7.216156809742585e-05 8.57206262516022e-05 0.0 0.011662371483748258 0.2435448412503701 0.7509456880136923 -4.90904249769138e-05 -1.2233750103129624e-05 0.0002880065932471242 0.0004323441313335204 1.0
0.0564988871738677 0.2768015001974197 0.7568481464113908 -3.4394531261825503e-06 -6.9486414110976e-05 -9.312502781819828e-05 0.00013920215289462567 0.0 0.01246369121400774 0.24285542118039755 0.7516235943944412 0.0005151334320877238 -0.0005973447035559312 0.0006565424241341248 0.0012426034070393823 1.0
0.056503127131175675 0.27671729724754063 0.756757158983719 2.850205803978739e-06 -7.775089859025875e-05 -8.759959698211974e-05 0.0001296049603063433 0.0 0.014319261939466551 0.2433718297609904 0.7520184588292924 0.0018444967564807265 0.00023455747607606034 0.000507249039882706 0.0019423396035856224 1.0
0.056445767770718865 0.27651424354440174 0.756543801772491 -4.7508862077994595e-05 -0.00018843580434357084 -0.00019629082148959757 0.0002963280377033462 0.0 0.015891755224185962 0.2438389985046264 0.7518542370356097 0.0020682520745931585 0.0005337411345537645 -7.464786130325417e-05 0.0016792390364183556 1.0
0.05638981254359525 0.276275377546166 0.7562611413099012 -6.365695313690896e-05 -0.0002554998547520069 -0.0002942907152744664 0.0003761238108444862 0.0 0.017268850944737495 0.2442092392488022 0.7510506672172046 0.001499755331825425 0.0005098824006342388 -0.0008517087053770612 0.0015825434094844837 1.0
0.056357928369596015 0.2760926150316583 0.7560298311241535 -4.36119679436504e-05 -0.00021434626177484396 -0.0002670688958193622 0.0002970710524835183 0.0 0.01877905256757784 0.24398862092971513 0.7510902354460868 0.001399333679823848 -8.460908548931978e-05 -0.0003136254141350381 0.001549744281267624 1.0
0.056330213095540725 0.2759152563926973 0.7558299834421255 -2.488286519358109e-05 -0.0001702563988566119 -0.00020106892523355028 0.00026246415368437405 0.0 0.019805073022737034 0.24368152633340126 0.7509913492915388 0.0009187560827831917 -0.00041670667208165804 -3.520074428031754e-05 0.0011113303019408079 1.0
0.05632219686269712 0.27584768788722547 0.7557549538191495 -3.0805973071793587e-06 -6.326493479668823e-05 -7.035322188605945e-05 0.00010611239172891068 0.0 0.02015167948461674 0.24352702319457883 0.7509156414761141 0.00026944156861233044 -0.00037698940287893273 9.804768765209936e-05 0.0003599094882947336 1.0
0.056260746140791386 0.27567459441474196 0.7555826030861064 -4.3977744626703636e-05 -0.0001298377749225845 -0.0001230932513069734 0.0002508235361187656 0.0 0.020980384419034537 0.24304963644817398 0.7507471373027942 0.0006845364671301707 -0.0004600748257429957 -3.176302302553425e-05 0.0009461798951013543 1.0
0.05581114811580141 0.27521924938215797 0.7550361485383571 -0.00040125678574978415 -0.00041762175801539364 -0.00048788237135347605 0.0008413678839973333 0.0 0.0215993735895282 0.24224990714318312 0.7505743783393131 0.0007175335215559086 -0.0006330258023709736 -0.00021536259453798382 0.001079573245675119 1.0
0.05492000504759531 0.2746654961135034 0.7542433414157369 -0.0008970057393394368 -0.0006061756459450218 -0.0008381502633988502 0.0013255486273999453 0.0 0.02172839649476905 0.24197465251438394 0.7505521747644625 0.00024096453712551397 -0.0003750705618568354 -0.00015247940664410794 0.00029012418794998164 1.0
0.05315304451793523 0.2729253006671511 0.7525148430969278 -0.0017549100990729403 -0.0016341154379599131 -0.0016959882499135363 0.0030008321821001116 0.0 0.021846121076496226 0.24185280438935225 0.7505554747305755 0.00011523495794681484 -0.00011534135578354453 -2.2774997888793606e-05 0.00012068790556794134 1.0
0.04963680361896058 0.26961174090062223 0.7499644681732657 -0.003441514760651062 -0.0032672471890126 -0.0025955175325898467 0.005477086477722864 0.0 0.021936873065317407 0.24173988303153693 0.7505792790846448 6.581872375890094e-05 -5.434050315651623e-05 0.00011010370446386242 0.00017971197913999406 1.0
0.04587927281771392 0.2658510164276129 0.7495386450203162 -0.004036702080926763 -0.0040292706849767235 -0.0009120862622650517 0.005375279376608799 0.0 0.02197844943271054 0.2417342536475028 0.7505230019574313 -8.787633019687784e-06 5.0056224559208396e-05 -4.0162521453096136e-05 0.00010069240768626983 1.0
0.04376788985333285 0.263567297093899 0.7493460079022715 -0.0025129681551432437 -0.002703100703572578 4.142102410372269e-05 0.0030509307498005948 0.0 0.022011867252603103 0.2417302279712812 0.7505089919470509 3.5046422793989654e-05 7.677270058477169e-06 -3.955029697243994e-05 3.168172467269857e-06 1.0
0.04060734383515184 0.25966271948454656 0.74897844616015 -0.0026887354922847185 -0.0034085034492893707 5.202836351555457e-05 0.004955001056701927 0.0 0.02202980469270799 0.24171142095131073 0.7505000525638984 9.478778925106797e-05 -8.468458468651805e-05 -3.5909857923945886e-05 2.2108054550624772e-05 1.0
0.03897426878375237 0.25878209665188256 0.7485116980766724 -0.0015822539185430145 -0.0011265058151366972 -0.00031337805780005576 0.0021406913998513284 0.0 0.02203529111615366 0.2417121824278811 0.750496209014174 -2.330945122451804e-06 -4.674887994937746e-05 -4.727971591486922e-06 2.228017190427701e-05 1.0
0.03670367750249949 0.25788198861840966 0.7485784090996603 -0.0019330155367022633 -0.0004774796885999968 -0.0001703494323561662 0.002291364190446789 0.0 0.022041598539873062 0.24171622404142 0.7504987064665645 -2.5053226773152264e-05 2.9522507171462196e-05 1.8739807789537366e-05 3.6733537177680107e-06 1.0
0.03531831865972845 0.25618749468064156 0.7486606438863793 -0.0015875203885035599 -0.0013799911867577142 -0.00012874241850340212 0.002190058985209759 0.0 0.02204048961114851 0.24171468099575777 0.7504991471128907 3.2325115462036565e-06 2.939648576935031e-06 7.2797270785390815e-06 8.047927932125086e-07 1.0
0.034932104333144726 0.2543490903084047 0.7487746114099916 -0.0006551183627113806 -0.00202640625400396 9.146795746254417e-05 0.001940835823458685 0.0 0.022052692056588236 0.2416812996043207 0.7505007470428677 1.0109330767502466e-05 -2.852576137834419e-05 -1.3098648966807575e-07 3.6202135370904526e-05 1.0
0.034904256392110665 0.2520840734272631 0.7483214507872074 9.289685412861622e-05 -0.002495419188248138 -0.00019380696036191882 0.002288209087606247 0.0 0.022056991213603123 0.24166359092936948 0.7505044446145227 5.544821787073503e-06 -1.7969433017228523e-05 -3.6979264952036664e-06 1.9621676181929534e-05 1.0
0.034547607337987674 0.25125335803990895 0.748003689484559 -9.227850407557718e-05 -0.0012636452174907531 -0.0004344867542272473 0.0009245607409433089 0.0 0.022055205072050638 0.24163897010206828 0.7505128493356423 2.0704356589717332e-07 -2.7100649409729013e-05 1.0073872286431959e-05 2.4289260084284022e-05 1.0
0.03438129942207689 0.2504604403425838 0.7475787030340487 -0.00030841552310933475 -0.0007183057742388799 -0.0005206927844874264 0.0009397880683062782 0.0 0.022057702303848768 0.24162189710930446 0.7505408519463554 -2.962463864394002e-07 -1.825142126162086e-05 2.6068692844865334e-05 3.3439709184054224e-05 1.0
0.03436145224339047 0.24950789414045005 0.7473488844416549 -0.00011036099018072159 -0.00045146114819761066 -0.00027286689788514576 0.0009715162326016189 0.0 0.022005929337402197 0.24160918013385096 0.7505298115029962 -4.565485425308795e-05 -8.350854275917499e-06 -1.7993672127387205e-06 5.499489280713304e-05 1.0
0.03437203172400539 0.2491579585867875 0.7476678951654524 -0.00012736873568426925 -0.0003946333301936097 0.00034223583975369977 0.0005136824647508668 0.0 0.022041313225126386 0.24154840174883338 0.7504908764573255 1.5544618321119128e-05 -5.069298832796476e-05 -3.796304725277794e-05 8.060454249399087e-05 1.0
0.034560257162575464 0.2488674070155997 0.7480116592652292 0.00023497143621226992 -0.000379403697382689 0.0004815577412508558 0.0004469235661492695 0.0 0.022124271799675903 0.24149380548487098 0.7504646528909726 8.259068975716864e-05 -6.260875453615672e-05 -3.7474089969655445e-05 0.00010189084346841243 1.0
0.035449481315891804 0.24807458703466737 0.7492652379695379 0.0008985167423889845 -0.0007800441416798095 0.00120035430379099 0.0017080995925446182 0.0 0.022082224265040685 0.2414937162850046 0.7505072401347846 -5.892851516878593e-06 -1.5215951320290383e-05 2.912407343583587e-05 6.075824751436864e-05 1.0
0.0362689555516794 0.2477053255401765 0.7506566915234789 0.000948043743669612 -0.0005265653377233095 0.001454154729124284 0.0017356473943026685 0.0 0.021937574004528844 0.24154253516780722 0.7505914233194925 -0.00013800488092365168 5.045582920425227e-05 9.144105081056513e-05 0.0001711827887710505 1.0
0.0368548166095055 0.24767531253588168 0.750745349365914 0.0006527513075680003 -1.8209039607732826e-05 0.0003456902558730589 0.0005432993291174118 0.0 0.02186928408236005 0.2415552977390003 0.7506294365352075 -0.00011221332192585506 3.4792893600647825e-05 6.498537252851758e-05 8.556947230617076e-05 1.0
0.036964832570769955 0.24620454297373331 0.7505241219677475 0.0001288798150524347 -0.0012236076109716962 -0.00040662372664885063 0.001429983646521867 0.0 0.02172081312304316 0.24157625037480018 0.7506821021155468 -0.00015016776245738587 2.492071808301893e-05 5.226674203905008e-05 0.0001524620498738446 1.0
0.037057476796246186 0.24426331719411123 0.7504065432582256 -7.033545876022646e-05 -0.0020144305596187283 -0.00041067759519354183 0.0020452696489577484 0.0 0.021448364892043364 0.24160899314189777 0.7507357068242678 -0.0002546774643032824 2.3139476101505547e-05 4.0057620821470213e-05 0.0002814363564077298 1.0
0.037007007776927156 0.24290363005095456 0.7503583420399144 -0.00014739486326291646 -0.0016339268076298033 -0.00013760505036443323 0.0013730189616005062 0.0 0.02132450485684458 0.24160768682853295 0.7507480273511447 -0.00014574979461928937 -6.69336961699571e-06 7.929822468852784e-06 0.00013053742853756181 1.0
0.036714853827605705 0.24181488715559624 0.7503072819331528 -0.0002472616905962678 -0.0011619192556716154 7.01807049876336e-05 0.001035798602624778 0.0 0.021312655484065354 0.24159339802350124 0.7508149885072458 -1.469211407306824e-05 -1.7120611332815166e-05 5.4129418561317316e-05 6.025628340463709e-05 1.0
0.03636827870423718 0.2411160708905918 0.7501682627310553 -0.00027563760952466193 -0.0005848077242360326 9.096957307408275e-05 0.0008215206826497066 0.0 0.020976583101624167 0.24159689620972413 0.7507067478386905 -0.0002638271702231817 9.130939256977752e-07 -7.343135197170922e-05 0.0003502153635404966 1.0
0.03636468426938007 0.2410644337726158 0.7500895731718743 -4.6822010508008383e-05 0.00014509390861970736 -5.834915888193091e-05 0.00014440598532902758 0.0 0.02095254375341076 0.24157265024231123 0.750710296877427 -8.990410887423474e-05 -1.737488402285708e-05 -2.8422433772375475e-05 5.638175102453244e-05 1.0
0.03626945346679066 0.24118982252367804 0.7500747761568511 -3.748835435779432e-05 0.0002675808689855784 -0.00013067893542765868 0.00011199113428350953 0.0 0.02097394355275842 0.241542277350815 0.7506978358972337 2.377195476055725e-05 -3.188249777977935e-05 -1.5369691255768373e-05 1.5958876362848364e-05 1.0
0.036094811211136696 0.24133160557492273 0.7500100444081962 -0.0001332861032314961 6.83265470269847e-05 -7.032745768167418e-05 0.0002463602723571215 0.0 0.02099177766943477 0.24149186625504573 0.7507361425216661 3.4478402753600724e-05 -4.707117103047193e-05 4.222590882927943e-05 6.73404909130896e-05 1.0
0.03530535676516735 0.24172255240435822 0.7499545305354663 -0.0006977126283991701 0.0002802697352353972 -4.125024465434401e-05 0.0008907913502938913 0.0 0.02097693492076988 0.24152370790515781 0.7506963336757281 3.806830685736313e-06 1.737440882012183e-05 -1.2080041269386366e-05 6.784372314656576e-05 1.0
0.034602869087107566 0.24139217721458806 0.749663806450383 -0.0008452653171069247 -0.00024704784657058406 -0.0002547650665882135 0.0008289589270541386 0.0 0.02102232011608186 0.24152235760278884 0.7507066384055698 4.229793232799888e-05 1.1175159405350536e-05 6.187072513917898e-07 4.062739245877398e-05 1.0
0.03446611728713998 0.2407535789629158 0.7493862680306018 -0.0003183678206678215 -0.0007265233234331205 -0.00032215438527171254 0.0006888238157695232 0.0 0.02098939670508074 0.24147371350740285 0.7506829405654115 -3.85957611984517e-05 -3.469829756145809e-05 -2.4345219648810308e-05 5.3850341098411365e-05 1.0
0.0344463968267032 0.24036012908086346 0.7491868932590766 6.251152173599453e-05 -0.0005556876449746967 -0.000245171518137301 0.00044885868777620047 1.0 0.0209987180623453 0.2414719139950706 0.7506760096697762 -3.0309624576347764e-05 -1.5218718869004677e-05 -2.471302740415694e-05 2.2464361239639107e-05 1.0
0.03443236614693041 0.24005969106942324 0.749028268052443 0.00015857665698451476 -0.0002964537720656261 -0.0001444141780846364 0.00034607635105911424 1.0 0.02097713405601156 0.24149486465728634 0.7506999627275431 4.167242095400221e-06 1.2786855923161526e-05 2.8387399154447828e-05 3.482318216558748e-05 1.0
0.03444302325395468 0.23990984537560192 0.7489903275194219 6.446488145960002e-05 -7.299857130048486e-05 -1.4203302439646731e-05 0.00016651874715937852 1.0 0.02097521904360565 0.24154822921268432 0.7507248480749122 -3.202121277623368e-06 5.35508738914405e-05 3.205409425455102e-05 6.021374630501735e-05 1.0
0.03444089453180301 0.23997863778905767 0.7491245506823083 -5.4881083803812704e-05 0.0001626813371445125 0.00014844284347919636 0.00013467858207621977 1.0 0.02083451237149091 0.24157976697021502 0.750713983976159 -0.00012032255256522692 4.699455857069604e-05 9.807637891756694e-07 0.00014497877965373592 1.0
0.03444098318475367 0.23999204737558116 0.7492246419009146 -0.00010546032156504595 0.00010105142074004199 0.00013861593141222187 0.00010640992907534033 1.0 0.020818382450185635 0.24165015444879467 0.750724391568926 -5.0630136245285034e-05 7.168545349560807e-05 -2.0056364334657583e-06 7.451489062967476e-05 1.0
0.034334353541536564 0.24048271270989247 0.7495112953050703 -0.00010349620015456709 0.0003632132535700717 0.0002487379542887488 0.0005716481017232325 1.0 0.020788498632742666 0.24170340325260978 0.7507462010956074 -2.312645670661546e-05 5.0142877292030215e-05 1.8426928420255364e-05 5.952456588730854e-05 1.0
0.033732045495601104 0.24178090221467827 0.7502503084243701 -0.0005109770187344392 0.00119835617814121 0.000682755332599142 0.0016176888082417016 1.0 0.02071724365095721 0.24166878031130828 0.7508941609064487 -5.719149613739906e-05 -2.8743326212895678e-05 0.00012884518733866933 0.00016969041627196632 0.0
0.033245975744671884 0.2430226237693773 0.7509265700105596 -0.0005784035018857459 0.0014045792471634308 0.0007502117311326697 0.0015144720008340084 1.0 0.021001190948015676 0.24159632034802964 0.7513732508919956 0.000240327577616292 -7.933139936080208e-05 0.0004555237613678366 0.000563612192925284 0.0
0.032577645456085595 0.24422214436363576 0.7522781231366505 -0.0006850868583925588 0.0012855988310686616 0.0012911287834196747 0.0018840405833524332 1.0 0.021466654043276735 0.24134741784129368 0.7519412650415755 0.00048391849321910934 -0.0002400575837123007 0.0006210469044786175 0.0007821505300432256 0.0
0.03187092374564692 0.2458452569058734 0.7542852939096962 -0.0007016025130128807 0.0015204856302117459 0.0019952836311455395 0.0026843304524038418 1.0 0.022284022163508686 0.24114981898943316 0.7526512985308094 0.0008290453636312297 -0.0002339944721312369 0.0007401187668318204 0.0010888754082428102 0.0
0.03144885588045565 0.24888976594716913 0.7550579402729204 -0.00043600633065229034 0.0027975106076908824 0.0010762268479017198 0.0032069209979506234 1.0 0.023265389483256255 0.24099890366044363 0.7529091702615828 0.0010238812420743913 -0.00016403828051089598 0.00033742867587393117 0.001030511857728776 0.0
0.032924211587252845 0.25185497244781263 0.7562397561210265 0.0012783630568445584 0.0031517564846019995 0.0009891263309726754 0.0034981836500594878 1.0 0.025036861548851264 0.24161629582203897 0.7533976835459327 0.0017060043259212326 0.0005359110902464694 0.0003689876427768995 0.0019250522432932113 0.0
0.032439476793616404 0.2556875877332044 0.7586749031055493 9.873887980072797e-05 0.0039055858479359563 0.0021190677873838028 0.004535127982158648 1.0 0.025006430362738374 0.24134910895489295 0.7540993390768258 0.00030664693063380043 -8.631001936992253e-06 0.0006106678884843405 0.000797188277992316 0.0
0.03178633105918109 0.2586239637982103 0.7604425523519237 -0.000692686648066361 0.0031991645482343095 0.002000505053646215 0.0035482411482082284 1.0 0.02421694609963617 0.24084099916905044 0.7547835167411672 -0.0008961936907152648 -0.0005004583802890901 0.000729327265426995 0.0010943860807821918 0.0
0.032407227370332865 0.2597502701022462 0.7619081443927713 0.0001669987250663066 0.0011893826906183133 0.0016072022910943408 0.0019018178630793366 1.0 0.022007983286396464 0.2403824915278072 0.7546588308898149 -0.0023576003916547933 -0.0006166147164062529 6.377248071509547e-05 0.0022875369367734944 0.0
0.03330570206082837 0.2605925770801572 0.7623047131162456 0.0008081053060606597 0.0003885928261011288 0.0005402775130185344 0.0012701174989670969 1.0 0.020354056909493948 0.23954086788781198 0.7542508299411425 -0.0021026140201382522 -0.000896717999567129 -0.000459448227493821 0.001955900924118713 0.0
0.039467241708370696 0.26039290128098425 0.762609330856232 0.0056110578396331694 -0.00036794123228692103 3.752322691665455e-05 0.00618721600334833 1.0 0.019316957336580676 0.23874303489510454 0.754320395370105 -0.0011026883125168701 -0.0008384651281084527 -0.000161812953893384 0.0012507269768878013 0.0
0.03942849650946463 0.26120865587098585 0.7623478036275114 0.0018104417113656006 0.0005943078800387308 -0.00046872828885650606 0.0010849410031687988 1.0 0.018757637959981626 0.23839308630637798 0.7542928745146886 -0.00023594981748256293 -0.00035567293097175646 -3.2686483521103126e-05 0.0006240844394228939 0.0
0.03961403605205458 0.26133884529897394 0.7632403753367003 -3.158994413125207e-05 0.000476092444700346 0.0007425719441014972 0.0005411549234189557 1.0 0.018058863602158644 0.23796933200747344 0.7542984326086536 -0.0002646063249928171 -0.00026401927066830097 0.00013431470333544047 0.0008773295382171885 0.0
0.042720067302136865 0.264461201635561 0.7672783931395817 0.0016952522392949926 0.002986110257587043 0.003907794980595718 0.006034568731561428 1.0 0.017144353466122694 0.23751703523677595 0.7542681808042339 -0.0008869646526737868 -0.00043420159983626513 8.225819119294677e-05 0.001035435717212246 0.0
0.05121235607632971 0.26877799767574106 0.7645742672347204 0.00764230884294637 0.004563378192433288 -0.0011045927107072584 0.010223523702837056 1.0 0.01615543365998936 0.23706309057443464 0.754149858015518 -0.001171674224719496 -0.0004533823093768666 -0.00011764744000537439 0.0010660573502640908 0.0
0.05970557922478489 0.2718990576027255 0.7607383848679798 0.009781264759891144 0.0036990492888909834 -0.004198736729057103 0.009727590080644997 1.0 0.015305894418195567 0.23679407969224947 0.7542438706002924 -0.001111405321699881 -0.000336176513671895 -4.1729416654557976e-05 0.0008868934401633239 0.0
0.07000287445118868 0.2724445474091455 0.7611102412514978 0.011204922974693176 0.0008458549881981906 -0.0013285623581364568 0.009978482848873677 1.0 0.014166695238626861 0.23670397376705873 0.7542480445419019 -0.0010852885502455538 -0.00015099160254669142 1.7192915121781434e-05 0.001136833595804047 0.0
0.07459363718405704 0.2713757722054459 0.7613357560646539 0.005801857965159361 -0.0016432785416046658 0.00031241006311571486 0.005007646400134981 1.0 0.01370784130383222 0.23678519177316726 0.754170431072 -0.0005080537480983691 0.00011258288980930866 -1.801814962322599e-05 0.000507578265633769 0.0
0.07582212869660926 0.27151077460135 0.7611304073985307 -8.017328179871653e-05 -0.0008775765900190594 0.0006202001877711074 0.0011886094457569758 1.0 0.013493460004563512 0.2368294977797523 0.7541469886800523 -0.0001262851107193038 0.0001305976462257066 -4.949529665886616e-05 0.00019125786998083305 0.0
0.07511162287312369 0.2725235541957616 0.7608002317388401 -0.0021068639033310086 0.0007846318180241082 0.00037444796004645843 0.0012603365604720394 1.0 0.012939310697870694 0.23692711838643005 0.753801857016779 -0.0004026510763892255 8.403519541412378e-05 -0.00031048945122184185 0.0006580920259783033 0.0
0.07418081764799551 0.2732300044446052 0.760104437222052 -0.0015934001682280906 0.0015621604263460448 -0.0007030960308663991 0.0014941343843554362 1.0 0.012625677416849113 0.23716726349888007 0.753383863832005 -0.0003669012734811623 0.00018797763043933716 -0.00045939322961670596 0.0006094913836545236 0.0
0.07409278617833202 0.27316902074669025 0.7593392968446979 0.00026221115460757895 0.000588047827471517 -0.0016566713873100276 0.0007233156192806853 1.0 0.012610088846922028 0.23726256267046517 0.7532905051169618 -0.00010709396086676598 0.00010857626691567764 -0.00018133258276664097 0.00011661585636374666 0.0
0.07371209601298905 0.27238727910680127 0.7589045315031793 0.0005594528999383949 -0.0008466872175754312 -0.0006056613755735501 0.000804566285970235 0.0 0.012622714108944838 0.23736655989226318 0.753248244240413 8.643318401910759e-06 9.860936636664426e-05 6.021020813965869e-06 7.753185102404208e-05 0.0
0.07325608963567445 0.2706963871930328 0.7592123424890069 0.0002825486160190141 -0.002112310436306419 0.0005906267299675117 0.001883244020588466 0.0 0.012635708071781012 0.23742801788048862 0.7532228255343105 3.436832553244194e-05 6.0574736156308526e-05 3.756890641408863e-05 0.00010552877826032969 0.0
0.0729137747655059 0.26999509738468713 0.7595434978467527 -0.0005777471733110426 -0.0012354139695660415 0.0005115011451068626 0.0009191798887377197 0.0 0.012633062035247191 0.23744585908291402 0.7532100011996 5.769638467460173e-05 1.3730999390781047e-05 2.35081645379379e-05 2.9590733903703563e-05 0.0
0.07269479288566051 0.26970382556011246 0.7597591487208804 -0.0005042136545798425 -0.0001456464705723705 0.00033563334890794567 0.00033251000090891904 0.0 0.01262674751421372 0.23745271383488106 0.753202120937392 -3.620489450024354e-05 -5.853340745862021e-06 -2.0565711574233463e-05 0.0 0.0
0.07214823888089889 0.26915023640028946 0.7601239744167985 -0.0006538948915250986 -0.00013811020563050366 0.0003013629637160839 0.0008578215359293178 0.0 0.012623601232171279 0.2374336813793119 0.7532098188566677 -6.212217180354157e-05 -7.505002233467246e-06 -4.844651729842865e-05 2.2527450263463934e-05 0.0
0.07193302735988032 0.26892793784319285 0.7601682862787756 -0.0002840792385484201 -0.00012227828291407408 -2.5960471668584563e-05 0.0003891121942704507 0.0 0.012626908834771449 0.2374133176643784 0.7532176726240466 1.379551998013592e-05 -1.0550912392071602e-05 -3.973340331679394e-06 3.0575420174023746e-05 0.0
0.07172660402104523 0.2687357859084026 0.7601464784652624 -0.0001414577625704227 -0.00023565838394506598 -0.0001175704671495918 0.00023456722987050694 0.0 0.012625217635818302 0.237400686887846 0.7532304290799693 2.248958192924025e-05 -1.9547551492651264e-05 3.373521334403847e-05 1.3847919594417207e-05 0.0
0.07145998722686456 0.268465185519685 0.7599634482429773 -0.0002581790406926355 -0.00038410460914883014 -0.00018419424059364314 0.0003968177010104764 0.0 0.012623005318367235 0.23738396593429154 0.7532367166746485 1.6832737670994974e-06 -9.201729161117345e-06 9.76303486331797e-06 1.7871518799502685e-05 0.0
0.07136045883018963 0.2683268798656634 0.7598024083366135 -0.00011851062428429082 -0.00025216025030780733 -0.00014575462732983446 0.0002793582219228973 0.0 0.012621039046476741 0.2373951665170332 0.7532112850827476 -2.4511486664287675e-06 8.395899379067128e-06 -2.206858833430853e-05 2.8621093829750077e-05 0.0
0.07128336312550446 0.2681874924791683 0.7595939965374535 -5.748527293431856e-05 -7.047499821096035e-05 -0.00019975151417836223 0.0002457985099765037 0.0 0.012622547741199797 0.23741253069111928 0.7531798186793355 -9.546279083562571e-07 1.944664132872527e-05 -3.6472436997245965e-05 3.626468605885658e-05 0.0
0.07124218510652389 0.26809426851682516 0.7594009028080009 -4.1723494516925314e-05 -8.50864591113536e-05 -0.00017381878305091513 0.00020581347268390884 0.0 0.012622798178986335 0.23742839741392693 0.7531326559882059 5.259357475037776e-07 1.9237227608356183e-05 -4.990881310800443e-05 4.926740469660972e-05 0.0
0.07121691681514132 0.2680280661247389 0.7592398367664613 -4.155512150709283e-05 -8.112956683400702e-05 -0.00013471837511125703 0.00019373729293752556 0.0 0.01261624867111523 0.2374387713669184 0.753111092955263 -4.683989586115084e-06 9.537927838550454e-06 -2.6892063288463364e-05 2.5124881008611447e-05 0.0
0.07121120346677755 0.26797401059696685 0.7591035742210126 1.1746590395223357e-05 -2.813150713688276e-05 -0.00014272146266530787 0.00014033261380635151 0.0 0.012610014998370583 0.23743736448616268 0.75308658593143 -6.860625913615332e-06 -3.0378959852722308e-06 -1.8939990367820094e-05 2.4318439850647065e-05 0.0
