0.06094620154257909 0.2778366550624208 0.7629711986342913 0.0 0.0 0.0 0.0 0.0 -0.017939801085606742 0.27490353868213824 0.7573929739023013 0.0 0.0 0.0 0.0 0.0
0.060934237603050834 0.2778332926833538 0.7629712010961823 -1.1963939528257528e-05 -3.3623790669512488e-06 2.4618910243745518e-09 1.2427447368087394e-05 0.0 -0.017950007908001928 0.27489212666986795 0.7573804744118839 -1.0206822395185389e-05 -1.1412012270284322e-05 -1.2499490417372527e-05 0.0 0.0
0.06087068338108161 0.27782834194921996 0.7629648805173194 -6.355422196922117e-05 -4.950734133868373e-06 -6.320578862961668e-06 6.405933667889641e-05 0.0 -0.01798808535419808 0.27483913514362807 0.7572994961539288 -3.8077446196153886e-05 -5.299152623988723e-05 -8.097825795516655e-05 0.00015636494807570343 0.0
0.060792810329837396 0.2777385570599935 0.7628952588536585 -7.787305124421634e-05 -8.978488922645189e-05 -6.96216636608682e-05 0.00013774147702996957 0.0 -0.018124748293266806 0.274651198587184 0.7570649060681813 -0.00013666293906872476 -0.00018793655644405716 -0.00023459008574744367 0.00035738574089451544 0.0
0.06077438886330659 0.2776906782278564 0.7628592342561492 -1.7844340312858423e-05 -5.2093201226130327e-05 -3.894643660060682e-05 6.2685760916357e-05 0.0 -0.018150319176953023 0.27449221033480714 0.756894575485297 -3.0334362043252977e-05 -0.00016356620759174265 -0.0001750756996563498 0.00017889842596104056 0.0
0.06074954150225886 0.2776275738980035 0.7628570261255516 -2.2330977418574643e-05 -5.7477790150121e-05 1.3712257621620304e-06 6.785590348640661e-05 0.0 -0.018208760893332822 0.2743007790819129 0.7566553799111257 -4.938410418468629e-05 -0.0001845377744747706 -0.00022985271394678448 0.0003197885405981048 0.0
0.060736686870047116 0.27759863645236915 0.762874870019191 -1.015098699099842e-05 -2.6217628178837594e-05 2.606002667941742e-05 3.7751716617605905e-05 0.0 -0.018243130621800746 0.2742395123653535 0.7566190591934977 -2.947434728677526e-05 -6.266172164306761e-05 -4.384205061814e-05 9.89545190818778e-05 0.0
0.06072062635837714 0.2775740392504366 0.7628884829311028 -2.0578184823175477e-05 -2.0231449050288873e-05 1.7420874362107615e-05 3.0999762841920673e-05 0.0 -0.018266433100833045 0.2741681694650741 0.7566041187216711 -2.657769497147454e-05 -5.352160617023623e-05 5.5084845054131e-06 6.662736405787324e-05 0.0
0.06069548260274292 0.277557477814759 0.7628921096817706 -2.7286747998730208e-05 -9.2617399351418e-06 9.635571333264395e-06 2.90509971332888e-05 0.0 -0.018267577239921992 0.2741303636644244 0.7565985034636218 -1.3718927022844247e-06 -1.8946664968569813e-05 2.8611226656092625e-05 4.2909993843376e-05 0.0
0.060644742726914704 0.27750718042847694 0.7629058965256608 -5.711699346318983e-05 -4.554508733542623e-05 4.488850543629584e-06 7.102375999821268e-05 0.0 -0.01825303217656826 0.2740909106011538 0.7566007120279721 8.715518306282823e-06 -3.695803733788644e-05 2.140809600264707e-06 4.036885497014537e-05 0.0
0.06057484545527573 0.2774208340205296 0.7628711400455238 -7.402783696671417e-05 -9.318888705190452e-05 -3.7377764717855694e-05 0.00011889164279383073 0.0 -0.01823331310911965 0.2740764107423526 0.7566010736064358 1.6598986173199972e-05 -3.29141889179722e-05 -2.083374682295509e-05 2.484685084571635e-05 0.0
0.06053010573501327 0.2773666207648339 0.7628291301643894 -5.0639289553757545e-05 -6.832818595861662e-05 -4.602164063123617e-05 8.135162949381204e-05 0.0 -0.018221227145861957 0.27406289108802506 0.7565956289527611 2.0791337293619573e-05 -1.8871767419028365e-05 -1.9084038457033912e-05 1.421350990552417e-05 0.0
0.060511360712328224 0.27732546185864626 0.762789014710387 -2.0643817394076685e-05 -4.5377234262533006e-05 -4.381214037866698e-05 5.8322852636735496e-05 0.0 -0.018196042015756683 0.2739835051339337 0.7565327266563981 1.7292585998423163e-05 -7.264983560838944e-05 -6.553182176399165e-05 0.00010839128011158478 0.0
0.0604479184147563 0.2772027547321885 0.7626699090259124 -4.6363029998664715e-05 -0.00010072567788312092 -0.00010710190510014918 0.0001819293554990684 0.0 -0.018013482781441735 0.27341400010439254 0.7559878082615561 0.0001593810768514417 -0.0005029846182454903 -0.00047301388959134904 0.0008038232714916668 0.0
0.06036091981434603 0.277083020571143 0.762547954533987 -8.290378733907286e-05 -0.0001235345016048433 -0.00012920124374674865 0.00019814764847707493 0.0 -0.017807367106753933 0.27226548290255037 0.7548457626984036 0.00022528921855804914 -0.0011471001927871693 -0.001131857601095939 0.0016459446894112118 0.0
0.060272192516701524 0.2769849119142438 0.7624464252137976 -9.816105284397541e-05 -0.00010936608161037861 -0.0001101314532297478 0.00016254321641057557 0.0 -0.017731935268791958 0.2707214128051799 0.7535505199257614 0.00011795107238543813 -0.0016293918398015094 -0.0014151708632379253 0.0020171091383658344 0.0
0.06024217875155374 0.2769619268563987 0.7624283745430365 -4.7682982687438294e-05 -3.631927897807125e-05 -2.5616727687681993e-05 3.909421771223938e-05 0.0 -0.017725587989002374 0.26964779355239865 0.7527624996464678 1.0517568988790635e-06 -0.0012607375115131982 -0.0009474688979131832 0.0013198780126090228 0.0
0.06022220162620987 0.27694544896801315 0.7624181724882868 -1.3211509135568821e-05 -8.000641731251395e-07 6.61849971029344e-06 2.8210492968058995e-05 0.0 -0.017840013386476675 0.26887963710364543 0.75224388256933 -0.00013801106090954564 -0.0007404720202153308 -0.0004545843037614745 0.0009112080619832857 0.0
0.06020563214937634 0.2769339193112406 0.7624096550981266 -7.941371400383454e-07 7.080073818125976e-06 9.380814084674751e-06 2.7145134501392105e-05 0.0 -0.01803396818006405 0.26817200230685406 0.7517235897258867 -0.0002252813231995659 -0.0005180439359344668 -0.00032220315761026275 0.0009270390419778662 0.0
0.060170775991803975 0.27690562316555345 0.7623712014487102 -2.59835773125941e-05 -2.4926099609383192e-05 -3.369667701434913e-05 5.7249777381895517e-05 0.0 -0.018662513266536524 0.26652352486976005 0.7506415757502632 -0.0005838981464872017 -0.001380954262067679 -0.0009011432125125582 0.0020800689310772084 0.0
0.060144502613141915 0.276844116035084 0.7622967555001483 -3.7762962416565356e-05 -7.317329930381093e-05 -8.838753101450872e-05 9.876570136025962e-05 0.0 -0.018059050033997506 0.26381594080935655 0.7507062007505122 0.0003871929751983022 -0.0027191390837545777 -0.0002373988763588693 0.002787324042461844 0.0
0.06014838591220225 0.2768049652814491 0.7622833870420632 -9.28227392527272e-06 -5.647027477122523e-05 -3.943436089958398e-05 4.147501215656286e-05 0.0 -0.017181919451437176 0.2615360533444302 0.7507224511147103 0.00098022133093915 -0.0027116663729544205 5.878775839886327e-06 0.0024159379645156565 0.0
0.06014835027295635 0.27678978948434907 0.7622799227040742 3.885966444602698e-06 -1.9701409351294757e-05 -8.560791718686392e-07 1.4398871172578947e-05 0.0 -0.01689565157792859 0.26072199352731396 0.7507297974374441 0.0005675258231716673 -0.0011552345184250657 0.00010045672176234332 0.0008443954456205946 0.0
0.06014712463767274 0.276788665837608 0.7622718343123921 7.446529551125602e-06 9.30986990648993e-06 9.761008325556489e-06 9.00749567847963e-06 0.0 -0.016836798837428828 0.26035639764726753 0.7507554937398648 8.370122642597946e-05 -5.967635379134739e-05 0.00010033947826852685 0.00035657252620387506 0.0
0.060146590549925265 0.27678491385759535 0.7622668619961454 2.822261602556147e-07 6.466459049204992e-06 1.665060586194663e-06 8.829426518760482e-06 0.0 -0.01683527034205995 0.2601281883749664 0.7507740269003754 -0.0001743731866390351 0.00019625815934539153 -1.3046912287841038e-05 0.0002912739571537513 0.0
0.06014532901315584 0.2767856061865264 0.7622625459734804 -4.3012225272245e-06 2.901464234402653e-06 -6.387633866614481e-06 3.220171288244781e-06 0.0 -0.016941253166190644 0.26022403493459484 0.7508380668087894 -0.00026456422873822797 0.00019499183802022818 -3.547086927792049e-05 0.00015998681677106483 0.0
0.060142496845951424 0.2767912207511735 0.7622488356506907 -6.394046887360222e-06 1.6640897016912446e-07 -2.0117340907792403e-05 1.3325187825326766e-05 0.0 -0.017212372632085384 0.2604857707006389 0.7509534563869448 -0.00028425601708465605 7.279093777886215e-05 6.760233156798015e-05 0.0003530462485133003 0.0
0.06011759974353183 0.2768077956227619 0.7622343688950058 -2.1320394718541963e-05 1.0228623889571283e-05 -1.925058195105901e-05 3.4575889749718015e-05 0.0 -0.01784059932645326 0.2610862023904412 0.7510665112945496 -0.0004553747363725608 0.00036204086876996926 0.00020686799611069437 0.0008691447481470578 0.0
0.06009687832830678 0.27681336369898674 0.7622264698260046 -2.240540068039307e-05 9.571223582197604e-06 -5.717848375356578e-06 2.3274519675615143e-05 0.0 -0.018306081152519756 0.26154055967813616 0.7511202647416274 -0.0005078089017589555 0.000505194142809084 6.368608491300435e-05 0.0006870801764479613 0.0
0.060048249442937796 0.2768237223202734 0.762204587400082 -4.702822353642681e-05 1.0841345344001822e-05 -1.866385027674932e-05 5.293159078577566e-05 0.0 -0.018309058355850893 0.261215167833979 0.7511267807665368 -0.00011314919375975021 -0.0001375620972677281 2.2629453060302236e-07 0.0003000972468812321 0.0
0.05997928488071592 0.2768396654842048 0.762207948093364 -6.941138711508523e-05 1.4665355581120769e-05 -9.544664953796961e-07 7.205870933872288e-05 0.0 -0.017805895251921656 0.26041619807385524 0.7511665377824785 0.0005260044049565876 -0.0008741913181141652 1.3752873818307734e-05 0.0009341513829920019 1.0
0.05993918223253066 0.2768538896942054 0.7622033785393585 -4.823767385751783e-05 1.416309855653132e-05 -4.3682997038804175e-07 4.3306980649557145e-05 0.0 -0.017466410120685186 0.2598683492674019 0.7511697873385309 0.0005347775335383523 -0.0007842769832859071 1.9651672936700904e-06 0.0006940373254223254 1.0
0.05992179697650388 0.2768632584883777 0.7622022602440939 -1.7390539829548912e-05 1.0757999232814166e-05 -5.502842463068939e-08 1.7906079594050234e-05 0.0 -0.017418733396756512 0.2595973851089192 0.7512093382844806 0.0001388820614897646 -0.00032828455029650533 4.158620595626351e-05 0.000250397870299898 1.0
0.05991263626389148 0.27687201476278206 0.7621968007499553 -1.3435467581387801e-06 8.750351210158152e-06 -5.301223397953424e-06 1.4090692417340342e-05 0.0 -0.017595298502850104 0.25938977700948823 0.7512473066733912 -0.0002708697771796156 -5.449908917142234e-05 5.2240288319109027e-05 0.0002469500806131708 1.0
0.05990528510947246 0.2768906433203256 0.762180408337154 -9.069464567331666e-07 1.6500284048132445e-05 -1.6185356190904586e-05 2.76197580373907e-05 0.0 -0.017728354500303245 0.2592723625353505 0.7512661704967614 -0.0003212430062061344 5.171460815571905e-05 2.744818139727799e-05 0.00021333096746973607 1.0
0.05990044827733642 0.27687963769806784 0.7621616927243079 -4.137549615128282e-06 -6.6711592989753586e-06 -2.1427624267150638e-05 2.1889179239248694e-05 0.0 -0.017704789866787893 0.25921491030988897 0.7512728557378199 -4.39092536421681e-05 -2.772643799663847e-05 2.095048821342869e-06 6.881030139926599e-05 1.0
0.05989346548998062 0.2768573281952259 0.7621589978696452 -1.256129025026216e-05 -2.2825040122231718e-05 -7.450674459430945e-06 2.2179331148232427e-05 0.0 -0.017747638155146215 0.25932613218217504 0.7512698013814317 6.296331280700613e-05 8.43036920274761e-06 -9.372021952572306e-06 9.124469739160332e-05 1.0
0.05986585018840282 0.27680018562153075 0.7621036190148116 -2.9238588231693522e-05 -5.6497920372321356e-05 -4.399875625442465e-05 8.402593646600717e-05 0.0 -0.017911274372207412 0.2595992944662967 0.7512669118136431 -5.2607833963051075e-05 0.0002144298180433218 -6.203502041081453e-06 0.00033023040430173466 1.0
0.05980150969227378 0.27670395716756613 0.7620143174605702 -6.142579760782204e-05 -9.791150817887533e-05 -8.921978701315507e-05 0.00014811857791346373 0.0 -0.018168098331119858 0.2601437915316315 0.7512705705567395 -0.00026097244969539447 0.000550472649883294 5.080967603881126e-07 0.0006088336913429173 1.0
0.05970511570368641 0.27665759192663464 0.7619739458130358 -9.842542012835037e-05 -6.170668009861944e-05 -5.6981136516564345e-05 0.00011478782418453058 0.0 -0.01831645712029371 0.2609172540245515 0.7512002669728508 -0.00022807778497491176 0.000804370467706253 -5.3471593885021676e-05 0.0007853811225113459 1.0
0.05955941396100134 0.2766167575025594 0.7619382590951115 -0.00014718351773078216 -3.572426644700409e-05 -3.498344732068713e-05 0.00015115892130336276 0.0 -0.017559016369068366 0.2609277158468858 0.7511937181129213 0.0006088952422140984 0.00016641247303332692 -2.3156624560858177e-05 0.00075534266954334 1.0
0.0594530451108578 0.2766010917467137 0.7619271415389166 -0.00012061584158195373 -7.2071562306901676e-06 -5.415116011985071e-06 0.00011170488464452879 0.0 -0.015890347142651064 0.26019552820545594 0.7517221216779363 0.0016995614257553585 -0.0007315964214536 0.00045244704143451616 0.0018835037660583493 1.0
0.05928518007494666 0.2765212594820727 0.7618466441030116 -0.00015416928199886483 -6.17898660278644e-05 -5.909659880208395e-05 0.00020121873816479263 0.0 -0.014150968758477928 0.25884805118931853 0.7524944675609667 0.0019992309427846145 -0.0014948251412714875 0.000819853658893263 0.0023702917194859123 1.0
0.059091497186327835 0.2765145613497509 0.761853748566283 -0.00018765140318014378 -2.449080954359354e-05 -1.1816249071027463e-05 0.00019661916890110177 0.0 -0.01132461964915021 0.2562923870322508 0.7538687307772417 0.0027882226485531967 -0.002597029292874159 0.001393921429005295 0.004017975219007319 1.0
0.058976547465456816 0.27643293160664056 0.7618012958202874 -0.00013088022290724618 -7.557287024914018e-05 -4.83086032375363e-05 0.00014802589829964737 0.0 -0.009492491389092214 0.25383088990905867 0.7552344407219744 0.002035203833640846 -0.0026629907156682465 0.001482481358063495 0.0033912158262926323 1.0
0.05891044119693228 0.27632238355960576 0.7616882298834761 -6.637502945654395e-05 -0.00011424841520609692 -0.00010785047310243836 0.00016931738467992847 0.0 -0.008130137501774925 0.25195067299561225 0.7561406978517657 0.0012470747613317471 -0.0019417987407523867 0.000989762561807173 0.002445120324120838 1.0
0.05884390079210397 0.27607858956943304 0.7614643775324066 -4.978194826263904e-05 -0.00023110813301116718 -0.00021649013393661268 0.0003388267479092076 0.0 -0.007086492226079223 0.25031163818391716 0.7564837150711474 0.0008110235292748591 -0.0014321804063581662 0.00027997516259940623 0.0019734263851469715 1.0
0.05873996409102068 0.2756071907159609 0.7610608062291848 -8.873537944160174e-05 -0.00046223881636893964 -0.0004027437839179935 0.0006337356393908027 0.0 -0.0053874717974819524 0.24880628134971225 0.7566936073754917 0.001453927339558841 -0.0013003734638310773 1.5584729262712086e-05 0.0023141370420518134 1.0
0.058609961898466165 0.2752501223111086 0.7607773804259177 -0.00013306534714462376 -0.0004189827603260029 -0.00033937103051928056 0.000476329310530492 0.0 -0.003291114696836449 0.24774322823200767 0.7572253229083731 0.0021495002994143045 -0.0010224839362225004 0.0003805265951673679 0.0024432498860718797 1.0
0.05847431232192059 0.27495752361464415 0.7605508522672705 -0.00015875517339705315 -0.00030897100411916313 -0.0002342340668042208 0.0003799528179616539 0.0 -0.0004402687505571919 0.24661944043902506 0.7579065277083187 0.003006889600641392 -0.0011291533531829533 0.0007431533873333447 0.0030737006039318953 1.0
0.058430532490623056 0.2748772996748088 0.7604926879603213 -6.77512220863024e-05 -6.661137954602711e-05 -3.698667008523654e-05 0.00011461193424344265 0.0 0.0010598305503567492 0.24580885065640548 0.7580914836813458 0.0020045508132692817 -0.0009710044374158623 0.00045089962141720106 0.0017510118285989822 1.0
0.05839373103915927 0.2748399521325272 0.7604036306159219 -1.6968389617075925e-05 2.2234960890635757e-05 -3.117220089281884e-05 0.00010589944702057923 0.0 0.0029846369682334332 0.245858336570583 0.7583725421614808 0.001669026044455939 -6.850353429928421e-05 0.00028275358994879637 0.0018892416681946765 1.0
0.05835959314906149 0.27474576629329744 0.7603073901666206 -1.316477096859231e-05 -4.474351245845413e-05 -7.693658755352173e-05 0.0001437791234337065 0.0 0.00486188369837008 0.24680770873496172 0.758799638089164 0.001654606902857291 0.0009680082502095525 0.00031593138520981303 0.002197616273272457 1.0
0.058355736569774545 0.2746653725677843 0.7602311104162737 -3.6862228519270754e-06 -0.00010856167632524478 -0.00010597574986427324 0.00010752929440614777 0.0 0.005494312887615149 0.24745175367863154 0.7589817655024418 0.0007193517170661213 0.0008997456741554237 0.0001677430358475577 0.0009565672834491012 1.0
0.05835865022056436 0.27461487732781137 0.7601882545196318 -3.6579852400532472e-06 -0.00010207820407167424 -8.002976590667794e-05 6.266199917336963e-05 0.0 0.0062564891183289565 0.24811574593809663 0.7590570441088859 0.000658559959904929 0.0007091040130158238 9.23080192669603e-05 0.0009370179219852749 1.0
0.0583490024658725 0.2745446837037637 0.7601319021540104 -1.4015689585758091e-05 -7.728004239598689e-05 -5.1874623885358074e-05 8.709534091740512e-05 0.0 0.00622629299885155 0.24834846188250773 0.7586368660072674 5.3976452309132056e-05 0.00018474222228708642 -0.00033729447883732865 0.0005017761580855683 1.0
0.058326316238816046 0.27446452970187124 0.7600640426868724 -2.4001956417071872e-05 -7.4224506580368e-05 -5.830552732189061e-05 0.00011597472011985684 0.0 0.005546655592130468 0.24858370384858952 0.7582653675104769 -0.0006514174944164692 8.859509668702591e-06 -0.0004678285973764519 0.0008423247812645667 1.0
0.05830030262136198 0.2742788233724918 0.7599223620431407 -2.547913286827605e-05 -0.00015607936741955376 -0.00012344952175003128 0.00023195752746487714 0.0 0.005413475892361835 0.2488449285768548 0.7582963217006007 -0.0003806503330805095 0.0001650385561691814 -0.00010619498502554409 0.0002839050108072814 1.0
0.05828990966502857 0.27411539728297496 0.7598066393615993 -1.755470542582689e-05 -0.00018307682477461753 -0.00013819260368643573 0.00020212711143234488 0.0 0.005369236716601063 0.24898227561012792 0.7585211279815565 7.362031025522921e-05 0.00023651290632470835 0.00029750930718249683 0.0002349913062599828 1.0
0.05827643482787114 0.2739413532409416 0.7596834334465415 -1.0824422007431912e-05 -0.00018727145963012858 -0.00012994597844188157 0.0002093387354736761 0.0 0.0053822791066639045 0.24883769156829338 0.7588038610431107 0.00015320648504488655 -1.4977653619749283e-05 0.00041829232284263236 0.0003437917079597819 1.0
0.058168190037550874 0.2737904073872495 0.7595556032666229 -8.898540857878322e-05 -0.00014964371152951177 -0.00012174125912527857 0.00022671933320269597 0.0 0.005487083413099658 0.2486996426535649 0.7592337600082845 0.00015245495582574277 -0.00017667057524571746 0.0004651508894444338 0.00046282592845637606 1.0
0.057907555635503004 0.27358575858946194 0.7594532984486834 -0.00025076633708931136 -0.00018226089319405638 -9.721871319252295e-05 0.00034838024488169193 0.0 0.005252351708628285 0.2484719707488106 0.7595057173934436 -0.00014025692028048686 -0.0002450722157695648 0.000278562946498623 0.0004320962854100018 1.0
0.057692754589179315 0.2734961468361198 0.7594358124934618 -0.0002561938926347351 -0.00010439620891323351 -2.2918272801176478e-05 0.00023810536109785405 0.0 0.004625426938680365 0.24862893727272845 0.7596743134971556 -0.0007155854515872112 6.90711282787563e-05 8.898243808077494e-05 0.000643337902502187 1.0
0.05759500801619946 0.2734741244744995 0.7594335370395673 -0.0001283179055680429 -2.2520332272396644e-05 8.914650258351908e-06 9.137529285678877e-05 0.0 0.004579229387720349 0.2486766005588003 0.7597337578054228 -0.0002896709008542515 0.00014345809184311076 1.7606560184366593e-05 0.00011589265428110275 1.0
0.05751608064740732 0.2734527873998074 0.7594293502179886 -5.097738749059158e-05 -6.7549196843974145e-06 4.134327975082854e-06 8.172951095013443e-05 0.0 0.004695302425344903 0.24874955107447577 0.759845069440027 0.00015190079646110394 0.0001286648102417511 8.386597275869995e-05 0.00015083402554551793 1.0
0.057488406001010926 0.2734451609510265 0.7594250140829426 5.531889137909705e-06 3.1891106963141073e-06 -2.730717352341993e-06 3.6704299531531204e-05 0.0 0.004680461698356967 0.24874440837230888 0.759887585026883 0.00012524590458431567 -2.129920484750887e-06 6.0449775084625446e-05 6.332572956766212e-05 1.0
0.057466131746844076 0.2734364136046216 0.759422968625511 -3.0826767526582823e-06 -1.312680081371525e-05 -1.3135888536522234e-05 2.2780111335973747e-05 0.0 0.004653854739668448 0.24873505765436968 0.7599195993506567 4.585720630232524e-05 -6.35541287918657e-05 5.642167977815509e-05 4.5096896199586605e-05 1.0
0.05743673172984421 0.27344470478790295 0.75940771939915 -4.1385791569558454e-05 -7.041666561392808e-06 -2.275456981963659e-05 2.907396977070418e-05 0.0 0.004636493972895315 0.2487239299737087 0.7599878240645149 -4.342215123836408e-05 -4.4600419999183e-05 8.46005207275777e-05 6.446805257299683e-05 1.0
0.057427377092303056 0.273459447624578 0.7593820788253883 -3.6132567045507716e-05 4.9381471361043385e-06 -2.6021576808901004e-05 3.370629188512584e-05 0.0 0.004634474221692824 0.24868074884186073 0.7600677065599917 -9.189916120861052e-05 -4.199406755935105e-05 7.71658470409185e-05 8.447690192436163e-05 1.0
0.05739027585815855 0.2734546078781887 0.7593364676826078 -3.5518302949083145e-05 7.04963109037708e-06 -3.982597567384192e-05 5.898117594108814e-05 0.0 0.004574839703633374 0.24850491808502512 0.7602835996567529 -8.464416286855592e-05 -0.00012871915064119663 0.00019803013235418688 0.0002943391120931184 1.0
0.057356359358214266 0.27344473428653615 0.7593123065643659 -3.292468176402071e-05 -7.521365268224587e-06 -3.0378005908188174e-05 4.2681614548471146e-05 0.0 0.0044911147370332105 0.2483126783951183 0.7604930993264281 -3.4212929816643646e-05 -0.00021306504236203645 0.00023001780785330718 0.0002945300647575719 1.0
0.057341996078906915 0.2734264604601735 0.7593032009906592 -1.907144018618635e-05 -2.1708511721145424e-05 -9.763518622510268e-06 2.4958664102927802e-05 0.0 0.004438617411677657 0.24824976827696535 0.760543583749317 -5.427855986572314e-05 -9.647745083869681e-05 9.05785428919829e-05 9.639112321093557e-05 1.0
0.057323725054106045 0.2733993747294184 0.7592978887969764 -1.2172414183310375e-05 -2.8792388697763397e-05 9.91753516227504e-07 3.236544656803219e-05 0.0 0.004616551862657317 0.2479125223461981 0.7603732619691063 0.00013547123621483054 -0.00028455464389498715 -0.0001714685716564449 0.00040533662814660337 1.0
0.057302677772947265 0.2733797809151148 0.7592872431971065 -1.768326840639377e-05 -2.197525626678912e-05 -4.474516017518864e-06 3.205625931524386e-05 0.0 0.005050256296411127 0.24762778513826328 0.7602097419772601 0.00043682413832499695 -0.00030058791598856023 -0.00022951422941909987 0.0005633026731977325 1.0
0.057277042733387386 0.2733662979060901 0.7592854560403008 -2.4325957488962484e-05 -1.0978376569453533e-05 -4.297414017907911e-06 2.8936198281287187e-05 0.0 0.005506740333467813 0.24741647307967524 0.7601243008344382 0.0005252898541782669 -0.0002337738564457008 -0.00013162591964257963 0.0005091282786377808 1.0
0.057238733873202545 0.27335584039708055 0.759278135123166 -3.787136064828442e-05 -7.237830750050701e-06 -9.783836439768049e-06 3.902381135015709e-05 0.0 0.00604608679280735 0.2472377930393361 0.7600442753022377 0.0005628701711484942 -0.0001777386440977811 -5.443786823166903e-05 0.0005560239727738939 1.0
0.057200900076198366 0.2733087486643219 0.7592577240809029 -4.3665692567879086e-05 -4.0511623548723633e-05 -2.1610980694901922e-05 6.45521166021751e-05 0.0 0.006441458002166376 0.2471731023280332 0.7599980566344053 0.0004025927747493829 -6.332690153482441e-05 3.4412242978049622e-06 0.00041323622685632055 1.0
0.05717200692936888 0.2732442776725658 0.759225347281018 -3.0991208748563454e-05 -6.697826748342993e-05 -3.170196560546679e-05 7.830254740760905e-05 0.0 0.006772452999224915 0.24713497956854893 0.7599510253775823 0.0002835635417742982 -4.1052321628683185e-06 -2.087003799192648e-05 0.0003402353256121526 1.0
0.05716431315534011 0.2731963675512338 0.7592138693185129 -7.278268329912936e-06 -5.889180548398508e-05 -1.7006404239788252e-05 4.938054557053268e-05 0.0 0.007008275418924716 0.247144944146672 0.7599148062569784 0.00019728364746478247 2.1205371180367175e-05 -5.049477758799507e-05 0.00023420178149007053 1.0
0.05714934131695244 0.273091120855291 0.7591900366840718 -8.540038675861333e-06 -9.843244212787993e-05 -2.0560665141075816e-05 0.00010714743489996879 0.0 0.007299164685893526 0.247113406532301 0.7598214704112501 0.00026594591069513705 -4.521746362606962e-05 -0.0001070999099297816 0.00030806960241145574 1.0
0.057149238034922625 0.27301523819933393 0.7591787054476512 2.935115506732747e-07 -8.261262601540733e-05 -1.108655205786435e-05 8.030237754127543e-05 0.0 0.0074599763058460535 0.24709976030127256 0.7597432395212604 0.00019886796052913573 -2.657469795278516e-05 -9.100691527080555e-05 0.0001847206764077308 1.0
0.057157200278287135 0.272922569277579 0.7591612020955656 6.989756019071301e-06 -8.778067057009923e-05 -1.3400130521027902e-05 9.225208582975682e-05 0.0 0.007675734868413566 0.24716160774039334 0.7596797666687187 0.00021598296533273024 4.075521865878098e-05 -6.788048881719625e-05 0.00022293000308437394 1.0
0.057158543106578925 0.27282316983984795 0.7591295006188793 1.5808063574347577e-06 -9.660381951551872e-05 -3.0122315208047462e-05 0.00010419285191891473 0.0 0.007927638683027179 0.2472669082684954 0.759637813574529 0.00026061334205464744 0.00010636923446907448 -4.194600468335599e-05 0.0002817863618386747 1.0
0.05715314958336069 0.2727215046681522 0.7590742395835867 -5.721640077143674e-06 -0.00010303912227453783 -5.6266771849920214e-05 0.00011686915863501904 0.0 0.008167463719140506 0.2473333819772605 0.7595290977767153 0.0002474210035100313 9.44528380950281e-05 -8.78344558262892e-05 0.00027376951707383187 1.0
0.05714646976794585 0.2725878414665472 0.7589875967049605 -8.524896837355826e-06 -0.00012912761494108055 -8.832818352028592e-05 0.0001593762997433684 0.0 0.0084538980036826 0.2472857638404152 0.7593467055556778 0.0002857448596585319 -2.816830812722124e-05 -0.0001751534852804777 0.0003393914698300295 1.0
0.05715992086230342 0.27250484508015277 0.7589344243881254 9.093416504111246e-06 -9.43543049738691e-05 -6.417196716464341e-05 9.968479458477702e-05 0.0 0.008771665972572182 0.2471428519885958 0.7591576761452445 0.00031800851440439044 -0.00015494667592679204 -0.0002079755415151064 0.0003958165897444645 1.0
0.05717850248458029 0.2724346418275178 0.7589022344818369 1.975071156797895e-05 -7.093874601768841e-05 -3.337576428608925e-05 7.769324421401171e-05 0.0 0.008992819378331447 0.24699597770553158 0.7590363790506859 0.00024182312567627527 -0.00018754769399867552 -0.0001482335829049276 0.0002971561174787241 1.0
0.057196823086707906 0.27237070455031986 0.7588747688805009 2.370715625472593e-05 -5.3809168165558626e-05 -1.673063900794355e-05 7.243942805166532e-05 0.0 0.009068335384669841 0.2468697717071633 0.7589127758203928 7.43062607484589e-05 -0.0001411579682310215 -0.00010947135948550619 0.00018545035406879564 1.0
0.05719814841159721 0.2723113553296099 0.7588413858586424 5.680151358710974e-06 -5.5565291410376055e-05 -2.4633132811921338e-05 7.024981476394897e-05 0.0 0.00904800238351997 0.2468391209507413 0.7589343781529381 -3.8703739813687266e-05 -2.292041288517032e-05 2.2545389675446243e-05 4.4432165124698404e-05 1.0
0.0571738015764578 0.2722129838483278 0.7587522394330553 -2.5264582562708903e-05 -9.359502473154155e-05 -8.248067160125613e-05 0.00013351640043125117 0.0 0.008927161130059447 0.24684072285356948 0.7590298806661692 -0.00014224337687163794 3.5558711530848646e-05 0.00011480377835215583 0.0001546679001185485 1.0
0.05716403222532354 0.27208913611912466 0.7586605993421524 -2.028106275984423e-05 -0.00013081327615096746 -0.00010618955758975242 0.0001547195354383933 0.0 0.00868916295701789 0.24685471309199247 0.7591112377288178 -0.0002426521077583163 3.5812186511409644e-05 0.00010187814296546193 0.0002568559380762742 1.0
0.05715869138169649 0.27191542199592506 0.7586056336623861 -7.7543868033382e-06 -0.00017950190187793246 -7.215777895509348e-05 0.0001818740106951248 0.0 0.008541615675826758 0.2468474915043381 0.7591292537403589 -0.00016408677280884668 -7.183887764936395e-06 2.2840326502170005e-05 0.00014741696590665537 1.0
0.057167363040092574 0.27174279578329474 0.7586071928507995 1.2023642252794912e-05 -0.00018045335357560018 7.129175015528172e-07 0.0001723240508015399 0.0 0.008568682278532379 0.24681302401801178 0.7591220953644621 2.61086541412138e-05 -4.937625672927115e-05 -2.8414599977083006e-05 3.5903550223424275e-05 1.0
0.05717885547487573 0.27163021418978756 0.7586170199481473 1.7856150944559355e-05 -0.00012299166269985932 2.8139929168123244e-05 0.0001143048526493973 0.0 0.008691554514622179 0.24678994911670815 0.7590737018990723 0.00015747099371687072 -4.321790230192631e-05 -6.890621417138536e-05 0.00013436406487172576 1.0
0.057186458341683746 0.2715563772888678 0.7586255974403295 1.1412109896442602e-05 -6.443271661329694e-05 2.2464813314993705e-05 7.421464012895176e-05 0.0 0.008800738328321149 0.2468177728214421 0.759021580431339 0.00015629146164016845 1.5372378663730757e-05 -6.753897231160752e-05 0.0001372863009344548 1.0
0.05718495965240309 0.27150427494347645 0.7586222804755729 -3.089917099002687e-06 -3.485083244638956e-05 -3.7719386988429077e-06 5.24779036605582e-05 0.0 0.008838331466535364 0.246933973316256 0.7590202144638865 5.405999269293762e-05 0.000119514251302743 2.4959230902207933e-06 0.00011546103275992116 1.0
0.05717840873796178 0.2714805097670267 0.7586135534844843 -1.1233915842047591e-05 -1.806995929797989e-05 -2.2185788715990222e-05 2.7629269980563407e-05 0.0 0.008882353786091157 0.24705036570206226 0.7589913363034602 1.3099671055247866e-06 0.00014159310966058508 -4.84687416637404e-06 0.00012221440756136242 1.0
0.05717180395817415 0.2714574135752613 0.7586121264185377 -8.959136713163082e-06 -2.340418027790954e-05 -1.110320601001099e-05 2.2448405233498368e-05 0.0 0.008929183507340567 0.24715573552477976 0.7589721877994422 4.883174025253125e-06 0.0001201994574263851 -1.2585995922735152e-05 0.00012131075762524383 1.0
0.05716288092227356 0.2714438529344529 0.7586085246061798 -8.946460712457603e-06 -2.3897432469607074e-05 -1.5335662809594347e-06 1.6615848999233508e-05 0.0 0.008945150177865279 0.24724504410001846 0.7589528062496315 1.8673983353714296e-05 8.315692544028568e-05 -2.1444313736559308e-05 9.457005336882448e-05 1.0
0.05715656565994784 0.27143088883966376 0.7586077812344768 -4.875100158412963e-06 -1.7646605827926224e-05 4.537812236819057e-06 1.4875031573069702e-05 0.0 0.008995192916206075 0.24731028075154501 0.7589388607271802 6.033106758853083e-05 5.033045222774008e-05 -1.9206575494074123e-05 8.020803415229882e-05 1.0
0.05714662149042599 0.27142971817227207 0.758588142756276 -7.817770619149774e-06 -2.295996752966681e-06 -1.4655467894309487e-05 2.1734581152863577e-05 0.0 0.009028087221945317 0.247388765205962 0.7589238843280928 4.923337342125368e-05 6.349981014718104e-05 -1.9081119122218582e-05 8.787698790290016e-05 1.0
0.05714270345131623 0.27143699086992995 0.758570665131863 -4.686199198560779e-06 7.701812153349563e-06 -2.0248776177120738e-05 1.9666258489355826e-05 0.0 0.008931720666997853 0.24743420088042353 0.7589231142569676 -7.746625920587361e-05 5.275566008119698e-05 -1.4255986369240698e-06 0.00010679116466236484 1.0
0.05713909872518815 0.2714258087492019 0.7585627315951196 -3.6135848821635176e-06 -5.625963194181777e-06 -1.2520247179127466e-05 1.4128213026423633e-05 0.0 0.00871576723232314 0.24745934820833662 0.7589180354666687 -0.00022197646490810906 3.365770671775721e-05 4.178898997828301e-07 0.00021631777249299264 1.0
0.05712293729580033 0.2713806311422525 0.7585285255018002 -1.3993990757626427e-05 -4.088071750078849e-05 -2.939760940794558e-05 5.807506925910923e-05 0.0 0.008491946363082847 0.24746878228864824 0.7589314536352493 -0.0002551534232466451 8.554561079608244e-06 9.398518090464461e-06 0.000227154640431012 1.0
0.05702687509920605 0.2711363021071053 0.7583575595976736 -8.638837788403285e-05 -0.00022438597506515922 -0.00015218858264917366 0.0003128700332932779 0.0 0.008295106718369043 0.24743991372905938 0.7589450108800084 -0.00021729174207104355 -2.776642093373373e-05 1.592088124268579e-05 0.00019668331834905883 1.0
0.05693828726555472 0.2709494225927044 0.7581853989270697 -0.00010287412492928665 -0.0002284586855243443 -0.000193177384651092 0.00027651188618128364 0.0 0.008255711957648043 0.2474315460120655 0.7589220712409929 -4.801429840393e-05 -1.76804012485184e-05 -1.678589622711709e-05 4.59815195331389e-05 1.0
0.05689480449076027 0.2707721266340619 0.7579958799185335 -5.884449820451174e-05 -0.00019383341474125214 -0.0002044813116811991 0.0002532018846389852 0.0 0.008428426689849446 0.24710127835538834 0.7585131572748343 0.0001934599922048688 -0.00028347712998271597 -0.00035998105999340537 0.0005468792863368664 1.0
0.05687712150085753 0.2705283543810418 0.7578209098794569 -1.3251391695212288e-05 -0.00022053593464580216 -0.00017946407827179386 0.00029952271845844235 0.0 0.008221049451599929 0.24746779160776539 0.758287264413774 -9.286744273182454e-05 0.00022948573698667105 -0.0003122869547818848 0.0005008461903447338 1.0
0.056861807544662704 0.2703453094191701 0.757695240340265 2.2949130673373685e-06 -0.00017789311262680086 -0.00011781043096809797 0.00023164064383868503 0.0 0.00799227163199954 0.2478144028124727 0.7579406821495608 -0.00026346093866159303 0.00041172082079128 -0.00035106424513051956 0.0005215923075739009 1.0
0.05684717526624329 0.27021271397439084 0.7576328393345955 -4.533208376397258e-06 -0.00012727926064961284 -4.913123265530809e-05 0.00014473050291330332 0.0 0.007862938800360065 0.2480386808171776 0.7577479360305109 -0.00021763603685134153 0.00032356404550105646 -0.00020656977702943657 0.00032006439774648733 1.0
0.056807839799666075 0.26993579126100775 0.7575064946437661 -4.031924864034869e-05 -0.000248503644396885 -0.00010116886340890456 0.000299322593640095 0.0 0.008038686739952053 0.2482214914183732 0.7574845933759661 0.00010964944867561751 0.00019563844016071982 -0.00020652078357901365 0.00036800300813576256 1.0
0.0567686924235487 0.2697355770448083 0.7574022555627127 -5.475567000088554e-05 -0.00023484635141638236 -0.00011814117519230778 0.00024174356936163926 0.0 0.008175735042383152 0.24815527443339577 0.7575739050812648 0.0002133061969611295 -8.868874143170541e-05 6.6933630779978e-05 0.0001915170493268134 1.0
0.05657418720641907 0.2693578284101786 0.7571603983955671 -0.0001779910666542486 -0.0003548013849945821 -0.00023273436645130752 0.0004783219589571332 0.0 0.008121994439797971 0.2478460407990139 0.7579370740286676 5.023572737437812e-05 -0.0003719433906594881 0.00036140644281318205 0.0004613099560008758 1.0
0.05641297138307658 0.2691497634841155 0.7570492673079741 -0.0001852191059477127 -0.0002566263594088573 -0.00015800714453612712 0.0002932734214529736 0.0 0.008228606246631935 0.24756904607922525 0.7582144502482673 6.400660191871978e-05 -0.00036297322673644445 0.0003388286420606002 0.0004226928785770474 1.0
0.05626978239204086 0.26901303739704474 0.7569825860601234 -0.000155877831211941 -0.00014111746520522865 -7.056944001932334e-05 0.00020094781562053258 0.0 0.008507600770624086 0.2473102798793191 0.7584016712471614 0.00019073324911256885 -0.00022188216378744933 0.00022762546816391396 0.00041163344708224943 1.0
0.056121070417809324 0.2689182185721085 0.7569436557888418 -0.00013895735221190528 -6.01576426883816e-05 -1.4072951249435162e-05 0.00018220888686762296 0.0 0.008911244846198933 0.24712253327425757 0.7586274883007069 0.0004030967419085267 -0.00016506715355543846 0.00016148156894949192 0.000498758673621604 1.0
0.055986709009421314 0.2688504372250402 0.7569162342263789 -0.00012058267112853788 -4.284043568335565e-05 -4.116254058111448e-06 0.0001584527835890218 0.0 0.009564576553334357 0.24710140103915013 0.7588710913655096 0.0006813568638050937 4.0591639910124975e-06 0.00019025279301640858 0.000701396791273269 1.0
0.05588784569677359 0.2688154197065364 0.7569155740553181 -9.317478334916858e-05 -4.101372812781418e-05 -3.5713749434117237e-06 0.00010661768484386448 0.0 0.010398629299645076 0.24729118761307067 0.7590994573811165 0.0008836438615485127 0.00021087473923377787 0.00021206363949723177 0.0008929516587435802 1.0
0.05581240246752134 0.26880664288465533 0.7568970756828005 -7.507830599633564e-05 -1.927111933272568e-05 -2.376834335878305e-05 6.834029105940435e-05 0.0 0.01105902192826243 0.24761172727260802 0.7591573504432592 0.0007097144779161663 0.0003323306615890401 0.00012016568444795633 0.000729019052172538 1.0
0.05575378101748411 0.2688194833645562 0.7568585425146294 -6.584342494088433e-05 -7.09634916150532e-06 -5.259348143801646e-05 7.699257342243978e-05 0.0 0.011582830511058384 0.24802496910592886 0.7592212160642665 0.0004983583030049972 0.0004185665806040106 6.19842488261953e-05 0.0006635806553285097 1.0
0.055704528487796424 0.2688014593198927 0.7568083071181171 -4.399059327115558e-05 -2.412141741553529e-06 -4.835073803975795e-05 7.304026212146008e-05 0.0 0.01206680812881059 0.24837079458272032 0.7592631372972721 0.00042481180923987247 0.0003648096651840226 1.4924559747688719e-05 0.0006016043137258107 1.0
0.05567198378651444 0.2687661002405916 0.7567524013510321 -3.474480741448002e-05 -3.5467689247261497e-05 -5.980371210482171e-05 7.295101555273344e-05 0.0 0.012498662458862794 0.2486692746035047 0.7592691047771711 0.000388838526004046 0.00027312865625491156 1.6763542394246476e-06 0.0005317671762540808 1.0
0.05564323388719002 0.26870025904810757 0.7566738370749074 -3.16798553442919e-05 -7.039717798654787e-05 -7.654562343675515e-05 0.00010554306088998168 0.0 0.013045357804818181 0.24896923736957688 0.7592887406112317 0.000523905841967619 0.00025716362107899577 2.9390725348156337e-05 0.0006182920164529713 1.0
0.055626965285498306 0.2686607241365444 0.7565955538756913 -1.847403499387329e-05 -5.243674390898221e-05 -7.822806897191483e-05 9.078355137479919e-05 0.0 0.013933341780757506 0.24943243190648148 0.7593722248331114 0.0008936763375943821 0.0004239183007060044 8.839611249488659e-05 0.001002219696288719 1.0
0.05559449021940821 0.2686406435961128 0.7565254504904932 -2.8065807679678343e-05 -1.9914151671766143e-05 -6.900927682216396e-05 7.853666455102937e-05 0.0 0.014461963839563295 0.24976131110827554 0.7594510271327822 0.0006721942036561891 0.00038243029925817245 9.224679120272089e-05 0.0006434346902736526 1.0
0.05551968487971411 0.26862524182316583 0.7564566309253399 -7.048274407564603e-05 -4.104829214615111e-06 -6.728989228255942e-05 0.00010242292004436291 0.0 0.014912466423591859 0.25015726129397164 0.7594335975387596 0.0004495593604273593 0.00040599865561706245 -3.5944395632908155e-06 0.000573258012720528 1.0
0.05539610642458798 0.2686321113081283 0.7564017587439712 -0.00012540085842210503 1.2927036023634481e-05 -5.4394540448138764e-05 0.00013701682456910294 0.0 0.015172079082817057 0.2505584512072794 0.7593465502027164 0.00021704423887397735 0.00040505809044133245 -8.870855118836293e-05 0.0004956184805429319 1.0
0.05529292441009772 0.26864514708553083 0.7563800235035085 -0.00011908047257581594 1.4252752952357658e-05 -2.3029142460626343e-05 0.00010688585405517798 0.0 0.015272460799066991 0.25081843499383377 0.759272315131198 4.2679496820536374e-05 0.00026956049446503707 -0.00010579174279807621 0.00030253526693197277 1.0
0.05520446618251933 0.26864546868411265 0.7563833956190945 -9.208624510642348e-05 6.132419637590561e-07 5.25697104164895e-06 8.542376711994798e-05 0.0 0.015622349561928574 0.25117115586075156 0.7593724450718784 0.0002657467891513383 0.0003142817050275972 6.0786565043229224e-05 0.0004943040348636567 1.0
0.055113438230941884 0.26861841671150044 0.7563946621423611 -8.064634149183703e-05 -2.88464404732266e-05 1.5251990148118051e-05 9.652658575736091e-05 0.0 0.01595707990632245 0.25154163502779264 0.7597420435006736 0.00039730081110036895 0.0003685354903681549 0.00036719795350137897 0.0006231179149792001 1.0
0.05501714310752145 0.26853182764526956 0.7564133319299284 -8.48006207748894e-05 -8.436827294942468e-05 2.0335152918658057e-05 0.00013266939621923085 0.0 0.016154840345351827 0.2519368261536546 0.7606097905419066 0.0002974464218489851 0.00041177329828527223 0.0008761826550130787 0.0009775816750282784 1.0
0.05499356605894619 0.2685069271048101 0.756426631683669 -3.305538236962425e-05 -4.661849650489363e-05 1.2347986284163954e-05 3.7874717911979834e-05 0.0 0.016158688141311592 0.2519791303756249 0.7610581321768151 1.7271747183094494e-05 0.00010004061532440392 0.0006165647243604134 0.00045299661573235117 1.0
0.05497511017017859 0.2684892020288075 0.7564205581560935 -1.522831401322025e-05 -1.653165350878405e-05 -8.540948581544947e-06 2.0970599018830928e-05 0.0 0.016119924590389557 0.25196584639748837 0.7614378594814154 -8.85644432691851e-05 -4.323508692365721e-05 0.00036738495390011537 0.00035892689715118404 1.0
0.05495883903639567 0.2684365242972354 0.7563944638288561 -1.180111609818901e-05 -3.408603205002154e-05 -2.9002370439996594e-05 6.361062438742098e-05 0.0 0.016364607008088727 0.2519094404473722 0.76216850734541 0.00014187544479188528 -0.00010919124551847357 0.0005750822953762047 0.0007865118825190924 1.0
0.05496147467352456 0.26841536621345374 0.7563883133339551 2.8975467736354517e-06 -2.1223058168951792e-05 -1.3451626631433067e-05 2.615408623162131e-05 0.0 0.016196834380328595 0.251905091332654 0.7623639092801979 -7.447657420864921e-05 -3.932865009903926e-05 0.0002417628015679227 0.0002866302537802847 1.0
0.05496623138344713 0.26841861914626436 0.7563639343723769 2.3303961734073256e-06 -7.965580983294327e-07 -1.9896935309063313e-05 2.0691217129489012e-05 0.0 0.01588012951040448 0.25188055191654857 0.7624072762901356 -0.0002717383743890036 1.666232146321344e-05 3.4159842200300354e-05 0.00028237900462868207 1.0
0.05495145108194732 0.2683869501729802 0.756293307273149 -1.663060026808469e-05 -2.705237859416112e-05 -6.15144850117103e-05 7.73542069732768e-05 0.0 0.015496688011887368 0.2518185496240959 0.7624269022741524 -0.0004232457636671328 -1.5109664652222874e-05 -5.007928118842497e-06 0.0003883180717261915 1.0
0.05494405488631644 0.2683390956308355 0.7562162679133645 -1.2717248958469448e-05 -4.985282480387433e-05 -8.072324126629731e-05 9.593011698995123e-05 0.0 0.015271150871009977 0.25176528687906574 0.7624485266554827 -0.00030497702980024317 -4.795825396961581e-05 1.3350831917419744e-05 0.0002624414176911399 1.0
0.05493592370873185 0.26824557798892973 0.7561346080106612 -6.178604620063564e-06 -8.898063336613961e-05 -8.769612440294603e-05 0.00012182385408158935 0.0 0.015042354427390554 0.25172192817593286 0.7624769260148658 -0.00021564739069855518 -7.326669643300886e-05 1.2641181332089945e-05 0.00021608811671339982 1.0
0.05492590088995091 0.26810309775629326 0.7560635360238871 -1.053579585019562e-05 -0.00014819971774181337 -7.53234616330579e-05 0.00015820882508370236 0.0 0.014724112631790942 0.2516599804055918 0.7624936095969191 -0.00024175475344985028 -6.325096365742368e-05 7.36245735490693e-05 0.00031579369167399274 1.0
0.05490715479541386 0.26802028202758804 0.7560242673869347 -1.632232623370345e-05 -0.00010554630197445851 -3.858442059428845e-05 9.64941873146824e-05 0.0 0.014493752738019073 0.2516651535148751 0.7624642395273087 -0.00021201743441424123 -4.080656297825356e-06 2.2505722098797453e-05 0.000253562672214836 1.0
0.054896174027030196 0.26796457447736266 0.7560031117687167 -1.1121552702037536e-05 -5.04102647699285e-05 -1.15546232355727e-05 5.774678407414142e-05 0.0 0.014418727762691121 0.2516783026161787 0.7624053971843501 -0.00013135274395280298 2.575574503544258e-05 -9.69406414081628e-05 8.382707792148943e-05 1.0
0.05488317637316462 0.26789164809364957 0.7559910035565377 -1.2928824981108542e-05 -5.172447205090751e-05 -6.790001292298907e-06 7.522368730642183e-05 0.0 0.014476605889429828 0.25168826414203055 0.7623457411198891 4.7787557956691356e-05 1.693202042619355e-05 -8.059876518963236e-05 7.873482647624059e-05 1.0
0.05487205381952942 0.26783762259023003 0.7559792405463757 -1.1948891651428407e-05 -4.955090150596864e-05 -1.2084666515212137e-05 6.006314826441684e-05 0.0 0.014551664383709587 0.25171668185930063 0.762306785781747 0.0001123657512433424 2.4376148724716158e-05 -4.681986273741795e-05 9.982104456653481e-05 1.0
0.05485603895470355 0.26775630087137214 0.7559692384077711 -1.3807803111529e-05 -7.853201949095201e-05 -1.3366150461493844e-05 8.074259581687843e-05 0.0 0.01473444716374637 0.25169029687769046 0.7622220156640137 0.00019742806516171606 -2.0305587296306398e-05 -7.013788451314515e-05 0.00020184135114937961 1.0
0.05483730428178716 0.26766203167481817 0.7559270021660623 -1.876038530722531e-05 -0.00010462985326272154 -4.235853427337342e-05 0.00010417743275273706 0.0 0.015073228635614439 0.25169113701465196 0.7619582566894755 0.0003125996696033622 -1.446157648921808e-05 -0.0002349537245824172 0.0004250336430846432 1.0
0.05483842144345479 0.2675716429056588 0.7558926856116213 -3.2360192454296467e-06 -0.00010104080956848919 -4.182316421678029e-05 9.852566174381133e-05 0.0 0.015680384404696605 0.25148351886725623 0.7612071561646525 0.0005709061872987387 -0.0001833596104740807 -0.0007106583276751691 0.0009875350477553447 1.0
0.054845652570468036 0.26749846134211186 0.75587179612085 8.161836943235552e-06 -7.28435807147956e-05 -2.436358722952092e-05 7.532823262903108e-05 0.0 0.016581128088398785 0.2510890789733067 0.7602842144095825 0.0009070879344716095 -0.0003909222927852628 -0.0009940201095531866 0.0013575090618832073 1.0
0.05485104165242362 0.2674803390662832 0.755850347337304 9.764185267222896e-06 -2.0150860895291837e-05 -1.7513083542236585e-05 2.8301894203271066e-05 0.0 0.01746242267439532 0.25049058428431875 0.7594900068835163 0.0009563785171731653 -0.0006174249783490506 -0.0008955774325855074 0.0013231910541647528 1.0
0.054851586873069035 0.26747087564156674 0.7558210484002753 2.2412689950055636e-06 1.4340813778409149e-06 -2.323386088603218e-05 3.116832708123259e-05 0.0 0.01844633037452486 0.2501237171810569 0.7591327578338704 0.000987481624961157 -0.00044902857079872016 -0.00040149549687893316 0.0010992762210650414 1.0
0.0548464923926043 0.267446855280629 0.75580622973305 -6.580672476152969e-06 -1.1627044720623332e-05 -1.582727484362059e-05 2.9765759951462054e-05 0.0 0.019061662928404683 0.24991958552586574 0.7590421344651799 0.0006411550575011597 -0.00020078895905387291 1.1570201129553333e-05 0.0006608555608686008 1.0
0.05484112463835225 0.26743217085054954 0.7557806522346058 -9.392753119246546e-06 -2.0729972031003313e-05 -2.4450377049394526e-05 2.9576674115392518e-05 0.0 0.0194044306295979 0.24980810600002504 0.7589791373417241 0.0002965820917151704 -4.170807373704912e-05 8.225968706525896e-05 0.00037031625665372457 1.0
0.054834654098907774 0.26741372275283415 0.7557437048837035 -7.818024570329372e-06 -2.588446202832193e-05 -3.86347328423527e-05 4.079140215958964e-05 0.0 0.019775642480475728 0.24966763755956609 0.7589417940102989 0.0002673667943645145 -6.397628913472129e-05 -8.560451827542319e-06 0.00039802551001046126 1.0
0.05483148513103581 0.26735395847544263 0.7556806614857379 -1.8752127821024896e-06 -5.9014187739622094e-05 -6.107616045683803e-05 8.684907915953739e-05 0.0 0.020206280252505874 0.2491848387530926 0.7589136978594881 0.00040166840824474036 -0.00044261633665915954 -0.00010657672119379196 0.000651388288761074 1.0
0.0548248585296496 0.26733229702041006 0.755646213455137 -4.400466909795912e-06 -3.2151920917138945e-05 -4.320803403427499e-05 4.358756896057993e-05 0.0 0.019934695100098734 0.24879104937575489 0.7590023532718299 -0.00011529589560344531 -0.0005053003757471352 -8.506089540515115e-07 0.0004887983784420096 1.0
0.05481077831175641 0.2673312197008787 0.7555750004193631 -1.2658713441148645e-05 6.723034088170285e-07 -6.54318761015193e-05 6.894026184585418e-05 0.0 0.019165971338663632 0.2484769154175584 0.7589067551667033 -0.0007346486722386183 -0.000394290600621095 -7.397233657146607e-05 0.0008129777138977719 1.0
0.0548076332002613 0.26733405509089575 0.7555528205207588 -6.325076344452905e-06 1.0064201700405253e-05 -2.953649229634969e-05 2.527695672230084e-05 0.0 0.01881322729851014 0.2485041643532676 0.7588486279633824 -0.0005338185699048353 9.972341995557435e-06 -5.197124163813967e-05 0.00038244368455555525 1.0
0.05480106464923129 0.2673299197932088 0.7555241299114265 -6.037414327248486e-06 2.873402605474619e-06 -2.075376464518863e-05 2.872518259788094e-05 0.0 0.018519267747464697 0.24852520189550661 0.7588156645998189 -0.00033500219616159905 0.00012417445724705023 -3.815627844527147e-05 0.0002818225675596585 1.0
0.054785543353185154 0.26729925378923064 0.7554840093301084 -1.3407902312086646e-05 -2.6435416358966652e-05 -3.435460702659853e-05 5.311394927311552e-05 0.0 0.018100208097092646 0.24859310177278834 0.7588081287560655 -0.0003037574705282315 0.00013164740030867844 -1.2791393938803013e-05 0.0004276292572839359 1.0
0.054773436288137176 0.26727554649794893 0.7554555890890098 -1.3390284809061693e-05 -3.4472061309909486e-05 -3.227800957818379e-05 3.9631357518597396e-05 0.0 0.017747157333199436 0.24863504009131215 0.7587537353342831 -0.00026250707706646707 3.755874398603669e-05 -3.326408441591039e-05 0.0003735461894799537 1.0
0.05475244355855397 0.26722961974294696 0.7554205300346051 -2.0386660666276702e-05 -5.05496003676233e-05 -3.7100391770845515e-05 6.0428351342515124e-05 0.0 0.017349842276802287 0.24872841658250663 0.7586756169095593 -0.0003782114435076474 2.473088484955966e-05 -6.548916786920955e-05 0.0004070011949596978 1.0
0.05473052684810372 0.26718607367792635 0.7553776574188865 -2.3480827816291327e-05 -4.341717789993788e-05 -4.276068346104449e-05 6.449765741220958e-05 0.0 0.016961692787338854 0.2488214926226257 0.7585494338179467 -0.0004754950566343463 7.226461696997776e-05 -0.00012399858510369716 0.00040654049650987666 1.0
0.05471064145787007 0.2671576214860549 0.7553434217772094 -2.0892733168814447e-05 -2.8481781205565003e-05 -3.883054353173963e-05 5.037101835350352e-05 0.0 0.01655481826921896 0.24891576386979944 0.7583788997594106 -0.0004416201005875224 9.878301913491676e-05 -0.0001919407211118593 0.00046485290711301066 1.0
0.05468307482752214 0.26711766043413504 0.7552931097988429 -2.499386383570064e-05 -3.3784141400268366e-05 -4.425608976771886e-05 6.821512081896548e-05 0.0 0.01621106950534603 0.24896281756748195 0.7582251964511785 -0.0003200217909633354 7.616438296518207e-05 -0.00016383782385838853 0.00037810300252449816 1.0
0.05466711118816882 0.2670971407424959 0.7552509973021887 -1.809870827069408e-05 -2.190447906579562e-05 -4.5303572557795104e-05 5.0782595977264165e-05 0.0 0.016013508377117364 0.2489071498967645 0.758085392550533 -0.00020813361818958415 -5.090237440605242e-05 -0.00013682622607796732 0.00024378446824245597 1.0
0.054657600441451425 0.26708737275375966 0.755208202924647 -9.489232998609811e-06 -1.007683530570417e-05 -4.309958700047056e-05 4.4580326753628566e-05 0.0 0.015956845660542437 0.24876777095948518 0.7580471858817125 -5.458456369414089e-05 -0.00014886372121798074 -3.977074246207806e-05 0.0001564630548539125 1.0
0.05465679476444479 0.2670813875480274 0.7551870870629933 5.127537031004038e-07 -3.515300819385548e-06 -2.2464561593219208e-05 2.148483447123321e-05 0.0 0.01586726993343508 0.24866960116869247 0.7580430832343001 -4.129316961545837e-05 -0.00013072296343178002 1.2454529334363136e-05 0.00013409637942035738 1.0
0.054654436641135666 0.2670689322830443 0.7551652380868059 -2.3071377360474347e-07 -1.16231622308665e-05 -1.8476487427222215e-05 2.528491168240038e-05 0.0 0.015608661284472344 0.2486886611517706 0.7579030601640725 -0.0002295395827648507 5.9866978213381316e-06 -0.00010235457934983982 0.00029577425574231616 1.0
0.05464424744523355 0.2670408876506466 0.7551316520390613 -8.688522564868753e-06 -2.7001782246487638e-05 -2.9325872183599446e-05 4.5683516142869346e-05 0.0 0.015265891252899722 0.24872251023196348 0.7577446350446766 -0.0003769528011448888 6.692818250462721e-05 -0.00017665423148149537 0.0003809908324948143 1.0
0.05462796867150706 0.2669912826139438 0.7550883715401135 -1.813344800361275e-05 -5.110622651193426e-05 -4.356855260235206e-05 6.755672402607719e-05 0.0 0.014922224860031233 0.24886077946520244 0.757490099448718 -0.00040399044075924666 0.0001573136798747294 -0.00027382735720840926 0.00044525395428281813 1.0
0.054595856666530426 0.26689985798078125 0.7550185936050732 -3.372165200764186e-05 -9.278076924931511e-05 -7.195274942194958e-05 0.00011903969747912208 0.0 0.014580780973700691 0.24902416037520708 0.7572123892041774 -0.0003589163783204348 0.0001779516719838479 -0.00030154177601842986 0.0004679959386167922 1.0
0.054553535869954796 0.2667812540368455 0.7549385993189407 -4.374930824589885e-05 -0.00012177733328917661 -8.478922516036167e-05 0.00014948725411596044 0.0 0.014227636164494647 0.24919293334661172 0.7569631214112842 -0.0003240124849072129 0.0001633974952048145 -0.0002590043473176656 0.00046622385710500084 1.0
0.05451178276427345 0.2666591659463919 0.7548802005646983 -4.3974849934956545e-05 -0.00012778054984539429 -6.524275022365959e-05 0.00014178129577198219 0.0 0.013877087768629066 0.24933705021435948 0.7567118860600743 -0.0003189882140097451 0.00013307299482548623 -0.00022887552084894974 0.0004564987217323342 1.0
0.05445472992163266 0.26650669472922245 0.7548029818111094 -5.41496883094952e-05 -0.00014825170727803135 -6.92532217222354e-05 0.0001785585631301442 0.0 0.013491439289793381 0.2494702131950326 0.7564205159417393 -0.00037462321199606803 0.00012277131102399267 -0.0002683306067457443 0.0004994222485925931 1.0
0.05442309448650122 0.2663964817093975 0.7547709160214352 -3.536228868381887e-05 -0.00011544604341602232 -3.5137939648865525e-05 0.0001217991350601462 0.0 0.013198757560007919 0.24957721368966782 0.7561978401830594 -0.00032169974055066875 0.00010252655517338398 -0.0002368847814977253 0.000386462161068176 1.0
0.054388286136198845 0.2662810335185048 0.7547233035417986 -3.074453263241219e-05 -0.00010702662892623207 -3.870425542358445e-05 0.0001273005027946837 0.0 0.012924433609419028 0.24967910999737514 0.7559919701277862 -0.0002731078191507643 9.480850013995022e-05 -0.00020420631904316167 0.0003520408227157463 1.0
0.05436467530833855 0.266155692297049 0.7546733530163848 -2.1956293957749853e-05 -0.00011787479435466701 -4.779761431406231e-05 0.00013783664670711138 0.0 0.012545703945759644 0.2497474930952896 0.7557937078865052 -0.0003493586189063744 7.811019147530197e-05 -0.00019760335198466808 0.00043424447849629524 1.0
0.0543554774828826 0.2660567586237404 0.7546482506510788 -9.714260951791777e-06 -0.00010430521431969837 -3.285400829986269e-05 0.00010399925780994319 0.0 0.01222071198403382 0.24976394903560167 0.7556357619690964 -0.00034190027449743966 2.339962332967318e-05 -0.00015863273316823193 0.00036822737955604864 1.0
0.05434702077112467 0.2659818887355944 0.7546312069726923 -6.813394140184964e-06 -7.870373006037937e-05 -1.8287219753587516e-05 7.531509237055586e-05 0.0 0.011843882516944192 0.24971844061477785 0.7555046329817453 -0.0003806690481287474 -4.414670139528905e-05 -0.0001288631927209435 0.00039473527440503126 1.0
0.05434115879732488 0.2659315355079874 0.7546308678662272 -6.204615907019176e-06 -5.0521538848430367e-05 4.75719679139726e-07 4.9893524472608645e-05 0.0 0.011422213278083175 0.24955367466349826 0.7554325757465673 -0.0004257274370929254 -0.00016174837857839763 -7.923814762040906e-05 0.00045773450106484126 1.0
0.054274578315281825 0.2658028110096282 0.754556106148383 -5.960531255285053e-05 -0.0001124577287597088 -6.105914742445329e-05 0.00016414507525074615 0.0 0.01050432005668499 0.24889549155585802 0.7555837818885709 -0.0008559427874448556 -0.0006097820543469065 0.00012548655639198653 0.0011390101857725757 1.0
0.05422393535558409 0.2657302244644372 0.7544964475989411 -6.166768220908705e-05 -8.709682109196027e-05 -6.899066707315029e-05 0.00011064274788257725 0.0 0.010324571481264314 0.24873113183518028 0.7556345843414726 -0.00034874672184567317 -0.00031245596189767707 0.00010406444812840386 0.00027589518823053604 1.0
0.054176007987152 0.2656452293008714 0.7544393101612139 -5.513252032465497e-05 -8.965979401149858e-05 -6.844625540524443e-05 0.00010709159463349737 0.0 0.010244206735212329 0.24854355095071706 0.7557369753930376 -4.800341231061227e-05 -0.00016394022381588602 0.00010296783259488123 0.00017664979688653383 1.0
0.05410544505498312 0.265474604734802 0.7542627498663782 -6.470320057329855e-05 -0.0001588481656409509 -0.00016015251933836606 0.00025466818149461794 0.0 0.010197494619683407 0.2483249553818723 0.7557674688613635 5.291909998985099e-05 -0.0001430064613167637 2.8108645208770467e-05 0.0002477274056834581 1.0
0.054089363665444715 0.2653836385657292 0.754135708144699 -2.0362082046034388e-05 -0.00010932427078706966 -0.00014370420545879972 0.0001657655271895039 0.0 0.010208390041824755 0.24821304486999782 0.7555724504190418 7.306524497002585e-05 -8.154590485513015e-05 -0.00019012909948806601 0.00025110245508866365 1.0
0.054096780461425485 0.2653300694597347 0.7540653049976463 1.315176735174328e-05 -5.449702984634834e-05 -8.009176404836321e-05 8.192866711845677e-05 0.0 0.010123555932402974 0.24815893337971917 0.7552096405784712 -8.427611145404434e-05 -5.4171296240749806e-05 -0.00038955679619622494 0.0003600722272151409 1.0
0.05410857873728788 0.26527587229235233 0.7539912444830228 2.0206518710305505e-05 -4.06145776059038e-05 -5.920089682134668e-05 8.866567890706316e-05 0.0 0.00985363097389488 0.24815647458428858 0.7547359447017503 -0.00032460235043345066 -3.48884551003958e-05 -0.0005027185362680699 0.0005259482788749742 1.0
0.05411385306353425 0.26521897271257916 0.7539329902065545 7.021466765453834e-06 -4.926916552617493e-05 -4.892875449014507e-05 9.038920079413516e-05 0.0 0.00976194129011141 0.24806479279025598 0.7545420205686754 -0.000209309489590279 -9.969970191677006e-05 -0.0002508602694949282 0.0002603070504045461 1.0
0.054109826163787206 0.2651141764929589 0.7538159511671475 -4.898688807940461e-06 -9.384373691473579e-05 -9.953676438541429e-05 0.00015528009103395334 0.0 0.00976621483499009 0.2478921760854273 0.7544190585445072 3.6364510884460705e-05 -0.0001392555873729448 -8.745724159091485e-05 0.00018928380658069584 1.0
0.05412678986366275 0.26497837790424067 0.7537290224914551 5.220812958703977e-06 -0.0001491690817078267 -0.000105849893937006 0.00015938231754594214 0.0 0.009464840755221889 0.2478004173346056 0.754256120678215 -0.00021282350034279352 -0.000141735177687149 -7.320918152316328e-05 0.0003635742062087452 1.0
0.0541263244374224 0.2649187447302843 0.7536414359010112 -8.450830987054032e-07 -9.079573842037187e-05 -0.00010412164795055628 0.0001069957584970885 0.0 0.008999368721512378 0.24841297428333298 0.7543459301187702 -0.00044653054223573266 0.0005013601743558871 7.954425832128659e-05 0.0007849264285970238 1.0
0.054109225304751075 0.2648753100322781 0.75358416738361 -1.0857656303789074e-05 -3.315495362141965e-05 -5.6174455404567146e-05 7.18424710194026e-05 0.0 0.008719678895860011 0.24880863833303024 0.7544801502172112 -0.0003605525660486369 0.0005461119783757935 0.00012923262001905719 0.0005060670952790951 1.0
0.05409301641052542 0.26479320812470597 0.7534685646929337 -1.774376637137458e-05 -5.786045759794961e-05 -9.519692719715192e-05 0.00014377275968705555 0.0 0.008238625477804514 0.24934952068823685 0.7548110527818395 -0.0004760224750574002 0.000594080266034306 0.0002973763418139838 0.0007640284632479622 1.0
0.05410583877519445 0.2646986386928137 0.753340484717566 6.139649342430073e-06 -8.915546036559845e-05 -0.00012870136710298695 0.0001645158538913089 0.0 0.006831384756398377 0.25013272157924665 0.7554686989706053 -0.0012780467133709365 0.0007477399461730894 0.0006311534744788201 0.0017545659360732556 1.0
0.05410322746818498 0.26461791993197115 0.753259730137474 3.0934627530938504e-06 -9.294046698226876e-05 -9.724843069277428e-05 0.00011055214141603338 0.0 0.005794141181994786 0.24880246294923256 0.7560815921563393 -0.001190612781596302 -0.0010563866754659198 0.0006889905522867552 0.0018286941354374582 1.0
0.05409250922695764 0.26449602640649544 0.7531652711343026 -6.008472604789153e-06 -0.00012709355899611426 -9.449794345653997e-05 0.00015055431335759146 0.0 0.005687462125870035 0.24538272961235422 0.7564936887962853 -0.0002903150046079517 -0.0034446037662000228 0.0004521756501491356 0.003394950998829977 1.0
0.05410603369265373 0.2644327877477469 0.7530228667616395 1.017048083974469e-05 -7.659593331774532e-05 -0.00012714322765375812 0.00016140038185571265 0.0 0.005493405779457894 0.24312682502373886 0.757643296794754 -2.379424414462163e-05 -0.002967025813907088 0.000984196250841319 0.0025855262534769125 1.0
0.05410155712315476 0.2643749022012081 0.7529458874912348 -3.2698470080516096e-06 -4.546838068021731e-05 -8.858795763766038e-05 9.766302018112167e-05 0.0 0.00524847980481337 0.24246970748238453 0.758102633730891 -4.8267821849436545e-05 -0.0009551361418016547 0.0006067448252242057 0.0008072748376425883 1.0
0.054108726597068925 0.26423263124834623 0.7528371038793298 3.494210420814365e-06 -0.00012106079244937975 -0.00010128062737941375 0.00017341206386655095 0.0 0.005109619173762784 0.24208888090417022 0.7585235470791963 -0.00010591180916251716 0.00010056423416057969 0.00039364615849052327 0.0005414834404644727 1.0
0.05411292666267824 0.26413546269914023 0.7527724844871082 5.994709700256202e-06 -0.00011495519661587609 -7.4487163004135e-05 0.00012249191094214676 0.0 0.005269030437040658 0.2422390379294748 0.7586332521096107 2.949242267014042e-06 0.0006978374824316833 9.754051578209517e-05 0.00032318912856659973 1.0
0.05413076512515518 0.26402998844306386 0.7526434679919999 1.76432481146628e-05 -0.00011076067616370679 -0.00011327520053252003 0.000164765179357309 0.0 0.00591234701261467 0.24280012443590834 0.7586165176019158 0.00048404307001037486 0.0007341850132032315 -7.275795126602462e-05 0.0008642593230002724 1.0
0.054137564632358394 0.26400494883859893 0.7525450181953265 8.352499296484092e-06 -3.6545448134883514e-05 -0.00010463018038240889 0.00010246477395651818 0.0 0.0064089260661182165 0.24330225145874318 0.758544478001152 0.0006512447119933519 0.00025345999908127283 -0.00012525191577810043 0.0006619594736329592 1.0
0.05413414989532676 0.2640317834565689 0.7524048430338566 -2.118590693698028e-06 3.354764780723148e-05 -0.00014129888660413477 0.00014103613776905022 0.0 0.007127321582677115 0.24397283009895962 0.758448099440212 0.0007865942583344266 0.0003582710096093867 -7.148599170143087e-05 0.0009744614723299376 1.0
0.05410169160268115 0.26404998774657656 0.7523068572509249 -3.0026442507148847e-05 4.417456782364768e-05 -0.00011132202149543701 0.00010849321911916154 0.0 0.007787716182143766 0.24450358207125508 0.7583737799286031 0.0006397560793872609 0.0005599532377671846 3.3199275180499947e-06 0.00087716110204485 1.0
0.05399352355422508 0.2639677628967306 0.7520432773214735 -0.00010516722335416117 -6.506968867004396e-05 -0.00023246739430607882 0.0002914846262825413 0.0 0.008561108751825102 0.2453479485460937 0.758329260199519 0.0007003225245654285 0.0008252881276460734 -5.719731424890049e-05 0.0011363959901768586 1.0
0.05385964845881277 0.26388499674087507 0.751869940656943 -0.00014384947777064272 -0.00011091720999643734 -0.0002040212320843118 0.0002424746641950109 0.0 0.009249550007887988 0.24640386077997867 0.7583663151658049 0.0006832387749250567 0.001035572492012154 4.935602381937255e-05 0.0012782092386791656 1.0
0.05377204256714496 0.2637565544259463 0.7517660535972929 -0.00010537690216235517 -0.00014298796209347703 -0.00011623093722330529 0.00017886209562358924 0.0 0.009674629372068196 0.2471605964213466 0.7583863940424553 0.00047338250779045503 0.0008904125453261396 2.4140353139879883e-05 0.0008582326872339479 1.0
0.05363288235051401 0.2635460907214376 0.751659484382078 -0.0001237978654145983 -0.00021072059435698086 -9.033445478091073e-05 0.00027243381249659874 0.0 0.009755147038071092 0.24791372533410638 0.7585554722918485 0.00010250873993399706 0.0007640219664990478 0.00014732054631291162 0.0007638407408684509 1.0
0.05331136757498168 0.2631631712381727 0.751521885421607 -0.0002885637141160915 -0.00036058947226716144 -0.00011137071117885336 0.0005240937397935036 0.0 0.009957319705757257 0.24881735561644694 0.7589188620920042 8.670469701656139e-05 0.000823904110633267 0.00034654525726770375 0.0009990198242232455 1.0
0.05294582903302257 0.2626938655638935 0.7513896605101188 -0.00038255862199276374 -0.00047848493696170413 -0.00013422438607251538 0.0006158548062988376 0.0 0.010185067090210928 0.24974695119430038 0.7593987877046915 0.00021328960525979386 0.0009123508296609048 0.0004969160241673711 0.0010947264807498617 1.0
0.05247806411533867 0.2622119162601577 0.7511134165771522 -0.00048479595527204533 -0.0005086754772410362 -0.0002687405995174785 0.0007136936671241056 0.0 0.010991497321837806 0.25116873893368497 0.7603335750910508 0.0007693813493457567 0.0013690111397276152 0.0009058823486256493 0.0018570995535803973 1.0
0.05193021655692185 0.26179870254303866 0.7509553377769744 -0.0005609282921517351 -0.00043067965704112875 -0.0002131939406459596 0.0007068322980221892 0.0 0.012462971425644098 0.25286459064862166 0.7611297188147652 0.0015264750297334035 0.001777409127045212 0.0008834802903119118 0.002393067675913101 1.0
0.05111443008941393 0.2613245813131547 0.7509796264319074 -0.0007826326021477215 -0.0004337630342284327 6.496731566365741e-06 0.0009433831024526966 0.0 0.014985278999579594 0.25586886179454027 0.7621177225388851 0.0025548126523171257 0.0029222840216705723 0.0009711298922717822 0.004033794534475905 1.0
0.05024230813520545 0.2604932042636234 0.7504929789081458 -0.0008873804988866062 -0.0007600076622610678 -0.00036701153262092034 0.001305522989502186 0.0 0.015388012095105945 0.25527386617382475 0.7607471167142048 0.0009031593453711198 9.508059209657749e-05 -0.0010577028805661246 0.0016034633975410121 1.0
0.04795464703878627 0.2594652396573162 0.7501824785176954 -0.002116435744585116 -0.001053122903251065 -0.00037283066820788995 0.0025193508621189427 0.0 0.015923781679815008 0.254984812157196 0.759920321850184 0.00026406800017244355 -0.0007315898711898039 -0.001257355079626529 0.0009082822567007325 1.0
0.0468543849787089 0.25913068360036623 0.7502487302004476 -0.0014710583968238918 -0.0005201383518626214 -2.3946302807234776e-05 0.001191608784344169 0.0 0.016627706009041537 0.25485139418046804 0.7597006036338704 0.0003373174656431513 -0.0006077178175683838 -0.0005307419755126922 0.0008104346808913016 1.0
0.045629137340308844 0.25892962583369983 0.7505376007252168 -0.0011816802761987625 -0.00015239937703599433 0.0003065318874923978 0.0011909877085220309 0.0 0.017495531520541837 0.254734013705608 0.7595854132913953 0.000724526843126822 -0.0002075532725393023 2.0601134659018963e-05 0.0009447728269555754 1.0
0.04467334117463498 0.25879731717373583 0.750741646272521 -0.0008445877081566819 -2.6761330819781762e-06 0.0003116825026607769 0.001032117857162063 0.0 0.018118997273735983 0.2544761474228646 0.7594404075135367 0.0008329396444555554 2.342529292693942e-05 0.0001781169303787393 0.0006632303031136437 1.0
0.044046362323665295 0.2587149471387722 0.7508261572195586 -0.000519672958478796 -7.703638659369331e-06 0.0001533518632626885 0.0006708745768714061 0.0 0.018452148218352324 0.254159508164431 0.7592775043782797 0.0005765196358209119 -2.069556921624363e-05 1.3221480623523078e-06 0.0004155688594251932 1.0
0.04347289581924593 0.25865864997110277 0.7508490161845613 -0.0004995098245935911 -9.045247892824443e-05 -2.7816195390982656e-05 0.0005468006116296992 0.0 0.018864476604678743 0.25369633394032404 0.7590845375648304 0.0003987877707941755 -0.00038088288923036765 -0.00026209626453158595 0.0006983328826019853 1.0
0.04280472290580914 0.2585962777242083 0.7507637606974542 -0.0006936240248758469 -0.00015022103463436512 -0.0001855684087566209 0.000654229223602542 0.0 0.020292912208302115 0.25218482623055877 0.7586516946708888 0.0010793512022060268 -0.001664295257996952 -0.0006422965621512398 0.0021181592728207925 1.0
0.042659246143846606 0.2585742539742629 0.750743511721903 -0.0003515156889294824 -6.471873659758443e-05 -5.608113915455315e-05 0.0001944738278904692 0.0 0.020793206796064643 0.25167207514551365 0.7585360302332771 0.0007998585516896274 -0.0007886267536363653 -0.00017255675602588483 0.0007832104693540232 1.0
0.042548520104884295 0.25852165821599016 0.7506775251133726 -2.2371303242422688e-05 -6.412343191330408e-06 -2.0462098751018113e-05 9.675956454339345e-05 0.0 0.02097968582935029 0.2512668429168099 0.7583065249015957 0.00028161017752294357 -0.0003773123220471601 -0.0001514226878951973 0.0004002589968365092 1.0
0.042418319665876544 0.2584132510286157 0.7505161269146934 -0.00010549146862335831 -9.811254748699511e-05 -0.0001134249698777736 0.00024987932787924583 0.0 0.02117046364743511 0.2508557315755616 0.7579526166872478 6.654156955792701e-05 -0.00025279648413438537 -0.00030191660637937374 0.0005991014360992871 1.0
0.04215062304558664 0.258160019901581 0.7502397206956283 -0.00022731881049294046 -0.00024181056059847903 -0.0002685359555006358 0.0004750965664363715 0.0 0.02130417195491585 0.25068781972334997 0.7578627091210149 -9.56841927386026e-06 -9.081776901516767e-05 -0.00013601961695912748 0.0003001714783109182 1.0
0.04131178617937234 0.2574050887716076 0.7499171981637752 -0.0007960729745101182 -0.0007110769432575175 -0.0003477401252167234 0.0011591662228368574 0.0 0.0220648765019272 0.2508074062699933 0.757799266244609 0.0006351650318701782 0.00011444090822207168 -5.2920355012975995e-05 0.0007331773210556945 1.0
0.040748299635488566 0.2567050916179518 0.7500457166389216 -0.0007457951415237257 -0.0007952513580277458 3.925415139913323e-05 0.0009178764807155644 0.0 0.022643399699975187 0.25096718275958324 0.7577447264813517 0.0007942746740013146 0.00012388579916112352 -3.8244186250424014e-05 0.0005833075885478013 1.0
0.039471579253420805 0.2551727182634758 0.7504500005239422 -0.001219514651007953 -0.0014606913410416238 0.00042801113692081746 0.0020055555446494384 0.0 0.023317724043585897 0.25102243196261725 0.7575263992791468 0.0008203722467929422 1.7109539203661824e-05 -0.00018920470747645513 0.0007312841195623064 1.0
0.03889769917595741 0.25388621656602633 0.7509205023110623 -0.0006898798407139309 -0.001410921217532456 0.0005789938770345062 0.0015295276945630717 0.0 0.023398093471036042 0.25095208148127157 0.7574900083308904 9.816916131137176e-05 -1.4540511515757438e-05 -7.331604061415264e-05 0.00010843217000007727 1.0
0.038754010942546525 0.2527176771950488 0.7512031387408625 -0.00012450914557832 -0.001194168269238945 0.0003643709521054828 0.0011810227294717956 0.0 0.02348165397770318 0.25083079131442604 0.7574585344750026 -6.33160429794162e-05 -0.00018510165479582793 -5.949256722675059e-05 0.00013573100846976357 1.0
0.03868048905019622 0.2512855471742422 0.7515425408050688 8.948543482594077e-05 -0.0013102387104220643 0.00027043828221101065 0.001462110065862542 0.0 0.02350425934708399 0.25074217795444415 0.7574408293154753 -7.987528692007252e-05 -0.00014832422320116341 -1.1582113689549256e-05 0.00012054624357379592 1.0
0.03862730610079498 0.25011051190712896 0.751798327510954 4.1862548798980015e-05 -0.0011688649164648332 0.00017912763546667102 0.001239971467839673 0.0 0.023507021137939572 0.2507018850413629 0.7574302330608332 -5.18093495457146e-06 -2.85389036835575e-05 2.342133089579078e-05 3.34022035698864e-05 1.0
0.038680646353922946 0.24918785323811246 0.7520228992055364 7.437487643328661e-06 -0.0009366518682320613 0.00018513611630303797 0.0009481318413781919 0.0 0.023492402676225762 0.25070797687275964 0.7574168214921142 6.910467717750508e-05 5.116923648500394e-05 -1.020779293692347e-05 1.4982734100695596e-05 1.0
0.03873448093200263 0.24852744337296942 0.7521572602945497 -5.03543850557237e-06 -0.0006514266899207834 0.00017273384412415697 0.0006384872227452592 0.0 0.02343712344382313 0.25076214554511195 0.757400545578956 -1.4535714669749685e-05 7.973298778885906e-05 -3.0110030351885415e-05 7.192940445368884e-05 1.0
0.03874197433106209 0.24793524482108015 0.7521829457765279 -7.598867520268188e-05 -0.0005822673004419718 5.5260909838151525e-05 0.000618394375142724 0.0 0.02336525147653704 0.2508443229277916 0.7573773239287135 -5.935758419906218e-05 8.617582054574089e-05 -3.810311182871626e-05 0.00012676849796871648 1.0
0.0387228232446523 0.24747215178091653 0.7521489175867494 1.5246094618470837e-05 -0.0004231327451554416 -4.2866130924697535e-05 0.0004725609972837711 0.0 0.02327618469029739 0.2509810068532106 0.7573794189600088 -0.0001285939288792568 0.00012303462288026695 8.102024023412557e-06 0.00015550487216006617 1.0
0.03871474697752274 0.2472393796639644 0.7521015046175025 -8.51490934948248e-07 -0.00027412964455551586 -7.055500546397398e-05 0.00022551699963372957 0.0 0.02322742358216867 0.2510473782755508 0.7573813850787521 -5.467840717768363e-05 7.48761681746566e-05 4.540847078532969e-06 8.365176829920156e-05 1.0
0.038645278722797057 0.24702841775624526 0.7518729304461718 -6.742311161674831e-05 -0.00023384515806076358 -0.0001961892096484317 0.00031413228981937266 0.0 0.023152613997001407 0.2511370752805272 0.7574264290009453 -6.63434521218618e-05 7.629708826029267e-05 4.342063987712139e-05 0.00012204812420034313 1.0
0.038547715470749776 0.24707342294688192 0.7516940962281872 -9.639950404475313e-05 2.5397112398585367e-05 -0.0002006256332688966 0.00021957867748256246 0.0 0.02312439737436783 0.25117595009720683 0.7574569858577221 -2.962627176122141e-05 3.6868828582627e-05 4.0104630468669284e-05 6.219462509152666e-05 1.0
0.03839600834387813 0.24713519793532007 0.7514815035429679 -0.00014130288942676395 9.550247001941306e-05 -0.00020873154886871781 0.0002646605502930927 0.0 0.023113027303967238 0.251197970970369 0.7574865387434855 -8.067494572475556e-06 1.5337344450183842e-05 3.1027521779288924e-05 3.629127246798814e-05 1.0
0.038217316692807944 0.247227339999783 0.7512171628369622 -0.00018401935235541064 0.00010642424309494178 -0.00025440312399611583 0.00032919442965700485 0.0 0.02311272295994803 0.251199917529051 0.7575373670089729 1.3523905259637823e-06 7.950612409395694e-07 4.349947467747386e-05 5.004521277811762e-05 1.0
0.037991226736677604 0.24742759513384838 0.7507887612200717 -0.0002281992775309368 0.00017189136792983165 -0.00040600588849615726 0.0005258003611821253 0.0 0.02312992337660905 0.2511848268038675 0.7575940594038908 1.603620465829171e-05 -1.186172556007107e-05 5.40987887839553e-05 6.218426238369446e-05 1.0
0.03782523723618845 0.24757543898480208 0.7504698294209973 -0.00017832283678720392 0.0001557748382351598 -0.00035602499236165897 0.00039571107868309767 0.0 0.023152495217233872 0.2511515380596958 0.757646886983572 2.2138362345675556e-05 -2.849393335194452e-05 5.5974436479594956e-05 6.738621329563436e-05 1.0
0.037560699572793656 0.24775058779950695 0.7500434250277194 -0.00023896830409373174 0.0001682511739673122 -0.0004161811891520466 0.0005162529665067854 0.0 0.023174394466654237 0.2510915320729137 0.7577259656872236 2.2221531556055807e-05 -5.9921200858239435e-05 7.649471921547547e-05 9.851612926790683e-05 1.0
0.037237315751838314 0.24770580418324362 0.750014122469719 -0.0003183950929935445 -2.150219575252965e-05 -9.292593350222629e-05 0.00034112347607815285 1.0 0.023195426931245995 0.2510622730413023 0.757764775758103 1.6861080641969278e-05 -3.40713488645729e-05 4.90978266644991e-05 5.613145930554921e-05 1.0
0.036940754005278485 0.24762715846558556 0.7499462488445462 -0.0003152992096441833 -9.630881330423106e-05 4.186657954029818e-06 0.000308009839743262 1.0 0.023182163617252376 0.25102952257410865 0.7577931453584599 -8.090540053319825e-06 -3.119659275154185e-05 2.3852005880706683e-05 4.2928177410315056e-05 1.0
0.03665278113390587 0.2475583848930727 0.7499462178712094 -0.00029723783154041194 -0.00010580148355335756 3.615274933971811e-05 0.00029802265529804597 1.0 0.02315288558534709 0.250989439666889 0.7578223067274864 -3.296855503581276e-05 -3.3598543989302544e-05 2.2224278657649143e-05 5.8102206717398956e-05 1.0
0.03639633283578272 0.24750978873486884 0.7499372097046468 -0.00025437454942693827 -5.082045768076731e-05 -5.0033708286161655e-06 0.0002621663354138953 1.0 0.023118314979766335 0.2509197878619946 0.7579278764412515 -4.006548975424872e-05 -6.409455623798486e-05 9.302091617719592e-05 0.00013237113755666254 1.0
0.03633605801598909 0.24744858807417303 0.7499337127191172 -7.216732358899058e-05 -2.968285713785309e-05 -3.635844796662382e-05 8.793884663917492e-05 1.0 0.022864608776846124 0.2508626957000542 0.7578760299158628 -0.00022408355644090518 -6.532568951845777e-05 -1.695645772208857e-05 0.00026519173849445094 1.0
0.03631058250491135 0.24734334740926164 0.7499797703636839 9.32248240169192e-06 -7.925891903691644e-05 1.4973299115908902e-05 0.00010676838956022466 1.0 0.022545482414463778 0.25085723581978236 0.757675320067031 -0.000337922234955186 -1.8064044723393993e-05 -0.0001885862486708106 0.0003766605705355895 1.0
0.0362778047950164 0.24731275130508834 0.7499729489523667 -1.2638181446524536e-05 -4.257449968625719e-05 -5.939072737009014e-06 5.7501062178739754e-05 1.0 0.02241937826193146 0.2508347378085637 0.75759514088477 -0.00018467856893204616 -1.2480347389439876e-05 -0.0001342160096630075 0.00015343983241876793 1.0
0.036023256922221684 0.247431880941954 0.7500452999062475 -0.00022807941836544912 8.523339923667835e-05 8.279974633161949e-05 0.00028452411532105975 1.0 0.022248026234750917 0.2506082468934329 0.7576729654723738 -0.00014336482335731851 -0.00018823044682147083 4.472131177566533e-05 0.0002824633531240474 0.0
0.035929133357040795 0.2477055301773455 0.7500706354840807 -0.0001679464519649926 0.00027883668653068194 3.367329191934225e-05 0.0002961777634626754 1.0 0.022203332133259205 0.2505511814201176 0.7577400567886144 -2.7468009366158204e-05 -0.0001105638443063191 0.00011218103910377396 0.00011431396412107386 0.0
0.0360777436806826 0.2480941433266497 0.7500503018439848 8.938069109565506e-05 0.0004179991759620356 -1.104570449354562e-05 0.00040852310703030226 1.0 0.022337650704648545 0.2506790595288888 0.7577188675965209 0.0001462200906119484 9.490180256057958e-05 3.605683472753951e-05 0.00018014646547039813 0.0
0.036844669300325275 0.24881506620301064 0.7499829938226872 0.0007310061907154016 0.0007076885247674622 -7.321048521963299e-05 0.0010520630996699077 1.0 0.022576009060287203 0.2509519658060692 0.7579752424245793 0.00025455214025714825 0.0002937247803126719 0.0002129066049170745 0.00044207885435392283 0.0
0.03795701237796314 0.2492097083443791 0.7501373273416282 0.0012147010846378134 0.00048086748688786575 0.00010831059306214632 0.001209204032740627 1.0 0.022786343940285902 0.2508864562401124 0.758587472623175 0.00022244134135518742 4.5733905552572975e-05 0.00055550994320226 0.0006565685763476551 0.0
0.03789168070324889 0.25165381512241414 0.7504503915968528 0.0002331136238137753 0.0021168961606120354 0.0003173815001251301 0.002440702700083221 1.0 0.021805171512670706 0.2506085080525332 0.7596845548873526 -0.0008180047783911871 -0.0002712186099913252 0.001087353032804012 0.0014901736143707414 0.0
0.03789259177269261 0.25368487316215493 0.7508394845224213 -0.0001680546320911025 0.002319010090263242 0.0004315410366334275 0.0020990408194135712 1.0 0.020756977902679205 0.25007688138669487 0.7605688132468043 -0.0012242917868049972 -0.0005981744168743525 0.0010419812174734813 0.0014850709093787108 0.0
0.03813278443000325 0.25521154059829304 0.7508114730310721 -2.2604301795161984e-05 0.001756369048000121 7.545968422328225e-05 0.0015151686406437166 1.0 0.01970591172344005 0.24951444750314952 0.7612997849846221 -0.0012347735876994353 -0.0006658337080994912 0.0007753950800173552 0.0013819868215067868 0.0
0.03827595334029692 0.25734935453974167 0.7508034583448968 0.00012003587086719807 0.0019392109915786734 -7.935323072975495e-05 0.00212364891424825 1.0 0.018008414086672784 0.24856532845935883 0.7621608693507287 -0.0016143762602332553 -0.000901849619148263 0.0007377600907223245 0.00211271487636424 0.0
0.038274065478369854 0.2585299819971428 0.7507986472767063 0.00012048566314592024 0.0011893926812702555 -9.032833097198851e-05 0.0012480107765034205 1.0 0.01700475910226307 0.24802040789736127 0.7625622731881022 -0.0010710638974821306 -0.000598807334845952 0.0003807550518698363 0.0012622574524262494 0.0
0.03854107745365507 0.25947497900021577 0.751558153831276 0.00033798167418917546 0.0007950644716254471 0.0006273961376700204 0.0012017249778469893 1.0 0.01569956129901842 0.24738409739777853 0.7629785857322429 -0.001120740454945113 -0.0005570510766606427 0.00035627154985060924 0.0014613386101015743 0.0
0.039507686678663397 0.26059499594657637 0.7519266034994638 0.0008966641030719011 0.0009855541273734 0.0005772994490803261 0.0015045093280751003 1.0 0.014194811173476084 0.24666599386716412 0.763392299152656 -0.0014186629374663825 -0.0006663871258353622 0.00041401719362070847 0.0017267453188076196 0.0
0.04087352189144019 0.26165487006257837 0.7520309319946563 0.0013440342949549776 0.0012039469590191519 0.0002255786616071007 0.0017749346970978622 1.0 0.013043591124652443 0.2461367281510781 0.7636392306464059 -0.0012905277371285612 -0.0005531189641707653 0.0003104953121964584 0.0013260288195305284 0.0
0.04258782088512082 0.26270445880046 0.752033598464726 0.0018305513188034645 0.001071100295783577 -6.0228574434407274e-05 0.001996296260312581 1.0 0.01196387173127866 0.24565315110438393 0.7638134782287261 -0.0010730445694410555 -0.0004924658382548239 0.0001770866600429423 0.0011597628235104614 0.0
0.04628439592882453 0.2646244647089607 0.7521657200155328 0.003520562390801825 0.0018547727980784564 -3.204524160006929e-05 0.004123207740107049 1.0 0.01004871668573347 0.2447812215187981 0.7640280808867427 -0.0017733864172783903 -0.0008143701065076934 0.0002066824406250702 0.0020967203528669777 0.0
0.048251130140816834 0.2656810349161667 0.7522600941412362 0.002440477832960113 0.0013589057858921702 7.314501632076355e-05 0.0023436769568693176 1.0 0.009304331250292784 0.24441999917700422 0.7641205575220434 -0.0010265861666661938 -0.0004985043701860834 0.00011936765671500833 0.0009143224652676649 0.0
0.04990529579447496 0.26662351719569016 0.75233417665424 0.0015811534758077683 0.0008662758983769368 0.0001393733193948851 0.0017761031708952864 1.0 0.008829157995120143 0.24419380648407846 0.7641947403844284 -0.0004108377219685835 -0.00020036812604798382 4.7136058918006356e-05 0.00044494021826848836 0.0
0.05182012989094055 0.2676318998399295 0.7524587338132568 0.00156806728531602 0.0008662448285182707 0.00020122011159811573 0.0021908403866180417 1.0 0.00841981648588037 0.24400518951154745 0.7642548922146833 -0.0002966138587056045 -0.00013988801256349128 6.759589056146988e-05 0.0004652976274223187 0.0
0.05297816238228802 0.26851808447573455 0.7524321637812706 0.0010975784939020073 0.0008337444175504525 -2.8029508414195888e-05 0.0015566475260795816 1.0 0.008217618010881203 0.24390901036448578 0.7642711887682427 -0.00013778224505371617 -6.41097318180169e-05 2.2736571045252623e-05 0.0002791667353918379 0.0
0.053965558316656365 0.26914275664326065 0.7523807688462456 0.0009378596900088855 0.0006475778155675745 -8.912313064007366e-05 0.0011156396057741202 1.0 0.008093853965884563 0.24385151201716138 0.7642724907143648 -0.00010379328064602598 -4.357419890834314e-05 -8.104849910429404e-06 0.0001133000656802234 0.0
0.05457928594694107 0.2696465060131732 0.752422748384984 0.0007409951062923765 0.000548402565395435 3.7264530451016825e-06 0.0007385826975526628 1.0 0.008030625136696156 0.24381660441089806 0.7642395564105504 -0.0001530024702331037 -7.297774850783666e-05 -2.831051210101904e-05 4.5979147580862056e-05 0.0
0.054935770720274266 0.2700246590839149 0.7524832251426553 0.0004816896145252501 0.000421762397658679 7.484714576830241e-05 0.000589224246567694 1.0 0.008005762272235123 0.24383392114841715 0.7642080602863079 -0.00011357631734941866 -3.049461784101874e-05 -3.1332917215820837e-05 7.626545372060108e-05 0.0
0.05581416497303327 0.2711425946893076 0.7527339770596527 0.0006488662612323839 0.0009261208535464424 0.00024446439236650605 0.0014202503926726917 1.0 0.008011831880972084 0.24390368135410345 0.7641310594713007 6.970489701991003e-05 9.539475413321492e-05 -7.770027380715218e-05 9.637303583858673e-05 0.0
0.056396005626951365 0.2724927702218324 0.7529314378225673 0.0007259806935144997 0.001432875727950439 0.00024819761065588054 0.0015045253126928409 1.0 0.00802869163203604 0.243946624422268 0.7640904693372832 1.6767231333427888e-05 5.772998533482243e-05 -4.780158321733372e-05 6.086939093067668e-05 0.0
0.0568076024515654 0.2737060444103224 0.7529204756237228 0.0005325544148557441 0.0013958073820923135 3.2902960710554015e-05 0.0012649860227410316 1.0 0.0080440623253288 0.24397916596395758 0.7640607458568119 1.078534839117531e-05 3.272993980533978e-05 -2.770049195426279e-05 4.615027624016682e-05 0.0
0.05745496445633316 0.2753503335507967 0.7530893725002944 0.0005595686355957298 0.001608540143116866 8.692361356458078e-05 0.0017433242097767815 1.0 0.008062091678136164 0.24401288712801938 0.7640309684636342 2.3613896754676015e-05 2.8176785080339046e-05 -2.378742950843676e-05 4.742745684240858e-05 0.0
0.058302679779618144 0.2771664965669996 0.7532486617740825 0.0007997360597922895 0.0017631106761978694 0.00013914137231653688 0.00205492707487498 1.0 0.008075133861585234 0.24403567909453142 0.7640113224588376 1.2577463891972089e-05 1.6235094903562178e-05 -1.647753786787886e-05 3.560130642403557e-05 0.0
0.05926055970440732 0.2790167408011439 0.753388539073122 0.0009549020056288652 0.0018263271754843228 0.00015702717947109148 0.0020951226797658942 1.0 0.008083320885143255 0.24405518480329716 0.7639995870002775 8.59038505134641e-06 1.7308013604672745e-05 -1.3036478798548718e-05 2.3796555039394464e-05 0.0
0.06008339117508658 0.2807110196155677 0.7530721870113463 0.0009007687431643327 0.0017169670523964065 -0.00023256635887356473 0.0018756480372684415 1.0 0.008091057748887395 0.24407707225012196 0.7639923834261886 8.064171678600192e-06 2.6307574121848774e-05 -9.234343157276253e-06 2.2220823051623303e-05 0.0
0.0606560108897016 0.28217644056913277 0.7530485890503807 0.0006362004140350781 0.0015030844296772968 -0.00011527897019062776 0.001580958085345064 1.0 0.008107362842830779 0.24411038467220425 0.7639915358127896 1.6413087635221532e-05 3.6452605293235235e-05 -4.714973965941388e-06 3.864676946000001e-05 0.0
0.061473015306043335 0.283054721298468 0.7530724194195668 0.0006717960354426155 0.0008730377943361444 -1.3917811733890807e-05 0.0012113838250902482 1.0 0.00814442039242577 0.244168899384194 0.7639880733368962 3.6269626045028346e-05 5.595033009106499e-05 -9.596103935943952e-08 6.922529294378726e-05 0.0
0.061697257917489985 0.2831292036342724 0.7531068557215623 0.0002696504574512928 4.4623748295849475e-05 6.121326323360241e-05 0.00024004759846961432 1.0 0.008170370210877347 0.24419030294660507 0.7639746274046696 3.2256487914731225e-05 3.2145346712718104e-05 -1.2504771438795081e-05 3.671049007593725e-05 0.0
0.061784690831786344 0.2831607198677706 0.753190439984686 6.948588932972959e-05 -0.00010742463684252235 0.00013993724005428935 0.00010502629030555133 1.0 0.008207285321133278 0.2442231192285787 0.7639519893098405 3.7029785102955765e-05 2.928517633981651e-05 -2.4304227312482703e-05 5.222095787220074e-05 0.0
0.06182384355572154 0.28327392349673325 0.7533139096088639 2.8607619745384073e-06 4.4938131449658676e-05 0.00014044319680472193 0.00019186455146054967 0.0 0.008241976374935641 0.24425570312259226 0.7639349978788048 3.416822999230976e-05 2.773762295721213e-05 -2.0653314667626022e-05 5.2160369085771334e-05 0.0
0.061956460109169983 0.2833886824619151 0.753296521561318 0.00010567222526290372 0.00019904959460476405 -1.356096015855371e-05 0.0001848143792990177 0.0 0.008264475079886795 0.2442743988052877 0.7639265884378964 2.2233224780832208e-05 1.842399818024701e-05 -9.765283983980048e-06 3.1146700379234693e-05 0.0
0.06206879016623788 0.2834446157068091 0.753207572937508 0.00014721297407789004 0.00019210628549333106 -0.00013440521973884006 0.0001339858220727637 0.0 0.008293564455460535 0.2442971600957662 0.7639173997633487 2.516843800256729e-05 2.132982386497115e-05 -5.778884665773488e-06 3.649988200557875e-05 0.0
0.06475642275239635 0.2840853752425116 0.751347056412069 0.002378072951025085 0.0006166539957028147 -0.0016223965676156855 0.0032938294580050834 0.0 0.008345021787873608 0.24428868213851734 0.7638873316822351 4.815750328727087e-05 -2.2792921138293274e-06 -2.396632898991592e-05 6.0420040066239e-05 0.0
0.06679176423486384 0.2827754164644433 0.7513845208031666 0.0025294034683963833 -0.000995443212349562 -0.0004949832643657562 0.0025511295194219786 0.0 0.00838432373210635 0.2442423297988386 0.76382319701177 4.576778948823627e-05 -4.378079044905599e-05 -6.212599709656939e-05 8.981786414288123e-05 0.0
0.06578746525116055 0.28087764750535604 0.7511549928089898 -0.00039917427931621184 -0.002083583157131565 -0.00012867288538522583 0.0020322773551285306 0.0 0.008400976934354635 0.24425879748109597 0.7637404449491529 2.1262805008532145e-05 -3.014115792745884e-06 -8.937419955244525e-05 8.506811633351035e-05 0.0
0.06359748420935718 0.28075017149711984 0.7502073844810425 -0.0025470607856939273 -0.0006960525765838878 -0.0006313768443501381 0.0023672187358371446 0.0 0.008416243926597199 0.2442582963129678 0.7635561489147458 1.209382150797194e-05 7.893543791617632e-06 -0.00017811465630300535 0.0001830142708114251 0.0
0.0617696961996634 0.2810844725348013 0.747900913738977 -0.002651752719930305 0.0004060359042893898 -0.0020764176915430855 0.0030566191203786766 0.0 0.00845412061869628 0.2441320550690678 0.763077588061963 2.9071325075184436e-05 -0.00010065072194305775 -0.0004512825137459268 0.0004974285282551536 0.0
0.05945467560454625 0.2796228846650002 0.7486041767498726 -0.0025066245908480942 -0.0008028648391112226 -2.2287197228979668e-05 0.002851592155771346 0.0 0.009235761964639903 0.24292172378852822 0.7603562800286813 0.0006776347388081352 -0.0010716038781968715 -0.002452463664230889 0.0030628590132430306 0.0
0.05842253769066216 0.2796070013162663 0.7492259314966336 -0.0009303724716908986 -0.00019760893790963618 0.0007587525887442899 0.0011143436896184895 0.0 0.009433555355502988 0.24258306668322 0.7590374776120182 0.00039168123765329955 -0.0006321358136799676 -0.0018650159154057974 0.001465256531850118 0.0
0.05691884721206547 0.27995899964405546 0.7505408659618326 -0.0007418458933045693 0.00024029136167571667 0.0015153170058351346 0.0020093829500463446 0.0 0.009894599902006595 0.24190736594498682 0.7567730937090236 0.0004352953944834758 -0.0006421703546079582 -0.0021943877788109765 0.002262352133080804 0.0
0.05663721519935012 0.2804180977179345 0.7513393745592442 -0.0003061871468493815 0.0003363056828949867 0.0012853946839728808 0.0010652903611615716 0.0 0.010293190931817351 0.24185589798574653 0.7554551130669923 0.0003713207224144511 -7.208755547870641e-05 -0.0013817714368244294 0.0014511072834028224 0.0
