0.0630973930092221 0.2783956002501654 0.7629062913971946 0.0 0.0 0.0 0.0 0.0 -0.018002127113999098 0.2768722322732852 0.7614398079763305 0.0 0.0 0.0 1.4110578397129493e-06 0.0
0.063093892639925 0.27838086154451075 0.7628839286702441 -3.500369297096406e-06 -1.4738705654659956e-05 -2.236272695044228e-05 2.7010619879054944e-05 0.0 -0.018006482699545728 0.27683786557280826 0.7613890641821633 -4.35558554662957e-06 -3.436670047696211e-05 -5.07437941671407e-05 5.9371207789552937e-05 0.0
0.06305990571228072 0.2782464685194579 0.7627265007628877 -3.3986927644280573e-05 -0.0001343930250528591 -0.0001574279073564 0.00020976210918126096 0.0 -0.01808356246011553 0.27675342555879534 0.7611697518561615 -7.707976056980231e-05 -8.44400140129209e-05 -0.00021931232600180817 0.0002484964400036895 0.0
0.06299261889503684 0.2780302944351906 0.7624789437051888 -6.728681724388341e-05 -0.00021617408426727325 -0.0002475570576989661 0.0003354746596990228 0.0 -0.018132840938536256 0.27671618226406935 0.7610719331350209 -4.927847842072647e-05 -3.7243294725985976e-05 -9.781872114067447e-05 0.00012247432230523173 0.0
0.06295465882680518 0.27781454940980976 0.7621798278890218 -3.8549598404040024e-05 -0.00021433856800927856 -0.00029677290014253375 0.0003707521466396992 0.0 -0.01815584985331261 0.2766691789816135 0.7610395705317635 -1.913818302884286e-05 -4.318609123128729e-05 -2.1591367571099233e-05 4.9573062178908535e-05 0.0
0.06298748380898972 0.2777153042887905 0.7619843069239047 3.4062243714144e-05 -9.909546201152254e-05 -0.0001972773773432734 0.00022171044472886077 0.0 -0.01819101482491777 0.27659229964847554 0.7609894444085555 -3.609587551528216e-05 -7.960886719371278e-05 -5.4682087105374646e-05 9.93915734194163e-05 0.0
0.06304749031910138 0.2775908964853575 0.7617688885060777 7.085364021192118e-05 -9.789373121712908e-05 -0.00019108746037821704 0.0002550723611493928 0.0 -0.018283781480058003 0.27645513619926887 0.7608264813237756 -8.820409174472088e-05 -0.0001392697545561145 -0.0001585269404085489 0.00024118212999855475 0.0
0.06304813903425101 0.27751654826972216 0.7616820339328035 7.84901254024738e-06 -7.997978630502645e-05 -9.439694781896457e-05 0.00011618246704218674 0.0 -0.018318770460872262 0.2763434383654798 0.7606995435839932 -5.292605468948985e-05 -0.0001253395856875034 -0.00016185481096922053 0.00017419831648368963 0.0
0.06300719945654805 0.27744184891751517 0.7616085958014649 -3.9736067156018296e-05 -6.30584498335307e-05 -4.6902661892471875e-05 0.00010691674388730109 0.0 -0.018273867010480626 0.27613535131826605 0.7604312984290331 3.0305174283716333e-05 -0.0002034897337071766 -0.00027572566433830534 0.0003284698384442548 0.0
0.06290549180033964 0.2773527986680271 0.7614373774005089 -0.00011711057291640064 -9.926689739010893e-05 -0.0001532803388283519 0.00021649225792575707 0.0 -0.018188626848272785 0.2759283788852139 0.7601072253619492 9.113127427567916e-05 -0.00021808810749185064 -0.0003492762550827207 0.000403581606001081 0.0
0.06285171519118164 0.27732014311002273 0.7613978483835011 -8.574602787832294e-05 -5.6792763585015646e-05 -8.38138627217218e-05 8.03451944724358e-05 0.0 -0.018140301079679105 0.2758770820788329 0.7599811321642203 7.69761092519623e-05 -7.320535398438387e-05 -0.0001593113237187139 0.0001476881000666707 0.0
0.06280010397723192 0.2772364458664965 0.761295547577511 -4.822140809408717e-05 -7.365350746469743e-05 -0.00010122414438704512 0.00013378264060017554 0.0 -0.017600762296725813 0.2747767441356644 0.7589436040419605 0.0004717076305834222 -0.0009270618552816883 -0.0008756176872777562 0.0015791203337741722 0.0
0.0627716558714849 0.2771838845408358 0.7611952275537739 -1.1700295666206887e-05 -5.337409533450054e-05 -9.889602937599167e-05 0.00011921826986469329 0.0 -0.016920781660045965 0.2727708485087315 0.7567412831145541 0.0007123170191186298 -0.002002372361063288 -0.0021330401222101974 0.0030974946738836543 0.0
0.06275856093213118 0.2771495407183961 0.7611925310100224 9.859358068204808e-08 -3.96521303312038e-05 -1.8866551836649298e-05 4.206307509982746e-05 0.0 -0.01684469415112128 0.27188724391658775 0.7558062479141217 0.0002253015914175068 -0.001293385993514771 -0.0013798633284561569 0.001316118123540555 0.0
0.06275525210941782 0.2771528476689505 0.761152608489058 -2.323842852882226e-06 4.053812583625844e-06 -1.474059946166245e-05 3.421128771791148e-05 0.0 -0.016873819393983993 0.2709414833778497 0.7551765111952977 -7.965526906041418e-05 -0.0008995069843133452 -0.0006438334361124735 0.0010100917779263762 0.0
0.06275278940470687 0.2771442481426706 0.7611508904424344 -6.218462025495319e-06 2.502456783992613e-07 -4.880749183653775e-06 1.0226385703006595e-05 0.0 -0.01683192112316705 0.27038794257144405 0.7547450258522361 -9.228155271522478e-05 -0.00040737228726010896 -0.00020730494197072249 0.0007706592205653866 0.0
0.06274481539577684 0.27712579489578093 0.7611406477213549 -1.2972259601770978e-05 -1.3954543604385229e-05 -1.0864295363408071e-05 2.6053266804979276e-05 0.0 -0.01674541408230826 0.2694149366575904 0.7533005028114561 2.32911918995203e-05 -0.0006895591213766477 -0.0010534230092556953 0.00179817191727832 0.0
0.06274068051138357 0.2771168845609523 0.7611370159770413 -5.488895744505302e-06 -1.3080100922304466e-05 -2.507979352692701e-07 7.406546304807656e-06 0.0 -0.01666146431795169 0.2684080874815725 0.7513298185552255 0.00013378869882496843 -0.0010119390616918288 -0.0020016175545036316 0.0021990028415140627 0.0
0.06273451690774934 0.27712413825966836 0.7611361689468564 -8.368095824013646e-06 -3.879458360122611e-06 -1.1288335706448383e-05 9.457476610745297e-06 0.0 -0.0165817735002455 0.2676713748079597 0.7501438143551082 0.0001831163811935626 -0.000991947462106218 -0.0016898096518175342 0.0013547363113491705 0.0
0.06270556345169156 0.27713282388714244 0.7611330408847399 -2.5036043550317787e-05 1.1602795839188334e-05 -2.545358200685608e-06 3.118243134386732e-05 0.0 -0.01633801932049864 0.2672211037262751 0.7492102433860512 0.00023877932729342007 -0.0005620504684732692 -0.0010630180712186369 0.0010505234587320827 0.0
0.06268153454837766 0.27713862436973674 0.7611307114594882 -2.678318189140461e-05 1.1256249867172162e-05 2.1531337840775166e-06 2.512375988712971e-05 0.0 -0.015861490301218955 0.26676310485340926 0.7490749260558358 0.00041414722391921316 -0.00030119674197139675 4.320240179703531e-05 0.0006976953920597318 0.0
0.0626161827230938 0.27716333081992756 0.761120917556319 -6.073876737949775e-05 2.4609144485356064e-05 -1.1745941672647348e-05 6.983998711313825e-05 0.0 -0.015273366583310657 0.2665093178742283 0.7491227989392336 0.0006131672138587923 -0.0002161848833927549 0.0003249609130941499 0.0006782339793306212 0.0
0.06256344342611489 0.27718309942243363 0.7611164245540865 -5.981870292182406e-05 1.9711406018180687e-05 -4.26812228094954e-06 5.741652306348082e-05 0.0 -0.015096237841795779 0.26653400209495387 0.7491421407291636 0.0002844363714016622 2.373472870868484e-05 0.0001467889588928832 0.00015935226621422642 0.0
0.062512545642531 0.27719897366118185 0.7611201814151157 -5.255568221005112e-05 1.562555409294451e-05 1.719729258608505e-06 5.252214915488649e-05 0.0 -0.01501521260645697 0.26664970637914726 0.7491639845319625 3.8674070983084674e-05 8.70501760660016e-05 -0.00012093703738790765 0.00011572482461204249 0.0
0.062478542013144144 0.2772116204858861 0.7611238426106561 -3.268743083588283e-05 1.259757043927295e-05 6.057982334168336e-06 3.6414434073390846e-05 0.0 -0.01506895533284274 0.26702514017006523 0.749304855906412 -0.00013430659650767244 0.0003548707469685406 -1.971166936807372e-05 0.00042353170631896186 0.0
0.06244859052817003 0.27721119150541224 0.7611246354175111 -2.4516531049956526e-05 1.6368631793485082e-07 3.0108178064664776e-06 3.0298051667836574e-05 0.0 -0.015334159220990047 0.2676267464481162 0.7496583163075649 -0.0002992719599214667 0.0006157294703567167 0.00030424319179248515 0.0007552199138777861 0.0
0.06242718666170822 0.2772069396341002 0.7611144951895166 -1.9042924681537735e-05 -7.091004668669515e-06 -8.984032106917853e-06 2.481742591673393e-05 0.0 -0.015663114709245696 0.2681630898724363 0.7500893480251057 -0.00032971183380317137 0.0005854900904326976 0.0004602784417983741 0.0007609464289445582 0.0
0.06238243804635408 0.2771395287045331 0.7610312596470987 -4.029581441984525e-05 -6.01969436789256e-05 -7.589262011486878e-05 0.00011422519969712584 0.0 -0.01627443389988946 0.2687425671072635 0.7509022420807382 -0.0005446045339568471 0.0005553639898165277 0.0008525894192714232 0.0011466918068570118 0.0
0.06234400309965673 0.27705746066956105 0.7609436051970013 -4.6345455929299574e-05 -8.735618051633449e-05 -0.00010001410806630675 0.00012943254435064628 0.0 -0.01664870752637128 0.2687786148064479 0.7510447996247495 -0.0004224225947151674 9.082546206805098e-05 0.00030294881694783933 0.00043335481963081813 0.0
0.06228861360891128 0.27689604702549714 0.7607305478728652 -5.595971813522338e-05 -0.0001587491111798846 -0.00020424757982489931 0.0002688687024851228 0.0 -0.016840060919870413 0.2681583042120947 0.75056332516891 -0.0002145393430885346 -0.0006245149506383368 -0.0004739258109911341 0.0007747543382708723 0.0
0.06227094341178098 0.2767751666251444 0.7605537806357281 -2.582243076829486e-05 -0.00013831609805189802 -0.00019832956871839136 0.00021897127692524685 0.0 -0.016912264719505778 0.2674653502490428 0.7501071279644096 -1.4867496676485345e-05 -0.0008521856715218811 -0.0006566752269802229 0.0008621496340447171 0.0
0.062229736289427226 0.27659837145019134 0.7603148997335123 -3.210092393405864e-05 -0.00016678056489277565 -0.00023250441823255004 0.0002948805030656538 0.0 -0.016746880958783114 0.2663507320904581 0.7496063443340365 0.000194879057864383 -0.0011267283858353854 -0.0006020421296934011 0.0012311263616330004 0.0
0.062200299177249355 0.27653982062867355 0.7602124361398148 -2.8109520841630687e-05 -7.20780047544816e-05 -0.00011918551565093922 0.00012728903488678074 0.0 -0.01635028175383803 0.26578761627001496 0.7494912694280442 0.0004017546742791939 -0.0006474079427253972 -0.00013238789240822745 0.0006988209456451575 0.0
0.06215610565921383 0.2764776059771886 0.7601494776423183 -4.1487733401296797e-05 -4.283929264362092e-05 -4.501539550214615e-05 9.296378294686477e-05 0.0 -0.015848746934427595 0.2653449675431268 0.7494735441769108 0.0005083568261601695 -0.0003287836788697832 0.00013694589374241257 0.0006334294545313019 0.0
0.06205852970000895 0.2764566029152074 0.7600924503581956 -9.428914143247998e-05 -1.38057755703377e-05 -3.276658864923395e-05 0.00011892613823336012 0.0 -0.015408758550197082 0.26537917017714435 0.7495966894504489 0.0004417370115356259 0.00012546555809943261 0.00025194707283160997 0.0004940647471126541 0.0
0.0619848006881214 0.27647137388759685 0.7600784389654248 -8.711062198840877e-05 1.6259249778497413e-05 -1.1165348470625062e-05 7.856832856113054e-05 0.0 -0.01556709189830015 0.26631125822312995 0.7503200337443886 -8.722379394255969e-05 0.0009002925715402291 0.0006308499091658755 0.0011794832056982436 0.0
0.061904317608975135 0.2763996989713147 0.7600162148911098 -8.313635143405648e-05 -6.108199426427643e-05 -6.459244214525821e-05 0.00012140359780959684 0.0 -0.015529238349041083 0.2670248060756715 0.7513828810678121 -0.00011284961278242928 0.0008717475175626907 0.0010413987197067818 0.0013040925639661617 0.0
0.06175744197826141 0.2761967791568483 0.7597664751733234 -0.00013237510859457285 -0.000199233983001849 -0.00023762583097022974 0.00034974223723787355 0.0 -0.014991358037216403 0.2670194812180607 0.7521280544785468 0.0003978548690736347 0.00011229853538826415 0.0008691821704046238 0.0008917331891469473 0.0
0.061683582313360366 0.27612025122758016 0.7596186442846878 -8.998135090027267e-05 -0.00013200109333765987 -0.0002045039648525802 0.00019469203223392758 0.0 -0.014585255133186408 0.2665105988755588 0.7521481877947701 0.0005297483183542828 -0.0006555077290877844 9.018753418348589e-05 0.0006396232226856957 0.0
0.06160930148110474 0.27597806401085645 0.7594666970028829 -6.827704268705101e-05 -0.0001295379103794021 -0.00015488609481781416 0.00020597112131212386 0.0 -0.014319804044736779 0.26561494069175284 0.7518072258014384 0.0004025919860506382 -0.0010865066405178075 -0.0004720158158721432 0.00100439246688216 0.0
0.06157868229528498 0.2759240829701685 0.7593786930105668 -3.0060762826586325e-05 -5.648836974919893e-05 -8.207019469632081e-05 0.00011280179311625218 0.0 -0.014191808090000323 0.26489257866078386 0.7513907812773298 0.00015616996293346208 -0.0009206588633872056 -0.0006246849425596917 0.0008816573104117996 0.0
0.0615426865272804 0.2758796225595737 0.7592875327292791 -2.647782127359647e-05 -1.8949194760579447e-05 -6.0755686259277714e-05 0.00011146016997758811 0.0 -0.014010620316391378 0.26352925869258925 0.7502466296463713 7.55786283923904e-05 -0.0011851882771646521 -0.00109377352033722 0.0017435677396964266 0.0
0.061518259318541685 0.27586396901631166 0.7592435455446137 -2.0378928464028154e-05 -3.845381269979831e-06 -3.204280764069652e-05 5.304583190538725e-05 0.0 -0.014044760766344694 0.26278120039277847 0.7495543222466018 -9.059362396449789e-05 -0.0007278755807388495 -0.0007344608636456879 0.0010520398471402122 0.0
0.061494939327692545 0.27585017779602894 0.7592243644762935 -2.8898771781626258e-05 -1.9134639678028412e-05 -2.6805743016678794e-05 2.7737502372290247e-05 0.0 -0.013884936869939626 0.2621029824234307 0.7495620874148651 0.0001419789507174435 -0.000606031153428723 1.0408923391151356e-05 0.0006615776336736749 1.0
0.06146182023986246 0.2758284489447753 0.7592145273373703 -3.953744155876264e-05 -2.9457602833560075e-05 -2.165948865637974e-05 4.469721629918777e-05 0.0 -0.013607486568463705 0.2617941671639655 0.7494739910460307 0.00032411413768474893 -0.0003029361441242111 0.0001037797070724334 0.0004314470360340974 1.0
0.061426097927573545 0.27581293621923025 0.7591931139496813 -3.491916330760887e-05 -1.657276078826915e-05 -1.3727013113343147e-05 4.281715449453474e-05 0.0 -0.013405604248947675 0.26168156508694346 0.7494854401858311 0.00025247700001415987 -6.882867443342374e-05 9.407230710092916e-05 0.0002546675292097022 1.0
0.06140405590642887 0.2757991541600713 0.7591763885826186 -2.656622310287388e-05 -2.3127754171032398e-05 -2.283124513595842e-05 3.2519733567530916e-05 0.0 -0.01368434646009058 0.26154111703078403 0.7496274594133969 -0.00020102071003688942 -9.074906466113912e-05 0.00012632123455411033 0.0003440517867476111 1.0
0.06137207838698201 0.2757493551017737 0.7591371752327247 -2.6964302562200847e-05 -4.035501066934971e-05 -3.8763900783754074e-05 6.822273823828173e-05 0.0 -0.01379569690273323 0.26150356342824743 0.7496469866374598 -0.00022046303690302415 -7.581314649479946e-05 -3.53263761412905e-05 9.828045815124444e-05 1.0
0.06134123595777159 0.2757044656998784 0.7590682607054401 -3.045659555938044e-05 -4.9532733872024164e-05 -7.113045213062705e-05 9.05045447530672e-05 0.0 -0.013586004606665888 0.26139431226686755 0.7497072002188219 0.00010731599548110828 -0.00017940286003843332 -5.798186566416581e-05 0.0002477815821144369 1.0
0.06131236627285289 0.275688952318472 0.7590267948548207 -2.825816518608001e-05 -2.1164429801978624e-05 -4.898562149238397e-05 5.285349671759337e-05 0.0 -0.0135051054356126 0.261257388202232 0.7497625524237151 0.00014379427807194236 -0.0001392994526907155 7.148801840007658e-05 0.0001730160762661104 1.0
0.06126020959604242 0.27561495879600884 0.758946860781271 -4.927674336152951e-05 -6.148488709507472e-05 -7.192684724742097e-05 0.00011743736029598307 0.0 -0.0133656387863479 0.2609430396237729 0.7496782341905701 0.0002149749427229872 -0.00031596144092941377 -3.077386652594637e-05 0.00035296652314516686 1.0
0.06116560468195714 0.27548667455152076 0.758784074136045 -9.266312846025985e-05 -0.00012282305426900144 -0.00015078716626831736 0.0002306969615707889 0.0 -0.013297100206424417 0.26067217660129854 0.7495188769176369 0.00010879583085734486 -0.0002881422780301019 -0.00017760429434545582 0.00032681351552841327 1.0
0.061113600803113184 0.2754307627265457 0.7586897743263894 -6.637592841659767e-05 -7.766230352062715e-05 -0.00011648556416678647 0.00012525051207125767 0.0 -0.012929948049743843 0.260453098862204 0.7494047968128227 0.00027710129592510216 -0.00023043858905603563 -0.00013486770964903582 0.00043270932750101213 1.0
0.06100597221530556 0.2753394414329184 0.7585327772921894 -9.809819793762137e-05 -8.52908053259535e-05 -0.00014772508859156556 0.00020117760898138415 0.0 -0.012137148789224074 0.2599544640385724 0.7491685704039616 0.0007130859653922915 -0.0004404819178340347 -0.0002144332985252253 0.0009686628296150817 1.0
0.060731503999973346 0.27507628884697793 0.7581818905807091 -0.0002523534079302157 -0.00023503861624200108 -0.0003243210793681394 0.0005206379590829182 0.0 -0.009374392029848914 0.25875342076293617 0.7492772297966098 0.002595542091222364 -0.0011083243056057453 5.216982182385778e-05 0.00300862214672072 1.0
0.06057751660461928 0.2750115716957923 0.7581139841150883 -0.00019532469659385866 -0.00011106784270799742 -0.00013429045941295865 0.0001959493562990011 0.0 -0.00782922998044525 0.25794262861865286 0.7496861508778144 0.0020726452189571893 -0.000991809099531284 0.0004228709106064367 0.001856655703470993 1.0
0.06035515536215647 0.2749507238843382 0.7581320147235687 -0.00021551668863294528 -5.313743943738307e-05 2.6028879811649752e-05 0.00020628368355123637 0.0 -0.00604539362685903 0.2569247246808913 0.7504987391302103 0.0017862851906372916 -0.0010273942795763868 0.0008435422979413146 0.0020948744090156356 1.0
0.0602586950818142 0.2748860077089478 0.7581098688563225 -0.00010936356450326804 -4.651601129662104e-05 2.757959901469344e-05 0.00012694009597345501 0.0 -0.005184984321065278 0.2564769151164723 0.7508576673346639 0.0008161753330609015 -0.0005026922280714166 0.0005144321390739599 0.0010872575981614391 1.0
0.06014315669267077 0.2747336656089753 0.7579798010067224 -8.65317107613285e-05 -0.00012575828885311407 -9.329502878081074e-05 0.00023985024988516126 0.0 -0.00366412502297428 0.25551567510231266 0.7510895434633765 0.0010999932536721905 -0.000741297494575656 0.00020860631578012936 0.0018199415282201081 1.0
0.06007951285006732 0.27455497035639115 0.7578319278404568 -5.063115983333922e-05 -0.00018477262684224894 -0.0001681101467911192 0.00023931954661739188 0.0 -0.0029997641153337988 0.2547321975152621 0.7512075454675246 0.0007153663179279973 -0.0007772563531285724 6.9348039309968855e-06 0.0010779234105571776 1.0
0.06004294165661268 0.2744100083375225 0.7577039088883465 -4.2358333183758e-05 -0.00018323978111303783 -0.0001824385884124795 0.00018767480101012285 0.0 -0.0028297648711644685 0.25410069884846415 0.7513439957274973 0.0002980329978054337 -0.0007194071666113302 2.6223917529250842e-05 0.0005950726091743315 1.0
0.05998212640415144 0.27420563643949114 0.7575106781365403 -6.551155321983561e-05 -0.00020854864059850802 -0.0002040872465361353 0.0002909407837762909 0.0 -0.002719186162356247 0.25354352684082504 0.7516343759265224 0.00015909300593449217 -0.0006112495099981248 0.00028331597430592925 0.0006573187641740299 1.0
0.059915701919133285 0.2739168158058497 0.7571983542471882 -6.627985747702833e-05 -0.0002588815417720753 -0.000269693585620753 0.0004315595680523599 0.0 -0.0026715201114182307 0.2531109277440229 0.7519968483334908 -7.635914119382727e-05 -0.00039674865316509443 0.0004462267611832877 0.000576198778341495 1.0
0.059897001298245 0.2737635152767438 0.757052585817701 -3.827090263803292e-05 -0.00018093403289570374 -0.0001761557049871482 0.00022081007270041602 0.0 -0.002575619273460232 0.2529216994014974 0.7521891581907455 0.00011700661682318846 -0.00018690626800282862 0.00030025321003104627 0.0003084273285707687 1.0
0.05989026073747582 0.273662326629948 0.7569482569632792 -4.4699967914903324e-07 -9.968908183693991e-05 -0.00010300813410360245 0.00012951952498842104 0.0 -0.002353252079387972 0.25268722006781386 0.752301515186955 0.00025451979302870556 -0.0001630450073904754 8.621998017682188e-05 0.0002946126357933395 1.0
0.05983133804589093 0.27340943005253604 0.7567295820440995 -4.6197657006933306e-05 -0.00021124223271542941 -0.00017978366477607326 0.0003427453146235398 0.0 -0.0014615295677511278 0.2517544271540386 0.7521121070265325 0.0009264907955758003 -0.0008696131207813493 -0.00020217051009786195 0.001324154885967299 1.0
0.05980387973348657 0.2732898270594905 0.7565981014841162 -3.172762167522317e-05 -0.0001427156838644877 -0.0001396627623086313 0.00019739597961940242 0.0 -0.001103170038539492 0.25146469859481685 0.7519942701549535 0.0004993244195412177 -0.0004919511959831846 -0.00020910870006326352 0.0005166284635005009 1.0
0.059796471743295374 0.27320948165073977 0.7565163933923581 -1.3788473558402775e-05 -8.70938024027473e-05 -9.252845444079262e-05 9.916250032790375e-05 0.0 -0.0006276474793105945 0.2510305272143141 0.7518868873783919 0.0004316426538278482 -0.0004309050138646607 -0.00012665247593897597 0.0005851852293682659 1.0
0.05978573887841392 0.2731638110765473 0.7564842166225723 -1.0696796112923354e-05 -4.927084481298383e-05 -4.3890268945440965e-05 5.193080491024699e-05 0.0 -0.00018831980947923963 0.2505872946668968 0.7519126651848893 0.00037691669715296267 -0.000398444012783811 4.999417716196306e-05 0.0006445227077766791 1.0
0.05976505030758586 0.2731083408971292 0.75644277746288 -1.4542655187778215e-05 -4.270819609021039e-05 -3.056711353517224e-05 8.353517933195611e-05 0.0 0.0003026306576703042 0.2499023196008448 0.7519180973685354 0.00041545036907849264 -0.0005956321788647196 6.992517543768367e-05 0.00087242265231417 1.0
0.05969138850672865 0.27296843510778424 0.7563234779537367 -6.284449182307862e-05 -0.00011441831413080207 -8.97685870086569e-05 0.0001978780413506064 0.0 0.0004969242666528665 0.2490804167223001 0.7518427644184534 0.00022892818111178547 -0.0008151357127671528 -4.0945475616042395e-05 0.000840297338957052 1.0
0.0596079222426302 0.27271519469256894 0.7560565544722138 -9.408809205081178e-05 -0.0002608109046159362 -0.0002665470806588377 0.0003723897501853188 0.0 0.0002895616848881145 0.24779527288828124 0.751776901799531 -0.00014623962246324116 -0.00130977578734556 -9.115127859992116e-05 0.0012696775534862606 1.0
0.05959188065485594 0.27262092837815405 0.7560338167489655 -3.8911840671861064e-05 -0.00016180359078731335 -0.00010557622170127495 0.0001054946855038603 0.0 0.0001878391046736064 0.2472876630671853 0.7517912914431275 -0.00016406492415763828 -0.0007415866577515647 -4.052538803709304e-05 0.000562499370604995 1.0
0.05954268546267786 0.27247327422881323 0.7560687229522639 -3.293086966212593e-05 -0.0001245938257852499 4.539373494681585e-05 0.00014299349694058163 0.0 0.0003139840825189607 0.24647427445741701 0.7517937946220704 1.9876137861698237e-05 -0.0006466147286597851 1.1379910653470194e-05 0.0007760828747879231 1.0
0.05948698483627323 0.27238857263534333 0.7560584491593982 -4.412426996652044e-05 -7.08918062948853e-05 4.480443569056009e-05 0.00011463174157659338 0.0 0.000656960469843327 0.24605489613715956 0.7517880876615662 0.00038826758677782547 -0.0003997888711806432 1.2086711097986558e-05 0.0005768593554745723 1.0
0.059432838506612275 0.2722450170531769 0.7559351907728614 -5.3732174750659384e-05 -0.00011227181273067052 -8.258836609391624e-05 0.0002000608736291324 0.0 0.0011871706583615426 0.2455415238524372 0.751640865503983 0.0006224183463953701 -0.00042506372559583883 -0.00011370946911468853 0.0007472139676569541 1.0
0.059417054383520934 0.2721561801558157 0.7558688142226934 -2.7184876400688453e-05 -0.00010125612624599144 -0.00010452122115267218 0.00010956922405967951 0.0 0.001319852458144731 0.24510066722331006 0.7514817391574272 0.00027521523124703334 -0.00046092651338672957 -0.00018722971379005952 0.0004887891481423817 1.0
0.05940475157926662 0.2721176899381068 0.7558276588547963 -1.394385279033247e-05 -5.942992304935607e-05 -8.182639419862551e-05 4.915710659026009e-05 0.0 0.0014396892067236094 0.244824551290598 0.7514501378812912 4.0894617629223784e-05 -0.00034844046700789133 -8.049330082777171e-05 0.00028287319833329033 1.0
0.05940155203647116 0.2720974507724596 0.7558006706368781 2.886464384241875e-06 -1.9556700662009668e-05 -3.256791943197245e-05 4.013170566004396e-05 0.0 0.0016254532161308025 0.24470469712922333 0.7515739390270975 5.6545049024281604e-05 -0.00015849468047121542 0.00012010191654885116 0.0002693577326114689 1.0
0.05937693465652304 0.2720335532983718 0.7557625059023579 -1.4326897295351375e-05 -3.7632720160339736e-05 -4.616718001754065e-07 7.827639298785011e-05 0.0 0.0018430879092376346 0.24469364451786219 0.7517014475944256 0.00018932840040062704 4.6419120045267364e-05 0.00018382383179219616 0.00024995598436186226 1.0
0.05934126399457537 0.27189300142125106 0.7556515526327207 -4.1940186806829386e-05 -0.0001377083591035575 -9.089078118605225e-05 0.00018496677588542774 0.0 0.002149986966444059 0.2447273833663501 0.7519364152064281 0.0003398132833594613 3.8083550386521685e-05 0.0002523220130177233 0.00039415262355494297 1.0
0.05931382751036358 0.2717826142340009 0.7555674298597882 -3.7039742263481665e-05 -0.00013529055494976508 -0.00010908223951796724 0.00013973442405950068 0.0 0.002276044302823141 0.24479826333703714 0.7520455918742625 0.00021886420928803163 9.23898913962164e-05 0.00013294884147056407 0.0001749896255800789 1.0
0.05928846356860383 0.27166630490344107 0.7554592311718442 -2.725404117437159e-05 -0.00013144784937779887 -0.00012196678531461197 0.00015704960603279798 0.0 0.0024990230103951266 0.24496898547204912 0.7521909933740301 0.00020694753778802258 0.00013072402705042096 9.990895480634345e-05 0.0003083099329134355 1.0
0.05928869551664624 0.2715257973886471 0.7553309020807631 1.7003175204264223e-06 -0.00012859650193753998 -0.00012213954798881178 0.0001920438929102264 0.0 0.0029628330682714052 0.24579614697419613 0.7526379893714492 0.00038466990102597657 0.0007323193973757122 0.0003776272132325001 0.0010521901429040633 1.0
0.05928988731198561 0.2714654426166535 0.7552936460070613 8.033019049141927e-06 -6.15162728969755e-05 -4.6626702752135724e-05 7.58650120724763e-05 0.0 0.0033937989047946046 0.2466717156792831 0.7530003270909683 0.0004688290325642746 0.0009697620615054913 0.0004186913732175973 0.0010661550446380533 1.0
0.05928983209374237 0.2714262907281766 0.7552635098535098 4.475684137339424e-06 -2.7790848976967435e-05 -1.5411431978552276e-05 4.3508231008079294e-05 0.0 0.003910043755008091 0.24760152128963195 0.753461717538907 0.0005413970448164428 0.0010110510061471195 0.0004845851601696103 0.0011302917218397389 1.0
0.05930414635157919 0.27139196615885086 0.7552334715817249 9.882492710819169e-06 -2.6809881046722497e-05 -1.8311540172847236e-05 4.858579045440107e-05 0.0 0.005267499496610682 0.24882505635303945 0.7549469231199442 0.0012555561115469072 0.0011903225439898653 0.0013514885599845044 0.0023376755812365094 1.0
0.05930714242359328 0.27135070448447385 0.7552116080198413 3.0974867780004266e-06 -4.001446247976007e-05 -2.3541641997411264e-05 5.125081972376772e-05 0.0 0.005935158701122453 0.24952227483037226 0.7554326508957021 0.0008719356685426016 0.0007537977977834607 0.0007620142825150024 0.0011516663431515987 1.0
0.059308393431404004 0.2712978850173135 0.7551766369455662 -2.1389039031986405e-07 -5.447500854043931e-05 -3.625863430473476e-05 6.0269369466899405e-05 0.0 0.006070572949055169 0.2500060962352057 0.7558850480319096 0.00018242547007372235 0.0004127144028843845 0.0004108873771984537 0.0006030329471849196 1.0
0.059316730963865354 0.2712481820322485 0.7551431569462816 5.630824684626746e-06 -6.200745541555677e-05 -4.49792027617963e-05 5.902488176061732e-05 0.0 0.006334742951367899 0.25065062774800495 0.7564083229235424 8.673703987328136e-05 0.0005189290809802016 0.00038559588232166264 0.00086914853979551 1.0
0.05933524374503203 0.27111863655362134 0.755044431624019 1.8471632799353583e-05 -0.00012410183934073816 -9.387609634071607e-05 0.0001648490315696207 0.0 0.006731247123364767 0.251105330286808 0.7572850199779781 0.0002646174773964843 0.0004927000480918802 0.0007528023032226598 0.001130149861118059 1.0
0.05934341769842081 0.2710463773573672 0.7549811339054674 1.1736980650576294e-05 -8.562839513052194e-05 -7.173802357453194e-05 9.988603255834498e-05 0.0 0.006508969624415899 0.25125527137390585 0.7573141123000534 -0.00011740100329703376 0.00020969334665319383 0.00019832679655301688 0.0002611163489043046 1.0
0.05937495335745978 0.2709973777022592 0.7549406698953703 2.895753980207153e-05 -5.073388338672467e-05 -4.564070262683275e-05 6.613547734827102e-05 0.0 0.006258256686871733 0.25123292226947286 0.7571599704400859 -0.00020952830693027655 4.022678198787612e-06 -0.00011470036281104371 0.0002152981733581715 1.0
0.059374399651687434 0.2709170371101235 0.7548966038325389 6.6794298588083435e-06 -6.449673134567811e-05 -3.505302949558776e-05 9.15482133727617e-05 0.0 0.006355222563044071 0.2510733261161338 0.7570829945753229 7.190219953487939e-05 -0.0001706177288837154 -0.00013746676956795736 0.0002613831245727972 1.0
0.059333148741169274 0.27071204079694217 0.7547274746780587 -3.955381930476636e-05 -0.00018237960984162312 -0.000142678874077741 0.0002715521119296384 0.0 0.006893043547529198 0.25060688957877664 0.7570534633345002 0.0004540650904737587 -0.0004957489095041517 -0.00015644461706788132 0.0007191044708082209 1.0
0.059329214131740644 0.27062513123589527 0.7546678631591898 -1.9036540962484462e-05 -0.00012383381356941968 -9.145231687679438e-05 0.00011200888296961838 0.0 0.007276712277883763 0.25032319236800676 0.7571386419125721 0.0005152425273214946 -0.00034131596147187024 0.0001268728215752494 0.00048237492314457493 1.0
0.05929646309192281 0.2704801039884446 0.7545767628453918 -2.911754176984503e-05 -0.00014151473286943156 -9.085118282626269e-05 0.00015936530287311723 0.0 0.00806488699523648 0.2497561670989084 0.7575075798017353 0.0008292146771587444 -0.0004816603872853805 0.00044593703008580384 0.001002194405834329 1.0
0.059278814027740066 0.27040347918189694 0.7545128672963743 -1.7719241658506283e-05 -8.569240181083224e-05 -6.564027603397283e-05 0.00010952051143518985 0.0 0.008344277965076698 0.24943346478194053 0.757702831324575 0.00037644308818594 -0.0003573735132276131 0.00031703870328486075 0.0005098050346763455 1.0
0.05922468431118084 0.27021709854120657 0.7543690102634665 -4.467814834296337e-05 -0.00015023399450936136 -0.00011854786362285875 0.00024209716435292418 0.0 0.008504910937958897 0.24906685686448823 0.7577199214297875 3.935893025520048e-05 -0.0003396280188403885 -1.7291026761636643e-05 0.0003734925480812616 1.0
0.059201593783089645 0.27012864049057184 0.7543186857424551 -2.8524918262232613e-05 -0.00010697714359118914 -6.84973659345898e-05 0.00010885560505605651 0.0 0.008895225385849187 0.248658313181969 0.7573289748936577 0.00024778303224181285 -0.0003787212284304727 -0.0004079685413711265 0.0006945522087255969 1.0
0.05918936051071046 0.2700622512369012 0.7542902913619363 -1.643173657281596e-05 -7.537480252068997e-05 -3.4046051737639576e-05 6.21552279139694e-05 0.0 0.00904320442073299 0.2479197588953971 0.7571889015810696 0.00019770482741513694 -0.0007005988303361928 -0.00028609533225767893 0.0007829039757047424 1.0
0.05917216901054503 0.27000124125648056 0.7542595956207025 -1.3200385124336363e-05 -5.77222549386384e-05 -2.549141644738415e-05 7.557056325324016e-05 0.0 0.009108247003366193 0.24723536727090495 0.7572457937945998 0.00011254995744596917 -0.0007637979978819397 7.24589144533014e-06 0.0006854819346534555 1.0
0.05913484716478708 0.26990437049331734 0.7542036345683075 -2.898714528804855e-05 -7.566781530496944e-05 -3.719762099747308e-05 0.00011994181489176559 0.0 0.009264351869592747 0.24627843620892617 0.7576334331440255 0.00014418867103897185 -0.0009531689475856231 0.0004363603153080608 0.001012543133641377 1.0
0.05909343268817701 0.26975816288050575 0.754133014676936 -4.5978825630108415e-05 -0.00014737438890517264 -7.613375521495829e-05 0.0001692267754504189 0.0 0.009829876088222656 0.24570429226480184 0.7578505274085785 0.0005341078344248734 -0.0006749486602888376 0.00038696761282433674 0.0008713827487662726 1.0
0.059076340000965066 0.2696721101017634 0.7540950486702586 -2.5923389700951985e-05 -0.00011084633962791675 -5.548450061151867e-05 9.102183522386592e-05 0.0 0.010761261053545917 0.2450025392103215 0.7578962594326194 0.0009149579460244361 -0.0006110787359694222 8.974448286175481e-05 0.001149246193067878 1.0
0.05904935285981653 0.26955437446605185 0.7540284691335336 -2.6073799431108242e-05 -0.00012197362139057733 -6.807533650743716e-05 0.00013662620906749518 0.0 0.011430149414351692 0.24422946621853622 0.7578082448461203 0.0008262266888804382 -0.0007122383955128473 -0.00016319440333819818 0.0010329120218078016 1.0
0.05902843447797337 0.2694293622772163 0.7539825780011429 -1.586191001121262e-05 -0.00011170014162486502 -4.000712204070271e-05 0.00013858953929640508 0.0 0.01253329293748243 0.24347417654886763 0.7575259735317306 0.001066908952226742 -0.0007631371820820112 -0.0003738445357462843 0.001358893490432551 1.0
0.059015386783372314 0.26937199521441735 0.7539627521551274 -1.1481983819046714e-05 -6.255107082786234e-05 -1.885118958860065e-05 6.365646651230535e-05 0.0 0.01353894594036981 0.24350724164910337 0.7571355393176843 0.0009872361760084082 -0.00011845313744552547 -0.0004176356720491942 0.0010940463598244012 1.0
0.05900137278497147 0.26931788171717896 0.7539495174514422 -1.401497506320749e-05 -4.613049678504238e-05 -9.516529510040258e-06 5.2484283377106646e-05 0.0 0.014858011793084387 0.24360605237115354 0.7565292288435121 0.0012363312711559308 0.00018653803460792523 -0.0005729560924824552 0.0014313812346379833 1.0
0.05899085756714208 0.269289504813072 0.7539480558494633 -1.2886215220721356e-05 -2.798253336961073e-05 -1.040647693363444e-06 3.224601882458026e-05 0.0 0.01570273022615581 0.2436946378092288 0.7563263235539264 0.0009372083005747776 0.00018983440947515295 -0.00025074509086092835 0.0009023617572478448 1.0
0.058981325692944335 0.26926969625992797 0.7539403005248226 -9.48054573433161e-06 -1.754067348427147e-05 -5.047348650734342e-06 2.565677789162385e-05 0.0 0.016345848150141295 0.24386045994916253 0.7563595426343924 0.0006521759558035469 0.0001946446463189621 5.01988074786897e-05 0.0006380731237162047 1.0
0.058966840237869425 0.2692404322135276 0.7539140326694396 -1.2669351329688164e-05 -2.4510284017660147e-05 -2.4765349927276253e-05 3.926699539331271e-05 0.0 0.01649863108885783 0.24391588100150022 0.7563274700830723 0.0001340228749133124 -8.714832048514016e-07 7.617667914099877e-05 0.00017853284364259482 1.0
0.058958864540439485 0.26921437190212183 0.7538768127146661 -1.0866162112490963e-05 -3.542395437540298e-05 -4.425290107533436e-05 4.680200987627367e-05 0.0 0.016333860740846223 0.2437830092795241 0.7563824196277764 -0.0002562166333530655 -0.00019536265503035974 8.399482898115394e-05 0.0002129462407546162 1.0
0.05895390614965239 0.26918601634493705 0.7538446772020333 -4.945565732002258e-06 -3.25573007643589e-05 -3.711719548844725e-05 4.365427793748565e-05 0.0 0.015929594675720287 0.2436671721141001 0.7565579298030377 -0.0004284189743477499 -0.00017000837995852615 0.00013316236131565322 0.0004711133599666008 1.0
0.0589449630238697 0.2691492226975742 0.75381125690954 -7.005068496380261e-06 -3.3905137652071946e-05 -3.256882414758081e-05 4.9166053304873926e-05 0.0 0.01549518744668587 0.24348463360993788 0.756944307845788 -0.00045111347467672886 -0.0001445342188201743 0.00032054909129609275 0.0005997011779275915 1.0
0.058935025706621375 0.2691080450409267 0.7537828814414727 -9.737223325756019e-06 -4.197843882345718e-05 -2.6052033512583754e-05 5.2167917551764904e-05 0.0 0.014761194506658819 0.24328622947587927 0.7570999583022167 -0.0006350643352650974 -0.00019576131725907808 0.00019784268137991917 0.0007730172678374816 1.0
0.05892074428884158 0.26905255064848627 0.7537514256379861 -1.4194706300675903e-05 -5.281101148800035e-05 -2.6887904645028012e-05 6.529056655439947e-05 0.0 0.014107143523736692 0.24318882030870007 0.7572882699820398 -0.0006694339960606102 -9.636910002985534e-05 0.00020078752646709476 0.0006832845333964159 1.0
0.058913325693121736 0.26901422920623014 0.7537308275288791 -9.870452347713517e-06 -4.268716112523199e-05 -2.1682241801099732e-05 4.423217599759285e-05 0.0 0.01383932616731041 0.2431864024825933 0.7576214654920062 -0.0003061056336700692 1.865333715586986e-05 0.0002878426832246799 0.00043522324662575453 1.0
0.05891261771489513 0.2689943282648051 0.7537242469805426 -1.5410722776574895e-06 -2.1537898018405227e-05 -8.944535516597374e-06 2.0239360794600868e-05 0.0 0.013435394515595939 0.24323400718115878 0.7577981389813656 -0.00032732443242874866 6.481671101974914e-05 0.0001876300205745329 0.000436733592683678 1.0
0.05890775889291212 0.2689705613970438 0.7537208703930431 -1.608562818998394e-06 -1.7118325655672524e-05 -1.6988784827114133e-06 2.4351538746167643e-05 0.0 0.012843253437260279 0.24311138080199646 0.7584671275274004 -0.0005280168365100048 -8.594491181451822e-05 0.0006015362065486784 0.0009076616481803711 1.0
0.058893844950939425 0.26894341925761167 0.7537184438048881 -1.166810574386201e-05 -2.3355726097981148e-05 -2.148541760239677e-07 3.176881833122005e-05 0.0 0.012053206873116675 0.2434323264982378 0.7586233362581329 -0.0008018360771309345 0.00023434777052398333 0.0003037715365220191 0.0008826920778549222 1.0
0.05888055941493375 0.26890331612496327 0.753686238033805 -1.565873737668718e-05 -4.002817876843258e-05 -2.832070474202753e-05 5.295530905277552e-05 0.0 0.011922916416837898 0.2434080516851755 0.7589334709082856 -0.00031587387162874416 4.426460855722193e-05 0.0002766275549091434 0.0003176812940983253 1.0
0.05885919972397081 0.2688148048785851 0.7536149328161844 -2.248698169671028e-05 -8.730878133976016e-05 -7.174561668403051e-05 0.00011453974831824207 0.0 0.011934611761384691 0.24315861729925622 0.7592251320590677 1.619840064711524e-05 -0.00022797143009368052 0.00023829977165051711 0.00036291774937744306 1.0
0.05886027264782277 0.26878300173295755 0.7535914633049966 -3.7741811441769236e-06 -5.0747996056942595e-05 -4.126603718276867e-05 4.194855135163551e-05 0.0 0.011791803603086333 0.24298000845553683 0.7593324647357939 1.0325145905588982e-05 -0.0002452006348088574 0.00011976386953059447 0.00028749173563952105 1.0
0.05885072772087218 0.268742312349751 0.7535611610471922 -4.231800993032788e-06 -3.5594592253223316e-05 -2.7062200809530624e-05 4.738202688931246e-05 0.0 0.01182392313844528 0.24272403852425986 0.7595492383106001 6.652940153565158e-05 -0.00028094421586209354 0.00018667699356278192 0.0003379557382415173 1.0
0.058851641117914334 0.2687118255930711 0.7535019766277125 1.9345134366760296e-06 -2.3485858420635955e-05 -4.6688440643114306e-05 6.875995304554829e-05 0.0 0.011941725917215373 0.24257631407229446 0.759851408299959 6.198595079430068e-05 -0.00016907153049303456 0.00029981036251779835 0.00034021156720848974 1.0
0.05885816283125505 0.2687079681293849 0.7534712823764488 6.395418923493413e-06 -1.917791278673961e-06 -3.315708142705231e-05 3.451481112542071e-05 0.0 0.011921368481661416 0.242514042076817 0.759802304494181 -5.169376834762669e-05 -3.309017336849335e-05 5.358899365831473e-05 8.412825858255721e-05 1.0
0.058855168515726385 0.2686887034127699 0.7534606942725557 -1.5397666837088213e-06 -1.294575328603439e-05 -1.3329586812141128e-05 1.8917418396762052e-05 0.0 0.011932705042499877 0.24245095618956897 0.7597992185136564 -2.181692622659989e-05 1.111518285702249e-05 -6.829297624710525e-05 6.204818302940748e-05 1.0
0.058840588936330145 0.2686533920920432 0.7534238656888876 -1.4555243980354141e-05 -3.676801946250321e-05 -3.225935814960036e-05 5.177143393519453e-05 0.0 0.011960313162037554 0.24244059827534417 0.7598076197832644 5.6400854817827487e-05 -2.911266890466812e-05 -1.1416047269341206e-05 3.4545410850540304e-05 1.0
0.058834987365037617 0.26862669065184486 0.7533876769178263 -1.0445956264832184e-05 -3.6171038354850705e-05 -3.755390219736996e-05 4.958924102328306e-05 0.0 0.01198136726318295 0.24245221138630235 0.7598400929599711 1.6031795195882038e-05 -3.579530551598071e-06 1.911466024494778e-05 4.7278300624323494e-05 1.0
0.05884230590717015 0.2685935869126427 0.7533518049541579 5.5895901221826095e-06 -3.2174780300558794e-05 -3.5519974289890895e-05 4.678058575780078e-05 0.0 0.012183952234354601 0.24236826636454598 0.7597503114164854 0.00017003861552694204 -7.275307885126829e-05 -5.766461426901046e-05 0.00022775765730207543 1.0
0.058821955308206796 0.268444455565947 0.7532304614567973 -1.4023611144519929e-05 -0.00013433671805900593 -0.00011374349108228825 0.00019122425338003897 0.0 0.01225541521028988 0.24227814113102802 0.7598214421867534 0.00013606397054683362 -0.00011435916044539282 6.863095219625373e-05 0.00013990536460481114 1.0
0.058816911360529356 0.2683538664895558 0.7531505596367125 -6.954130969977137e-06 -0.0001127399053928235 -9.958302789426905e-05 0.00012770903844025054 0.0 0.012226773425598438 0.2423490969805591 0.7598379404032416 -7.930854609044014e-06 3.7791035869411734e-05 3.651917125275188e-05 7.43673407565001e-05 1.0
0.05882787923869298 0.268328689188615 0.7530765635482063 8.24401359707339e-06 -3.74981246360215e-05 -7.519229183842895e-05 7.260599123928277e-05 0.0 0.012355893878436771 0.2423418618358177 0.7597425218217199 6.57883793388325e-05 2.5111690053486517e-05 -9.634827467352877e-05 0.00015724508878562276 1.0
0.058829547006471264 0.2682690421582955 0.752985663676571 4.556019198723217e-06 -3.95543443482882e-05 -8.105131340708142e-05 0.00010691282202869648 0.0 0.012640646581099374 0.24219471736962872 0.7594475533669712 0.000259089646619152 -0.00011279205882124062 -0.0002771345633126211 0.0004438843816595411 1.0
0.05882319399896812 0.26821675622630164 0.7529095582881229 -4.162122528410761e-06 -4.03642878856814e-05 -7.399263676958244e-05 9.956562822317224e-05 0.0 0.012715792588544196 0.24211970913781092 0.7591870876700579 0.00014255274620364914 -0.0001017169169336373 -0.0003100749687235208 0.0002888726818724153 1.0
0.058822608049977826 0.26818048476145484 0.7528451361062601 -2.034864608003961e-06 -3.577393372196525e-05 -6.198639334279033e-05 7.268013565301271e-05 0.0 0.012691360197032403 0.24201620471696145 0.7590485668723272 -2.403879852897751e-06 -0.00011779543562040935 -0.00018179906265458913 0.00015497340649922603 1.0
0.05881642660738032 0.2680870068106544 0.752701147522748 -7.200936867888949e-06 -9.27804596288311e-05 -0.0001327098883678615 0.00016575894283204373 0.0 0.01289312871632828 0.24174785446642863 0.758771130565881 0.0001392102376188999 -0.00025455436906465204 -0.0002314936032583449 0.00043599684938898137 1.0
0.05881755994660793 0.2680475377534691 0.7526544286211205 -2.7144913982174447e-06 -6.486355865600865e-05 -7.577210000744202e-05 6.897719892318287e-05 0.0 0.0131105899374434 0.24163273863025114 0.7585387743969634 0.00019840944885395133 -0.00014578772919588177 -0.000203349921099829 0.0003605329665305593 1.0
0.058801681091711945 0.26799140401907423 0.7526007991101488 -1.0621739298441861e-05 -4.713056311951531e-05 -4.547903656526601e-05 7.29901151067619e-05 0.0 0.013276379551556278 0.24143143562235786 0.7579894747810356 0.00019896926764638909 -0.00016908615326602188 -0.0005026707569476328 0.0005925532555795031 1.0
0.05876858788663205 0.26792915649094984 0.7525425040197892 -3.074700397953348e-05 -5.4344836983606846e-05 -4.864104531462213e-05 9.266144246019484e-05 0.0 0.013400875962006759 0.24128569340972414 0.7573753811481181 0.00016262150171842817 -0.00015529621881459142 -0.0006644070369169803 0.0006425705855848752 1.0
0.05865140683577713 0.26780294667539073 0.7524474523584139 -0.00011037843946879994 -0.00011881606050213986 -8.652464762632091e-05 0.00019952561196737097 0.0 0.01576086863306857 0.24315393962561344 0.7549870790327202 0.0020333696210968494 0.0015878052437443687 -0.002197899440972419 0.003816911841735752 1.0
0.05850003656910889 0.267499937862914 0.7522381095945601 -0.00016129490405323806 -0.00028714376237386 -0.00019962513616261714 0.00039777113412180497 0.0 0.017825308624875337 0.243881386166711 0.7536976478176763 0.002381555706281214 0.0011867567992501341 -0.0016938407788540941 0.0026540721367901065 1.0
0.05841417196936646 0.26732109678038096 0.7521702571619152 -0.00010880945725520261 -0.00023083978775466425 -0.00011506356121990795 0.00021187646275690734 0.0 0.0191897133936338 0.24377355182188348 0.7533572906948823 0.0016865186190977018 8.663581093863018e-05 -0.0004994889095412912 0.0012802012735011492 1.0
0.05840353477814625 0.26722766010698573 0.7520468567160588 -1.351415395170509e-05 -0.0001119048504514659 -0.00011494595295439572 0.00014563206352775476 0.0 0.019323918148153367 0.2435444054349466 0.7533361511557621 0.00019763982417032145 -0.00047880979850207226 0.00022555329322095888 0.0002495474449150073 1.0
0.05822858296925923 0.26684241727951663 0.7516846482869687 -0.00012323876039928343 -0.000306491592042013 -0.0003084294261508292 0.0005562226980389183 0.0 0.019314299426367906 0.24336185029652524 0.7531887681872215 -0.0004459419662345215 -0.00048398071055963843 0.00020422178090640777 0.0003157653528062165 1.0
0.0573634402806913 0.26586486218737754 0.7508278582487492 -0.0007719344146681523 -0.0009039363944579542 -0.0008140630182252587 0.001574609263317792 0.0 0.019152975429551616 0.24320081702566484 0.7530207273020262 -0.0004889195045563486 -0.00025822865422201586 -0.00010464046143346502 0.000330167250079361 1.0
0.05577053512098544 0.2645236015770877 0.7501836730155923 -0.0016107236829091683 -0.001403960824088439 -0.0007755690830636088 0.002190585064589801 0.0 0.019011251468799138 0.24312034281736392 0.7529177362143995 -0.00011837460354545388 8.005343247636225e-05 -0.00030325051916256404 0.00010415487145538005 1.0
0.053978091276003996 0.2630761104583365 0.749525277789928 -0.0019691958342934407 -0.0015774859023729168 -0.0006955271236459736 0.0023726746053863643 0.0 0.01893069568412038 0.24308020133043862 0.7528501356590722 0.00023170407773143414 0.0002090452425097215 -0.00031775833964158354 0.00012174607888931603 1.0
0.05000476187288655 0.25957390356039195 0.7497867322175535 -0.0037763328246217583 -0.0032657404073536847 0.000172384715898677 0.005266676764680338 0.0 0.018874943904718756 0.24292126167645242 0.752705911557274 6.285101561934962e-05 -0.00019210418435434713 -6.993067255022488e-05 0.00022348489392878205 1.0
0.04617502560118474 0.25654947975279785 0.7500584538348116 -0.0041010827781759705 -0.0033071401187656896 0.00047586425608693616 0.00499947630120289 0.0 0.01903276916804058 0.24272422941855892 0.7525266675296818 0.0001283394835598019 -0.0002675833430621546 -0.00010360110966424799 0.00033276885679533585 1.0
0.042557135768710064 0.2536362788578876 0.7505918058193914 -0.0037560078766393475 -0.00301452362015838 0.0006334214237634968 0.004588283827933584 0.0 0.0192866698428256 0.24254131860590133 0.7525013621930704 0.00020000210335376556 -0.0002230227177798165 -4.1503958890031693e-05 0.000305406455564863 1.0
0.036008636522420936 0.25057323073733745 0.7518600248284871 -0.006007052796962818 -0.0029401443584653004 0.0011726156301903364 0.007279350393064203 0.0 0.01939377245590907 0.24231778380715177 0.752493600825918 0.0001513569582213079 -0.00022832352997850748 -1.0566640549606724e-05 0.00024086280366977548 1.0
0.03414548297620449 0.24919616823931404 0.7517188165818759 -0.002739526978737849 -0.0014649508684049664 7.428924141875847e-05 0.002529954785863751 0.0 0.0193799083901504 0.24225274903458718 0.752504825761913 -2.4611752788069736e-05 -8.364079082228199e-05 3.1310931283156816e-05 6.984406496930102e-05 1.0
0.03423686282753152 0.24849821663338917 0.7510739120074708 0.00025809593715962515 -0.00045501457966923016 -0.0007532928234450153 0.0007425619833604489 0.0 0.01939617939462556 0.24220679825320485 0.7525051234779788 -4.379362767751018e-05 -1.1608010552147102e-05 2.1045860082426855e-05 4.90948167211908e-05 1.0
0.03415613517860292 0.2481527031181378 0.7507763006002852 0.0007635378015308134 -0.00013525801138341035 -0.000623807140641116 0.0004758450018527982 0.0 0.019387863480168275 0.24216804144576448 0.7525092011158974 -3.931582514636397e-05 -1.163228016444139e-05 -3.2352505793706673e-06 4.362995117341496e-05 1.0
0.03394695845601843 0.2478597109231983 0.750639620674919 0.00011306830298161703 -0.00031486097511983593 -0.00019703435446791413 0.0005588309640555678 0.0 0.019369951131927885 0.24213769574052457 0.7525151924115182 -1.217185433052351e-05 -3.3810388060576115e-05 -1.5722722404462052e-05 3.558534930932862e-05 1.0
0.033765330536439674 0.24766921044522697 0.7505551503726187 -0.00037605803444712904 -0.00026183699632809044 3.24075367906705e-05 0.00021511793417262198 0.0 0.01935484264179277 0.24212526353062824 0.7525211626667663 1.8630898136270558e-05 -2.6456046766269085e-05 -6.500052540738574e-07 1.665246522853853e-05 1.0
0.03344616422860798 0.24703158358382032 0.7505498405293388 -0.0008704344451689666 -0.0007591677883542151 0.00019538231709098473 0.0005775185236093286 0.0 0.01934181898302587 0.24210870650286892 0.7525255914631251 2.4482562668404315e-06 -2.7156143337748946e-05 1.4850461713415095e-05 2.0540049707404523e-05 1.0
0.03336506393267259 0.2463122748743339 0.7505370751894981 -0.0005474570700604855 -0.0008799670927017098 8.622722306246696e-05 0.0008420488485803576 0.0 0.019354012132895646 0.24208251256846475 0.7525229398710496 -4.0032992089188537e-07 -3.0105433675666474e-05 -1.7240323806177107e-07 3.243528853228995e-05 1.0
0.0333233718362407 0.2462237595172933 0.7505243678040232 0.0003085972407664136 -0.00016792965645335113 -0.00014494555828531062 8.005426886388903e-05 0.0 0.019344530518526703 0.24207860381557877 0.7525256923946564 -8.3477926620205e-06 6.726961866738307e-07 1.7354383710603874e-06 1.0131138659196296e-05 1.0
0.03319746787538173 0.24630088252869464 0.7505614304986133 6.95446932490486e-05 0.00016336754087197154 -2.937036727110006e-05 0.0001233993276690379 0.0 0.019335746170040843 0.24207043285422464 0.7525304995370441 -5.894864914095683e-06 -6.701333409608274e-06 3.439710853209787e-06 1.1724505368407575e-05 1.0
0.03308661912805654 0.24633381543498367 0.7505708642889495 -0.00012098246306577865 0.00019478519085181628 3.137390329367414e-05 0.00014429358053158307 0.0 0.019309665142314386 0.24205637430260413 0.7525325611136533 -2.8249635232907135e-05 -1.195727746433482e-05 3.78541762581798e-06 2.999563963175424e-05 1.0
0.03295425103668321 0.2460941688847938 0.7506575194055803 -0.00015590283378106077 -0.0001365198537324362 8.219353906147595e-05 0.00029610671827820295 1.0 0.019250820673131337 0.24199999422186222 0.7525428253589326 -5.976155800133276e-05 -5.007959202491216e-05 9.884380767078744e-06 8.281813944254786e-05 1.0
0.0330130798889952 0.2456311082790217 0.7508055768487334 8.684878987056494e-06 -0.000513525575579999 0.00015051000808197822 0.0004694759835448397 1.0 0.019299151350805857 0.24195580839338454 0.7525071772269023 2.6300004831102294e-05 -5.245034576239842e-05 -2.8161824096729832e-05 7.53172956267178e-05 1.0
0.0329283882014786 0.24550478261168124 0.750838823848638 -4.802289059475571e-05 -0.0003417714018646865 6.866882911824677e-05 0.0001588825641459968 1.0 0.01899148164309892 0.24179727039212673 0.752526174050986 -0.0002443417213432114 -0.00014760519292126816 5.055318246837503e-06 0.00034179885515667993 1.0
0.03290837404247444 0.24538971278304045 0.7508618658409578 -3.5590669914381512e-06 -0.00011931085823382957 1.3151434808558257e-05 0.00011320770634079286 1.0 0.018920070289796812 0.24178498442891613 0.752558794319623 -0.0001386632063304316 -4.7644784057398874e-05 3.23637466409677e-05 9.130390373298239e-05 1.0
0.03288519544845453 0.24533371452964653 0.7508724742294254 -2.6756498595339243e-05 4.9781949661817436e-05 -7.999906169881213e-06 6.678439186231903e-05 1.0 0.018839489837672245 0.2417575873856772 0.7525760305196495 -8.601378352532347e-05 -1.2437466135071771e-05 2.7827158840958215e-05 7.10960701711906e-05 1.0
0.032870001686946926 0.24530522781798245 0.7508794362463813 -3.0462408623779054e-05 3.4589155269155094e-05 -4.321566422138466e-06 4.387016474443737e-05 1.0 0.018803747576432796 0.2417499908280466 0.7525789976660789 -2.1282964383234413e-05 7.690918736638103e-06 8.061958545108516e-06 4.2270838520903835e-05 1.0
0.032844765226719475 0.245344720155869 0.750883338814385 -2.6123021630125988e-05 3.0256727467561196e-05 4.434176411781618e-06 3.8397630428272484e-05 1.0 0.018767191064622164 0.2417159559552723 0.7525859607974816 -9.483594356025087e-06 -2.0029418914835035e-05 1.4446041130978811e-06 5.684369787948422e-05 1.0
0.032831700293053184 0.24573500282132515 0.750887531504227 -1.1523786332588525e-05 0.0003049717712595979 1.9481937981783307e-05 0.00038229139188449533 1.0 0.0188807313256065 0.24178036672150557 0.7525155717712132 0.00010512069538061203 4.313487457332437e-05 -6.577730095680718e-05 0.0001461124330857999 0.0
0.03263567602746686 0.24660878261474342 0.7506930247155603 -0.00016027072075547582 0.0008376613422676237 -0.0001591783518054012 0.0009293343171431819 1.0 0.019288197060369383 0.2418731469274704 0.75245435220453 0.00037755715185903136 8.958071429411113e-05 -7.660882731624512e-05 0.00041508197596257565 0.0
0.032373790489853206 0.24747521451666254 0.7508168027903669 -0.00028820896594239376 0.0009941890219274455 4.4151330942250103e-05 0.0009174163829072604 1.0 0.020109123864773547 0.2417627027060392 0.75265696846499 0.000791415491786208 -7.574987890443944e-05 0.00016364872824022535 0.0008609545597924846 0.0
0.03193374803425195 0.24827973720479785 0.7525744710297579 -0.0004415469506429284 0.0008623623651217404 0.00154755190582814 0.001953510802992036 1.0 0.020737823852504295 0.24088991642658175 0.7529579010789774 0.0007627757272315477 -0.0007791832903889667 0.0003275034417019834 0.0011169178626153913 0.0
0.031483406951594906 0.24927293613212556 0.7530819954875009 -0.0004825597358445995 0.0009227008874414484 0.0009533570708490618 0.0012472856394204102 1.0 0.02088274451502998 0.24082384870455673 0.7527494313770491 0.00022159443396489953 -0.0003204029311740684 -8.48244754078596e-05 0.0002662166396405668 0.0
0.03165777434376508 0.25071847150193843 0.7539813121679682 7.91658197693866e-05 0.0013261602307347762 0.0008829812963481275 0.0016637820166501417 1.0 0.02096702907418383 0.2408858823088837 0.7523823712152208 -3.604115335261846e-05 5.57330239689922e-05 -0.00039960364485124185 0.00034632393218518966 0.0
0.03246754828386952 0.25112030843195293 0.7545845546240716 0.0008287997832333072 0.0005942442341902226 0.0005378932657021494 0.0011181032390955438 1.0 0.020699551401842573 0.24117112488592393 0.7520992253457152 -0.00035082980897061607 0.00038260921021294336 -0.0004029399892043845 0.000519182960174445 0.0
0.03229977470265084 0.25168881261172027 0.7551746486166178 0.00016093533186730698 0.00047838566227922274 0.0004221313773972638 0.0008282849936924342 1.0 0.020366891027529616 0.24140334110399297 0.7519050874008233 -0.00039300484900704345 0.0003812602479875119 -0.0002525662333786704 0.00046480995658293065 0.0
0.03227956668857531 0.2524704239066202 0.7558450016417022 -9.743487073551374e-05 0.0006712717511187306 0.000569105607941353 0.0010284550226165189 1.0 0.020418785423896815 0.2421067926853293 0.7518755375076756 2.371865019191642e-05 0.0006563936578220097 5.288225837058792e-06 0.0006734903809911492 0.0
0.032677240909384224 0.25291504744340043 0.7561098091309554 0.00018224427918869563 0.0004844487394141347 0.0004159463812181092 0.0006594932408900862 1.0 0.020591609430020415 0.242601610869573 0.7519386240514877 0.00028287201612992876 0.000492881198885904 0.00016243893897538062 0.0005300390525013984 0.0
0.03378653739070482 0.25326261086717977 0.7567521595598331 0.0009585953847875233 0.00038694236913355167 0.0006607926781966411 0.0013205981339754385 1.0 0.02027539951362379 0.2429619875343807 0.7519983144522069 -0.00015455412526199338 0.00031301537608862437 0.00011210671425932085 0.0004936111307431561 0.0
0.03405613573700525 0.25388569088846835 0.7572122022433424 0.0005636947326877109 0.0006180472020733578 0.0004258161042866313 0.0008282690076902494 1.0 0.018965632676357248 0.2428812533723098 0.7520518506591694 -0.0012194520643159282 -2.2380075292289235e-05 1.5018270082400452e-05 0.001298244715870887 0.0
0.03372069519712763 0.2545015939491289 0.7576914887991697 -0.00016916146911169513 0.0006521159163286073 0.0005211392557312334 0.000835363375718746 1.0 0.018362453941143914 0.24290162800931853 0.7522848672827778 -0.0009326481948259615 -0.00010381479454240308 0.00017123834520845632 0.0006880610279191555 0.0
0.0353644365021993 0.25408713303975183 0.7590286672470147 0.0011799119644917723 -0.0003005903360398139 0.0012052536216069039 0.0021492648799119485 1.0 0.018411830536899404 0.24291883418988058 0.7527159824912258 -0.00013358033957461878 -2.9070353506463042e-05 0.0004093865927260163 0.0003895125405768635 0.0
0.03524153048516017 0.25490188926793167 0.759049094078254 0.00016017684184707886 0.0005434404245370332 0.00033109007040062167 0.00089086182137315 1.0 0.01783302026247132 0.2430340876411168 0.7529159580785026 -0.0002870774141132945 0.0001358750651953686 0.00027894937171775333 0.0006166394166273867 0.0
0.03710327461186229 0.2553100847127584 0.7593838922880313 0.0015890146037036957 0.0005168737524606827 0.00020014389449942186 0.0018449239429043072 1.0 0.016802821733067113 0.24319651260164818 0.7529223234760923 -0.0008153525219876661 0.0002569854780944108 3.6640184803771246e-05 0.0010838660864146384 0.0
0.040509521108063766 0.2566438877466366 0.7581834541531102 0.0034080494007319695 0.0012471700794463873 -0.0011161482168094792 0.003872737365053969 1.0 0.015521621190659977 0.2437637917363079 0.7522073025121581 -0.00134610346432291 0.0005460976794112816 -0.0006775754472931647 0.0015704796832157054 0.0
0.04376361522487357 0.25733438622757315 0.7580898085332739 0.0036684651828606148 0.0009477608200794015 -0.0004803634082280958 0.0034233005662821676 1.0 0.014299615914503197 0.24441354096752876 0.7512234371972973 -0.0014686860075025256 0.0006871026888432123 -0.0011058323880513792 0.0016703868229848843 0.0
0.04550748654780305 0.2599957994532974 0.75781345491914 0.0020505516812358046 0.0024053964129558455 -0.00025145956942312166 0.003083996957788777 1.0 0.01278949084719137 0.24549901194052515 0.7498692265687085 -0.00157103836072162 0.0010437531259384182 -0.001426542076114347 0.002300277803287719 0.0
0.046031887285926734 0.2614066270181013 0.7579716657509943 0.0003822508500164851 0.0017235302830101596 0.00028889702754958976 0.00150440558586108 1.0 0.012640648170793526 0.24565971596782257 0.7498776131244 -0.00023340378593442982 0.00035707214662729136 -0.00021996005596328154 0.00025965348015204105 0.0
0.047071315666617514 0.26238843308729687 0.7582059329447774 0.0004480435211736687 0.0009720676090337341 0.000447766151373394 0.0014969409167612476 1.0 0.012447195738789225 0.24579415625155734 0.7498934502623353 8.677624634117602e-05 1.7886328732611022e-05 0.0002621069090436193 0.00015913887580505605 0.0
0.048300156405245674 0.2628885324904186 0.7584491162582127 0.0008555340280994713 0.0004213207958160347 0.00024802269237943577 0.0013731615521854726 1.0 0.012289367829662317 0.2458934398965626 0.7498873867689454 -2.659104370611169e-05 -4.939778799306018e-05 0.00023888390514412703 0.00024399113325357207 0.0
0.05231732052755615 0.26346960017507265 0.7581953785168034 0.0039879217237903716 0.00029070675523057605 -0.00021925822531352487 0.004019430744662658 1.0 0.011922841516117411 0.24612303975369662 0.749881922541391 -0.0003459524866037851 0.00015515374613543658 4.3962342569620766e-05 0.00045939538128407997 0.0
0.0543448078209687 0.2637444701754826 0.7581033903644963 0.0030850212393260224 0.0002776926211117436 -0.0003266805823335637 0.0021433362635761397 1.0 0.011658511031076981 0.24622441930892475 0.7498792691377606 -0.0004198829874796873 0.0002059305399693286 -0.00014411700366929688 0.0002520279921660489 0.0
0.05651019438899232 0.2640633180144173 0.7583925998570795 0.0022710326061382577 0.00036643955462159223 0.0002316270975273756 0.0020411778057703987 1.0 0.011152529501400192 0.24636612421655768 0.7498977774483984 -0.0005952551831303681 0.0002215533977612368 -0.00012383225821339635 0.00048098271845820506 0.0
0.05728756560207554 0.2642813409151636 0.7585220678305653 0.0005934786261140418 0.00043616844612638195 0.00020053737373584257 0.0008967301102531279 1.0 0.010861281471700712 0.24647032303917624 0.749923321180416 -0.00037670547936589937 0.00014539679312113377 -1.0753903852216444e-05 0.0003688482460230118 0.0
0.05789032074793672 0.2644469022295478 0.7587380246687645 8.574764946210536e-05 0.00011639176354349837 0.0003016647729674047 0.0006881468365812098 1.0 0.010580234027668242 0.24653826868202713 0.7498907687619293 -0.00016897775018825836 -1.1167559523279783e-06 7.742964792459999e-05 0.0002688725943029843 0.0
0.058559777541078294 0.26443045631012707 0.7587614214567263 0.00042898537783503686 -1.5341266621124146e-05 7.925343630194476e-05 0.0006850796458600912 1.0 0.009940448750995808 0.24676223036732853 0.7498554755460287 -0.0005554158804388535 0.0001905334540949121 -4.183044809768687e-05 0.0006781888371420094 0.0
0.05903372215800273 0.26459490502854655 0.758210399119085 0.0006434311000836377 9.573052072298614e-05 -0.000530247567760886 0.0006928792784249484 1.0 0.009603799418322203 0.24686808660966064 0.7498221308700155 -0.00041170649262504245 0.00014441487365473373 -4.4783676590116576e-05 0.0003720057927988951 0.0
0.05942089360751002 0.26485379021487504 0.7574829498749941 0.0007107781048790241 0.0002630359653721329 -0.0008639736256681844 0.0008971228449187677 1.0 0.009345856878320815 0.24694678397708317 0.7498083563122164 -0.0002830301423307417 9.500040718882625e-05 -1.9148111833895582e-05 0.0002508074253215163 0.0
0.05998942387959989 0.26472102173059797 0.7569125234367491 0.0005068944311602142 -5.026126522648608e-05 -0.0006729618131045617 0.0007840985983943267 1.0 0.00904793921171135 0.24709419234514476 0.7498002730983307 -0.0002551722800308914 0.00011676717961694712 -1.2574973788065878e-06 0.0003258629268404763 0.0
0.0605509807390652 0.264292394156148 0.7561792958727855 0.000611252953814677 -0.00040528411305382656 -0.0006711752622710996 0.0010393012176124808 1.0 0.008531069716778824 0.2473848337942493 0.7497885621153053 -0.00046958969951433 0.0002691535921664911 -1.0651435196253485e-06 0.0006141178902588412 0.0
0.06107594752704487 0.2633709816292858 0.7550084750735062 0.0004664692368495354 -0.0009475355732580795 -0.001055371341817901 0.0015764920604560907 1.0 0.007834799663000287 0.24762741468789243 0.7497666138470653 -0.0006865737747889537 0.00027222895534075974 -1.9167422079276608e-05 0.0007388500739865465 0.0
0.06204792018790287 0.26184366744866633 0.7528719754876045 0.0009153820528002592 -0.0015740806360307561 -0.002005235135382725 0.0028039314254989242 1.0 0.007332203121814987 0.24778924314669126 0.7497325903866713 -0.0006122622142939519 0.00019287970974793872 -4.023964939965297e-05 0.0005138754365496606 0.0
0.06312261506576464 0.26126247821755433 0.7502604056838372 0.0011170387479133518 -0.0008480759212620979 -0.002740039532120926 0.0029014123768373776 1.0 0.006946629751192517 0.24797662348418817 0.7496978316354748 -0.00042842779168087705 0.00017496883803657726 -4.0113229200850086e-05 0.000426984296438323 0.0
0.06353325186625274 0.2623734988741122 0.7470169116329641 0.0005444520918022333 0.0010064088572105682 -0.0033766727490955667 0.00340916347534675 1.0 0.006671730404136939 0.24807361525931454 0.7496916205746393 -0.00020634825999738026 7.625501750834656e-05 -1.2063248250618768e-05 0.000300430678941969 0.0
0.06369295201297356 0.26370597773881227 0.7449945471062774 0.00010972304607482087 0.0017374740994143237 -0.0023014762167287584 0.0024553497248840585 1.0 0.006503393569361304 0.24809909857870938 0.7496910795157197 -0.0001113880129109229 1.4644179962421461e-05 5.191760488207731e-06 0.0001761952931075121 0.0
0.06355949274491451 0.26355284482776664 0.7449968423399388 -0.00023239699852509995 0.00036856366751931513 -4.761492095935714e-05 0.00020128816970915937 0.0 0.0064263582577537585 0.2481033148534474 0.7496876177172188 -6.337458949936102e-05 1.2770659772986381e-06 3.6808493591539834e-06 7.094426644263941e-05 0.0
0.06325260042837383 0.2632057431907228 0.7450029011813877 -0.0004043386357246035 -0.0005497859051176242 0.0005637439608606176 0.0004157444695575089 0.0 0.006302643399863061 0.24810201301398777 0.7496954888626838 -0.000133200183831537 3.4346315794769172e-06 7.5542333556321885e-06 0.00012032875789940773 0.0
0.06309184680634192 0.26309576814438823 0.7450007162680724 -0.0001975519150538674 -0.000619583958360613 0.00032437565763479055 0.0002775027595007531 0.0 0.0062667983441624065 0.2481513285596263 0.7496737201506002 -7.914631602681972e-05 4.211107264503005e-05 -1.9458884347715577e-05 7.22805600731056e-05 0.0
0.06303344948192005 0.26307660129893196 0.7450008967804168 4.052215485302708e-05 -0.00024835489234983476 -0.00011790932618789963 6.0173469499854746e-05 0.0 0.006380097093867249 0.24824884429196103 0.7496562659894814 9.173887086195477e-05 0.00010593873887581172 -2.483917805173976e-05 0.0001439351285513397 0.0
0.06301354083615275 0.26296888614148534 0.7450012917072095 7.027104325094558e-05 0.00011111875301788167 -0.0003225796362272271 3.706666078657529e-05 0.0 0.006484856967456093 0.24832866131742828 0.7496448355003082 0.00012687812630522797 0.00010642535221292535 -1.585517676209564e-05 0.00013533091005094234 0.0
0.06303315239189104 0.2629152180100635 0.7450009527794839 2.9871116676794852e-05 0.00020727731503846275 -0.00024133638927816177 7.720333090616019e-05 0.0 0.006510728589764254 0.24834953043826813 0.7496414369942204 5.6590559458619594e-05 2.9310999201676642e-05 -1.9630288477598756e-06 3.362656168710951e-05 0.0
0.06303914932446948 0.2628931937693732 0.7450016833529655 5.875757965671964e-06 -2.8478507856264604e-06 6.680021211761568e-05 5.719356087066077e-05 0.0 0.006523512411010029 0.24835803958035418 0.7496418071290147 5.311608550637593e-06 -9.165615774641832e-06 3.7978502431139383e-06 1.2019223365959404e-05 0.0
0.0630646324676138 0.26284920948470486 0.7450015531429348 -1.597450370557327e-05 -0.00016274900618629845 0.0001437079456101688 2.385704720458395e-05 0.0 0.00653402141076525 0.24835618592958494 0.7496537692026481 -1.5201838520273377e-05 -1.9712689179918704e-05 1.3810631854095024e-05 1.845732825904247e-05 0.0
0.06306604185162581 0.26282690441331663 0.7450014230808031 -2.0624057628445674e-05 -4.0956279322816076e-05 -7.320484904006181e-09 3.251096657148713e-05 0.0 0.006531545244126057 0.24835467205175593 0.7496606204917626 -1.9518386577296472e-05 -8.199869436314682e-06 9.83096867725374e-06 1.1183510949894202e-05 0.0
0.06305716455464042 0.2627781135603068 0.7450009146749272 -6.257599253966508e-06 -2.565571251829363e-05 -1.118782315466874e-06 4.8108035406648636e-05 0.0 0.0065287679659346495 0.2483520121326234 0.7496655633657375 7.807715049172788e-06 6.354110136088269e-06 2.4779815069719494e-06 1.496586385804524e-06 0.0
0.06306208798635758 0.2627365813981454 0.7450013214640436 3.0925868092533193e-06 -4.41511984026973e-05 3.5845555525620064e-07 4.009422155120201e-05 0.0 0.006526302084042357 0.24835038659026276 0.7496678252604012 1.4866773444984497e-05 8.176703966623436e-06 9.230972220245436e-07 3.59976362855525e-06 0.0
