0.06281583032269197 0.2792938589171652 0.7645128997762216 0.0 0.0 0.0 0.0 0.0 -0.016845491240384862 0.279589252593443 0.7632342237620888 0.0 0.0 0.0 1.4404280813084296e-06 0.0
0.06281380857532773 0.27928424201057955 0.764503060212555 -2.0217473642447636e-06 -9.61690658562997e-06 -9.839563666624862e-06 1.3906450583492821e-05 0.0 -0.01684306949575502 0.2795972247834081 0.763221265827484 2.4217446298428758e-06 7.972189965066434e-06 -1.29579346048736e-05 1.6484892951841023e-05 0.0
0.06280742754998302 0.2792759168606821 0.7644877664538544 -6.381025344712188e-06 -8.325149897459028e-06 -1.5293758700574145e-05 1.8545205861796434e-05 0.0 -0.016840859073637564 0.27960067809835243 0.7632130879046295 2.2104221174545913e-06 3.453314944334984e-06 -8.17792285445762e-06 9.975347579230868e-06 0.0
0.06280622932523268 0.27926733559431594 0.7644836979865827 -1.1982247503372623e-06 -8.581266366158857e-06 -4.068467271745035e-06 9.572162814147622e-06 0.0 -0.01682775418667387 0.27958670583136774 0.7632156183553587 1.3104886963693357e-05 -1.3972266984685344e-05 2.530450729176792e-06 1.705986008718687e-05 0.0
0.06279401756263761 0.2792533139796134 0.7644789047885522 -1.1674362220711169e-05 -1.4147617241396888e-05 -4.208574795048803e-06 1.9201759604377026e-05 0.0 -0.01680278265982823 0.27956582773631444 0.7632147448551057 2.531256208598179e-05 -2.1218696520317543e-05 -7.559130833468715e-07 3.343353812396038e-05 0.0
0.06277028750798506 0.2792520721239686 0.7644706958326434 -2.432191181312179e-05 -1.6281513301408846e-06 -8.750220247639385e-06 2.5140498331737722e-05 0.0 -0.016779584854804797 0.2795670417919645 0.7632114205137688 2.326178965796044e-05 1.2847447337403459e-06 -3.825857349206071e-06 2.3533446691480307e-05 0.0
0.0627180476833617 0.2792482650065142 0.7644698344880181 -5.20957538798018e-05 -2.733182805842619e-06 -2.820700947975476e-06 5.217672131009164e-05 0.0 -0.01674258519629756 0.27954772514215637 0.7632015925067365 3.543240160402896e-05 -1.354508034191676e-05 -1.1345820669848082e-05 4.259759817184014e-05 0.0
0.06267990871745673 0.27922779218124577 0.7644487351547672 -4.248213880217042e-05 -1.882122134519557e-05 -1.9602869351687927e-05 4.840047740004966e-05 0.0 -0.016707889015443116 0.27953394735851045 0.7631899703257644 3.508509714473145e-05 -1.49836664328693e-05 -1.2365788554479324e-05 3.9492106750480174e-05 0.0
0.06266993558158675 0.27920560803730743 0.7644297362817986 -1.4986703106325567e-05 -2.4785017769389293e-05 -2.286245626127221e-05 3.0132599082709773e-05 0.0 -0.01668072945237256 0.2795260188332875 0.763185196855347 2.7676732727206713e-05 -7.639707671388741e-06 -8.412558585715009e-06 2.882681819042631e-05 0.0
0.06266632885560162 0.2791911022086773 0.7644161039138854 2.8729801702801614e-06 -1.8427037242921344e-05 -1.6669951239092628e-05 2.0024811804701895e-05 0.0 -0.016672694043572356 0.27951997131252615 0.7631760420425414 8.352315810370126e-06 -6.3390510393494874e-06 -7.022131076446829e-06 1.2943343002169812e-05 0.0
0.06265750444011335 0.2791476311727388 0.7643799596956872 3.444032199294168e-07 -3.9388303106058105e-05 -3.150363649852684e-05 5.752601996658077e-05 0.0 -0.01666921920764862 0.2795174990100408 0.7631673084673739 5.879426885125703e-08 -3.307192838542025e-06 -6.976994022369219e-06 9.783337895778963e-06 0.0
0.06264977104295096 0.27913689257757174 0.7643582799686337 -7.206339208576818e-06 -1.7298299815730168e-05 -2.5103107666651697e-05 2.7525164282248095e-05 0.0 -0.01666992575572788 0.2795152989525104 0.7631650680853194 -3.2665852202321857e-06 -8.535192827603296e-07 -3.091692603850761e-06 4.107396007729477e-06 0.0
0.06263552976532422 0.2791226281505577 0.7643014249851422 -1.8168006557918047e-05 -1.004775890769061e-05 -5.1230800649112936e-05 5.6988771712149374e-05 0.0 -0.016686229733783017 0.2795154442501059 0.7631582353801002 -1.4612657632979192e-05 1.019658363484904e-06 -5.781098874549259e-06 1.687625934408627e-05 0.0
0.06263944524147531 0.279126496494668 0.7642612319248125 -4.7377770536777156e-06 4.217584040184274e-06 -4.5725161754812513e-05 4.2295354216369914e-05 0.0 -0.016708865697105408 0.2795040576491965 0.7631678626596908 -2.103020002369446e-05 -1.1601526970410169e-05 6.771200866267197e-06 2.7498264488194993e-05 0.0
0.0626366516146739 0.27910629077362004 0.7642379032561377 5.420209380898604e-07 -1.3890376424053443e-05 -2.7514485945063822e-05 3.084223050557459e-05 0.0 -0.016700967689806747 0.27945078253912053 0.7631025839033944 2.8604545349125056e-06 -4.886143723911344e-05 -5.275098431263779e-05 8.399777872277945e-05 0.0
0.06263339031308635 0.2791146406890782 0.7642061071039492 3.592589373001848e-07 2.564206195804671e-06 -2.536835138564045e-05 3.2600829591131955e-05 0.0 -0.016704657727609096 0.2794094161840947 0.7630564830198905 1.954101981490996e-06 -5.032704033564488e-05 -5.7510605365357916e-05 6.373870683120665e-05 0.0
0.06263312480071358 0.27913607762451154 0.7641741651532779 -5.732236202399462e-07 1.8886690824038485e-05 -2.8584946805304015e-05 3.8673158719963266e-05 0.0 -0.016703500898700534 0.27940011909480394 0.7630475531314722 3.025714776032852e-06 -1.7366542294395576e-05 -2.1040743030780433e-05 1.1063186165590568e-05 0.0
0.06263024511255895 0.27913968624545954 0.7641557463927898 -3.5819840349307334e-06 7.735196454001615e-06 -2.143293308544802e-05 2.018850669981647e-05 0.0 -0.016682273502843927 0.2793760982194031 0.7630404666939138 1.9383292488160964e-05 -1.4875007119796573e-05 -8.807142430823451e-07 3.151985360186517e-05 0.0
0.06259293691592928 0.27912644965573885 0.7641265261595058 -3.3343890775129774e-05 -8.899161944710657e-06 -2.7467853879786004e-05 4.673433303717655e-05 0.0 -0.01655789706709146 0.27911287596053735 0.7629535388413436 0.00011087717972249007 -0.00022273880855878906 -6.50521030966023e-05 0.00030478212005386656 0.0
0.06253866286627197 0.2790964542026537 0.7640891471515903 -5.7051506253538344e-05 -3.300854775450149e-05 -3.9532345123643816e-05 7.431943606821335e-05 0.0 -0.01625205662725945 0.27813297791911173 0.7623564100778537 0.00029443714640332977 -0.0009111533613706517 -0.0005314711718341839 0.0011880479662972597 0.0
0.06249176260429487 0.27903525249524125 0.7640332559020019 -5.339363290710564e-05 -6.346089427961326e-05 -5.3945598341179926e-05 9.529630933664213e-05 0.0 -0.01596382238513761 0.27661608409181293 0.7614357192557994 0.0003287451920392691 -0.0015756874992445288 -0.0009599641028064325 0.0018099087522595017 0.0
0.062404554952019575 0.2789443905514818 0.7639663458795343 -8.302567562288756e-05 -9.46715705687529e-05 -6.889681195141085e-05 0.00014134593852048997 0.0 -0.015649371029309952 0.27290609734899546 0.75886661765258 0.00033026055406653053 -0.0035673199469742635 -0.002452628663342032 0.00448906098538889 0.0
0.06236071624334054 0.2789035997738357 0.7639297118719973 -5.147374480798027e-05 -5.080946981192563e-05 -4.556224967848183e-05 7.188029155478502e-05 0.0 -0.01574609646238781 0.27102333622142627 0.7575337506760331 -4.9075931865495325e-05 -0.002492779211563384 -0.0017719450030183144 0.0023970209907616764 0.0
0.06232941894755952 0.2788815356374003 0.7638727953766887 -2.691314729610371e-05 -1.7066412868903097e-05 -4.9525664898832286e-05 6.581833695942216e-05 0.0 -0.016113344793504878 0.26908148493040884 0.7561366992954688 -0.0004096948867070526 -0.0018516148359062736 -0.0013567112643643364 0.0022795435231046076 0.0
0.06232087187745791 0.2788751515165019 0.7638465907533564 -3.698971007220632e-06 3.3859783065182395e-06 -2.625619814532465e-05 3.0237052616208166e-05 0.0 -0.016559451512152847 0.26723019351404703 0.7547588712942106 -0.0005375693443304589 -0.0015356269128656767 -0.0011630429623700302 0.002407013762759249 0.0
0.0623104443626059 0.2788519608320637 0.763814596654515 -4.693221336273888e-06 -1.1815203565908895e-05 -2.7287466441745293e-05 4.1369233445455136e-05 0.0 -0.01703328404273651 0.26594650615338783 0.753813546685952 -0.0005091764679934921 -0.001119794795863291 -0.0008327697241829688 0.001742288948888607 0.0
0.06230699641443979 0.27884478815732194 0.7637963977912487 -3.4956874642073254e-06 -1.2639220155741089e-05 -1.938631630336786e-05 2.0146327167538957e-05 0.0 -0.01750415941229667 0.26496354565389557 0.7529316399203431 -0.00043676800560799614 -0.0009462325173735213 -0.0008227186915773044 0.0013500208849703758 0.0
0.062305583174918175 0.27885104714029013 0.7637468173172154 -5.096134762161337e-06 -3.573680107845571e-06 -4.599973181698687e-05 4.756945289834585e-05 0.0 -0.01810132324626822 0.26415809931780504 0.752021918209966 -0.000521784382479775 -0.0008957783584607138 -0.0009571729820218822 0.0012964564695499595 0.0
0.0623009812826339 0.2788553240361338 0.7636825608824359 -9.513645445380874e-06 2.6673585988873263e-06 -6.697974948977043e-05 6.679627546183187e-05 0.0 -0.018599783955454606 0.26367099586753107 0.751130959811978 -0.0004921502865751985 -0.0006469517654714443 -0.0010148123612287465 0.0012125344083255107 0.0
0.06228501104066988 0.2787962275590733 0.7636148084545454 -1.3524328585356598e-05 -4.533316042369891e-05 -7.305733548659405e-05 9.031398052602223e-05 0.0 -0.018778172061830238 0.26354346502742887 0.7506304492243845 -0.00024165165278366036 -4.188288134654916e-05 -0.0005094507539502679 0.000514631111090659 0.0
0.06229602011613249 0.27875723083713266 0.7635737909279751 5.393079447927201e-06 -4.9803846994192865e-05 -4.9543639479076344e-05 5.8513535330026544e-05 0.0 -0.018853494440391576 0.2635049812498141 0.7502734163021867 -4.8750159300342224e-05 -4.5672635930333206e-05 -0.0003696497257293027 0.000346564130583411 0.0
0.062310435166777055 0.27872283970078776 0.7635400134227113 1.717878945063647e-05 -4.128045387894842e-05 -2.761562285037599e-05 4.8264321493391e-05 0.0 -0.018868436687485057 0.26348228580421035 0.749943953809961 3.580692878823056e-05 -1.1557673942130548e-05 -0.0002719906821057143 0.00035575038149010746 0.0
0.06233026339471253 0.27869674206199113 0.7635225823159655 2.271604406394909e-05 -2.6573838752596716e-05 -1.183993387344446e-05 3.886315978793275e-05 0.0 -0.018841710697748527 0.26349364967958006 0.7497678072820906 4.2382408633137244e-05 1.1591743957203166e-05 -0.00014577415309121808 0.00018604266804404497 1.0
0.06234221665519186 0.27868065987424306 0.7635146878446227 1.6041553497314155e-05 -8.829124833242697e-06 -3.1094937286571914e-06 2.1846918270064568e-05 0.0 -0.018782848038769433 0.263601879760301 0.7497046279977913 3.094357379779581e-05 5.9103797930213677e-05 -8.656749653260265e-05 0.00012053951129548123 1.0
0.06236322944806168 0.27867095473352443 0.7635080418549444 1.803105583133584e-05 -3.2816470014611563e-06 -7.675833657642386e-06 2.340400479979473e-05 0.0 -0.018699468643450956 0.2637210621220413 0.7496961579105064 4.1114047351957506e-05 0.00010401252332000875 -3.234274368712543e-05 0.0001440538118290904 1.0
0.06239681131276964 0.27857771226492845 0.7634172638952408 2.9258096880922254e-05 -8.105926296093761e-05 -8.163901109005652e-05 0.00013313315008376227 0.0 -0.018411604798071805 0.2639586706160931 0.7498334316958325 0.00025519645725752054 0.0002434980858314205 0.00011992614878592609 0.0004067646910047196 1.0
0.06242372173770008 0.2785375411512557 0.7633597913587507 2.8851348302812345e-05 -6.457315517377711e-05 -7.658997443848667e-05 7.988103721105604e-05 0.0 -0.018228004008425117 0.26403971974013646 0.7498874087310821 0.0002425469825189759 0.00014125676784702785 0.0001027119699992552 0.00021386205045861406 1.0
0.062455629221720765 0.27850646848138655 0.7633233913379122 3.387794095200259e-05 -3.526979124268726e-05 -4.540371732124231e-05 5.1809038321713144e-05 0.0 -0.018223101262130743 0.2641062982077663 0.7499027138045904 4.01829385770519e-05 5.5074255164069705e-05 1.231925321639512e-05 5.3027607634057524e-05 1.0
0.06250380310114607 0.2784651506741339 0.763286045692761 4.585003678734896e-05 -3.3397812155480575e-05 -3.0828607423015034e-05 7.356428621651227e-05 0.0 -0.018413598202895336 0.26464152532715607 0.7500630019678596 -0.00020207493696347084 0.0004389009564729789 0.00010937763153415046 0.0005864315523954843 1.0
0.06251473055769974 0.2784517082826027 0.763275093728275 1.7596688224224554e-05 -1.0230521414101073e-05 -3.669545621409285e-06 2.557055856867133e-05 0.0 -0.018524009204542016 0.26488783741639826 0.7501224695323704 -0.0001892255973611969 0.00034135640228490105 8.1016604699296e-05 0.0003085090817730098 1.0
0.06251846968259611 0.27844220769271294 0.7632672719900542 2.7569534814559927e-07 -3.94449074414156e-06 6.357138732340762e-07 1.0399251180747764e-05 0.0 -0.018634961476402014 0.26509910077604093 0.7502614478840971 -0.00013032164473540984 0.00024237412640184362 0.0001328086050465493 0.000249209593226816 1.0
0.06251515522277214 0.27843851946458803 0.763258581268252 -7.1824037683799774e-06 -4.930999685801476e-06 -8.931297582764963e-06 7.946622309393319e-06 0.0 -0.01885897345720586 0.26549021780677545 0.7506525956362781 -0.00017300115244303703 0.0003408331529685754 0.00036799493543766094 0.0005869615226485825 1.0
0.06251171456620129 0.2784349222353524 0.763259512410066 -6.268530907467215e-06 -8.64886264868271e-06 -8.287851933731386e-06 8.094725610458455e-06 0.0 -0.01893548683932004 0.26569224375258493 0.7509124347655093 -6.390507675630306e-05 0.00021861768487123337 0.00032518787145772467 0.0003710661927544958 1.0
0.06250355734176889 0.27843208302764655 0.7632600309465786 -6.9779790926847295e-06 -1.7114144494181417e-07 1.6608365281685881e-06 7.499387285312304e-06 0.0 -0.018801709244682486 0.2657624090542956 0.7515511294694573 0.00011610962074360803 5.6609446694287163e-05 0.0005876024446581812 0.0006343294983592561 1.0
0.06249606161860882 0.2784227201763533 0.7632577686374797 -4.043011239355761e-06 -1.0467754464424678e-05 -1.9455838540194484e-06 1.1337655536336588e-05 0.0 -0.018660138192243936 0.26564983505037537 0.7517944549699568 0.00017019286873186097 -0.00010460492479479305 0.00033463403485148004 0.0003061242618549283 1.0
0.062484369733051784 0.2784056438557043 0.7632736934416774 -8.75555308093433e-06 -1.870889669895219e-05 1.2370592850826182e-05 2.713818015940593e-05 0.0 -0.0184959935691897 0.26550588196468344 0.7520724944077788 0.0001832465948269527 -0.0001584496487644413 0.0002442584627094651 0.00035259484240277847 1.0
0.06247395475603629 0.2784071340523313 0.7632630201030854 -1.3017033309541365e-05 -1.6224061343331604e-06 -3.638257218768191e-06 1.5041915665287443e-05 0.0 -0.01821238066414589 0.2652597631562028 0.752451505714185 0.00027339258555596994 -0.00027749333828131287 0.0003027987462535299 0.0005352549025338835 1.0
0.062457899048412334 0.2784063078362466 0.7632554921559717 -1.55828475842414e-05 1.3347783952099786e-06 -1.0136703453033819e-05 1.6944510494028207e-05 0.0 -0.017837037998938925 0.2650094882440657 0.7528746320219324 0.00035057889542349353 -0.00024305585017936568 0.0004159449636406097 0.0006244638316664431 1.0
0.06243024840645095 0.27838723356969264 0.7632209452493635 -2.6782677742075022e-05 -1.363661738324647e-05 -3.337357822769505e-05 4.836733118306423e-05 0.0 -0.017068073943438587 0.2645289371823777 0.753484389659877 0.0007114434503466068 -0.0004177312808880999 0.0006225005763662217 0.0010874412913335202 1.0
0.062384450509354115 0.27831356108002686 0.7631238813669744 -4.519497927232923e-05 -6.751977803306061e-05 -9.237876958908384e-05 0.0001307006811619284 0.0 -0.015855486019211957 0.26362273514072565 0.7540964315848667 0.001222180029097566 -0.0008716498909636325 0.0006631340470098807 0.001627996771686645 1.0
0.06237606469112977 0.2782898409352478 0.7630307486287276 -1.7722930141157537e-05 -4.1584106340660467e-05 -0.00010504091318539447 9.832758773829017e-05 0.0 -0.014361669752632032 0.2623816246417201 0.7546756492411102 0.0015663704156582696 -0.0012771922270174213 0.0006252508048975334 0.002039550578961147 1.0
0.06238541778333829 0.27828469103395287 0.7629678116116962 1.042135853614129e-05 -9.190630936739859e-06 -7.247728025525211e-05 5.9894991806101324e-05 0.0 -0.012623448437509942 0.2609566805671816 0.7552520799165529 0.0017783244544421737 -0.001500840637414219 0.0005309641019327051 0.0023087304482327592 1.0
0.06239978318221719 0.27829024570282146 0.7629036372719012 2.1957200276249093e-05 1.3858375242251388e-05 -5.5527810568462176e-05 6.604323328168793e-05 0.0 -0.01026664929752157 0.2590071212313944 0.7561912412157435 0.002294240630876386 -0.001921837673756555 0.0008639509054552286 0.003191159420759351 1.0
0.06241039667413698 0.27828390893242955 0.7628684356258429 1.6854145572946213e-05 7.0681341496930926e-06 -2.958650009816958e-05 4.108792642590106e-05 0.0 -0.008128735988047347 0.2570433330782447 0.7568733838902825 0.00221737485129664 -0.0020057989906348992 0.0007589658384940168 0.0030157398763920296 1.0
0.062413629500939705 0.27826633731331396 0.7628346366338 2.320470244145451e-06 -1.5924057095789216e-05 -2.4228872168946794e-05 3.696042419682366e-05 0.0 -0.00624762940212996 0.25507329583965704 0.7577156319149759 0.0018980625801812844 -0.0019635814913362758 0.0008312385838064874 0.0028200549312687884 1.0
0.062417746262953516 0.27824816846599054 0.7628075322755137 -3.1570104819283005e-06 -2.8082639079564672e-05 -2.8722266573579583e-05 3.1230939202158805e-05 0.0 -0.004561266722828334 0.25284803620931273 0.7582730584981358 0.001626620416088731 -0.0021566002696453437 0.0006056022180898444 0.0028417756154571995 1.0
0.062419053805179266 0.2782362588142535 0.7627732307363441 -2.7941510082561457e-06 -2.1267443123915564e-05 -3.925970389216186e-05 3.746039443433649e-05 0.0 -0.0032067846132201156 0.2509244266049839 0.7588568224110751 0.0012928207508047817 -0.001965425884585671 0.0005269392957172078 0.002453045168583502 1.0
0.06242248764192153 0.2782354982152884 0.7627465935553477 5.194564687132623e-06 1.9278177369718563e-06 -3.047578698313981e-05 2.702051392135428e-05 0.0 -0.001920272052655017 0.2495829304789861 0.7594937176603155 0.001206666946729426 -0.0013849313376335204 0.0005866794484121522 0.0019566162419173997 1.0
0.06241721795271796 0.27823311247017507 0.7626997123261194 -1.863021889820203e-06 3.4867079977863508e-06 -4.442081750525671e-05 4.617628020094879e-05 0.0 -0.0009922144599390328 0.24856725274086042 0.7599247099560318 0.0009831860728021478 -0.0009487079104859581 0.0004757651037569816 0.0014230422435858921 1.0
0.062403152464929175 0.27822917511886514 0.7626271207145865 -1.2811791082165308e-05 -6.437028581341193e-07 -7.200583949185213e-05 7.520893761960597e-05 0.0 -0.0005363868719422504 0.2478373418923903 0.7600324218069071 0.000550677105206834 -0.0006668679393956047 0.00017033244408086847 0.0008838006710767958 1.0
0.06239336388319373 0.2782233085005891 0.7625455371432162 -1.270792818689888e-05 -7.252248937803707e-06 -8.43215245727911e-05 8.247872730024747e-05 0.0 -0.0002390171790744709 0.24720055350523468 0.7598447543317798 0.0002445409761838227 -0.0005752162527433795 -0.00021286272586425127 0.0007225055220534461 1.0
0.06239435606197415 0.27822807447255515 0.7624703912968129 -1.4624253517426649e-06 4.3055556852914183e-07 -8.045514767774967e-05 7.452138848171174e-05 0.0 0.00010313720616534376 0.2468537516427598 0.7595982767162675 0.0002763320784590238 -0.000418208801431318 -0.00031214421186433476 0.0005511296405513451 1.0
0.06239652608387743 0.2782259800813944 0.7624060770581529 4.735229633293312e-06 -8.257528686754286e-07 -6.433586541970854e-05 6.396782682653055e-05 0.0 0.000530719156537986 0.24660929985260918 0.7593365809410552 0.00043097587880914666 -0.0003102620294978477 -0.00031018044700148147 0.0005550134168910113 1.0
0.062395726942756115 0.2782211257438026 0.7623263776579022 2.4648013029408194e-06 -3.5266473230975935e-06 -7.162028185922694e-05 8.050536695024523e-05 0.0 0.0010592395542883223 0.24634981403881864 0.7589877054988967 0.000584492461097208 -0.000247885966864321 -0.0002963944323173612 0.0006791207478912512 1.0
0.06239067800565641 0.2782149297039571 0.7622773997256729 -4.076001754493927e-06 -6.106983299904039e-06 -5.0283971491226555e-05 5.0776343638101586e-05 0.0 0.0013570956857769348 0.24620930715216377 0.7587614201895909 0.00041125439407171407 -0.00014362818606146227 -0.00019571596454174536 0.0004072740001012198 1.0
0.062388462356109314 0.27821250182219054 0.7622280525331142 -5.472629424748166e-06 -4.375474980249634e-06 -4.775488532295719e-05 4.7623094689474646e-05 0.0 0.001733696650835834 0.24597548612955208 0.7584463821011844 0.0003348397329929684 -0.00022029904734797556 -0.00027481273758170235 0.0005320757293426487 1.0
0.062388351804719216 0.2782109803142786 0.7621938275259398 -2.2749739062643965e-06 -1.7125934508490388e-06 -3.598891964333855e-05 3.482305094457792e-05 0.0 0.0020155299597962514 0.2457458532231669 0.758207616259176 0.00023478423022075178 -0.0002454012701398314 -0.0002603880425121773 0.0004453127497237601 1.0
0.06238987252839101 0.2782059572276074 0.7621702384396407 2.2875159438736777e-06 -3.3122325241744355e-06 -2.3286287107446663e-05 2.4586811477525473e-05 0.0 0.00236541458191432 0.24542274336605185 0.7579414616651152 0.0003078057166876426 -0.00032489200284969457 -0.0002732358473205766 0.0005458334870708562 1.0
0.06238985395282066 0.2782047422408694 0.7621550112468514 2.0915994766734444e-06 -9.448421163322785e-07 -1.412104817439539e-05 1.511085869765245e-05 0.0 0.0028410893292402295 0.24504714210844536 0.7576854973455509 0.0004701196201495784 -0.0003708688216432669 -0.00025925711179724186 0.000655129784786903 1.0
0.06238263104203652 0.2781984242695271 0.7621457995197413 -5.982017399670005e-06 -6.1600365894381896e-06 -9.428721183881296e-06 1.2826668559218961e-05 0.0 0.003190137881190834 0.2447774098557108 0.7575154319692572 0.00041182404335293635 -0.0002984016231845077 -0.00018736305328550542 0.0004742121606680741 1.0
0.06237437150427619 0.278194400732738 0.7621377337107978 -9.93427839479903e-06 -5.21460122519393e-06 -9.10295578540849e-06 1.294471791576868e-05 0.0 0.003629592237443489 0.24460283074605538 0.7574164647660196 0.0004349338745119533 -0.000173588782946747 -0.00010190688940110541 0.0004779419620007039 1.0
0.06235437807927321 0.27817298641384686 0.76212327341966 -2.0022713863651398e-05 -1.9146096788025033e-05 -1.28305156494622e-05 3.202411639247425e-05 0.0 0.0041691774609373 0.24442574171756423 0.7573178421823559 0.0005081850938313284 -0.00013297309857490767 -7.30845096439933e-05 0.0005767165922088666 1.0
0.062340264568997536 0.2781665267473311 0.762114576417723 -1.6559294305572854e-05 -1.0526240514874104e-05 -1.2183316267239741e-05 1.8669910753556285e-05 0.0 0.00472154897952636 0.24428856772869537 0.7572032826946704 0.0005645846721998517 -0.0001250101869334611 -0.00010912146743384098 0.0005923582315719897 1.0
0.062311922633765594 0.27814241301986914 0.7620805952402708 -2.5993377345085185e-05 -2.139319454217673e-05 -3.0710936403617416e-05 4.897304089521077e-05 0.0 0.0051265975292413635 0.24408846979032595 0.757134351956849 0.00043251521464555303 -0.0001894714520403083 -8.066096208991677e-05 0.00044899579308147386 1.0
0.06229904843552309 0.2781248376206011 0.7620629458076146 -1.5480869011461695e-05 -1.9214589371542912e-05 -2.2819395443520302e-05 2.9595591706263804e-05 0.0 0.00551707019316575 0.2440151562536004 0.7570249350331381 0.00038008406760650605 -0.0001196567996218228 -0.00011548277556460045 0.00040419183288067283 1.0
0.062288565346912336 0.2781039384027078 0.762037936807407 -9.233638590343837e-06 -1.9951256921662523e-05 -2.3715837259963938e-05 3.308025166293717e-05 0.0 0.005723973768694778 0.24399230742234623 0.756903447354362 0.0002057960627807363 -3.288630068946642e-05 -0.00012661720593401809 0.0002517852789748389 1.0
0.06227127591985439 0.27805165505392093 0.7619818467899087 -1.4080647764047527e-05 -4.768522605110916e-05 -5.028472141312542e-05 7.854245220476289e-05 0.0 0.0064729483331257 0.24374993666324996 0.7558258505135448 0.0006244602680207604 -0.0001856989460653615 -0.0009422308968085251 0.0013209898974253786 1.0
0.06226346669923645 0.2780305956835939 0.7619450578355208 -9.018354177230527e-06 -2.973263147187825e-05 -4.288552054989595e-05 4.513982324732375e-05 0.0 0.006941418191102678 0.24362780121425726 0.7551527697152638 0.000580154408493339 -0.00015521992127844812 -0.0008646311613681263 0.0008704858327959316 1.0
0.06226390231148488 0.2780111998524075 0.7619062488279368 -1.2164257824737333e-06 -1.938989131337817e-05 -3.9257789071740274e-05 4.104822292133305e-05 0.0 0.007571258750778363 0.24329038778715933 0.754548238854011 0.0006547275861429631 -0.0003229619689155401 -0.0006731946824862616 0.0008856851632045527 1.0
0.06225483399778753 0.2779995790289182 0.7618454716935475 -6.473330777080247e-06 -7.756851537966111e-06 -5.576942335315343e-05 6.20765332865193e-05 0.0 0.008245747689845095 0.24279400920337188 0.7539715474091587 0.0006773999273200112 -0.0005024237203102571 -0.0005187119984906866 0.001020327018052001 1.0
0.06219789872261023 0.27798492219182336 0.7617721519168063 -5.127173134365839e-05 -1.1085407208215362e-05 -7.335566694858157e-05 9.65058989751352e-05 0.0 0.008742834498684772 0.24260338471321982 0.7534454012860644 0.0005051873497907025 -0.00027279764458259387 -0.00042939639321322724 0.0007802727785953184 1.0
0.062145186685700446 0.27794918491910203 0.7617262411272329 -6.0403871964884124e-05 -3.1732671826934986e-05 -5.1923304383467146e-05 7.83945043037969e-05 0.0 0.008809171424225281 0.24230305532832322 0.7530416276993029 8.46206673741666e-05 -0.00024336524729329795 -0.00036315239966913746 0.0004990587171672912 1.0
0.062103301052318885 0.2779314208695176 0.7617203227678262 -4.9995018222947746e-05 -2.6562571239383735e-05 -1.0995581174398476e-05 4.3291756076111945e-05 0.0 0.009079193893041909 0.24225403443727792 0.7524223186233568 0.00015117630619389065 -4.858633991965277e-05 -0.0005995992145436101 0.0006487746903523629 1.0
0.06204557001020268 0.27790968941504834 0.76170724326626 -5.3909915923935236e-05 -2.457646711035438e-05 -3.300882430298468e-06 6.343869617855247e-05 0.0 0.00962340932988101 0.24235320261103424 0.7515569333383261 0.000504465208080719 0.00011773900888678308 -0.0009266857278902405 0.0010609215827057784 1.0
0.062029072247695945 0.2779042279981901 0.7616826446079817 -1.7454633167681665e-05 -4.384569929413658e-06 -1.4612337236662486e-05 3.281200499015973e-05 0.0 0.009882721706287095 0.24237668205974192 0.7512567658624066 0.00035367046760141825 8.29321325504741e-05 -0.00042023760124934085 0.00040102912666807686 1.0
0.06199942984157822 0.27786803266646304 0.7615921161521507 -1.922667596426189e-05 -2.77977126818512e-05 -8.497445666997365e-05 9.955100875800183e-05 0.0 0.01035387823114448 0.2424577149335942 0.750368741815498 0.0005003905586566281 4.871423945681708e-05 -0.0007659444890059416 0.00096064252295511 1.0
0.061959135072909316 0.2777899244336498 0.7615231980671928 -3.720587852573033e-05 -7.369235161862132e-05 -9.024777424884836e-05 0.00011330710731398741 0.0 0.010583638063024774 0.2424976938187514 0.7500539472104889 0.0002849119015870945 1.7547536780920033e-05 -0.0004005500929120505 0.0004403785241815562 1.0
0.06191486886524629 0.2777022625058629 0.7614443959791354 -4.977519326807658e-05 -9.723829029077008e-05 -8.648820331716599e-05 0.0001249481423860546 0.0 0.010904757707607463 0.2425901590758168 0.7497916235952589 0.00024810517056173323 7.262264671798537e-05 -0.00021563382252080658 0.0004061271006474633 1.0
0.061888353355103544 0.27764415093920247 0.7614042459395802 -3.2997255954309453e-05 -7.151228954419774e-05 -4.116203048540375e-05 7.521589401701117e-05 0.0 0.011940726450945993 0.24314272641000914 0.7493424838255466 0.0008869974886400577 0.0004730621467959484 -0.00036400197005846555 0.0012453149429588577 1.0
0.0618623895930726 0.2775990310159926 0.7613820705958063 -2.5640928361900875e-05 -4.1310503311469605e-05 -1.0508438292997065e-05 5.534483106566973e-05 0.0 0.012667014392250573 0.24354062554779696 0.7491660946413596 0.0009005189757109594 0.0005091194244911781 -0.0002457144957128445 0.0008861171889807995 1.0
0.06183432119987972 0.27756949312917784 0.7613664741723785 -2.4914659912241082e-05 -2.0162954450274736e-05 -5.660752318439099e-06 4.620721831793611e-05 0.0 0.01319774143821003 0.2437861324993124 0.7490253254036453 0.0006261890381690437 0.00031069763873047923 -0.00015165885405722332 0.000571732716641599 1.0
0.0618091488414008 0.2775564647359955 0.7613614898948364 -2.143494969241811e-05 -5.445172346295057e-06 -4.5904433761354684e-06 2.834098787620768e-05 0.0 0.013551443433146486 0.24390978773911792 0.7489416672187129 0.0003048989131796216 9.361634131933475e-05 -6.461567091588271e-05 0.0003584747004032907 1.0
0.06178757533429702 0.27753935696390486 0.7613468440261157 -2.4002481615507263e-05 -1.5875103869009337e-05 -1.847669699655899e-05 3.054465703259678e-05 0.0 0.013825912694058298 0.2440290134247494 0.7488417714839058 0.00018106120380972752 4.203392282965036e-05 -0.00012034825159122002 0.00035815448240417044 1.0
0.06175910044421115 0.27752615001698777 0.7613369143891177 -2.901591444934297e-05 -1.906880133506375e-05 -1.4196585173116409e-05 3.244491118768343e-05 0.0 0.014082589744970344 0.24421736430384763 0.7486796043724748 0.00017170614906696042 0.00013197960408040053 -0.00011654558181482442 0.0003573065401576137 1.0
0.06170685437665948 0.2775038558221143 0.7613250590184868 -4.974315324615786e-05 -2.452357737483278e-05 -1.540864532291758e-05 5.863092377164106e-05 0.0 0.01443298209842054 0.24445931484507613 0.7484974655740304 0.0003701897967102538 0.0002705873973794584 -0.00021252534347563306 0.00044134503117156224 1.0
0.06155463596612065 0.2774718875211622 0.7613033813745614 -0.0001411014385784652 -3.237170468965928e-05 -1.9000710757850295e-05 0.00015643377467539833 0.0 0.014944662780701388 0.24471764070985733 0.7484007374367743 0.0005875126936196935 0.0003309947625571621 -0.000143573107503646 0.0005902509708750204 1.0
0.061459270610308744 0.27742195748451093 0.7612687446437936 -0.00012095421242245408 -5.022833690932217e-05 -3.3308492951331536e-05 0.00011599840033115363 0.0 0.014994384993282142 0.24469850442699317 0.7483674368754735 0.00015259245658504647 3.099671457759115e-05 -1.7402828218580598e-05 6.647606473401371e-05 1.0
0.061276054365266994 0.2773135948805346 0.7611836858226927 -0.00017474875583807636 -0.00010286084524335827 -8.014404028295958e-05 0.00022370158703107255 0.0 0.014905011910626638 0.24465342069173013 0.7482664718632449 -0.0001186993575716549 -9.40923837140454e-05 -6.299506049485456e-05 0.0001228874940328279 1.0
0.0609193593129622 0.27708747953413165 0.7610163141685106 -0.0003347379417508421 -0.00021822377809574108 -0.00016383838664741629 0.00045659986771078834 0.0 0.014696144818319497 0.24460723067141515 0.748113706611614 -0.000286252648777519 -0.00010306252781770568 -0.00013564167140671553 0.00028143110518829477 1.0
0.06029314410220016 0.27658384507027894 0.7608329350511935 -0.0006117086120484486 -0.00048674624010314085 -0.00019853018368947984 0.0008276799870066054 0.0 0.014556819248247326 0.24456634014049167 0.7479969629458006 -0.00021152264683721743 -5.2314341174257995e-05 -0.00014383276888694818 0.00019698952710777372 1.0
0.05939774689512076 0.2758508929660875 0.7608519525594131 -0.0009128006905761846 -0.0007511615788227795 -1.942127603755376e-05 0.001157467952615357 0.0 0.014502627863318285 0.24454565496237746 0.7479429227431443 -4.5751535446673805e-05 5.15422189082723e-06 -8.18242555778151e-05 6.0283819273142714e-05 1.0
0.057597738788157056 0.2743041218744985 0.7611430991197617 -0.0017406715679767991 -0.001491352894144282 0.000285070087646956 0.002377011729840959 0.0 0.014451460318071619 0.2445211192247102 0.7479056461510347 2.8511705022360315e-05 1.0715629580499938e-05 -2.8303497454818227e-05 6.069717528476903e-05 1.0
0.05587872321391014 0.27250848821285345 0.7614405270763772 -0.001874907737877469 -0.0018878083156443546 0.00037105870583790474 0.002536308282494003 0.0 0.014427120324604055 0.24451204720065303 0.7478923399502356 2.2191711258387004e-05 -2.9342719460676166e-06 9.533959731460934e-06 4.856691823982635e-05 1.0
0.053007204170147114 0.26944983635684366 0.7620536837367266 -0.0027615551427887844 -0.002978626623203024 0.0006109129984239967 0.004194111331806069 0.0 0.01440575938352906 0.2444901421786906 0.7478884046036481 -4.433949196705857e-05 -3.810784189773667e-05 6.76386766325513e-06 2.5212487990577677e-05 1.0
0.048571739684444344 0.26501369435672356 0.7615456296852545 -0.004322949940428446 -0.004406985312776533 -0.00032376734124869486 0.00632074309655805 0.0 0.014386474669218238 0.24447425044691645 0.7478670935358736 -3.859465616191496e-05 -2.0824589668455597e-05 -2.785934662867868e-05 2.8997786230250427e-05 1.0
0.044484957233871227 0.2609436980022755 0.7616431638693163 -0.004399787720671443 -0.004380356352622191 -0.000157186566297728 0.005812219291190157 0.0 0.014373960789535598 0.24446138161366215 0.74786164291001 -2.9982543264571172e-05 -1.562001623981798e-05 -2.0265605235286744e-05 2.054302222806494e-05 1.0
0.04123199276689842 0.2577602443286334 0.7614276620259915 -0.003452602268894449 -0.0033447124856211445 -0.00024998600255723605 0.0044780142375552565 0.0 0.01436678021286859 0.24446132689518604 0.7478634082945577 -5.38225231252196e-06 -1.5955756371179087e-06 -9.077971937255797e-07 7.662957217293028e-06 1.0
0.03952718627202907 0.2560040155258645 0.7606299283939706 -0.0016760452833605895 -0.0016588578990120117 -0.0007039724611991189 0.0025631896793447454 0.0 0.014372647503392948 0.24447754181055506 0.7478758170441472 8.876403007715037e-06 1.73210679263469e-05 1.507977746787328e-05 2.0316058555506947e-05 1.0
0.03853626254080257 0.25465791427296947 0.7592229756237799 -0.0005897071646320781 -0.0009097923703878596 -0.0013486765014490833 0.0022369396613834075 0.0 0.01442531480153212 0.24450107408239302 0.7479214056976314 4.80239797941837e-05 2.6542989005399198e-05 4.494723193162687e-05 7.47925723652939e-05 1.0
0.03820092435074727 0.2536778085886924 0.7580563522268864 -1.1591941169752408e-05 -0.0007137660188429572 -0.0013132053895013086 0.001598725798152418 0.0 0.014429691323934981 0.24450019197478204 0.7479263446909739 2.0467791400256017e-05 5.978833841488549e-06 1.840761632687092e-05 8.084869382482521e-06 1.0
0.03786458954688102 0.2527096576936545 0.7570059602067192 -0.000330146275379135 -0.0010576431237747915 -0.001099633595333 0.0014188624787771433 0.0 0.014435299259475787 0.24450319037986323 0.7479337845808176 3.366817847146124e-06 -2.5237929749245183e-06 4.099836141737104e-06 5.40386503866235e-06 1.0
0.037651144590788777 0.25220278108034755 0.7564616973131675 -0.00048214665001320356 -0.0008374928829132599 -0.000574275710646869 0.0007685490154384434 0.0 0.014434845073821645 0.2445040379305946 0.74793550734302 -6.868807950274876e-06 -3.5081767394451693e-06 -5.054696918892161e-06 4.091155988023529e-06 1.0
0.03710883240589888 0.25123696516165356 0.7558060221237128 -0.0006679563329013843 -0.0009843335677576603 -0.0003999623767890806 0.0012640206879881545 0.0 0.014431134858020096 0.24450665948664577 0.7479346084211329 -8.973616315530959e-06 4.769235154596351e-07 -3.968899555480354e-06 6.523462860154018e-06 1.0
0.036489828218508734 0.2503754713740574 0.7556072058714144 -0.0007209478421891713 -0.0009075231098352949 -0.00020054615394084828 0.0011350045595300848 0.0 0.014426715786428875 0.2445061796292276 0.7479327910493699 -5.133250665323757e-06 2.2448697259972886e-06 -1.669435365238759e-06 3.646445819355308e-06 1.0
0.03596493117164862 0.24969446727042244 0.7555837194974835 -0.0005461664615384761 -0.0006849912155461675 -6.460749373604215e-05 0.0008342509752156581 0.0 0.014421925979263851 0.2445043874838843 0.7479307534550675 -5.04319474933175e-07 1.1130585706116101e-06 1.4313666307279878e-06 3.964168652112858e-06 1.0
0.035141990627336514 0.2486819988425827 0.7554655815576857 -0.0007440076190554734 -0.0009451446164330055 -0.00012666380247862072 0.0012923826353566502 0.0 0.014415646578288512 0.24450095889753373 0.7479291393127239 -1.9710681734389894e-06 -3.151918358976431e-06 1.2325468096622819e-06 8.919422353755662e-06 1.0
0.03484165618981582 0.24837207538538203 0.7554336135362902 -0.000339889154104786 -0.0004087240078702603 -5.635104644010464e-05 0.00046775270831358887 0.0 0.01441942838680633 0.24449575008803465 0.7479286295418615 -4.7640920284003596e-07 -7.078749223216087e-06 -2.7741623341868686e-06 5.957480315506712e-06 1.0
0.034421770869411415 0.24783222390873308 0.7551877126358664 -0.0003296444838058393 -0.00041974022632257184 -0.00024323331342572204 0.0006981783422777285 0.0 0.014407229057417334 0.24449176489703067 0.747921739415518 -8.188382677176995e-06 -4.191554221723741e-06 -5.223942405940355e-06 1.4613109845872182e-05 1.0
0.034302170847439556 0.24739776552361087 0.7545332938899508 -0.00010519672233532437 -0.00038536144536472836 -0.0006370162671901747 0.0008021930902572343 0.0 0.014399825349270225 0.24448881556840665 0.7479176004967889 -9.419896128016182e-06 -2.907316153194351e-06 -5.570631690933196e-06 9.209763239220825e-06 1.0
0.03453358007595137 0.2467979448838232 0.7536713073177542 0.00020580622537943219 -0.0006091811134573978 -0.0009361617705629899 0.0010926449209175187 0.0 0.014392777355786283 0.24448550875256 0.7479142153919389 -8.4111788734855e-06 -2.536630720617677e-06 -4.0705912843471986e-06 8.14025137982575e-06 1.0
0.03480849710440978 0.24646677423302774 0.7531840591666351 0.00032801227337379607 -0.00040795261945275054 -0.0005878085965737885 0.0006446620548551107 0.0 0.014390717887249436 0.24448437559027858 0.7479127342961603 -2.958940104239232e-06 -1.26097290191431e-06 -1.5118794035427537e-06 2.873381229016887e-06 1.0
0.03535999298160399 0.24611993824037118 0.7518246106131886 0.0005341061073835873 -0.00035352884995780453 -0.0011833055537255866 0.001464028679567736 0.0 0.014388527995850501 0.2444824297089251 0.7479127792314471 -8.958747746608131e-07 -1.5925557205392029e-06 6.495444271000522e-07 2.9694504893354644e-06 1.0
0.035608219948147786 0.2460937598179869 0.7512884832253086 0.0002927162786839114 -6.038753138164958e-05 -0.0006814517844090394 0.0006633905612033376 0.0 0.014400934245390597 0.24448684767106388 0.7479209050348878 1.1738286812504853e-05 3.36343461458624e-06 7.778354073549176e-06 1.551791461665326e-05 1.0
0.03571832808490388 0.2460544965651124 0.7510366610931133 9.922922506851281e-05 6.34829571306818e-05 -0.00021705737195072493 0.00022450993584558908 0.0 0.014411858463492144 0.24448991081068802 0.7479274867691963 1.358661123442014e-05 3.856252132038775e-06 7.951706603418777e-06 1.3369977124006768e-05 1.0
0.03582490645614024 0.2459074808678617 0.7506751316636106 3.434242346991292e-06 -0.00012147268107831399 -0.00023221142881776362 0.00040425534391547754 1.0 0.014427788245186353 0.2444957782298909 0.7479426870141225 1.5117313186627844e-05 5.961587512002464e-06 1.4022065116199956e-05 2.227383400245173e-05 1.0
0.035510694759226136 0.24561677168051613 0.7503317547109526 -0.00028335890620925357 -0.00030108889698849696 -0.0003085615287269075 0.0005823569006212172 1.0 0.014565241461103315 0.24444937144408047 0.7481407513371038 0.00012069014671677126 -3.882899765329997e-05 0.00017311146949120353 0.00024359827954989623 1.0
0.0356994821577226 0.2454176803536305 0.7500392368754738 8.452842914877487e-05 -0.0002875610649425188 -0.0003244590537269407 0.0004044714874258476 1.0 0.014611821674263567 0.24444127836222787 0.7482073090933081 7.588250503729304e-05 -2.1115461191556055e-05 0.00011121959206464672 9.058141213431916e-05 1.0
0.03573939038394586 0.2453935101726636 0.7499252326130624 0.00012149691657275833 -6.217530491433047e-05 -0.0001952426573779254 7.828760524997407e-05 1.0 0.014625231358151244 0.24442676994665752 0.7482342298277768 1.9141700997601832e-05 -1.4812827969055296e-05 3.5619382421394396e-05 2.1651167555915255e-05 1.0
0.03576223839061737 0.24544887834124696 0.7498587565653683 0.00010067307754417986 8.660043105988418e-05 -0.0001276477768275021 0.00010877024029907068 1.0 0.014602313819108868 0.24441443368840587 0.7482444703429568 -3.3963026034663296e-05 -9.160080651542769e-06 -9.562946028514953e-06 2.875629799775983e-05 0.0
0.03569231326265258 0.24559128255951582 0.7499388992968359 -5.873779763981813e-05 0.00020821014939782442 0.0001514339563365942 0.0001906794801875087 1.0 0.014514504600434498 0.24398515595250636 0.7486520478241275 -9.824608655084132e-05 -0.00036582583750768507 0.0003274045720133073 0.000601717504554334 0.0
0.03560347027317066 0.24566961152476588 0.7502339238369985 -0.00011855894651852794 0.00011423661908968609 0.00030606894323358314 0.00031678927922149894 1.0 0.015454236054323148 0.24306839836041094 0.7505001467207614 0.0007779010167901849 -0.0009053741611881951 0.001693690921683077 0.002268761367000348 0.0
0.035551381465301124 0.24582050084143003 0.7506360347933667 -9.93987454268342e-05 0.00011171870511081215 0.000406334219747783 0.0004238670973910294 1.0 0.01682675241163555 0.24247060124724706 0.7526446924795764 0.0014591606796513388 -0.000764551088857364 0.0023688169217516036 0.002642105735567359 0.0
0.035517620447542926 0.2459441176377939 0.7509934333677136 -5.319657233627985e-05 9.574961876214933e-05 0.00038513187748013855 0.0003793692946345306 1.0 0.017709499771246164 0.24236605770457373 0.7538948250948065 0.0011535883646475171 -0.00019197693769996857 0.0016125235985499627 0.0015026143155575276 0.0
0.03556295486889766 0.24605584481632545 0.7513098135190618 8.825034177055048e-05 0.00010791503576990092 0.0003129811500393475 0.0003386616217482854 1.0 0.018257945893647487 0.24240393683083244 0.7547081529944873 0.0005820309691409662 0.00016663360619186682 0.000741045320768223 0.0009346626579276073 0.0
0.035726267962990554 0.2462354436436489 0.7517655024878563 0.00015983524752322673 0.00017449109525818676 0.00040404686329512015 0.000516436684968992 1.0 0.018871546923849302 0.2425120981152718 0.7558376221399299 0.0004082543491824716 0.0002598958552237721 0.0007448660591059862 0.0013417265467246314 0.0
0.0358256815611435 0.2463093120333577 0.7520477208544512 0.00013283040974653413 0.00010095041301499261 0.00029408761405758007 0.0003196966092274638 1.0 0.019063292032317998 0.24257755845764714 0.7566346276690787 8.542397414748254e-05 0.00011838616464673521 0.0006726822814960684 0.0008777872550695819 0.0
0.03589243872729639 0.2465282982005138 0.7525180695595577 6.526332121601138e-05 0.00019442376205941654 0.0004386252301285052 0.000506914927326239 1.0 0.01898146683540522 0.2426282945248317 0.7573033678857825 -0.0001046844425370431 -4.309549211033639e-05 0.0007460882225053799 0.0006058669189433462 0.0
0.03519058177466331 0.2470115417983255 0.7533982673473975 -0.0006160930598202185 0.0004518764435122458 0.000849722574146248 0.0012269267182021559 1.0 0.0187114488091337 0.24259637915687443 0.7577745027496304 -0.00019002735764929164 -0.0001229642234376675 0.00066052234817619 0.0005323811168974898 0.0
0.03389712575134842 0.24802107917009217 0.7548273865816724 -0.00133794898677896 0.0009903884952488823 0.0014313440293834518 0.0021915381194067734 1.0 0.017976882167947704 0.2424900034207559 0.7582556890417117 -0.0006686300995743819 -0.000111085230078133 0.00047723814786262064 0.0009141413662045422 0.0
0.034581138607432255 0.24796919053556477 0.7552199569655027 0.00022312564167901717 0.00020630204392198904 0.0006668154440398812 0.0008078334710686634 1.0 0.01761159083742292 0.24249046323817497 0.7583433349882627 -0.0005048430631679572 -4.2658264802728245e-06 6.34220540627296e-05 0.000393217297980458 0.0
0.03523653316259982 0.24833423492971266 0.7566889473723395 0.0008805533877811042 0.00021466978572139844 0.0012310825050555981 0.001558296940101765 1.0 0.01727927336222984 0.24252324748265347 0.7583744127361025 -0.00030214364214858154 4.8876515512799153e-05 -7.550603802850648e-06 0.00029224758671719656 0.0
0.037368454011057206 0.24898833193809947 0.7579333148687578 0.0022405954686198115 0.0005121744713445108 0.0012599516620317931 0.0026281847869346906 1.0 0.01691621581730015 0.2426058345633202 0.7583652217161149 -0.0002584403008095952 0.0001073182559896475 -3.861604375533204e-06 0.0003897643127746726 0.0
0.0367915820802119 0.2532830864938286 0.7603966119668701 0.00013098994865906165 0.0037905175415716415 0.0022883066515474487 0.005004232955625911 1.0 0.01663892338306621 0.24272551409997808 0.7583172275778282 -0.00025749581211640196 0.00013680743926337377 -6.0219715639640674e-05 0.0003213097465787091 0.0
0.04397993760074188 0.2611543252985139 0.7615490165723532 0.005765620400391786 0.007971590467824705 0.0015364222248612103 0.010673558691612918 1.0 0.01647518728552532 0.24282932625496828 0.7582125554140491 -0.00018017344674122905 0.00011418868632254323 -7.923608389837566e-05 0.00021134220040957543 0.0
0.04951137850101329 0.26500261762351895 0.7612030775195581 0.006309987573847971 0.005436210161451743 -0.00015187184957235532 0.006879442834985981 1.0 0.016421912915019564 0.2428680292519264 0.758169616589276 -8.762323738427136e-05 3.241971249136807e-05 -3.7541941163187734e-05 6.498065879229585e-05 0.0
0.053672918036003235 0.26819643031035745 0.7605213875601863 0.004868758823285811 0.00313473073576817 -0.0010331463580907072 0.005036448570464431 1.0 0.016407571275966863 0.2429186909693088 0.7581603972449339 -2.7242019931010477e-05 2.4029774167270366e-05 1.3613703665342784e-06 6.597713188652204e-05 0.0
0.05747677326033196 0.27057229032889263 0.7601367392505094 0.003712009614460423 0.001474839393674471 -0.0008303073186136352 0.004552078564321247 1.0 0.01640813682554302 0.24295322141240794 0.7581346985071014 3.8127431138023065e-05 2.993869408509559e-05 -3.118341401323147e-05 4.369294017597203e-05 0.0
0.05992276978720362 0.2719494530719361 0.7604773460671866 0.0019447728761990226 0.0006938483113509312 0.0003260939837250287 0.0030514227602450117 1.0 0.016441014264654365 0.24293588595097765 0.7580735462251333 1.965714613465214e-05 -1.0979583118629627e-05 -4.929477141068601e-05 6.969666332866061e-05 0.0
0.06153070719503676 0.27239558006889664 0.7605531660140078 0.0010675359485047254 0.0003616641423896497 0.0004790211905264588 0.001583629824460274 1.0 0.01645730539420262 0.24293308902484198 0.7580184873765411 1.6078252908466079e-06 -3.6345139569955533e-06 -6.584659086657772e-05 5.671374755560738e-05 0.0
0.062446599301459495 0.27255895796782664 0.7605510499051632 0.0007358524008377497 0.0005971614672575247 0.0003255344053550563 0.000785004587055738 1.0 0.016465609927692304 0.24293263467072995 0.7579942769581108 2.3408566931432725e-06 2.598384711373846e-06 -4.2857202896593786e-05 2.411392846063848e-05 0.0
0.06326336565702527 0.2725772602271744 0.7604405821353147 0.0013541824639208854 0.0003133564978258273 -0.0002122975116841128 0.0009473488006373652 1.0 0.01649089373881216 0.24289320442899395 0.7579447092844075 2.1761744480254758e-05 -3.190992527447357e-05 -4.70791838378651e-05 6.875245961914924e-05 0.0
0.06393979361432427 0.2725194605665125 0.7600267237687698 0.0006510119930903981 -0.0002145159988015009 -0.0005912120357783276 0.0007842356668179163 1.0 0.016510864735486113 0.2428618830324974 0.7579191007997709 2.5279863246464043e-05 -3.6238806730283285e-05 -2.0097764713077415e-05 4.795847492576212e-05 0.0
0.06464755371987832 0.2721928378382602 0.7593811982248934 0.0007778483726304372 -0.00017953807384367415 -0.0007374029186983483 0.0009847106325065946 0.0 0.0165297309514028 0.24285567000026523 0.7578798114096114 2.1501878257239987e-05 -8.939449176314264e-06 -3.182039001483643e-05 4.2342840097267504e-05 0.0
0.06543873896864374 0.2710346127860322 0.7599503066470825 0.0008943331841015792 -0.0010252676911808498 0.00037264013515167776 0.0015198027432021745 0.0 0.016548819476615444 0.24286160952986038 0.7578494641558727 2.121843983250096e-05 6.6032103595466875e-06 -3.4807771925999725e-05 3.5033507649892346e-05 0.0
0.06631859354753898 0.26947400754048634 0.7611892925314301 0.0008672904866674509 -0.0016762053383149234 0.001358831814964568 0.0021853817094441242 0.0 0.01655473914430109 0.24286826603549366 0.7578339597435565 9.314156257355468e-06 1.0833258619378137e-05 -2.1064710827549837e-05 1.9295022226907995e-05 0.0
0.0668193036537279 0.26861854323617984 0.7618688651824579 0.0005464808513252505 -0.0011557514443037906 0.0010201361420930336 0.0012206325598763303 0.0 0.016551119805380297 0.24287509810570274 0.7578354234746737 -6.258388828650406e-06 1.2192080905032227e-05 2.49342412954067e-06 8.035208886430532e-06 0.0
0.06703350213927688 0.26828446641116527 0.7622478997136906 0.00017382512114209273 -0.0003440349766386267 0.000467848644304911 0.0004988491556428627 0.0 0.01654189705322818 0.24287522759313956 0.757845784353904 -1.1528324786332832e-05 -1.2713531532221425e-06 1.4804311008780506e-05 1.2780547393024818e-05 0.0
0.06708945444615175 0.2683902855152579 0.7626291025515427 -2.416695919509992e-05 0.0002933642956531032 0.00017663090958368153 0.00041506902298303345 0.0 0.016540007399620107 0.24288096029739437 0.7578471584286605 -3.5408580840678493e-06 -2.2113645612202364e-06 4.355711153996366e-06 7.569352697485578e-06 0.0
0.06697593668346753 0.268522529979302 0.7630654234267965 -0.0001725435825981821 0.0003634282014465968 0.00020197316290984646 0.0005108954022616544 0.0 0.01654164796517494 0.24288530365399455 0.7578464335032303 2.3116096586245302e-06 3.669544690810212e-06 -9.505118368462924e-07 3.756761479553142e-06 0.0
0.06670868434463283 0.26870966720329015 0.7635887141174054 -0.0002608793577644756 0.0001983008772097788 0.00048035748375180657 0.00060415300929193 0.0 0.016542408791832476 0.24288506391912643 0.7578501405732948 4.25730744516771e-06 2.46252914910335e-06 -2.255383794180733e-06 3.6625857248059846e-06 0.0
0.06631567329329713 0.26880515569985414 0.7640155759212681 -0.0003519917726825261 -4.682369249379054e-05 0.0006167721145351791 0.0005579445967939628 0.0 0.01654321027343411 0.24288593146975465 0.7578508581922379 2.6245514734929773e-06 1.3398402359077718e-06 -3.5635338028232663e-07 1.8896888081592413e-06 0.0
0.06603658852178702 0.2688535572593303 0.7642007824990843 -0.0002810822950347177 -7.420960128581844e-05 0.00029642567197250814 0.00035011533064145434 0.0 0.01653912389183685 0.24289045695354194 0.7578516654790418 -4.488076311025311e-06 3.758124154785649e-06 1.795316439847489e-06 6.030282779536022e-06 0.0
0.06589345236328974 0.2689297842511145 0.7642571023215095 -0.0001556156602027267 5.6723452463241847e-05 -1.3042165855290657e-05 0.00017135384622620061 0.0 0.01653307050853439 0.2428823928924215 0.7578646406643599 -8.066955968712746e-06 -5.93518403737271e-06 1.3022492946987801e-05 1.6273544961119594e-05 0.0
0.0658513708602562 0.26894643436869803 0.7642669120935396 -1.2615468597421933e-05 4.833236397689235e-05 -6.53201512274287e-05 5.257295378647132e-05 0.0 0.016533300272267112 0.2428812981903491 0.7578615596995631 -2.2406176239019684e-06 -3.404790977350451e-06 1.428960239925467e-06 3.7875766461969616e-06 0.0
0.0657783008583362 0.26896561788781176 0.7642606263946214 -2.1987436932517136e-05 4.795130879638941e-05 -2.5752905236248354e-05 7.758714249289915e-05 0.0 0.016537894956363444 0.2428826926998508 0.7578563544608237 5.186647522229403e-06 1.2282634902937143e-06 -6.4458752518935635e-06 6.162714468892868e-06 0.0
0.06574920568671253 0.2689839944259173 0.7642566694915146 -3.680117929719854e-05 2.555379674648799e-05 2.1553734491304855e-05 3.30542437772051e-05 0.0 0.016539459801462552 0.2428855431934622 0.7578529199206974 4.071315228447968e-06 3.3562328342847543e-06 -5.861109465860991e-06 5.251857928760909e-06 0.0
0.06571184723020113 0.26897338256333225 0.7642482397890364 -6.604316085644029e-05 2.3856452572662773e-07 3.139021780817336e-05 3.432974334450519e-05 0.0 0.016540136209836527 0.242884981809192 0.7578535819569823 1.4632201867601002e-06 9.054458987923478e-07 -6.951177987007316e-07 1.4239217206155965e-06 0.0
0.06564205633138166 0.268943279809023 0.7642312659031917 -9.263130807381705e-05 -3.4661744970623126e-05 -4.5479343642795605e-06 7.915235627865521e-05 0.0 0.01654103328740076 0.24288569043916072 0.7578528857345342 3.285119105655344e-08 7.752972180380696e-07 4.3099486582567744e-07 9.171343595390512e-07 0.0
0.0655525500838482 0.26897421344132777 0.7642032259984746 -9.199371008295165e-05 1.760751671981579e-05 -3.831887471934201e-05 0.00010141156056135063 0.0 0.01654183297538547 0.24289004514882062 0.7578469959821796 -5.567672193392608e-07 3.1310782509225375e-06 -3.3146381485867976e-06 7.240917793064522e-06 0.0
0.06550658113332665 0.26898680579164586 0.7641796480972026 -5.143377572278189e-05 2.3867236938069595e-05 -3.420133232198184e-05 5.384628702512608e-05 0.0 0.01654166327564701 0.24288658816789724 0.757851332510891 -3.4355718265028613e-07 -3.0019706188063594e-06 3.045994966589539e-06 6.1257727743936895e-06 0.0
0.06549195494780276 0.268980370362264 0.7641783179713241 -1.1079655805840534e-05 -4.694241120625927e-07 -8.117720661581297e-06 1.205525496380283e-05 0.0 0.016541822996106362 0.24288787905944229 0.7578493289908977 7.206255556736978e-07 6.021887094856459e-07 -1.937540136391328e-06 1.8949755621098777e-06 0.0
0.06547651187605895 0.268982295641241 0.764175363218927 -4.55367877967273e-06 4.234628839424821e-07 9.83766999892699e-07 1.777497304087967e-05 0.0 0.01654184664422175 0.24288469511376945 0.7578535594015245 3.7191510794650135e-07 -2.470582861703001e-06 3.274796353365759e-06 5.197071295280446e-06 0.0
0.06544929688820264 0.26897790629129104 0.7641738383780002 -1.3933161445918866e-05 -8.161557573932234e-06 2.7324920336301437e-06 2.959713801057723e-05 0.0 0.016542045748265597 0.2428866389196245 0.757851114937868 -2.1484907590307548e-08 8.518578596885243e-07 -7.080283450947242e-07 3.5638950462527173e-06 0.0
0.06541825111861123 0.2689765204679605 0.7641670289353767 -3.469007870767156e-05 -7.424303452748769e-06 -5.686428555571059e-06 3.0965198461423245e-05 0.0 0.01654220560903497 0.24288446824091323 0.7578535475085827 2.0566067009442728e-07 -1.281480758516612e-06 1.4004492949983978e-06 3.124441114357093e-06 0.0
0.06537944780186583 0.26897881500701093 0.764165739960721 -4.8576251927359735e-05 2.8359297444829195e-06 -5.564159624385993e-06 3.714703703821724e-05 0.0 0.0165448611771436 0.24288701783316044 0.7578440865485353 2.393123100436138e-06 2.2532773381457293e-06 -8.295313098012585e-06 9.908421352893407e-06 0.0
0.0653058325520585 0.26897781141681476 0.7641684209124683 -7.486257935398944e-05 5.818034375283948e-06 -4.42685766649982e-07 7.406468175475886e-05 0.0 0.01655008343139549 0.2428944755571409 0.7578323024407383 5.192788670396349e-06 7.244320601903569e-06 -1.3007207568435838e-05 1.5211797534368647e-05 0.0
0.06528281232236793 0.2689811376162688 0.764169337438247 -3.213205166301429e-05 1.4029426350700178e-06 2.5050634855035233e-06 2.535153940565035e-05 0.0 0.01655128226611401 0.24289286689768763 0.7578346478344437 2.357828466232442e-06 2.8003275378996197e-07 -5.956865929896273e-07 3.1710300971117287e-06 0.0
0.06523898753555027 0.2689748818699659 0.7641777834548725 -3.430467160046621e-05 -5.8170442902896115e-06 9.552840339980018e-06 4.2035506032691735e-05 0.0 0.01655299521212855 0.24289515980249404 0.7578308827318817 1.3946722968667593e-06 1.342772027971712e-06 -1.532289597933698e-06 4.004865293930781e-06 0.0
0.06522123604699358 0.2689732792565693 0.7641775608025146 -1.7133317460297545e-05 -3.0435127809265803e-06 1.70336817202312e-06 1.9867886304131366e-05 0.0 0.016551752729213585 0.24289531302786724 0.757834313307057 -1.474236552967534e-06 -5.146824963663616e-07 4.40763010563908e-06 4.245575541680623e-06 0.0
0.06520605743213734 0.2689729664780481 0.7641751377231184 -1.1300797187421568e-05 -1.5101846218792528e-06 -3.13339317823262e-06 1.5305600373466718e-05 0.0 0.01655502644856072 0.24290634251891355 0.7578293237100955 1.8320263400729353e-06 9.190588628768984e-06 -2.7507596354451838e-06 1.266694045321897e-05 0.0
0.06517524735895971 0.26897755073234325 0.7641730278571285 -2.670265379426737e-05 4.719569487340905e-06 -4.145999098822473e-06 3.059495390881271e-05 0.0 0.016559706249989436 0.2429177069550878 0.7578205893823662 4.8658289602675795e-06 1.2635193111777564e-05 -9.13162529226348e-06 1.4983154643058254e-05 0.0
0.065163152075133 0.2689881778198466 0.7641626281312356 -1.9545567129034595e-05 1.1392409562857868e-05 -9.623709051100825e-06 1.954654840197574e-05 0.0 0.016549906391266342 0.24294107790537756 0.7578258593080209 -6.536405614201522e-06 2.379246907555562e-05 1.9285031669684476e-07 2.548677850919941e-05 0.0
0.0651580071187887 0.2689967501584685 0.7641522202891647 -8.827504379172538e-06 1.0482168564666391e-05 -1.1138946487573894e-05 1.4499598926976358e-05 0.0 0.016541545405262047 0.24295601961649702 0.7578163883097195 -9.997596044415936e-06 1.8150662934255953e-05 -6.265568558264149e-06 2.0068917565989225e-05 0.0
0.06515471551450178 0.26899448688320804 0.7641557514834663 8.810146873465882e-07 -4.264078687107153e-07 1.3413249785813271e-06 4.321833383222717e-06 0.0 0.016537034060922325 0.24296152234130028 0.7578114140151603 -7.038937219373704e-06 5.6261501060310265e-06 -4.8251863853949164e-06 8.300315204703123e-06 0.0
0.06515611156979008 0.26900266541514106 0.7641453428387237 1.2904561769559606e-06 3.6335880535223953e-06 -5.6756458607948805e-06 1.4293829342987653e-05 0.0 0.016534438206985684 0.2429637324853062 0.7578095577009285 -2.620114146792883e-06 -4.024904917168445e-07 -2.8469605462774294e-06 3.813043006947141e-06 0.0
0.06515750461957767 0.2690138914260335 0.7641310920710229 3.818299995796945e-06 1.0279713215018683e-05 -1.3854707358452341e-05 1.8468247829574767e-05 0.0 0.016527363217576106 0.24297165236870674 0.7578109513774627 -4.770156479248918e-06 4.119605891668359e-06 1.5812170545641841e-06 1.0975568646651298e-05 0.0
0.06515877121766887 0.26902050263134586 0.7641223583059875 -1.4112226872882707e-07 8.639616648176899e-06 -1.1151343269809798e-05 1.054496015013961e-05 0.0 0.01652409562502266 0.242974614688091 0.7578089194310289 -2.716594039503631e-06 4.512165023268928e-06 -1.2005533311123977e-06 5.368247491613641e-06 0.0
0.06516136291687219 0.269026257919408 0.7641138969992463 2.914373973944551e-07 7.050186771985089e-06 -9.345930804936045e-06 1.0193106573084646e-05 0.0 0.01652119155799728 0.24297705662881633 0.757807407192451 -3.19507532648856e-06 4.0333387949315625e-06 -1.1511691756404109e-06 3.228077693208963e-06 0.0
0.06516309159283422 0.26903364318686596 0.7641048764802902 2.6812053950742365e-06 6.958182826989474e-06 -8.820178147816662e-06 1.2035261261539024e-05 0.0 0.01651502136002656 0.24298557400804302 0.7578101428784085 -6.7578619049555455e-06 9.075225020236999e-06 2.2400903200495637e-06 1.0871569069202334e-05 0.0
0.06516272042807744 0.2690483121654503 0.7640888615166491 1.1195967258895067e-08 1.2503580050043774e-05 -1.3596735736904199e-05 2.2112186559475314e-05 0.0 0.016509790560687843 0.24299401819470381 0.7578114855238767 -5.485545144274827e-06 8.530208638400547e-06 5.367373200820565e-07 1.0642826656183373e-05 0.0
0.0651629007010067 0.2690636076860163 0.7640716595810373 -2.038003733923999e-07 1.57053686063166e-05 -1.7116844584481443e-05 2.2947156703674426e-05 0.0 0.0164973143615691 0.24301296691088034 0.7578138412442799 -1.1400731894252844e-05 1.748676921746002e-05 2.8327821624703062e-06 2.2417652721126432e-05 0.0
0.06516513702192926 0.26907744174872233 0.7640547693249035 1.9915345069860894e-06 1.621707490975979e-05 -1.942314861351808e-05 2.1559340484150837e-05 0.0 0.016485985287065134 0.24303018978784835 0.7578130951147564 -1.2600521888880061e-05 1.9151064144268544e-05 1.1873481717580996e-07 2.0763132643494293e-05 0.0
0.06516736350551827 0.2690842888298484 0.7640457935710379 2.544527620951223e-06 7.896136023516197e-06 -1.0496099934281571e-05 1.1622684549142462e-05 0.0 0.01647822727289088 0.24303740967657553 0.75781080423311 -9.070315121531418e-06 9.612460866955505e-06 -2.5573018809782287e-06 1.0806551951821906e-05 0.0
0.06516759873301325 0.2690856857727725 0.7640440423548663 1.0116714467018053e-06 -1.2552412766443114e-07 -5.418310176176266e-07 2.2182036131809572e-06 0.0 0.01647200187912223 0.2430490356470509 0.7577992047619386 -5.321025106027515e-06 8.488194382220898e-06 -1.1384536833344098e-05 1.711707485519584e-05 0.0
0.0651674829600612 0.26908607193761414 0.7640437188101786 -1.057453635674024e-07 -1.884628075050146e-06 2.2242262652076253e-06 6.537922337504243e-07 0.0 0.01646587648069886 0.24305323591249783 0.7577966932218054 -4.857981304430334e-06 3.6144981168314427e-06 -5.27192996060887e-06 8.614725703599941e-06 0.0
0.06514837162076784 0.2690646637666822 0.7640303275705644 -1.6992953876115847e-05 -1.9012125105658777e-05 -1.0355005536521269e-05 3.151054456320931e-05 0.0 0.01645756071330247 0.24306170842105765 0.7577978016678217 -7.492144097792269e-06 6.984576805371385e-06 1.2576949183655564e-06 1.1611809971545402e-05 0.0
0.06513327566480522 0.2690666077339439 0.7640276622920991 -1.8732637977049806e-05 -3.286180027858797e-06 -7.087388604662838e-06 1.6569321442625125e-05 0.0 0.0164491694740323 0.24307503572007924 0.7577959807983962 -8.96751290191057e-06 1.3299808580594657e-05 5.205493100081576e-07 1.5644195672798502e-05 0.0
0.06511860876924667 0.2690680057124322 0.7640276824188547 -1.6262091704654254e-05 3.3254843269461374e-06 -1.8901399015935928e-06 1.3005659341045105e-05 0.0 0.016441768440622773 0.2430845595002425 0.7577983158955198 -8.80509366862648e-06 1.2535022103540169e-05 2.8615550551897095e-06 1.2637087497128686e-05 0.0
0.06510912722366786 0.26906807323735105 0.7640287323766154 -9.30903014380043e-06 3.563617732852419e-06 1.7397248747163509e-06 9.777817450967927e-06 0.0 0.01643714973874538 0.2430905585030863 0.7577945889401492 -4.9846630053780954e-06 6.801566755937881e-06 -2.8207108219202248e-06 8.21742515741107e-06 0.0
0.0651011439992127 0.2690678426288601 0.7640296140567846 -5.631622185585409e-06 1.1914414517531358e-06 2.9214334234746666e-06 8.92148783250783e-06 0.0 0.016433830457198633 0.24309244988566678 0.7577948714667435 -2.5624998123970147e-06 1.047662708963046e-06 -1.808441222463028e-06 3.60561441879109e-06 0.0
0.06509800041915594 0.26906839709222596 0.7640287824453773 -1.7629787558134786e-06 -2.767561056196469e-07 2.2099328184929512e-07 3.3436252122819824e-06 0.0 0.016430516522198436 0.2430949951041043 0.757798076913768 -2.480339783246289e-06 1.0014534029175449e-06 1.8115393222027675e-06 5.641486737305885e-06 0.0
0.06509890603519639 0.26907515698290807 0.7640317753977838 9.620271444806786e-07 4.0326277231776745e-06 1.203152319831463e-06 6.527343387655145e-06 0.0 0.016427571887859715 0.24310765291734593 0.757801073088429 -2.892559420872925e-06 1.0158543633938867e-05 4.419610558428293e-06 1.3292611299016985e-05 0.0
0.06508178699545701 0.2690570137702338 0.7640310022498511 -1.5304942589018544e-05 -1.5255174450291085e-05 -1.2774626038529097e-06 2.552017109614306e-05 0.0 0.016420324066141773 0.24313212208750914 0.7578040253269519 -7.08348794363929e-06 2.522744225986913e-05 3.741979229960166e-06 2.567174448811306e-05 0.0
0.06499122636219164 0.2690455041869744 0.764049047128537 -8.256110736038681e-05 -1.3412420552902896e-05 1.5967700205695168e-05 9.273951461761577e-05 0.0 0.016402558519811983 0.2431709556070595 0.757811047070694 -1.7228365991887125e-05 4.0773801100538395e-05 6.3521731639003275e-06 4.321467302809412e-05 0.0
0.06494976472771279 0.26904023056376664 0.7640519691322997 -6.15736322423137e-05 -8.305378592209502e-06 7.61575674819002e-06 4.399759239104146e-05 0.0 0.016400543237386007 0.24318201713818932 0.7578059760279785 -6.3282509125650504e-06 1.8532533325111062e-05 -3.0659210326807094e-06 1.2774582223541131e-05 0.0
0.06491547484198998 0.26904084927953603 0.7640633032855748 -3.771936105221507e-05 7.448239904693089e-07 1.0169523192453856e-05 3.2284364888674754e-05 0.0 0.016393448393773217 0.24319998786973704 0.7578010684992804 -5.274541274924593e-06 1.3620952274830496e-05 -6.8632946177359465e-06 1.844775511137395e-05 0.0
