0.06344114657394422 0.27955038712181024 0.7637968602358205 0.0 0.0 0.0 0.0 0.0 -0.021208137308772586 0.27884919606217723 0.7629493969511949 0.0 0.0 0.0 0.0 0.0
0.06343714756236342 0.2795423286546054 0.7637660745646118 -3.999011580796408e-06 -8.058467204863362e-06 -3.078567120873288e-05 3.207317475847077e-05 0.0 -0.021225552950420366 0.2788199127945851 0.7628799683616813 -1.741564164777984e-05 -2.92832675921062e-05 -6.942858951364261e-05 7.330797631356807e-05 0.0
0.06337782073988014 0.27933396972614033 0.763461201737219 -5.9326822483274366e-05 -0.00020835892846504667 -0.000304872827392777 0.0003740060906182283 0.0 -0.02115961183761077 0.27869311611676695 0.7623106508560815 6.594111280959492e-05 -0.00012679667781817505 -0.0005693175055997424 0.000608575295029618 0.0
0.06336361669139903 0.2791196497481428 0.762932126290605 -1.4204048481111786e-05 -0.00021431997799753466 -0.000529075446613958 0.0005710128161187599 0.0 -0.02103970446980475 0.27851714050992965 0.7617991484825105 0.00011990736780602071 -0.00017597560683729752 -0.0005115023735710045 0.0005923106329705025 0.0
0.06338794524494518 0.27906005271869594 0.762761122095297 2.802598413337015e-05 -5.3593646312177225e-05 -0.0001744213854741099 0.00018271868883472538 0.0 -0.02100869061993225 0.2783782178570709 0.7615772085239303 3.0775369556826366e-05 -0.0001377988354008935 -0.00020316679943964834 0.00019290450679002014 0.0
0.06342923448401137 0.27893865666956374 0.7624970533427298 3.997411031837966e-05 -0.00011648818409398286 -0.00024170019524357168 0.0002935542677086952 0.0 -0.021017228352965288 0.27813331089438487 0.7613658641105105 -1.2904461339136263e-05 -0.0002410902977061139 -0.00020870502216774697 0.0003343765015705414 0.0
0.06344583132213745 0.2788818759496633 0.7623976892402118 2.051832643761883e-05 -5.548907706385857e-05 -8.608207055426395e-05 0.0001209516774996797 0.0 -0.021007461460973365 0.27794516610560455 0.7612586791513754 -7.019033358926944e-06 -0.00019717236126959856 -9.01007440161912e-05 0.00024651481129636817 0.0
0.0634755807837318 0.27885271720402477 0.7623434335096713 1.8738552892536146e-05 -4.521674481518537e-05 -6.803785555930043e-05 6.139338364361976e-05 0.0 -0.020984432075392346 0.27775226946853443 0.7610985910589528 3.10685668708858e-05 -0.00019327153516008938 -0.00019089745253577102 0.0002478979649576282 0.0
0.06349721945149353 0.2788021009841505 0.7622923515804985 1.4323671564790763e-05 -4.791389331458069e-05 -3.6765671010299114e-05 6.342942928132677e-05 0.0 -0.020983005905878368 0.27752651610282253 0.7608377010839718 9.677225634457108e-06 -0.00021488186344682063 -0.00027293051227879025 0.00033059133373793055 0.0
0.06350977198778539 0.278756926727594 0.7622394510666092 4.8720228604976476e-06 -6.818017548257616e-05 -8.793358309715556e-05 7.167351688795716e-05 0.0 -0.02097521021271313 0.27733177911621926 0.7605557715968359 2.2473152768971454e-05 -0.0002044771727437576 -0.0003628382747226965 0.0003489302383047812 0.0
0.06352725332750057 0.27866857019214875 0.7621025354087809 1.802046739470256e-05 -8.632166050720214e-05 -0.00015088952626701055 0.0001696300149896174 0.0 -0.020980640388771073 0.2769923580364068 0.7600906954125622 1.3675697124748438e-06 -0.0003179340127929511 -0.00046363955282650675 0.0005742369478929311 0.0
0.06352859507648338 0.2786303942151492 0.76204525028346 6.8220466238060276e-06 -4.754014098715985e-05 -7.346306843892636e-05 6.50359479416532e-05 0.0 -0.020922359986345035 0.27668999810974715 0.7597961027877244 3.9416936827646224e-05 -0.000325339470524615 -0.00033144376894986445 0.000430662187562379 0.0
0.06351037001694915 0.27855607276847455 0.76194642782152 -1.615266132287248e-05 -7.293065799017888e-05 -0.00010450455962152116 0.0001228125326494128 0.0 -0.020877463977135018 0.27634934500484903 0.7594584503853636 5.197196850354899e-05 -0.00035218263650766356 -0.0003159837068433596 0.00047445955545508806 0.0
0.0634921658659563 0.2784641981137305 0.7617976574333806 -2.3245870487125367e-05 -8.267566517341444e-05 -0.0001268618843746038 0.00017865620784274808 0.0 -0.020697769651617046 0.2755089778584367 0.7586189870835488 0.00016900687220281716 -0.0007663946601989787 -0.0007349490565020459 0.0011975935237765164 0.0
0.06347149785254179 0.27831765924041896 0.7615344430632848 -2.1298516426552978e-05 -0.00014007137184609796 -0.00024816805593881505 0.00030351351850785904 0.0 -0.020500701963379067 0.27411382189000794 0.757099815518564 0.00021383015705592876 -0.0013816798875632306 -0.0014833937710966544 0.0020911224969622968 0.0
0.06344074225924479 0.2781800131253913 0.761365281525567 -2.9137506353858222e-05 -0.00015097000363101403 -0.00020405884900965082 0.00022172369040324456 0.0 -0.020391551512731313 0.2732260722720016 0.7561813024658858 0.00013419786257271455 -0.0010913830314549274 -0.0011661642756737524 0.0012947702312891155 0.0
0.06343206287675994 0.2780850519594183 0.7612577399037235 -1.0972650659115561e-05 -0.00010682077274496295 -0.00011957011340409308 0.000135796985677133 0.0 -0.020251433538991306 0.27234327990610346 0.7553012632940688 0.00012142070677491434 -0.0008752195529189062 -0.0008941488510388848 0.0011890662277757853 0.0
0.06344338638781663 0.2780207022222868 0.7611564436242259 1.2682397901895731e-05 -6.024292933933101e-05 -8.049315986914919e-05 0.00012361891360014446 0.0 -0.020061936128466407 0.27130678518255313 0.754354662676635 0.00016362073765971443 -0.0009142490072485904 -0.0008240781692341586 0.0014498693474183323 0.0
0.06345023677689404 0.27797473285990876 0.7611071983056222 1.226609620216075e-05 -2.858733849505954e-05 -2.725907043806584e-05 7.229362672003768e-05 0.0 -0.019815654528698656 0.2701239866111855 0.7533690273979361 0.00023979429748540487 -0.0010843727641990314 -0.0008649642812584744 0.001598008618134676 0.0
0.06344787895795763 0.2779389536673895 0.7610728427078349 4.936996449886476e-07 -2.912789880691752e-05 -2.8922179753881002e-05 4.829596761627538e-05 0.0 -0.01972907677213343 0.2693183376298863 0.7527234912060536 0.00012728272121841766 -0.0008916557730571417 -0.000698008612144859 0.001015940085829626 0.0
0.06344332969061976 0.27791434148784777 0.7610515441251691 -7.1472426356458056e-06 -2.79002493456419e-05 -3.1257944537107195e-05 2.9466025726541427e-05 0.0 -0.01966067888290189 0.2685899034061946 0.7521013065074555 6.980028206656713e-05 -0.0007800608945069678 -0.0006688423672571943 0.0009165907559945013 0.0
0.06342618160555719 0.2778746781260129 0.7610174227586148 -2.069017316250209e-05 -4.5338845847265986e-05 -4.386837861605311e-05 5.6809639013496066e-05 0.0 -0.019613158887436408 0.26787848212013077 0.7514230594380621 2.3355696368098e-05 -0.0006880233223679166 -0.0006773667171993437 0.0010217564534867997 0.0
0.06340028110174256 0.2778230413034069 0.7609569738563109 -2.9058121799317856e-05 -5.497465916155698e-05 -5.622835796930889e-05 8.437736843576314e-05 0.0 -0.019547063163826844 0.2672527911354234 0.7508174394213857 4.213239093057674e-05 -0.0005629487922915817 -0.0005693062120555987 0.0008833782325447324 0.0
0.06338408229868456 0.277786500588584 0.7608977822399721 -1.7732953903826526e-05 -4.2081521229424794e-05 -6.64384140892079e-05 7.102987293139515e-05 0.0 -0.019514606155739595 0.2667393330962691 0.7503549701843278 4.8357387851235826e-05 -0.0005342266282963734 -0.000503214508214228 0.0006755702046303449 0.0
0.06337882622921334 0.2777636003796467 0.7608384110955894 -3.996606846360889e-06 -2.410847278657632e-05 -6.498396479465104e-05 6.278628899317103e-05 0.0 -0.019438720254172488 0.2660934749604366 0.7497121263887679 8.632819929211457e-05 -0.0006515678891387248 -0.0006256424956878404 0.0009009871577892758 0.0
0.06338047587851128 0.2777555021358993 0.7608056414257062 4.517804508250584e-06 -4.882861521229991e-06 -3.289580806179893e-05 3.423563912449702e-05 0.0 -0.01931122660765878 0.26549667339474375 0.7492140498632843 0.00013143854056419152 -0.0006315785734779247 -0.0005299262230871208 0.000814781745326111 0.0
0.0633721745297413 0.2777282122602804 0.7607730348545592 -3.2791067562887036e-06 -1.776480094113309e-05 -2.4409532445033968e-05 4.372298902788441e-05 0.0 -0.018989881178182042 0.26463382109818295 0.7491057804064676 0.00029559495114383095 -0.0008177932634700928 -0.0001424794760607617 0.0009125922379749224 1.0
0.06336695640997332 0.2777077961448938 0.7607423494108516 -6.338275453589778e-06 -2.165021091329384e-05 -2.4377772697969262e-05 3.7990023436233654e-05 0.0 -0.018628284510257123 0.263903283039466 0.7492525557233876 0.0003898682464239239 -0.0007936351251498096 0.00016598139472505608 0.0008286654717664182 1.0
0.06334622888126229 0.27766238837754653 0.7606824588304851 -2.198363234735215e-05 -4.678350623672382e-05 -5.620782168515247e-05 7.671267780402842e-05 0.0 -0.01827445775918388 0.26326487806979837 0.7493637956569369 0.0003815609428270823 -0.0006628010107295094 0.0001982677859248133 0.0007391802752616543 1.0
0.06333430465529766 0.2776446575320022 0.7606378804451535 -1.7328103932841382e-05 -2.7930517087419343e-05 -5.491713956149864e-05 5.0788335459074034e-05 0.0 -0.018015343320591435 0.2629570620884831 0.7493749467902863 0.00026930178674273455 -0.000312994171550914 5.8120722295676983e-05 0.0004062351220180745 1.0
0.0633234563116721 0.27762316868518505 0.7605876319892896 -1.0783215708539594e-05 -1.8744116026607513e-05 -5.316371395772155e-05 5.3579202435184944e-05 0.0 -0.017806294762467926 0.26270128396592457 0.7493441457620604 0.00017666143990422735 -0.00017621962715411486 -7.998361988290775e-05 0.0003214768440798683 1.0
0.06331339323384431 0.277595629356898 0.7605334106563506 -7.626596994792168e-06 -2.1925588841004783e-05 -5.3076187225532974e-05 6.270488844659876e-05 0.0 -0.017565724014354484 0.26244718874295536 0.7493302488569922 0.00019882010751261065 -0.00020460220803080018 -0.00010719093890544358 0.00036214189587229417 1.0
0.06329969601427987 0.27755391472949853 0.760455103742372 -1.1223391862703782e-05 -3.8133639061322573e-05 -7.179034514169454e-05 9.03317093586857e-05 0.0 -0.017192124193699067 0.26210175331543173 0.7492864575193765 0.00035191480667499866 -0.00034022130082766663 -5.591524519608178e-05 0.0005090401814865014 1.0
0.06330061081273416 0.27753699827552103 0.7604147516730249 -1.6953864619681225e-06 -2.483177726066831e-05 -4.835190213468339e-05 4.4767876124459386e-05 0.0 -0.01695849345610007 0.2618817095219641 0.7492445675467403 0.0002986740887559873 -0.0003090662075687273 -7.021986054581966e-06 0.0003252933265797505 1.0
0.06330039812188616 0.2775215794717958 0.7603835269839517 1.049155089799489e-06 -1.5277981262188135e-05 -3.0513260419189953e-05 3.146807954063484e-05 0.0 -0.016792410805952146 0.26153159996017544 0.7491090641690346 0.00018805221837585702 -0.0003514151564300643 -9.431457926512086e-05 0.00039493578179111265 1.0
0.06329950705994092 0.2775053046137636 0.7603601344077789 -5.381623212568325e-07 -1.4091142839772597e-05 -1.9951866519987727e-05 3.042461601398443e-05 0.0 -0.016496894285294748 0.2610453647045458 0.748975597872894 0.0002527876287453318 -0.0004718878376919572 -0.00014598666958263459 0.0005956340234355446 1.0
0.06329399203481371 0.27748326031264997 0.7603314397085884 -4.223151007059577e-06 -1.7334324093382e-05 -2.2040260554677015e-05 3.7508056924845284e-05 0.0 -0.016108004105354616 0.2603594529568173 0.7488542400776795 0.00036465163689041125 -0.0006616903057067706 -0.00013960140518622934 0.0008040547203016744 1.0
0.06328294939064957 0.27745385601647715 0.7603035022521294 -1.192692948899143e-05 -3.0453450922518984e-05 -2.946661559701805e-05 4.1654690556486794e-05 0.0 -0.015655626956861627 0.2595827681241645 0.74879750833317 0.00046906499554035745 -0.0008080185375047505 -6.450378859227017e-05 0.0008965884684333802 1.0
0.06327079934487588 0.2774223944172374 0.7602587441391213 -1.4469241312015095e-05 -3.558595771567453e-05 -4.723285511838373e-05 5.4731267141174736e-05 0.0 -0.01499656263640908 0.25855440711489763 0.7486357728099715 0.0006698821169743044 -0.001028343705342252 -0.00012644510624812964 0.0012209074342378631 1.0
0.06325942058067306 0.2773875647990833 0.7601902817818619 -1.2554837531593134e-05 -3.684749239212072e-05 -7.102530887426174e-05 7.857909932917835e-05 0.0 -0.0144171488836506 0.25760937909487597 0.7487171696339775 0.0006327952933757506 -0.0009869316083812572 4.619108021484982e-05 0.0011277457581183913 1.0
0.06322359459143036 0.2772960647643612 0.7600684613556978 -3.08673741196515e-05 -8.18710956256667e-05 -0.00011730434242910021 0.00015598954242911886 0.0 -0.013497224515013836 0.2565427286021794 0.7487242896659833 0.0008560908962269465 -0.0010274657530229742 3.907251000679352e-05 0.0013940803754086111 1.0
0.06320360597772161 0.2772261227414383 0.7599531798315858 -2.4741935357557676e-05 -8.010474691049147e-05 -0.00012564561555457917 0.00013852898725796783 0.0 -0.012766654457626758 0.2557895189453405 0.7487017207062746 0.000775502239551477 -0.0007860498481491081 -1.3019292226611336e-05 0.0010637334167377607 1.0
0.0631514235206593 0.2770843201344673 0.7597599561971683 -4.775153872628054e-05 -0.00013460717172741215 -0.00018567681639906455 0.0002411347318731669 0.0 -0.011910051370229534 0.2549345847632431 0.7486297362969115 0.0008369243074232202 -0.0007874424106571711 -7.450562624140765e-05 0.0011969749037196893 1.0
0.06309725189406604 0.27693152572512725 0.7595598249101384 -5.676386871445525e-05 -0.00015862940944710022 -0.00020608243429991283 0.0002612641714258169 0.0 -0.011115524125927177 0.25411428153653304 0.7486890627274753 0.0007925885745701442 -0.0007994907052171196 1.781673747713739e-05 0.0011565290757922517 1.0
0.06305804290233519 0.27678744064259064 0.7593769519953991 -4.37357980154751e-05 -0.0001506230578901375 -0.00018850874805478575 0.0002354112989647809 0.0 -0.010164528676031273 0.25307665146487385 0.7487335010777862 0.0009140536403275847 -0.0010147251743397954 4.940285155790916e-05 0.0014023070871647847 1.0
0.06304579841333016 0.2766940142492093 0.759272557848849 -1.3486212557991432e-05 -9.761037480547193e-05 -0.00011058248214457716 0.00013908632105879507 0.0 -0.009422828878685362 0.25244337121403865 0.7488393274718034 0.0007875769481198989 -0.00075307149679847 0.00011052737986663127 0.0009930582372136372 1.0
0.0630288288063452 0.27659107091262447 0.7591784030809031 -8.886165422925979e-06 -8.847072841238867e-05 -7.705871587410639e-05 0.0001387775294903344 0.0 -0.008612860732062308 0.2517127982118989 0.7488576861453894 0.0007863676353398394 -0.000698102492317434 6.273712742076378e-05 0.0010621155789761895 1.0
0.0630169798714636 0.2765293449081019 0.7591143543736829 -8.753862793809336e-06 -5.945282304660457e-05 -5.3470786508612e-05 9.562780269017772e-05 0.0 -0.00811086631485903 0.2512164244109258 0.7488899651365128 0.0005500060860044608 -0.0004999055737049341 1.2985222721190759e-05 0.0007332552058340934 1.0
0.06300434284679511 0.2764515665573583 0.7590471248081695 -1.2108584922904644e-05 -6.837551110462131e-05 -6.097252150249425e-05 0.00010009610319110601 0.0 -0.007436111473794794 0.25046966935023124 0.748929866350604 0.0005918043115101909 -0.0006502228706026662 1.800574287286383e-05 0.0009931464208133803 1.0
0.06299595974605339 0.27640411363474965 0.759013445520904 -1.4543222953728934e-05 -5.938247095039699e-05 -4.9369030363600666e-05 5.927999961301907e-05 0.0 -0.0069019372092873395 0.24979569092824058 0.7488849755696044 0.0005554959142911403 -0.0007158342763242492 -3.9182455699781063e-05 0.0008777884819079688 1.0
0.0629813024074737 0.2763543525091456 0.7589770109534324 -1.5577581984021234e-05 -5.1697337480632486e-05 -4.0414039621906e-05 6.170315688975474e-05 0.0 -0.006220584414714031 0.24906183310053173 0.7489801645144956 0.0006684512209956584 -0.0007687180356660451 7.611867854908817e-05 0.0009877072962835682 1.0
0.06296622264768484 0.276318404015695 0.7589428177147802 -1.4642026369483006e-05 -3.73301445184992e-05 -3.407332252597676e-05 5.397566741464362e-05 0.0 -0.00563295561620758 0.24850042772124348 0.7490008183968343 0.0006396246566899366 -0.0006173359053258612 4.573898453755245e-05 0.0008232919014529666 1.0
0.06294225345250291 0.2762667982900451 0.7588940255716357 -2.1971914972517555e-05 -4.632771999625888e-05 -4.374683929891327e-05 7.392974974085092e-05 0.0 -0.0050438798906282615 0.24796787296383455 0.7491040305670004 0.000590260889920091 -0.0004884612955197917 0.00010124197791556416 0.0007900606922165239 1.0
0.06292821543556217 0.2762328379763288 0.7588424805214325 -1.745161947217502e-05 -3.9382324865089646e-05 -5.528952705491034e-05 6.46115477353596e-05 0.0 -0.004439101554582096 0.24746266260268254 0.7492258595427913 0.0005964143565340865 -0.00047719309177200275 0.00012252689082889456 0.000809414793643854 1.0
0.06292429191086372 0.2762104927876472 0.7587984255220509 -4.473262082493944e-06 -2.2860785907922502e-05 -4.791176668702739e-05 4.7779756914854786e-05 0.0 -0.00398955903980279 0.24704254360112818 0.749286030044875 0.00044977022243350255 -0.0004068720263341779 7.741074235819386e-05 0.0006154274371545996 1.0
0.06291907301055216 0.276166755220435 0.7587604905660238 -1.8915097271244222e-06 -3.9418190656521225e-05 -3.8591981319895186e-05 5.849712096563801e-05 0.0 -0.0035890975964491365 0.24667592918561457 0.7493527887403186 0.0003961288935093888 -0.00038750588274791297 5.4801058215101115e-05 0.0005441015294142021 1.0
0.06291859076947764 0.276130864331031 0.7587249650161548 1.101434013873926e-06 -3.6282583221907146e-05 -3.056943936790076e-05 5.142673115836724e-05 0.0 -0.0032156400610873063 0.24636093505180562 0.7494196657292392 0.0003484811809346251 -0.00031696317603295825 5.217844543447768e-05 0.0004906239580651777 1.0
0.06291767520979849 0.27607582384019885 0.7586768378475571 -8.755369202002373e-07 -5.429932218354701e-05 -4.390259402833573e-05 7.277831248113682e-05 0.0 -0.0028152458730178694 0.2460674349758761 0.7495262606249173 0.0003966112301075223 -0.0002938388767944848 0.00010325328999233438 0.000514977582061974 1.0
0.0629240179740413 0.2760428870127271 0.7586353416284534 4.066788162507508e-06 -3.9344754227122585e-05 -4.4048634950810967e-05 5.341642561388256e-05 0.0 -0.0025067091022211454 0.24592372173072005 0.749643400060873 0.00032810600394300574 -0.00015391789895086876 0.00011908810201115473 0.0003589757479867874 1.0
0.06291650853062389 0.2759737225742418 0.7585649706349561 -6.107237930145513e-06 -6.363320749307329e-05 -6.911917089416869e-05 9.776669013780744e-05 0.0 -0.002106438385957301 0.2457866799376428 0.7497636232253916 0.00039609130886393963 -0.00012503380881026527 0.00013674831580529992 0.00043110269182829706 1.0
0.06288381608875512 0.2758645716521256 0.7584376541517162 -2.9923117010482915e-05 -0.00010357837421753218 -0.00012358884725033922 0.00017211926505828604 0.0 -0.0017298258182000432 0.24571388919056747 0.7497974263135754 0.00039139154975373694 -7.12602091071517e-05 4.9067790036791354e-05 0.0003943087463991375 1.0
0.06284945024038927 0.2757267537903985 0.758257609141285 -3.9032454665501945e-05 -0.00014174493629363774 -0.0001827469755110356 0.0002301570510714782 0.0 -0.0012436959359370618 0.24564713141136202 0.7498931750322892 0.00046794186694529164 -5.888690654201747e-05 6.70937847262525e-05 0.0004964704840489205 1.0
0.0628138226671458 0.2755857924223606 0.7580700500545826 -3.949816779370453e-05 -0.00015127799182260685 -0.00019990435204943067 0.0002364074287537902 0.0 -0.0007644871567462201 0.24555969498622482 0.749994757568213 0.0004955114393232586 -8.818027394578152e-05 9.493770266305314e-05 0.0004994229269125749 1.0
0.06281926701395815 0.275459596176196 0.7579067594054242 1.9366984139384715e-07 -0.00013017131884081906 -0.00017185666566122592 0.00020473303195969422 0.0 1.3736468935159567e-05 0.2454465039197331 0.7502243129786034 0.0007460645521237146 -0.0001225326531711063 0.00021816002142859944 0.0008131124615528048 1.0
0.06281188312371064 0.27537575565657263 0.7578209409387645 3.5301178528694025e-06 -8.277197985202383e-05 -8.740918633635804e-05 0.00012174934777737251 0.0 0.0004970099673061208 0.24535960476882704 0.7503654576488257 0.0005630733792793344 -0.00010320648885240181 0.00018272936060994573 0.0005256821372996182 1.0
0.06280781488671947 0.27528216534694255 0.7577304946420657 1.7218306441087895e-06 -7.626209995468268e-05 -6.516368054415876e-05 0.00012908923109641193 0.0 0.0011599125841055236 0.2452543702123688 0.7506019674660954 0.0006168076709122729 -9.791125304244556e-05 0.00022897254593848306 0.000689459093448926 1.0
0.06280248010658189 0.2752195051903161 0.7576627931268728 -6.6999757727055725e-06 -6.25446340387373e-05 -5.817166541000232e-05 9.559697040732168e-05 0.0 0.0015178081319864147 0.2451373142817153 0.7507805716938031 0.0003880767090829783 -0.00011363606429855839 0.00018449162747666376 0.0004343813003129629 1.0
0.0627871569051897 0.2751526337842055 0.7575899643456758 -1.907072873234465e-05 -6.667798016231635e-05 -7.446518976050532e-05 9.808047521069371e-05 0.0 0.0017252838200090268 0.24500284359437713 0.7509114039845781 0.00017805508650221518 -0.00012719890523771538 0.00012205819216690724 0.00027357111529121783 1.0
0.06277687641314486 0.2750981299158708 0.7575244706304882 -1.5232811375645246e-05 -6.028724098415112e-05 -7.74006491731418e-05 8.517885305530954e-05 0.0 0.0018784534766240393 0.2449314390818835 0.7510408820549855 0.00011005128698530917 -8.363194258263491e-05 0.0001166195984999292 0.0002123064886486653 1.0
0.06275790384435073 0.2749918607164819 0.7574134193486065 -1.788029394230747e-05 -0.0001010459461065593 -0.00011159165034413713 0.00015410600654909971 0.0 0.002082702747185331 0.24488969378218686 0.7511806288045871 0.00017808754489147765 -4.105726012107756e-05 0.00013080018745040154 0.00025107154854298876 1.0
0.06274808043755148 0.2749053368446087 0.7573014068109278 -8.887802191061131e-06 -9.644671941932812e-05 -0.00011814358054069247 0.00014540094509367746 0.0 0.002267279802749545 0.2448711049732573 0.7512841428670435 0.00022351956905381323 -9.369931967827751e-06 0.00011646207587459758 0.0002213765966583948 1.0
0.06271767502021154 0.27475955262387813 0.75711465915824 -2.7171954093067607e-05 -0.0001402219455720606 -0.00017791413049935353 0.00023461386803911663 0.0 0.0025666110959626214 0.244836937427922 0.7514295964372975 0.0003052459132100653 -2.039271981453383e-05 0.00013803610390405565 0.0003194665941036156 1.0
0.06270847235212611 0.27462976670714506 0.7569631330993241 -1.3305791015615638e-05 -0.00013977846711141938 -0.00016794968300007298 0.00020344443537439298 0.0 0.002877577679967753 0.24476481263155106 0.751514516458383 0.0003575579233520091 -7.148047449301207e-05 0.0001068132290287281 0.00033982678189329696 1.0
0.06269339981118296 0.2744889986665859 0.7567926529896484 -1.3395778226677914e-05 -0.00013832456315255307 -0.00016674292900861385 0.00021838300395787014 0.0 0.0030944571794504316 0.24472552117253737 0.7516028507964108 0.0002259862897934893 -6.028010977959695e-05 7.995258700335198e-05 0.00023600624223177357 1.0
0.06270529201457758 0.2743745127594038 0.7566356522319865 9.020212737827263e-06 -0.00011532819208304887 -0.00015352565704761063 0.00019638678437175846 0.0 0.0031968893588807767 0.24492703207959587 0.7518586849383126 9.37793229533765e-05 0.0001608304604105097 0.00022428896337999116 0.0003359996773495587 1.0
0.06272455671663676 0.2742805102972882 0.7564999445396131 2.2807526748325033e-05 -8.952398294388688e-05 -0.00013124981589809732 0.0001659764191091934 0.0 0.0033967037196693324 0.24515935484411658 0.752179637096858 0.00014545458228671168 0.0002694689401842343 0.0003351259688170223 0.0004502674440465059 1.0
0.06272006999063219 0.2741327663965257 0.7563166781920275 2.4196533750749724e-06 -0.00013398844893064622 -0.00017151527393659567 0.00023518006841047881 0.0 0.003804788245435195 0.2453948987717168 0.752605742982998 0.00037085143632502895 0.00027536392760030455 0.0004435296993421646 0.0006368814177940337 1.0
0.06272078383111673 0.27403592520436443 0.756177718291281 -3.0258330794150607e-06 -0.00010761780530016531 -0.00015016188264485028 0.00017144889449682 0.0 0.0041670715640881656 0.24547224758086922 0.7528730115080706 0.0004149620235671765 0.00010617062355453722 0.000314700810054569 0.0004553642479949368 1.0
0.06271604650741688 0.2739106100254626 0.7560039411565932 -9.697157777583742e-06 -0.00012634694012342003 -0.00017349498763471525 0.00021103486231737113 0.0 0.004616259496828731 0.245418843352949 0.7531700549146387 0.00048262040240565536 -8.248857556635193e-05 0.0002711560969889265 0.0005300536673883349 1.0
0.06270525294817385 0.27378645216677105 0.7558601412389124 -1.1640713510602988e-05 -0.00012518741170446435 -0.0001480715489915364 0.00019152725249780498 0.0 0.004960574111191344 0.2452409369262545 0.7538427778899761 0.00036920751272096695 -0.00022567324754264358 0.0005790924349290886 0.000785385811122171 1.0
0.06270759239161916 0.27371528091185543 0.7557732557289972 -2.3335246583091137e-07 -7.997057682209983e-05 -9.400363997513246e-05 0.00011375676692835065 0.0 0.005557674552571071 0.24553139403277935 0.7544865769735105 0.0005237731074897846 0.0001875639460982829 0.0006876950607317351 0.0009332670956041526 1.0
0.06271932084246806 0.2736752453997481 0.7557163605412728 1.5042385933143544e-05 -3.48957145815435e-05 -4.842047988305246e-05 6.811538531553633e-05 0.0 0.006227662109948638 0.24594232438438207 0.7550834700852644 0.0006588700633495885 0.00047583952283551266 0.0006610389426291347 0.0009792899927765883 1.0
0.06272382055504 0.27361441821889326 0.7556637548442343 9.225558731140145e-06 -4.7109099395648e-05 -4.0949214913158535e-05 8.05099358888647e-05 0.0 0.007128081990805196 0.24657974861430634 0.7554891251421703 0.0009098266632931943 0.0007076168437834681 0.00043783482626306866 0.0011654508319227795 1.0
0.06272801297061037 0.2735392723555261 0.7556019136365519 3.665889768353078e-06 -7.411794088180395e-05 -5.9663662187518063e-05 0.00010148367271091996 0.0 0.007812737796219065 0.2471593599834551 0.7557532396772851 0.0007734114183173531 0.000659449891077236 0.00022358106317226688 0.0009512590561485685 1.0
0.06273583470424819 0.2734720544083713 0.7555384130402705 6.16826651673033e-06 -7.391951054916526e-05 -6.846679912524576e-05 9.013170132654777e-05 0.0 0.008181009394713725 0.2475808250002127 0.755758436009471 0.0003928690134521276 0.0004219824977718479 -4.444009835865019e-05 0.0005515769557924423 1.0
0.06273389907699792 0.2734037106449773 0.7554634639114726 -2.451526878719741e-06 -7.847152382306415e-05 -8.534931604120758e-05 9.97077697813545e-05 0.0 0.00834824434096568 0.24772529309143035 0.7557079376403565 0.00010236741553552387 9.274944100925298e-05 -9.118929750181603e-05 0.00022111623058532074 1.0
0.06273578194173722 0.2733402565793095 0.755368095323007 -3.5429886785161154e-07 -6.473754273668647e-05 -9.587274894719597e-05 0.00011597888678257652 0.0 0.008515855130156588 0.24761065644886204 0.7556206915740921 6.323544144820088e-05 -0.00018141270265399886 -7.280464586452846e-05 0.00022787701926270387 1.0
0.06273494577846504 0.27328927405665954 0.7553048478816166 4.244759023604472e-07 -4.556729016503522e-05 -6.789417040867492e-05 8.258954479224156e-05 0.0 0.008577092849635344 0.2473739729974746 0.75551306579659 6.776948100398596e-05 -0.0002730756910487752 -8.801004315318179e-05 0.0002768631355489836 1.0
0.06273631741289 0.27322326101598426 0.755238630107451 1.5726439649917085e-06 -5.853865691341568e-05 -6.066278366328541e-05 9.135921393986646e-05 0.0 0.008655691954586904 0.24704902739895926 0.7554020831886608 0.00011235001174389372 -0.00033526671279196225 -8.282369805332564e-05 0.0003425089756936762 1.0
0.06274933729710364 0.2731379605209137 0.7551627585794394 1.1404367537163354e-05 -8.513065944514204e-05 -6.944471088654488e-05 0.00011583338857023079 0.0 0.008663564264179874 0.2468095133078228 0.7553857838295045 7.294640825303538e-05 -0.0002227132159699768 -1.6124888123296324e-05 0.0002377855598038347 1.0
0.06279848491851547 0.27305190524655276 0.7550988747855916 4.6434996882954436e-05 -9.19326207746252e-05 -6.504341083457538e-05 0.00011919492465492474 0.0 0.00865869579662193 0.2465972465381616 0.7553736535955288 -4.782454090059766e-06 -0.000168490970691398 1.2741286668275739e-06 0.00020910904090814348 1.0
0.06283078142723829 0.27294308488006525 0.7550227903629816 4.1455602737387645e-05 -0.00010905203325527126 -7.489947654465705e-05 0.00013491600262462313 0.0 0.008720670938314476 0.2463603454388218 0.7553373536891848 3.1444023418247856e-05 -0.0001929429422999183 -3.3367016371846825e-05 0.000254112460179705 1.0
0.06285217005740736 0.2727820397238598 0.7548760732310482 2.4245282927727988e-05 -0.00015686698672605793 -0.00014025425980028998 0.0002181689765820704 0.0 0.008904227774622053 0.24606597536121183 0.755309724462107 0.00016814522245506888 -0.0002842735140088033 -3.317692159985662e-05 0.0003505555023266552 1.0
0.06282759172275278 0.2725736649744071 0.7546549112235938 -2.2625224552796307e-05 -0.00020848682786942945 -0.00022272238930828685 0.0003075388591489172 0.0 0.009186363817578863 0.24545059473180894 0.7550788104998196 0.00029944362681321357 -0.0005979285132086007 -0.00021456499460737298 0.0007115655466636074 1.0
0.06281375789247336 0.27240318068351355 0.7544455778943143 -2.7733628138890904e-05 -0.00018601021796004846 -0.00022800615477630538 0.0002705220444987449 0.0 0.009112270766631998 0.24457199365058865 0.7549350315688429 4.851714934437143e-06 -0.0009117209207474824 -0.00019419106323840163 0.0008970893473864156 1.0
0.06281023700745085 0.2721766161139153 0.7541376148685514 -1.0745582363109423e-05 -0.0002177424698639246 -0.00030145942763398737 0.0003767092311991021 0.0 0.009475431805641778 0.24343224095467478 0.7546310817063788 0.00025992383608572345 -0.001186296875759255 -0.00029299339256929843 0.0012280598179154106 1.0
0.0627644539963832 0.2718542334117435 0.7537886668585932 -3.4063556691510566e-05 -0.0003067092982122532 -0.0003489393816980432 0.000482268422844233 0.0 0.010399921740994581 0.2426825479879767 0.7536929720396319 0.0008417629561467189 -0.0008604596458377238 -0.0008524574531205 0.001516794585145098 1.0
0.06269752471453159 0.27158182191036656 0.7535012852025639 -6.077016838797684e-05 -0.00029059880367827723 -0.00029967925259530623 0.0004048015502291368 0.0 0.010435070544289625 0.24187771044974327 0.7530942618354091 0.00027170387719812933 -0.0007369514555590306 -0.0007375687987786435 0.0010138395937036352 1.0
0.06265175206092301 0.2714051766485636 0.7533254651873902 -5.4756834064668394e-05 -0.00019495967368945836 -0.0001823147600546525 0.00024653127153907207 0.0 0.010807106697139439 0.24190395231236483 0.7525059410485679 0.00029359090607172675 1.4781050174342172e-07 -0.0006098994542164345 0.0006759555332621565 1.0
0.06256526677679386 0.27107276416993586 0.7529990813090739 -8.252054532569785e-05 -0.0002923459407928679 -0.0002782042987389651 0.0004691755684820291 0.0 0.011711669935521326 0.2416954021384628 0.7515901925490598 0.0007693331151778851 -1.765581463559976e-05 -0.0008175309645320426 0.0013031118802189568 1.0
0.06251708169683039 0.2708886471987123 0.7528086400963004 -5.7248421152741985e-05 -0.00020542803358824095 -0.0002101256813799426 0.00028829347861552125 0.0 0.012306182419740137 0.24172047633922797 0.751118735899283 0.0006742879853717467 2.781255038291028e-05 -0.0005223713206943756 0.0008079143859457947 1.0
0.062488036813940794 0.27075371388159747 0.7526647226514593 -2.4850310264649738e-05 -0.00013238488056064148 -0.00014956091630634793 0.0001849583721333507 0.0 0.012765074381182445 0.24166613485427194 0.7507317553976243 0.0004989884681203188 -8.495331889540251e-05 -0.0003412103350216441 0.00055637581515823 1.0
0.062454009443643904 0.2706348974097732 0.7525352040644198 -2.4818485868238328e-05 -0.00011241141494926544 -0.00013079650740223552 0.00017519920716186689 0.0 0.013039024426180018 0.24143899574099226 0.7504783052353496 0.00031881291608119617 -0.00027856027291106036 -0.00024325211294361074 0.00042731744451795616 1.0
0.06242102776203913 0.2705261678651431 0.7524224700750116 -3.2510941115272544e-05 -0.00010374031867957056 -0.00010740627612675844 0.00017007903481290636 0.0 0.01334076559619547 0.24120760375358155 0.750270407213564 0.00022485434816578442 -0.0002909236883227044 -0.0002046633235330171 0.00046308162988986873 1.0
0.06239711487070841 0.2704486779548175 0.7523443268267501 -2.7140991912247564e-05 -7.528241744968618e-05 -7.436048160040012e-05 0.00011373918482166087 0.0 0.013608409680605683 0.24115320853358 0.7501306301252038 0.0001674680207244257 -0.00011315935097470236 -0.0001135141534288432 0.00031054847397526367 1.0
0.06236900029424566 0.27036386599286566 0.7522686540804593 -2.942588618945216e-05 -8.774403094590066e-05 -7.627480722117045e-05 0.0001071157803736694 0.0 0.013779213241142226 0.24112147744454088 0.7499851922013165 0.0002420018180090641 3.669408331114464e-05 -0.00017351052888826064 0.00020160859703389307 1.0
0.06232484232606939 0.270244636854316 0.7521624695658589 -4.59367422104055e-05 -0.0001300590694437556 -0.00011488504653439232 0.00017171113457181187 0.0 0.013780732233705203 0.24104730001135688 0.749793923225817 7.75579208055462e-05 -3.9548553825578064e-05 -0.00022478927852604742 0.00021696447258770935 1.0
0.06227203046321858 0.2701101902922811 0.7520308572590787 -5.149348668523229e-05 -0.00013044262484026198 -0.00012572448708520265 0.0001965413054603739 0.0 0.013769031589297435 0.24094430087957852 0.7495936728892592 -5.17751186910675e-05 -6.876210789628101e-05 -0.0001918665104258619 0.0002263524125489288 1.0
0.06221605140286556 0.2699850415389332 0.751886063197302 -5.821543312823132e-05 -0.00013322945728327668 -0.0001517505897722305 0.0001974689689743249 0.0 0.013966645763815606 0.24077861733128011 0.7495505947243797 0.0001384773533470502 -0.0001856137027429184 -7.783954917692433e-05 0.00026276827891703544 1.0
0.062152801711780004 0.26987000367277003 0.7517615047349733 -6.452368823395472e-05 -0.00011813402207283468 -0.00013488694969697535 0.00017971837735005533 0.0 0.014285479736471113 0.24072968844855197 0.7495569983077234 0.00032823547359056495 -0.00010812369224203756 2.384710808902256e-05 0.00031873034347954237 1.0
0.062007942758656016 0.269657943949147 0.7515308920478339 -0.00013290752695795989 -0.000191590490902443 -0.00021096471422036355 0.000344596376311412 0.0 0.014767907990221433 0.24061381261681047 0.7495948311603776 0.0005283100300438762 -9.778610812285403e-05 6.665074961553503e-05 0.0004980113492609451 1.0
0.06175795172737899 0.2693031693115894 0.7511286568114144 -0.0002446169842936227 -0.00034029237160440975 -0.00038300387817293815 0.0005960302766143886 0.0 0.01504241880830565 0.2402353669444837 0.7496849648174436 0.00035689971082600275 -0.00031786484309036863 0.00010303667293268511 0.0004808410446023044 1.0
0.06152726321710336 0.2689703169221221 0.7507737451666466 -0.0002572377436821249 -0.00036752656330030047 -0.00039473594238474593 0.0005416543250782735 0.0 0.015210062192905034 0.24006468317530966 0.7497196805874101 0.00015021889576969754 -0.0002349601075940456 4.034911158494943e-05 0.0002381350559054769 1.0
0.061022984608673066 0.2683622991409387 0.7501454116122412 -0.00047570080704503227 -0.0005873484184103772 -0.0006063201479342794 0.0009931580124531907 0.0 0.015500747602687732 0.23976519635118948 0.7498125743880604 0.00019108616188612439 -0.0002913440324586686 6.123264433342015e-05 0.0004179886764306386 1.0
0.060476603985464346 0.2677589845697643 0.7495606971880547 -0.0005692765216484318 -0.0006335036064034004 -0.0006176754001477974 0.0010201555548605115 0.0 0.01571293785057082 0.23949408756550616 0.749935335141129 0.0001987956259288677 -0.0002740858502508086 0.00011046882977196358 0.0003835383436188701 1.0
0.05959989011507188 0.2666044872734879 0.7495882215386448 -0.0008522903513443987 -0.0010868910022649452 -6.192165806717965e-05 0.001439551156093563 0.0 0.015685283137194764 0.23893571800892066 0.7499229383009648 2.7681587823126724e-05 -0.0005050017566201483 2.0993390112029913e-05 0.0005525598392215362 1.0
0.05873432547375119 0.2654553228942173 0.7496199583226509 -0.0009108454290342566 -0.0012146173935034315 0.0001368094343220479 0.001445948438806137 0.0 0.015880103717462356 0.23830521943206787 0.750040237080822 0.00015546282892204058 -0.0006435673344563115 8.692964001785593e-05 0.0006663495420747478 1.0
0.057745948520457585 0.2642399878383546 0.7497948677486881 -0.0009910646497917432 -0.0012544299264334586 0.0002442584180996604 0.001567572597990999 0.0 0.016347842976584932 0.23813795220136963 0.750035500532172 0.00044373076568797796 -0.0002870537238002559 1.592208719963846e-05 0.0005006864190357121 1.0
0.056733302361039246 0.26344091782682233 0.7498239167812666 -0.0010041593996677146 -0.0008523717499071756 7.871120708360336e-05 0.0012995959984054653 0.0 0.01676091702999391 0.2380219010973397 0.7500921646731622 0.00046869427080243963 -7.806383947504573e-05 4.2698099134163874e-05 0.00042715686938810473 1.0
0.05592331729396157 0.2628559394193833 0.7498809920678968 -0.0008189764490914804 -0.0005103994497784308 -3.6759805872635908e-06 0.0009902214627255997 0.0 0.01688790671719681 0.23790882945189468 0.7501568752806876 0.0002129375603544788 -1.0574973967997572e-05 6.25292712459558e-05 0.0001845438486524472 1.0
0.05530860623638898 0.2624932819451404 0.7499266769117673 -0.0006065108941695123 -0.00028324578489575186 -4.22356039836643e-05 0.000722820915214854 0.0 0.016977360090425147 0.23780279398881632 0.7502066706063355 5.875096057094369e-05 -7.712326020420877e-05 6.479340418050704e-05 0.00015048660715872637 1.0
0.054851469205133375 0.2622620864524465 0.7499738540177883 -0.0004167297609266524 -0.00018096549669773605 3.2253738724094365e-05 0.0005127546840918546 0.0 0.01682999005039655 0.23764094231386235 0.7501924249385449 -0.0002020282211300646 -0.00018324891607128624 -3.542625398609474e-06 0.00021839918778484392 1.0
0.05445188842874981 0.2620590228245914 0.7500147828465744 -0.0003718657398400168 -0.00023235644068402646 8.413419233307485e-05 0.0004541338168509493 0.0 0.016627399596775328 0.23753965667974036 0.7501771735561842 -0.0002718687267901638 -0.00018324160362663138 -3.132778952772356e-05 0.00022917450581001097 1.0
0.054228564264330606 0.26190575182631975 0.7500486008292991 -0.0002351987779945229 -0.0001966590353223264 4.3684697431011133e-05 0.0002695570113168545 0.0 0.01640549977842431 0.23741277956844373 0.7501873221261113 -0.00021173296096955739 -0.00013616482893016098 2.7415901877653114e-06 0.0002519883762639415 1.0
0.054065911996453414 0.2617611490857904 0.7500667881240773 -0.00018394491252284918 -0.00018393454893580108 2.8719062915795072e-05 0.00021501603772903079 0.0 0.01614258667887138 0.2372240839571291 0.7501912556699505 -0.00021726772635270714 -0.0001449053755808897 -3.4208776373446253e-07 0.00031986469258753035 1.0
0.05393970319527573 0.26161072397043955 0.7500734122622138 -0.0001372583011397539 -0.00014723220742754732 -4.509609073469672e-06 0.00019774239829250455 0.0 0.015703575664220808 0.23684612359371812 0.7501986819070274 -0.0003982823482962585 -0.00035501386344456373 2.05702390535595e-05 0.0005843825363837515 1.0
0.05380852180337647 0.2614066262844092 0.7500907451758183 -0.00012517059726716592 -0.0001978967010517139 1.4817792917490033e-05 0.000246399582916116 0.0 0.014698411131166446 0.23595370670078222 0.7502195373461611 -0.0009482760556398014 -0.0008542155348459538 2.532987835771416e-05 0.0013429613763487097 1.0
0.05367208257090679 0.2612432642804878 0.7501153680122424 -0.00014102162300534682 -0.00017011069014235354 2.4098723349120035e-05 0.00021484622147068867 0.0 0.013626862274447362 0.23490487655008102 0.7501392169904346 -0.0011570549828522326 -0.0011245219124614504 -6.631562687268609e-05 0.0015155207156890655 1.0
0.05354766521312205 0.26114552922777234 0.7501213074890235 -0.0001384424259609472 -0.00010406429105320802 1.3146539189695516e-05 0.0001537632631677606 0.0 0.012850772681474889 0.23453570762800316 0.749861760189921 -0.0009065874930777746 -0.0005463720624108706 -0.000268520902045323 0.000889839171832208 1.0
0.053431344433288 0.26106430041089235 0.7501348432478698 -0.0001229424063956582 -6.811734538003544e-05 1.2805269923409325e-05 0.00014342032118953938 0.0 0.012464912688330356 0.23436444694663983 0.7497167504161367 -0.0003912804916580486 -9.472648167073916e-05 -0.00020396146164468166 0.0004234589218605361 1.0
0.05334162563062717 0.26102324355650164 0.7501479058974351 -8.188977831223446e-05 -2.7606976611231534e-05 1.1671895617889568e-05 0.00010223746803508354 0.0 0.012334638397133977 0.2343695360541197 0.7496516939263124 -8.894125894539138e-06 0.00015331054954113906 -8.120807875589025e-05 0.00016889952999017398 1.0
0.05320039128431649 0.26097253746033483 0.7501754839597828 -0.00012435416532428258 -3.9812117723439386e-05 2.375458893685372e-05 0.00015164630739315197 0.0 0.012407570123276151 0.2351056527283851 0.7496016879432486 0.00018402178985702834 0.0007401951928003944 -1.7271390529260343e-05 0.0007527662836331103 1.0
0.05313476719455353 0.26094794806561283 0.7501966325410561 -7.836486679426913e-05 -3.431674227883055e-05 2.41631394760162e-05 7.44508703085804e-05 0.0 0.012613699660601201 0.23574709602612343 0.7496288233366064 0.00021945213289617204 0.0007238309967244185 5.527677759721286e-05 0.0006820517720443739 1.0
0.053071605171045415 0.26093021182741816 0.7502146987444415 -6.118958136568419e-05 -2.785486074726812e-05 2.1043786339272076e-05 6.444337659546157e-05 0.0 0.012989540003216652 0.23658402926845679 0.7496795134716651 0.0002936120619409532 0.0007699346224623227 6.794472030103866e-05 0.0008856548602962315 1.0
0.053026746525573924 0.26092195270846763 0.7502238202445295 -4.158156507922127e-05 -8.399684829959233e-06 9.227793493705118e-06 4.815665121891434e-05 0.0 0.013222504278952845 0.2374754359013492 0.7498548692124195 0.00022692490906129834 0.0008479245615709906 0.00014593601858972903 0.0009431667403429307 1.0
0.05297733405609924 0.26090845846897315 0.7502262226494506 -4.28485879923721e-05 -8.884268064693942e-06 -9.6029790272761e-07 5.238853350739831e-05 0.0 0.013433362027175696 0.2383131323755478 0.7498747907769829 0.00018959124201254718 0.0008402598396902205 3.8473257392737463e-05 0.0008752164308561249 1.0
0.05287852367865237 0.2608476233284881 0.7502225721615066 -9.213684851347507e-05 -5.446775757067872e-05 -5.0220997968401265e-06 0.0001157930697700612 0.0 0.0139508656841374 0.23950910356891633 0.7501085900190524 0.0004481232542351628 0.0010986753608478105 0.000196860557939114 0.001320920125404238 1.0
0.05277740034385223 0.2607757519535063 0.7502068840484225 -0.00011302996831593715 -7.76992792241338e-05 -1.4971581137022906e-05 0.0001249147406376277 0.0 0.014062224308251587 0.2406087908560034 0.750191036582984 0.00019795974734740043 0.0011533779001628107 0.00011160183951323724 0.0011178898552735947 1.0
0.0526574268846038 0.2606919952026695 0.7502059902981046 -0.00012991651598636463 -9.1805606480137e-05 -3.237199245640367e-06 0.00014588079006172598 0.0 0.014559919281100168 0.24161348191473006 0.7507468347859902 0.0004333792478708648 0.0010778573765729584 0.00048019113970754657 0.0012382597720668547 1.0
0.05256568824921011 0.260660884574729 0.7501964851345769 -9.460612045634879e-05 -4.0182244417186424e-05 -6.653854855702077e-06 9.692284714160959e-05 0.0 0.015072805599345493 0.24240891571482753 0.7513185470359839 0.0005388439634481524 0.0007911830413228634 0.0006260682720065098 0.0011057771608621323 1.0
0.05247217466277872 0.26062798033314216 0.7501741010024083 -8.666073765724808e-05 -2.1477868136398307e-05 -1.8953888940312476e-05 0.00010121274442711971 0.0 0.015676535746517138 0.24314848290722488 0.751972786747811 0.0006274361945280192 0.0006919454885992582 0.0006972887818818975 0.0011616437110509971 1.0
0.052388837227987886 0.2605549462655466 0.7501468994809255 -7.556392259941918e-05 -5.520144514640479e-05 -2.8305342037979273e-05 0.00011592390596778316 0.0 0.01625671603557023 0.24367180354993537 0.7523916090014572 0.000597364874302849 0.0005012129524162959 0.0004704138280481991 0.0008944054911311394 1.0
0.052314647441176934 0.2604568029764992 0.7501312129115153 -7.215858969013438e-05 -9.829300901915524e-05 -2.022184026924739e-05 0.00012403351430380954 0.0 0.016701948489712518 0.24400586833731244 0.7526573832649153 0.0004691373448280781 0.00033344869008818914 0.00022170607589069768 0.0006017885890847173 1.0
0.05220132118275281 0.26025774827295056 0.7500888445511104 -0.00010958730083948526 -0.00020014080461148618 -3.841920323070778e-05 0.0002311414799857136 0.0 0.016882717533954913 0.244184306081065 0.7527252762281469 0.00018551184120465755 0.0002014349797445856 1.787035806483275e-05 0.00027070080203968165 1.0
0.052065209945170145 0.26000698879793893 0.750080576072708 -0.0001396933441582616 -0.00026604477308061174 -1.451502687897281e-05 0.0002873166370799766 0.0 0.01681566816171845 0.24426477815435702 0.752605439048502 -0.0001280197972303889 6.763161059562101e-05 -0.00016425623066091771 0.00015524596715032102 1.0
0.051825257860329016 0.2595744256990936 0.750021980054542 -0.00023561523642069975 -0.00042395790528784646 -4.714913344919499e-05 0.0004959390676112723 0.0 0.01678937951819067 0.2442848825201957 0.7523580312656939 -7.810835658788298e-05 1.6057962515390834e-05 -0.00023269315417215363 0.00025747368167294013 1.0
0.05161799134725429 0.25920194602618984 0.7500247396839541 -0.00022907747362840028 -0.00040328177445269936 -9.9883001576508e-06 0.000430937569366731 0.0 0.016847995464719257 0.24426047270010637 0.7522678490236385 3.6900186624556604e-05 -1.5894162558047122e-05 -0.00011760494737800753 0.00011089869091861324 1.0
0.0512868218464164 0.2586960477686003 0.749950665917012 -0.00031911446780650193 -0.0004888361877224924 -6.011535990155977e-05 0.0006004672111929391 0.0 0.016985527931414675 0.24418466356699 0.7520875415084171 0.0001862912504010419 -5.256564143602232e-05 -0.00012067582368963331 0.00022710902037052154 1.0
0.05079829276564212 0.25789997492534883 0.7499392063968316 -0.0004735796098442636 -0.00075533212367536 -2.4873648756398755e-05 0.000938845839046678 0.0 0.017100855634620285 0.2440813415272894 0.7519056379052982 0.00018618819125974166 -0.00010242017593336259 -0.00015540939437018724 0.0002443011325162645 1.0
0.050233682788148 0.2570761031946083 0.7498982779934265 -0.0005785689166149719 -0.0008566753708278268 -3.466074240605701e-05 0.0010081308427255904 0.0 0.01714327780871328 0.2439890915166195 0.7516973646982233 7.111062577155067e-05 -0.00010135247933070683 -0.00019585322697288147 0.00023616481278987574 1.0
0.04953098965486207 0.25616233481998923 0.7498996954459344 -0.000709067438083244 -0.00093570695833124 -4.38215129092901e-06 0.0011414168116441067 0.0 0.017194678218801874 0.24385172500055818 0.7514358154092081 9.50906468356194e-06 -0.00013323522304697135 -0.0002727290441667575 0.00029479948601542874 1.0
0.04852741772389195 0.25507017275825516 0.7497702832973074 -0.0009820419212431032 -0.0010781695505448447 -0.00010416814607400564 0.001484454601872109 0.0 0.017230133206491707 0.24365788882997336 0.7510440912897391 -2.684555420264743e-06 -0.00018848629239247414 -0.0004021311454642916 0.00043872681280305074 1.0
0.04782698842841569 0.2539137889215043 0.7497877101277866 -0.0007846869351456933 -0.0011583791575141597 -1.9592219339128675e-05 0.0013711988730245863 0.0 0.017106092166682164 0.24342296195290106 0.7506836573759895 -0.00010578384784825998 -0.00023921529249598786 -0.0003919950349923646 0.00045496733327985193 1.0
0.04704567365885015 0.2523218516511539 0.7499039520047354 -0.0007386934135858674 -0.001526546535002788 0.00010927616483626993 0.0017569602307177423 0.0 0.016882463155352967 0.24312736951170724 0.7503028849692145 -0.00022018102758022533 -0.00030080274359677115 -0.00037468049665284066 0.0005220685758610768 1.0
0.04605792073677849 0.25093873021408847 0.7502586021014847 -0.0009209553032639745 -0.0014778318083928496 0.00034547254672106435 0.0017493416791449226 0.0 0.01678188569090111 0.2427913614315259 0.7500919324015447 -0.00013977887399569248 -0.00034411383197006197 -0.00023316674779498976 0.0004136883974976306 1.0
0.04469794816009097 0.25024004795019134 0.7500324340053639 -0.001316785336698486 -0.00081458305374323 -8.557140266037877e-05 0.0015449019088366748 0.0 0.0170440880433137 0.24237105121884936 0.7502501112904251 0.000216029881950536 -0.0004142795338506569 0.00014435899635195754 0.0005163868335641567 1.0
0.04277629537386399 0.24963100129402754 0.7500511929161797 -0.0019240736723146268 -0.0004786235904451043 -7.308196393079193e-05 0.001998817509989677 0.0 0.01739552998877379 0.24195725413319838 0.7504023403149102 0.00041574333743245843 -0.0004214307961907398 0.00023351818649879392 0.000569796990937784 1.0
0.040363380559662716 0.24953383127066217 0.7500910228852768 -0.002494919946956849 -3.303881341970528e-05 -1.69323609121843e-05 0.002435731158049785 0.0 0.01774215514454607 0.24162972275604047 0.7505587861851062 0.00042824834997639037 -0.0003423970456248061 0.00019630365180956937 0.0005015760503053077 1.0
0.03857073588629739 0.24963765341397273 0.7499662312383941 -0.0020161294658677708 0.00016729804418488033 -0.0001102344151714803 0.001814943363536522 0.0 0.018010133657510148 0.24138430342191816 0.7506577629823392 0.00028758658319382266 -0.00023843102307669818 8.386930587018002e-05 0.00037185316202985384 1.0
0.03712459837084903 0.24940409261240934 0.750224705346648 -0.0013921138628037353 -0.0001767276994857909 0.0002240617554118807 0.0014380624471829464 0.0 0.01828404280220284 0.24118618724382043 0.7507468629468197 0.00020692682333490383 -0.00017369190050050773 3.630318728600713e-05 0.00034687591109390276 1.0
0.03607243172758072 0.2492479625054831 0.7502022315687593 -0.0009024283775953087 -0.00029370432762968975 8.6615609636969e-05 0.0010846844334066593 0.0 0.018577766461469983 0.24101853813462848 0.7508462994733168 0.000232850163203885 -0.00015212479125807188 5.344218284054713e-05 0.0003613250486002775 1.0
0.03487749547163101 0.24924920318424576 0.7494474137021424 -0.0009921475144571714 -9.779058505724673e-05 -0.000645985250027495 0.0014303366210790139 0.0 0.01920632540488041 0.24089355923608513 0.7509743168009688 0.0005820907877318337 -0.00013141145381799203 0.00013267655234270177 0.0006488800942688234 1.0
0.03479016218155683 0.24933705206682544 0.748717201759426 -0.0002487726438333967 8.992427541833822e-05 -0.0009018015805775234 0.0007529794784349559 0.0 0.01935832202098918 0.24095537287334284 0.7508698320378719 0.00030147874492281244 2.379206611109459e-05 -3.5309618285091064e-05 0.00020521425025699563 1.0
0.03440981009885894 0.24934544540368486 0.7481076896545715 -0.00032223113179653015 6.451890804028951e-05 -0.0007146416313427186 0.0006729939510597771 0.0 0.019427349971449147 0.2409393548271798 0.7508495768468599 6.692340689750347e-05 1.43998425847574e-05 -5.5922124454958e-05 5.0500002122785e-05 1.0
0.034096187197831494 0.24931284003832488 0.7477260510868251 -0.00033855868544301016 3.0249353345434822e-05 -0.00039996081521751734 0.00051563113578804 0.0 0.019446037114154744 0.2409371565070601 0.7508650082850917 -4.5578666788099456e-05 5.6825545182665545e-06 -5.049111865669043e-06 3.326382104717877e-05 1.0
0.03386899263124471 0.24922302700980725 0.7474451675822711 -0.00024797680050416774 -0.00010087794070789681 -0.00017167070257418884 0.0003810760345889564 0.0 0.01944882600196026 0.24094764149683615 0.750873352325445 -5.000025408934491e-05 -1.0919957493777483e-07 1.710089185027555e-05 2.7921008871122565e-05 1.0
0.03364749751560855 0.249120440712951 0.747152630374103 -0.00026918164489477437 -0.00016065688441591926 -0.00015474269467180617 0.0003782205270131875 0.0 0.019363664128046094 0.24090021830534228 0.750866184231551 -6.797107898110597e-05 -5.358876832155712e-05 1.6084462420653652e-05 9.136893970817947e-05 1.0
0.03343633499599099 0.2492047901146909 0.7468384277356828 -0.00024609601314269365 5.240851950678811e-05 -0.00032625130547969216 0.0003773146578365863 0.0 0.019306648686491346 0.24084402811014177 0.7508884026686495 -2.647498217572369e-05 -6.978438880523208e-05 2.893154531099819e-05 7.346387095402419e-05 1.0
0.0332093278587342 0.24948609015042097 0.7463086882792151 -0.00022332541355425434 0.0002995382903955491 -0.0005874548093359149 0.0006514838122202546 0.0 0.019312298750085707 0.24083774455885684 0.7508798355435089 3.071590619275832e-05 -1.4650447111336402e-05 -8.47030108861951e-06 1.9251324822590343e-05 1.0
0.03307618383301518 0.24978127467889363 0.7456904954880226 -8.005407771399342e-05 0.0003595857872752107 -0.0006681450104127926 0.0006961202035414985 0.0 0.019343043311955074 0.24083142092532708 0.7508870482232116 1.2632796444901726e-05 1.1261237504000678e-05 -1.5700593598895856e-05 2.778094380453315e-05 1.0
0.033062152132111576 0.24998411629162645 0.7452518994119297 -4.929064227851004e-05 0.00024289443689726314 -0.0005044953631877564 0.0004831100002422016 0.0 0.019386100472507335 0.24084075802355157 0.7508737882870635 5.654336210649921e-05 1.1634579672753189e-05 -4.215256276058561e-06 5.091406599139596e-05 1.0
0.03307852137917435 0.25005162919402085 0.7451126349452839 4.2679389778625015e-05 5.712067928930303e-05 -0.00014879473569836394 0.0001482744373460875 0.0 0.019427822218714252 0.24084206414046117 0.7508651648493964 4.8731420212547164e-05 1.1562020275524304e-05 -8.927939794897236e-06 4.3642481599654985e-05 1.0
0.03310124062126792 0.25007207840360196 0.7449949125391369 4.711286152390298e-05 -4.204051366405764e-05 -2.7864086479079543e-05 0.00012201466584961794 0.0 0.019439280930224758 0.2408457454794227 0.750873262580863 8.550564126183237e-06 1.849788684512186e-06 3.6900026884964967e-06 1.0373847267770978e-05 1.0
0.033101700614403054 0.2500421115133969 0.7449942069940679 1.39673967043189e-06 -6.785452196266401e-05 4.910589922560522e-05 4.57553488184184e-05 0.0 0.019424219142801766 0.24083808365531442 0.7508802372629223 -3.023413356480085e-05 -1.523458879810943e-05 1.0030615263218391e-05 1.7973471078291188e-05 1.0
0.03310696567785578 0.25001976078233995 0.744994051471629 -1.6263286718021317e-05 -1.7901143942616307e-05 1.1285172987025621e-05 1.5147800791581831e-05 0.0 0.019415940295981936 0.24082969113873867 0.7508794148145156 -1.870014905341068e-05 -1.2149420002580514e-05 4.963589398158008e-06 1.479009835189874e-05 1.0
0.03311001045764312 0.2499848508202733 0.7449937298846563 -1.4320381038802898e-05 -3.684943433635292e-06 -4.392190777369973e-05 2.88213555929584e-05 0.0 0.01939980672494909 0.2408258130279062 0.750882625570454 -1.409871548784419e-05 -3.1592269545749807e-06 5.051502371172341e-07 1.5985632337418867e-05 1.0
0.03311387884940733 0.2499690984787506 0.7449942083573513 6.113010691419593e-06 -8.187659537189397e-07 -3.683019957718362e-05 1.9122977819969198e-05 0.0 0.01939737756419935 0.24082235538119745 0.7508758747964511 -1.3317756882859367e-07 -2.614137628322222e-06 -6.335895663109711e-06 7.529820595447694e-06 1.0
0.033168831726356415 0.24996326866580537 0.7450011005068111 5.713745252679801e-05 -2.346712450589973e-06 3.157116008243861e-06 5.734715834593881e-05 0.0 0.01941961266962654 0.24082874378384866 0.7508631404507953 2.5779355272898033e-05 7.606405159974023e-06 -1.5720414856571742e-05 2.5858951389994017e-05 1.0
0.033215378718345324 0.24996626754635093 0.7450560882840321 5.873176748643083e-05 2.7329795897128675e-07 5.944970302223314e-05 7.107306614999981e-05 0.0 0.019465514609826883 0.24082169100822898 0.7508476994625051 4.970971921349571e-05 -3.2028830449783825e-06 -1.614199259792347e-05 4.999438699468004e-05 1.0
0.03322377692961169 0.24991059037413713 0.7452288823666542 1.9235185985514968e-05 -4.729742789785181e-05 0.00016401970457929527 0.0001821749307823009 1.0 0.01951190520157098 0.24081663126084574 0.7508382925538107 5.0883430813613706e-05 -6.110353452252267e-06 -9.832427912784223e-06 4.7679831759105786e-05 1.0
0.03323660025397208 0.24977608944876412 0.7455506062450337 4.2884263726702265e-06 -0.00013482317018081037 0.00033136307753963996 0.0003491845460352303 1.0 0.01952348821621079 0.24079521805813317 0.7508406021536426 1.6967616766900304e-05 -2.16912698555375e-05 1.716236178747202e-06 2.3730148154704005e-05 1.0
0.03326703610998613 0.24965647392355875 0.7457707006083921 1.9590135538571767e-05 -0.00014195784618248412 0.00026919131902271683 0.0002556262879180849 1.0 0.01951702211643673 0.24077167874574792 0.7508530438387094 -1.1705871883615697e-05 -2.6340265665290665e-05 1.4254651510981225e-05 2.6588685537189123e-05 1.0
0.033296235030885135 0.2496553833947394 0.745791375898708 2.835569758823018e-05 -2.8087221962731937e-05 4.75809984901754e-05 2.954612695179797e-05 1.0 0.01958929829280442 0.2407668654940543 0.7508426157584825 4.928185534390167e-05 -9.102497277210197e-06 -3.1651519575930983e-06 7.448955424716243e-05 1.0
0.03331602270199238 0.2496483172514014 0.7457941180384551 2.6852959744777524e-05 1.8130224372360695e-05 -5.0331473913908425e-05 1.6986722793498237e-05 1.0 0.01963968296791619 0.24077742404659658 0.7508374359180372 6.095185429917958e-05 1.174619723040226e-05 -8.874397201144381e-06 5.3343226937452514e-05 1.0
0.033353028134758045 0.24948437334774362 0.745946945681575 3.985251264675362e-05 -0.0001151251434793283 8.061436198330809e-05 0.00023730571275731296 0.0 0.019662041738502938 0.24080258400021035 0.7508440266851645 3.739556167743978e-05 2.967617321203055e-05 8.868884946052371e-07 3.144362883500964e-05 1.0
0.03342732260695855 0.24920567417536965 0.7461827422984141 6.810291560354476e-05 -0.0002783506892684665 0.00024102484078476302 0.00037800392444576497 0.0 0.019695175461876893 0.24081742395708713 0.75083929495944 3.146684860718259e-05 2.093688646299859e-05 -3.0684493463547774e-06 3.617610468979695e-05 1.0
0.03346766674356451 0.24909469050351252 0.7463197684906872 4.827461583134431e-05 -0.00018542534941510486 0.00021511234632445777 0.00017266057320810337 0.0 0.019703750544750754 0.24082146016647413 0.7508435078194002 5.043255945392585e-06 4.671506530541397e-06 4.239823197945314e-06 1.3041270716111962e-05 1.0
0.03363380531254911 0.24882615571073774 0.7466551662686773 0.00014917128257812686 -0.00025240273856871756 0.00033475078443959486 0.00044582370493241347 0.0 0.019753009974489574 0.240806789414982 0.7508343050089191 3.389212378980137e-05 -1.903866902116467e-05 -5.085124868978909e-06 5.080511589792256e-05 1.0
0.033853246489940834 0.2486865541933926 0.7469257856738778 0.00022612549616301387 -0.00014512517759085377 0.00027867491648291383 0.0003979083072943727 0.0 0.019804711914016428 0.24080787953154056 0.7508388054896828 5.659944061842378e-05 -8.157986987507728e-06 1.1499181411119323e-06 5.2499067629321075e-05 1.0
0.03406137825517133 0.24851977616846926 0.7472158951768901 0.0002275690679643135 -0.00013066417278553998 0.00026713182407926716 0.00038897621458973424 0.0 0.019831206659969187 0.2407942499940799 0.7508327984240004 4.2693271299605996e-05 -1.08070954402218e-05 -5.920257065745014e-06 3.0284242255220787e-05 1.0
0.03414003297376546 0.24840580318659156 0.7473167470885337 0.00010068333817770382 -0.0001133076892625019 0.00012117234270738703 0.0001657893190490603 0.0 0.01992618702255235 0.2407477110785232 0.7508170327740378 8.201520460076899e-05 -3.919647636170555e-05 -1.3742192790757093e-05 0.00010466944638645167 1.0
0.03414559503049369 0.24836720456256256 0.7473168181493438 -1.1291033287969902e-05 -5.5941623706741065e-05 -9.358980545646907e-06 3.651246468495324e-05 0.0 0.020001196454210623 0.24071070717085022 0.7508093216150211 8.090658015462456e-05 -4.0970888202162124e-05 -1.0150725702014236e-05 8.79225929621562e-05 1.0
0.03416669871987468 0.2483685190731328 0.7473497142793357 -2.0426658480938234e-05 5.523357740958311e-06 -1.4218613971578661e-05 4.6975999595943904e-05 0.0 0.02005750815411238 0.2406816316023441 0.7507986879694293 6.152224749106301e-05 -3.319011971146775e-05 -1.118128143976415e-05 6.257719216938694e-05 1.0
0.03427700835395259 0.24902257239888684 0.747629863720575 8.354399914090916e-05 0.0005807268760557945 0.00023273998990803378 0.0007127184619060384 0.0 0.020182573116390427 0.24058714964647368 0.7507934268766339 0.00011019953030583437 -8.36252279087193e-05 -4.980391712636099e-06 0.00015356067503314845 1.0
0.034441180336614585 0.2494666990017952 0.7480359741498837 0.00019220881584214176 0.0005561854635805143 0.0004573556845560479 0.000647185710479569 0.0 0.02028238314207729 0.24053022154633996 0.7507753320156265 0.00010975531978005662 -6.767912678603069e-05 -1.5119094871811288e-05 0.0001224664025978407 1.0
0.035189468110508305 0.24993899382620868 0.7491397038519442 0.0007064138161849074 0.0005154830202602688 0.001074449207332151 0.001377343093897854 0.0 0.020359453877163296 0.2403622271024734 0.7507513657237697 8.106561079703381e-05 -0.00015151746198285255 -2.3069672304825295e-05 0.00018245480778871864 1.0
0.035649651779849176 0.24978816852219088 0.7494201903929123 0.000595796771850156 -9.710522122146657e-05 0.0005202935737112461 0.0005919674318606975 0.0 0.020437503445812428 0.2402839550255299 0.7507257044591401 7.26755182965426e-05 -0.00010441040021457007 -2.891841525378034e-05 0.00011416029293259675 1.0
0.03628009852518741 0.24904699557700485 0.7497889447435405 0.000618489918129569 -0.0008023891347637821 0.0002865881887077947 0.0010024284610226097 0.0 0.020521157534676853 0.2402204824795264 0.7506877823786042 8.073731483835547e-05 -6.353794642582557e-05 -3.813370218458456e-05 0.00011062369261179053 1.0
0.03664471819432267 0.24853786581113255 0.7498622803480737 0.0003730359112658404 -0.0007362864778786122 -1.3578798208284786e-05 0.000669895364954723 0.0 0.0205188489542953 0.24021227688694644 0.7506815691652303 5.581348289472227e-06 7.333660159553182e-08 -1.1359277760693753e-05 1.2996152271042166e-05 1.0
0.036961903441961395 0.24786449777586372 0.749955804915716 0.00024913920694790017 -0.000676133204693072 -1.5455173643566262e-05 0.0007343318729757416 0.0 0.020442835636997208 0.24022203557593422 0.750715768428162 -7.472085416649658e-05 2.4731910510594568e-05 3.292185398061384e-05 8.001871092064313e-05 1.0
0.037084799681088194 0.24733674015444335 0.7499630245022977 9.02953642577513e-05 -0.00044108790245268306 1.4101581035850943e-05 0.0005488180711996966 0.0 0.020325597044916634 0.240231574407034 0.7507519145412999 -0.00012515669929535927 1.574568582163721e-05 4.662656204413535e-05 0.00012862012351709385 1.0
0.036931484892395956 0.24680988695279282 0.750006802689963 -0.00013885837335691172 -0.00043110997610191137 9.752630093717515e-05 0.0005307021857904518 0.0 0.020278685983836923 0.2402412408543416 0.7507642330346981 -7.37746123272718e-05 6.0700129095550315e-06 2.128242720009447e-05 4.789811903515578e-05 1.0
0.036164709239895655 0.24634808605052907 0.7500482608324944 -0.0006897350439474879 -0.0004123636044132188 0.00011296902912322378 0.0009164252510130231 0.0 0.020204836225955113 0.24025466884532307 0.7507790256247641 -5.940437035293433e-05 -2.2416899428236923e-06 9.14310186694994e-06 7.14549687190005e-05 1.0
0.03539589408714796 0.24628192251672051 0.7499108220024581 -0.0008823714128714282 -0.00015706328508962144 -0.00014211682693893884 0.0007811928132863781 0.0 0.02016530285554828 0.24025018453947145 0.7507889576570523 -2.5143338464200907e-05 -1.8667191426177687e-06 1.528574113025342e-06 4.429198033727158e-05 1.0
0.03478075099552791 0.24627098531056318 0.7498670825501977 -0.0006748230183542649 2.694674613762312e-06 -6.733391560518839e-05 0.000612341684696896 0.0 0.020159591312378766 0.24022260203041884 0.7507864207448854 2.805869939033622e-06 -2.7518153868001175e-05 -6.1991540215869945e-06 3.0984520898287124e-05 1.0
0.034373894706013236 0.2463569977110064 0.7498541540616186 -0.00039037078609652123 0.00013281471901087827 -4.228938392729619e-05 0.0004047235893162133 0.0 0.020156292036855043 0.2402010349534713 0.7507848298456582 -2.677293400386155e-06 -2.412065158150457e-05 -2.5412728007838495e-07 1.8683713569745512e-05 1.0
0.03437770454825542 0.24630657784290128 0.7497677591270365 7.330528871785156e-05 -2.9801954853948278e-05 -6.110445995411785e-05 0.00011620942894817281 1.0 0.02012407061049835 0.24019784946317943 0.7507917718760427 -3.24301496483251e-05 -6.81515910190918e-06 9.136757906840064e-06 3.323626495006997e-05 1.0
0.034372881541482665 0.24623853663880813 0.749684005343966 0.00012472566596264295 -0.00010468561126532978 -8.077918822431739e-05 0.00010463223167055276 1.0 0.020097626368852827 0.24019293519745055 0.7507939225545425 -3.535481898292308e-05 -7.163530900854778e-08 4.744878675495293e-06 2.8991672410522452e-05 1.0
0.03430946212460655 0.2461161260620341 0.7497255420956728 -3.3694426396584375e-05 -0.00017533188318651354 2.5640993000630577e-05 0.00014369102967308988 1.0 0.02002849417328417 0.2401461314986481 0.7508224876026613 -6.673387625267723e-05 -3.5197087520955884e-05 2.505204952834175e-05 8.549033929938044e-05 1.0
0.034157106835053457 0.24597583554146393 0.7499861594694824 -0.00022537203730717614 -0.00016081741670406562 0.0002379981432954967 0.00033427928893006264 1.0 0.019876288337245578 0.24018940349094706 0.7507960071744052 -0.00015133985917847463 2.6400588245615394e-05 -1.4270052100669042e-05 0.00016248427985432297 1.0
0.03410932809076823 0.2461545638014569 0.7499687397582026 -0.00014021163054874137 0.00015550163974917172 5.8348525822815964e-05 0.00018565857145849164 1.0 0.019831575137937915 0.24025004208396153 0.7508194365509123 -7.234149722804212e-05 6.25920579138885e-05 1.070950839138392e-05 8.04529393242457e-05 1.0
0.034090667614746814 0.2465307305707821 0.7498093408228046 -4.655640039470882e-05 0.00040812314911776277 -0.0001393315642584892 0.0003962299817673352 1.0 0.019831808805981035 0.24028580172151293 0.7508428121594916 3.480155960234616e-06 4.9444162038642164e-05 2.253764370557068e-05 3.750451226115292e-05 1.0
0.034295803847225914 0.2473550303178135 0.7491894088477032 0.00020697285060986665 0.0008422946834182187 -0.0006172949406337633 0.001061283791250858 1.0 0.02000744263666317 0.24030196070753582 0.7509780298717156 0.00017403353223766082 2.1722554388317574e-05 0.000123458696633098 0.0002221084941048562 0.0
0.03393319172609053 0.2483431051556278 0.7491402641687706 -0.00020461074330597328 0.001049318391686583 -0.00024872530597389866 0.0010719254775942168 1.0 0.020534570944620616 0.24020600493218747 0.7513583616858045 0.0005170037030311515 -8.895200128756628e-05 0.0003647333153995649 0.0006633693682626934 0.0
0.03293203991103063 0.24965177028316865 0.7493952778889883 -0.0009654544445545707 0.0013127353642794898 0.00024117749571772107 0.0016372204783219294 1.0 0.020455540419940663 0.23995341763977263 0.7512645995562572 7.627559219882117e-05 -0.00025813442231328724 2.136196229562641e-05 0.0002909045399167463 0.0
0.03259167276672781 0.25190091410678045 0.7501062320065666 -0.0006083268783305763 0.002130720006708213 0.0008035056275104864 0.002389182614794645 1.0 0.021338981169238862 0.24007595718484892 0.7514024129089848 0.0006881823115301044 3.056293265053678e-05 6.56238475943798e-05 0.0008664486613012722 0.0
0.03620828195594226 0.25283227788115215 0.7521116856592166 0.003042745330117229 0.001226397957609998 0.001996810063519231 0.004247911255952189 1.0 0.022194090741746688 0.24128502726338666 0.7510062866298596 0.0008947580263379457 0.0010997190659269855 -0.00035989636888974694 0.0015597715162096472 0.0
0.04174906210655157 0.25470329584379753 0.7540273045529019 0.0059467111972096596 0.0016307168047248375 0.0021384006735352106 0.006168093083998924 1.0 0.021150496495241488 0.2416312246271496 0.7509310092465535 -0.0007031869524709345 0.0006807938425686934 -0.0001970078585426658 0.0011242294204781235 0.0
0.04443552742022695 0.26035574650839755 0.7554423941299868 0.003951305119493658 0.00505625256743456 0.0015451490259815442 0.006414234762249979 1.0 0.018213450066317687 0.2414105562560162 0.7507182668437058 -0.0029166655190927984 -0.00010795692514888066 -0.00019296746012430394 0.0028865913841013492 0.0
0.04608517234973371 0.26558056662891805 0.7559604124393766 0.00164539492667495 0.005849327904204796 0.00045577752620858233 0.005467773548777537 1.0 0.015275603656670226 0.24141434440636655 0.7500560937031177 -0.003459180570887406 -0.00023282328247559164 -0.0005516867407849816 0.0030802312328232586 0.0
0.0485085301519302 0.269923384200924 0.7571102857527326 0.0013678548581654937 0.004908069572105158 0.000751146784867911 0.005085135491536834 1.0 0.013761460147370886 0.242226683002787 0.7496981078355494 -0.001999043582280704 0.000521805344763163 -0.0004316127603183178 0.0017491729154245114 0.0
0.05210131629594879 0.27153837428327726 0.7580061152175227 0.0028246775646214653 0.0018717251200067488 0.0008197578903944818 0.0041123739081209126 1.0 0.012791617677659479 0.24259334256545192 0.7496180941216959 -0.000722976225855367 0.0005360355540813615 -0.0001472720335104396 0.000962404366386808 0.0
0.056378366261256356 0.2722280265012168 0.7589305176956519 0.004530753692594173 -2.1535018685075883e-05 0.0010338568610328278 0.004404214908372369 1.0 0.0117257989734892 0.24272553859118856 0.7494806318993849 -0.0003896232420656893 0.0003458585689010439 -4.8061720614764955e-05 0.0011266428362353834 0.0
0.06069336657565037 0.2721133400301406 0.7601852587120272 0.005162236769705587 -0.0008700021507250398 0.0014007662005332845 0.0044982044947233304 1.0 0.010746545156609838 0.24272554325582177 0.7492627399599773 -0.0007497114752599704 4.818961921001575e-05 -0.00016858852261692929 0.0010737301376118958 0.0
0.06199405984878089 0.27174844264463566 0.760301539925411 0.0020040695205080583 -0.00040811959528148364 0.0003502679337353794 0.0013779645243173792 1.0 0.010442890673047982 0.24271586473774448 0.7491774520684265 -0.0006430665834120513 -0.00020461773946266085 -8.509856163239844e-05 0.00025582434402583384 0.0
0.0636243100408017 0.2713247452622975 0.7601106100588023 0.0007939840742623465 5.159870540667527e-05 -0.00032911526065056997 0.0015755026169056137 1.0 0.010155405443624168 0.24273588070891378 0.7490924112550267 -0.0004965216031574127 -7.691274718655671e-05 -0.00013417635146989476 0.00026340591781755175 0.0
0.06554674578539696 0.27092173187769253 0.7597063700945204 0.0013127067506901085 -0.0001338035863273886 -0.000604828325384578 0.002109093958073522 1.0 0.009823201671323957 0.24276898029291422 0.7489970560243637 -0.00029689675061903356 0.00010380950741215635 -0.00013268660171787737 0.0003891323275235499 0.0
0.06648249117847985 0.27088027050774954 0.7593930755045568 0.001133781553865962 2.564111926827567e-05 -0.000378943929920436 0.001058297249774587 1.0 0.009566368623240756 0.24278894804939177 0.7489283343590036 -0.00017583201073261044 0.00012227862793661348 -4.2681908094447545e-05 0.0002821300150538824 0.0
0.06676589055736606 0.2710574024029145 0.7590145129904013 0.0006178877698915911 0.00011219373692657533 -0.0003271132572213926 0.00037471139962872053 1.0 0.009342619953631313 0.24279860591245975 0.7488721257995049 -0.00025302147918532876 -5.401960453713995e-06 -3.997019553264467e-05 0.00020469474005819772 0.0
0.06649426173165779 0.27140790789719077 0.7588281786198566 -0.00011292262420609187 0.0003715132855830925 -8.161608726624974e-05 0.0004726867686371235 1.0 0.00916161463502269 0.24277874664830124 0.7488189836628463 -0.00024378403315789368 -3.579699964393804e-05 -6.390490060049814e-05 0.0001860086141308537 0.0
0.06633386689534625 0.27178131677807776 0.7586779982835178 -0.00035707711554943365 0.000370303691387235 -5.384354228761524e-05 0.000536122406979065 1.0 0.008992768926419035 0.24276012046567913 0.7487772219823747 -0.00015861860363404934 -3.7362353402999396e-05 -4.7531834128561676e-05 0.00019056077894148292 0.0
0.06653826658693086 0.27195922025216246 0.7584510558253644 -5.2058379237796774e-05 0.00017795807793716126 -0.00025394408565982914 0.00030909373646836966 1.0 0.008852045268611969 0.2427253278159813 0.7487486087252891 -9.298019833286521e-05 -3.689017173967184e-05 -2.060159589582726e-05 0.00014325987048765653 0.0
0.06677301159501846 0.27201418748139566 0.7580363372848873 0.0004648777050906608 -9.625893205960235e-06 -0.00041653895114191603 0.00045277504073358305 1.0 0.00873498923503133 0.2426340124818961 0.7487188246828166 -0.00012321679429106648 -8.136041164998775e-05 -2.9816786705804424e-05 0.0001487559964540296 0.0
0.06698982682038765 0.27218688632813304 0.7577031334394382 0.0004082469719601737 7.71444955948486e-05 -0.0004081328795652652 0.00045941303028212825 1.0 0.008636643863375745 0.2425230196183035 0.7487165993099485 -0.00010505232122977337 -0.00011348447440232036 -7.109024723717542e-06 0.00015017852801835332 0.0
0.06729362910932547 0.27231631494111985 0.7574130253244352 0.00026981208126517116 0.0001428080972835372 -0.00032110813055516153 0.00043676711014816903 1.0 0.00851856632642422 0.24245757657236033 0.74871076447637 -0.0001097684953979477 -7.977144554805082e-05 -1.125698833281106e-06 0.00013481102967133335 0.0
0.06760866569120273 0.2722820650620957 0.7570785220336983 0.00023978133789514264 2.6443984249203896e-05 -0.00031511522808660443 0.0004555304361091529 1.0 0.008412191127184727 0.24241796764438875 0.7487019974182448 -0.0001103069441678712 -3.8279253379518725e-05 -6.898491145417116e-06 0.00011351178108656311 0.0
0.0677295316967876 0.2720807018864425 0.7565079265941552 8.4167247109303e-05 -0.00016514568947439886 -0.000500987427455414 0.0006196587573138966 1.0 0.00830406953384861 0.24237103197412949 0.7487003858981804 -0.00011042024956274806 -3.221648595149643e-05 -4.4625952494986435e-06 0.00011743778059361407 0.0
0.06721230322459178 0.27144312859673947 0.7543507120262962 -0.00045003807088340336 -0.0006152916301175495 -0.0019586203410787272 0.002298215142623545 1.0 0.00813230579277942 0.2422941397024011 0.7487071879692871 -0.0001648692032173769 -6.338290398007546e-05 4.541711246723534e-06 0.00018901400052127762 0.0
0.0652210950405644 0.2709743952352136 0.7513642742107033 -0.0018773289192564446 -0.0005939032020033761 -0.003137020651082498 0.00365434625713266 1.0 0.0080413853041127 0.24226126494635097 0.7487049124195839 -0.00010972222674115889 -4.714800580706216e-05 -1.7039522336890426e-07 9.938340025600334e-05 0.0
0.06265670517690444 0.2684875562830255 0.7484671722654426 -0.0027757227060285178 -0.0022215160320310976 -0.003233299010477096 0.004582323233272487 1.0 0.0079422456740776 0.24227217458285696 0.7486998789397546 -9.20446916925738e-05 -2.9757390062607654e-06 -4.673798773931372e-06 9.413676046777261e-05 0.0
0.06102996474213684 0.2650815403095013 0.7480240132709294 -0.002004573374704464 -0.003502121056134291 -0.0008472325808062406 0.0037838170794380504 1.0 0.007850182999713682 0.24233379471629216 0.7487062221178555 -8.380937157090342e-05 6.244221244084516e-05 4.84514419996195e-06 0.00011306812258519915 0.0
0.05957640320898737 0.26225011706999196 0.747650665030196 -0.0013332335749176947 -0.0032338408769941366 0.00014382699143313687 0.0031795511826158175 1.0 0.007700498787943407 0.24242278414071292 0.7487367325079242 -0.00013710018562533934 0.00010394653849419303 2.6726358941842982e-05 0.00017954579400750214 0.0
0.0587343064337416 0.2608920611357629 0.7470420407665974 -0.0005956597096691205 -0.0015821495981517253 -4.916529809231255e-05 0.0017604261461014277 1.0 0.007587098511906059 0.24246937548313277 0.7487547933340047 -0.00012654068351047447 6.322655984579049e-05 2.439870401396731e-05 0.0001244777645460101 0.0
0.05753332198081004 0.26078864132571583 0.7459885193365016 -0.0008639497672287104 0.00015786460756469508 -0.000948820566060525 0.001581212014688835 1.0 0.007477862048870365 0.24251493814643343 0.7487798934884604 -0.00011776147658002266 3.483248231913679e-05 2.6770429043618578e-05 0.00011493788441982183 0.0
0.056755150691062475 0.2609259603514599 0.7449720243487069 -0.0008779604418011344 0.0006937655154641854 -0.0014481804710042836 0.0013139264031284763 1.0 0.007241105516213702 0.24264762722201638 0.7488471155096971 -0.00021894922992683795 0.00010393032815909433 6.0654888946066055e-05 0.00028156752442049855 0.0
0.05641920684652276 0.26091741875118757 0.7449906492780112 -0.0005816063027048159 0.00026185506264973595 -0.0004654130160528175 0.00032321527757154037 1.0 0.007044424165712103 0.2427320573386364 0.7489183138979302 -0.0002094828113606131 9.902275474083843e-05 7.360069826199621e-05 0.0002328848818221632 0.0
0.05650255778365072 0.2610136666604986 0.745059011947866 1.651357476183243e-05 -0.00022960500317238891 0.00020876937028544568 0.00010925249945928535 1.0 0.0068975533710751175 0.24278367141595233 0.7489788484505832 -0.00016241734612763538 6.394089996507928e-05 6.633540352989078e-05 0.00016021203346557787 0.0
0.0571842027900564 0.2611688782034822 0.7456373949439128 0.0007515229124119426 -0.00017478469942012846 0.0008734014951571286 0.0009168632490871341 1.0 0.006574511103947639 0.24292101071198832 0.7490991970852457 -0.00028882225630600766 0.00012198333560878257 0.00011191618084199713 0.00036519365491131353 0.0
0.05790055885625125 0.2613983710494847 0.7461402094120948 0.0008471354368695073 0.00012983056254004845 0.0006360456263687953 0.0009654826217437621 1.0 0.006387462353430067 0.2429943846405834 0.7491593587292242 -0.0002183822006694285 8.510099177726496e-05 7.320425288866763e-05 0.00022554538099620944 0.0
0.059469349080801794 0.2627291303378897 0.7467457695360361 0.0014938930625190943 0.0012755552760565594 0.0005325550038949225 0.002078691294037439 1.0 0.006020083310271262 0.24311808946812744 0.7492199474507658 -0.0003335274938259566 0.00011141179643717845 5.4125101828104137e-05 0.0003797954784656223 0.0
0.060673276762979796 0.2637990564103345 0.7468348605107651 0.001272311112266904 0.0013615636980476803 3.704207986633386e-05 0.001642174772968532 1.0 0.005719717578659269 0.24321010617520283 0.7492638433632409 -0.0003254484906105614 0.00010227963314450841 3.9701722310487814e-05 0.0003211510836890331 0.0
0.061159457130843364 0.26411426194979337 0.7468717932359741 0.0005723294764092902 0.0005221436600087756 -7.499820558146239e-05 0.0005690938790295248 1.0 0.005461320185189601 0.24328003271006912 0.7493195204697354 -0.00027464791169088944 7.650795650213965e-05 5.017219104153553e-05 0.00027417631235426073 0.0
0.06092280152927287 0.2636416617904472 0.7456092994855701 -0.0003106743708998955 -0.000523022629972206 -0.0011155224284953983 0.0013337089798264965 1.0 0.005277563062993897 0.24314151529478165 0.7493052683051663 -0.00017427156667181704 -0.00012106428285663912 -4.297746538887284e-06 0.00022866977984653726 0.0
0.06080502531323088 0.26347673481341405 0.74540278534672 -0.00038085217869004463 -0.0005113786690216813 -0.0005500296389305469 0.0003741340838729992 1.0 0.005049834124608324 0.24308235129469186 0.7493464645602207 -0.0001965363562640955 -0.00010448695421959456 2.8968628242598594e-05 0.00023765657493327857 0.0
0.06145602338983028 0.2645759489098185 0.7462631092314183 0.0004691055770894718 0.0007954802199731797 0.0007757187006276282 0.0014860314922250685 1.0 0.0035519811707613743 0.24348330116660338 0.7496182389159688 -0.001318939084645986 0.00032685172135660023 0.00024484819777371476 0.0015686173333784533 0.0
0.06137698106094978 0.26494901614049515 0.7458466974938194 0.00023958383647698514 0.000778267187801056 8.831258177749782e-05 0.0005830377552244253 1.0 0.0022691215738131743 0.24309756232094146 0.7496706492488017 -0.0014966763135705406 -0.00019994699314189042 0.0001189460832276112 0.0013799464196327755 0.0
