0.06292393337635938 0.2796532527041823 0.7639006519098774 0.0 0.0 0.0 0.0 0.0 -0.017599792335950586 0.27945989287067136 0.7642548737448461 0.0 0.0 0.0 0.0 0.0
0.06291509929499971 0.2796531843044964 0.763894856028997 -8.834081359668233e-06 -6.839968585969913e-08 -5.795880880454796e-06 1.056588411665985e-05 0.0 -0.017646115543670477 0.27944966661886456 0.7642662567911931 -4.632320771989079e-05 -1.0226251806799702e-05 1.1383046346957748e-05 4.2759076016875833e-05 0.0
0.06286397016899334 0.2796121976242354 0.7638641699423728 -5.1129126006368986e-05 -4.09866802610348e-05 -3.0686086624154285e-05 7.235835402564487e-05 0.0 -0.01810117210294022 0.27926863713775363 0.7643938406378801 -0.0004550565592697439 -0.0001810294811109281 0.00012758384668698497 0.0005150773244574928 0.0
0.06279204185867016 0.2795023199629834 0.7636797643093732 -7.19283103231827e-05 -0.00010987766125197806 -0.00018440563299959578 0.0002263895310082472 0.0 -0.018794637603706855 0.27898063955725577 0.764488254705422 -0.0006934655007666338 -0.0002879975804978563 9.441406754195913e-05 0.0007660150714658015 0.0
0.0627760820628172 0.2794853567554399 0.7634911471041711 -1.5964296064952595e-05 -1.9490364038399782e-05 -0.0001941610956388945 0.0001900497713550233 0.0 -0.019217064550337587 0.27886616445130763 0.7644602402860784 -0.0004196610685121173 -0.00011436429647107068 -3.2504422275387264e-05 0.0004291220159350922 0.0
0.0627803589651581 0.27947350194981524 0.763422723742592 6.673635962616975e-06 -5.577811030310401e-06 -6.408850624834247e-05 6.957431077498364e-05 0.0 -0.01941237890949359 0.2788199080123176 0.7644233432642176 -0.0001825644084720899 -3.7650012910780355e-05 -3.893548929460453e-05 0.00018643721247449098 0.0
0.0627988951227063 0.2794236377715904 0.7634141791563878 2.433838896110247e-05 -3.7462814275910874e-05 1.3276094953868342e-05 5.49822368240737e-05 0.0 -0.019507523818113527 0.2786698065243522 0.7642843099725628 -3.452252166631887e-05 -0.00011514412583631219 -0.00013833231214621463 0.00023722204684198427 0.0
0.0627928572032536 0.27915200829709047 0.7631145205744476 -7.1246351393001995e-06 -0.00026549710622732865 -0.0002624389841883307 0.0004041721917700027 0.0 -0.019664765161224538 0.2783971840934467 0.7638904788509729 -0.00016294408927494677 -0.0002900434173955238 -0.0003721440702102113 0.0005213116951445343 0.0
0.06276016802293932 0.27896002134616316 0.762816391496368 -3.406166374573823e-05 -0.00024099294810664418 -0.00031805599306008266 0.00036924132697576355 0.0 -0.019799667782162748 0.27831422831630315 0.7636119584492996 -0.00013681428157559836 -0.00014473897766216053 -0.0003294627250782199 0.00031894445641436755 0.0
0.06282459232739067 0.2787157290989761 0.7621943624939634 3.4235330663685696e-05 -0.00026362211346313323 -0.0006220462578677051 0.0006504716678057416 0.0 -0.019974336844428977 0.278242731370814 0.7633698659139451 -0.00024519198871803433 -9.411984028800965e-05 -0.0002413333315434725 0.00028191267412047894 0.0
0.06282206877832953 0.2785357147611354 0.7618936969562694 1.22746046788278e-05 -0.00018966582450861773 -0.00041892626722512535 0.0003614559247541292 0.0 -0.019978428236694924 0.2781608342347847 0.7632617423383281 -8.047717387436968e-05 -6.189345498117211e-05 -9.895627041690743e-05 0.00014592697976975274 0.0
0.06279966632815967 0.2782985770414519 0.7614839581706443 -1.259666448526759e-05 -0.00019617590841635227 -0.0003686200278544933 0.00046362814033267213 0.0 -0.019909518501872076 0.277996342847042 0.7630724829408918 9.12973555490705e-05 -0.00012073426230425506 -0.00013054332239083262 0.0002652343668175256 0.0
0.06276504646779908 0.2780828811945022 0.7610987933306822 -3.787450118977956e-05 -0.00020534943797557558 -0.00033089171447649916 0.00045480300159748575 0.0 -0.019671740733071017 0.2776318148743241 0.7626323072772135 0.00026355790431825785 -0.0003494122686828735 -0.00038684338306100826 0.000621289340190525 0.0
0.06271097135970766 0.27782781484451524 0.7606161084891558 -6.06103428331175e-05 -0.00025632334674514435 -0.00044215923048041 0.0005460332180512134 0.0 -0.01921424133141017 0.2769787544106626 0.7617670302060999 0.00046845086834129083 -0.0006749464445265142 -0.0008689219319203274 0.0011736720132520802 0.0
0.06266879418165305 0.277603288944984 0.7602363085562799 -5.2302545432975845e-05 -0.00024938654590876864 -0.0004255300412853589 0.0004460794686536606 0.0 -0.01880526193322264 0.27642130093080935 0.7610351849497645 0.00045087318096269363 -0.0006466982545057639 -0.0008759152287582608 0.0010159244730760097 0.0
0.06258677252113924 0.27732133264464615 0.7597834649981731 -7.203479906968537e-05 -0.00026877894584328364 -0.0004557046292593428 0.0005254682428935745 0.0 -0.018120301476514517 0.2754483280399473 0.7598767847530788 0.0006455420026590207 -0.0009139169579218994 -0.0011277552813886307 0.0016282206879817184 0.0
0.0625351861695378 0.277068874046575 0.7593344865054108 -4.962203715895578e-05 -0.0002621534408867218 -0.00046584992689180084 0.0005323447758808953 0.0 -0.01748633125558729 0.27447346247396803 0.7587595422726398 0.0006478044923377481 -0.0009951605251152698 -0.0011358010715297239 0.0016460702297774168 0.0
0.06251400746450969 0.27686585666070906 0.7589935715608388 -2.765798451243382e-05 -0.0002060471588843073 -0.00033404797748709514 0.0003933976654496374 0.0 -0.016770132537839388 0.2731318829499423 0.7573367871553148 0.0007068092834771599 -0.0012958403358428632 -0.0013536863974993834 0.0020713042335545485 0.0
0.06250261385725948 0.2767285542042062 0.758771996114708 -5.3833006667682575e-06 -0.00013948119069889797 -0.00023114972253819366 0.0002578524973050628 0.0 -0.016341280912964377 0.2721325098487043 0.7563097373994199 0.0004628263785871756 -0.0010861346269540144 -0.0010979100340165915 0.001505044944311641 0.0
0.06249921210333802 0.27662548123673525 0.7586067851027963 2.4108675872762203e-06 -8.826929195145965e-05 -0.0001431970770851999 0.00019365383711142522 0.0 -0.016022069428836983 0.27115262594169603 0.7553043613780793 0.00029309077444715633 -0.0009608438873701108 -0.0009763145384363225 0.0014119036208446875 0.0
0.06249823320766481 0.2765387180266694 0.7584765705170406 3.5428616750342095e-07 -7.681658672974316e-05 -0.00011437308864907476 0.00016354690652190174 0.0 -0.015822760359903352 0.27040609159213325 0.7545575813216104 0.0001615026119296502 -0.0007187181238743707 -0.0007286892841171114 0.001100894968073583 0.0
0.06244909619841541 0.2764056139408649 0.7583219480133868 -4.5302875523814005e-05 -0.00012453210543942383 -0.00014155266030678806 0.00020593164325667353 0.0 -0.015661437694244402 0.26956854309985084 0.7537211763439237 0.0001273906324465205 -0.0007448496020883874 -0.0007467590266821545 0.0011857101857355474 0.0
0.06233374386064686 0.27619410604831895 0.7580812584901938 -0.00011928371228478424 -0.00021982423253711638 -0.00025360480930207056 0.0003398382555093234 0.0 -0.015539179482576286 0.268898269631222 0.7529638044825034 0.00014655304740140464 -0.0007056474991793059 -0.0007886530509749424 0.0010322986248336187 0.0
0.062179693540115516 0.2760312203074566 0.7577269850506971 -0.000163550252325789 -0.00019396564983920707 -0.0003701320449996669 0.00042116823840679813 0.0 -0.015481624859847434 0.2683500444846865 0.7521485230713554 8.822973389329065e-05 -0.000582172532512478 -0.0008387268348242281 0.0009623771026988184 0.0
0.0621271167607783 0.2759727546279947 0.7575759026399542 -7.932071119160494e-05 -7.76222055103015e-05 -0.0002081813589222973 0.0001711373184551838 0.0 -0.015478914664049956 0.2679579277986059 0.7514443448117459 2.61650226468683e-05 -0.0004290287522160653 -0.0007695772650336569 0.0008170192495363087 0.0
0.06205647018785677 0.2758536922090087 0.7573890688971495 -5.36632191557485e-05 -8.280225621168247e-05 -0.00015990544445801267 0.00022124656351355583 0.0 -0.015467209105096828 0.2674796290789663 0.7507519265462294 -1.0021615507841883e-05 -0.0004181817114167263 -0.0006729898411723622 0.0008350537375865961 0.0
0.061992473608047 0.2757047157151288 0.7572128937152653 -4.425429117849922e-05 -0.0001270625318584787 -0.0001444339405346185 0.00025190805093747165 0.0 -0.015343733634319224 0.2669458328151095 0.7502125935612998 0.00010275731260396803 -0.0005271250967009408 -0.0005459680331203263 0.0007807392435350627 0.0
0.061939713351910966 0.2755625959551867 0.7570495187580204 -4.54037735908601e-05 -0.00015033600362733676 -0.0001471401890957274 0.00022593540017490607 0.0 -0.015162398903884685 0.26627610910586585 0.7495267921721764 0.0001913880170153735 -0.0006776794148316747 -0.0006247452669767074 0.0009647435331545525 1.0
0.06192498653892098 0.2754846239406654 0.756946026620105 -2.615339124925344e-05 -0.00010609732058868033 -0.00011786088551555555 0.0001223618234441585 0.0 -0.01483839714599068 0.26553083410958256 0.7494341662713394 0.0003341332929097837 -0.0007939519842943162 -0.0001906374271881963 0.0008279816639625024 1.0
0.06192089711732385 0.27542468008314586 0.7568698933691416 -1.0726415907536538e-05 -6.260955096035802e-05 -9.014238976891235e-05 9.30935178884067e-05 0.0 -0.014321673875112484 0.2646416902554263 0.7493886710724739 0.0005187176375804379 -0.0008917210698285729 8.97327801317369e-06 0.0010155249950130423 1.0
0.06191787185076963 0.27538421213011394 0.756825523088596 2.1559617680038832e-07 -2.2285763027945685e-05 -4.553701629485675e-05 6.889058818343045e-05 0.0 -0.014028627881305454 0.2642714372994274 0.7493450214082191 0.00035422396572444656 -0.000453201501804082 1.4451555247613581e-05 0.0004907785667327864 1.0
0.061911699308330966 0.2753569014518204 0.7567845403271392 1.4437854458929566e-06 -1.414045669310801e-05 -2.1058292514079867e-05 4.7252148847243736e-05 0.0 -0.013656350203264344 0.2640062251393211 0.74922699900164 0.00033341266594544343 -0.00019481578333449946 -9.439579567113525e-05 0.0004515557476641894 1.0
0.06189858625740606 0.27534224115654965 0.7567518236400802 -1.8271549234398205e-05 -2.2665306160981408e-05 -3.879961039617461e-05 3.7425633459864345e-05 0.0 -0.013399576548139629 0.2638530124932886 0.7491566749122359 0.00023847702503855536 -7.760859932045959e-05 -0.00012868749845896534 0.00032302576396797363 1.0
0.0618772869277993 0.2753090075949355 0.7567132985263945 -2.5572566077632162e-05 -3.687820799811001e-05 -4.343089561824876e-05 5.412671130419365e-05 0.0 -0.013191142197724253 0.26366030499576576 0.7491191541250547 0.00018536876874902916 -0.000141155612586567 -9.03352623587997e-05 0.0002862972652198179 1.0
0.061805536350337455 0.2752141330361899 0.7565930997052891 -6.726845249984019e-05 -9.082339040168322e-05 -0.00011354297402767853 0.00016972130027055949 0.0 -0.01294522939933945 0.2633189116069307 0.7490792997032314 0.00022524060499513041 -0.0003553173329444878 -4.99043564159686e-05 0.0004194788775113591 1.0
0.06175951995368049 0.27517652948116933 0.7565150422109628 -5.5011210265234984e-05 -5.528375461856747e-05 -9.550845549306612e-05 0.00010157051497650774 0.0 -0.012838556279493051 0.26315833440161124 0.7490402928181811 0.00014707655549653275 -0.00027257056555510283 1.2578426185216201e-05 0.00019502928839482657 1.0
0.06171451705585715 0.27514506036834113 0.7564600644281437 -4.5963885526574174e-05 -3.2977474741800795e-05 -6.162783310555863e-05 7.210199538972516e-05 0.0 -0.01270564848229213 0.2629829467085399 0.7489993201550946 0.0001332338508295417 -0.00020089065257607825 -3.51189055394118e-05 0.00022158820838743783 1.0
0.0616731258498513 0.2751161951927165 0.7564185513717738 -3.715713617168326e-05 -1.9641346118515546e-05 -3.3057095197589346e-05 6.586794174907809e-05 0.0 -0.012455894691141174 0.26272331091690293 0.7489164554126438 0.0002183414956974341 -0.00019886231404567971 -8.355246396704737e-05 0.00036859126348382626 1.0
0.06162583257750945 0.27507341939364044 0.7563661594292178 -4.064678833902443e-05 -3.1602101430638174e-05 -3.8042923559832756e-05 8.63943959255838e-05 0.0 -0.012042414819431132 0.2624245670053632 0.7488692291900408 0.0004177866236185435 -0.00028351939448826625 -6.693887156336524e-05 0.0005239597589930822 1.0
0.06149920903656766 0.2749195534698867 0.7561446200062732 -0.00011396302118184188 -0.00013832838686714887 -0.00019328892385970533 0.00029610852466539225 0.0 -0.010627782046610584 0.2613376237000965 0.7485961860499856 0.0013119442744275762 -0.0009858259368734845 -0.00023797111006888328 0.0017879229016877559 1.0
0.06143531271601303 0.2748048613326435 0.7560021953157017 -8.720148683256435e-05 -0.0001440824717743541 -0.00018436602629318585 0.00019792236664510475 0.0 -0.009742936590336973 0.2606114150698534 0.7485011605247299 0.0011276643193406162 -0.0009098066477414164 -0.00014536896254637786 0.0011864303944628023 1.0
0.06137329784981725 0.2746820878750987 0.7558427908284323 -6.727387761450116e-05 -0.0001352877343020914 -0.00017584088704710149 0.00020206392304277784 0.0 -0.008824845187816108 0.25985616862242017 0.7485072539626516 0.000950871522791481 -0.0007990006694491524 -6.590240354865706e-06 0.0011355640969768575 1.0
0.06126890249350403 0.2744580664026332 0.7555525218688066 -8.851522495179692e-05 -0.00020108266516338617 -0.0002620629064815118 0.00038105839757069943 0.0 -0.007535869404849857 0.25869267928414713 0.7486055158766658 0.0011413955104910758 -0.0010419901779704698 0.00012175382076043902 0.001742735321486621 1.0
0.061194230060091136 0.27425757562457076 0.7552923306052228 -7.685724670078504e-05 -0.00020734465566694566 -0.0002671469945401007 0.00034884406565157273 0.0 -0.006506438670321072 0.2577840650114855 0.7486352561956554 0.0010173888079816364 -0.0009308947058902151 8.229411459889416e-05 0.0014297756713452646 1.0
0.06116774068869849 0.2741032662601513 0.7550699765153571 -3.241256822208594e-05 -0.00016292250604598858 -0.0002300670156462341 0.00026486514832336724 0.0 -0.005704752825483641 0.2571281133372734 0.748730700712974 0.0008059011575537758 -0.0006718242626114406 8.865836837550873e-05 0.0010090381504541484 1.0
0.061175639453334645 0.2740172968687054 0.7549651088755032 7.962822921183598e-06 -8.89387645080623e-05 -0.00011719467681960816 0.000129359055583108 0.0 -0.004795329351874214 0.256364422347721 0.7487092315183224 0.000877125555990877 -0.0007067889853675498 -2.4525265778011368e-05 0.0011488689851296746 1.0
0.06118744409095579 0.27391455880170723 0.754869316328144 1.9394543157479657e-05 -8.341627507066259e-05 -7.519399770006708e-05 0.00014678764093668958 0.0 -0.00355941537122645 0.2551933495861768 0.7488323982717714 0.0012167746444059608 -0.001117695574517221 5.8807482222382625e-05 0.0017574013873350785 1.0
0.06116112497576649 0.2737957732142553 0.7547392234263463 -1.0640331484379191e-05 -0.00010068723174650558 -9.479030010739239e-05 0.00018229722117708998 0.0 -0.0022720041432352754 0.2539717977664894 0.7488386806656993 0.0012914409858785071 -0.0012453398884606358 3.850968861343287e-05 0.0017816292564857082 1.0
0.0610959756987657 0.2736152046658744 0.75454457176958 -7.109718600908585e-05 -0.000182019640699866 -0.000195325487220914 0.00026974902813127575 0.0 -0.0015500313527693672 0.253148888248337 0.74888327295354 0.0008916943294463759 -0.0009798705394194625 4.6652213755259004e-05 0.0010642757765489059 1.0
0.06101346940209959 0.2733329082026622 0.7542055284857409 -0.00010096726797859177 -0.0002964005053254248 -0.00035558859353517847 0.0004474644398696202 0.0 -0.0008671956268347793 0.2521498812752791 0.7490224123649956 0.0006544069259955505 -0.0009684643160581436 0.00012888338135823234 0.0011984966368491577 1.0
0.060978706215787645 0.27318167732363774 0.7540289711601982 -5.054230191651924e-05 -0.00019513100778232158 -0.0002375405420959739 0.00023935773644062782 0.0 -0.0005643711136668052 0.25166212801817056 0.7490852128287203 0.00022696444400966483 -0.00047433564222700854 8.358095096838632e-05 0.0006252065282606682 1.0
0.060938393050140316 0.2729987521918846 0.7538183841148203 -2.8710405685593694e-05 -0.00016668090523361007 -0.00019651713535287545 0.00027131599046356685 0.0 -0.0003045356460203776 0.2511914301630135 0.7491999179738644 0.0001558779245973968 -0.0003615793509873085 0.00011133376613737937 0.0005343098204264075 1.0
0.0609264307474684 0.27287193188422476 0.7536842373409106 -1.5814759778443381e-06 -0.00011127260307844305 -0.00011287087831814171 0.00019336190689561212 0.0 -0.00011462841043335302 0.2506388161612573 0.749342395741447 0.00019869670694391958 -0.0005118020457442054 0.00013405271416384678 0.0005929858135256418 1.0
0.06093160514940471 0.27277224574574754 0.7535701513054196 1.1856704583912227e-05 -8.55899484829099e-05 -9.025435604710987e-05 0.00015404966981569172 0.0 -2.6108880652683567e-05 0.2500680882380599 0.7494229438139738 0.00016528397328201337 -0.0006262093706141357 9.88542488947382e-05 0.0005920402939020291 1.0
0.060924060310128154 0.2726102321736627 0.7534411540648284 -4.952085002425498e-06 -0.00014573951529970688 -0.00011820433392689939 0.00020292805729981705 0.0 0.00020851879474198106 0.24909689481155148 0.7494853066630562 0.00023860922044529882 -0.0009651174029826294 4.923633264996274e-05 0.0009962710535598091 1.0
0.060892683716496664 0.27251945660540816 0.7533189414119026 -3.4133933559738256e-05 -0.00011874931460547608 -0.00013763323920409407 0.0001559593525871832 0.0 0.0006102347502455602 0.24853632232436468 0.7495248257317849 0.00038532904614845746 -0.0006955297169808424 3.664628071495102e-05 0.0006933291008340246 1.0
0.06083722023667981 0.272365067995702 0.7531670178767105 -6.07514520360443e-05 -0.00015360952586409082 -0.0001642762644311173 0.0002238583898132776 0.0 0.0011692061732209696 0.24793678690212378 0.7494940618358694 0.0005894084369507938 -0.0005962182605937315 -2.6046734531170786e-05 0.0008117217132790797 1.0
0.06073708088913945 0.27208656340764714 0.7528940756665145 -0.0001008198694309018 -0.00025929348133684767 -0.00025614780121380155 0.00039992231597562336 0.0 0.0018049816546728491 0.2473165538879033 0.7495530133289784 0.0006565445025042961 -0.0005279731385550963 3.073971555760173e-05 0.0008944192135975292 1.0
0.060640575593160516 0.27175694820146096 0.7525799309848134 -0.00010733700702029477 -0.0003472582036996295 -0.00033267954580575194 0.0004725917175430579 0.0 0.0024979245247223197 0.246589019964292 0.749576046066178 0.0007083822634141792 -0.0006799237215290988 4.29527055565991e-05 0.0010141855868702192 1.0
0.06061774288040279 0.2715790355089895 0.7523879247403564 -3.299808204650697e-05 -0.00021875482498219916 -0.00022383287176767528 0.00025981274937442926 0.0 0.0030890450152801403 0.2460049232098596 0.749612141180758 0.0005905207704048072 -0.0006285957668827006 4.636226496936745e-05 0.0008309474257419514 1.0
0.0606211242770826 0.27141196929714273 0.7521955194577639 1.622959051861374e-05 -0.0001514874340471438 -0.00017641772680776632 0.0002440108002495174 0.0 0.0037566200759992763 0.2454542071914292 0.7497148202594847 0.0006111630966135237 -0.0005791814207879453 9.50274704175021e-05 0.0008523987654461266 1.0
0.06064021780689234 0.2712526445220459 0.7520568198134413 3.510121180980001e-05 -0.00012855778602670782 -0.00011896632342037581 0.0002239342424156086 0.0 0.004446924381469116 0.24462083007042276 0.7497168028446987 0.0006729246994850221 -0.0007983377568544858 2.44000633212236e-05 0.001097655922774571 1.0
0.06062915645778917 0.2710932746495621 0.7519251971717652 8.916653716775994e-07 -0.00013534474438279908 -0.00010954985626592373 0.00020958927919959122 0.0 0.004536677171021285 0.2441711768863232 0.7498915683179808 0.00018520738511698854 -0.0004987797063025723 0.0001383665140069575 0.0005023474549850843 1.0
0.06061693727614032 0.2709611356371962 0.7517972099877492 -2.2694990741776552e-05 -0.0001474467753571399 -0.0001292269002125668 0.00017837961659994368 0.0 0.004610596463472317 0.24420731901280165 0.7503358553428834 8.389775334363312e-06 -1.838516396397477e-05 0.00041460330826970684 0.00042252998883100985 1.0
0.060587922801383094 0.27078964076352835 0.7516256919140789 -4.273446928886218e-05 -0.00018512082566916977 -0.00018319817418889985 0.00024149078238844236 0.0 0.004722165996667396 0.24457372191872254 0.7506907767757559 3.8371359294734416e-05 0.000418455706907611 0.00042608228209740635 0.0005331095537683116 1.0
0.060556746248205846 0.27058484228796975 0.7514219306706085 -3.7684930971021804e-05 -0.00020918968169342966 -0.0002139099073595963 0.00029646408855463305 0.0 0.005747940638045123 0.2456198497134277 0.7514412306985677 0.0008959521126515853 0.0010692189660223609 0.0007149812416746713 0.0016557435056545407 1.0
0.060548382798677115 0.2704888253512861 0.7513518633010137 -7.673726105522692e-06 -0.00011096297956477878 -9.569529845052414e-05 0.00011894651898870936 0.0 0.0060307875226499755 0.2458825961581334 0.752012193799899 0.0005663100382634958 0.0005102992794082738 0.0006351450647861911 0.0007192864430429083 1.0
0.06053315101491454 0.2704161626121085 0.7512902521985494 -6.755054213351797e-06 -6.640161170770503e-05 -4.935355287992102e-05 8.925944635356149e-05 0.0 0.006362797868540229 0.24625765297779834 0.7527225904207083 0.0003920214783036262 0.0002569524514145907 0.0006787551399122654 0.0007908827546820356 1.0
0.06047579615855351 0.27018221403406134 0.7510898958512394 -4.655645714289368e-05 -0.00019300212207694117 -0.00015598191289212926 0.0003161983586684482 0.0 0.007259003124858606 0.24668339932930075 0.7544493103399785 0.0007390106317437714 0.0002414560397709768 0.0015557157905581095 0.002017949313964802 1.0
0.060411437727300184 0.26998449166178173 0.7509095326002043 -7.055442069556313e-05 -0.00021649539882444456 -0.0001944338719862726 0.00028745105170408945 0.0 0.007489586829422493 0.2468922289063121 0.7545655610893667 0.0002816207424559987 0.00019069436511074333 0.00048627856124886507 0.0004134322680918621 1.0
0.06037697483964356 0.2698283816784622 0.7507538291635807 -4.657635525051296e-05 -0.0001809601467726894 -0.00018170701475964346 0.00021112106652673997 0.0 0.007599816603397126 0.2468896955314811 0.7543420533044027 8.44379693855853e-05 4.3261932345846745e-05 -0.0002796939251522576 0.00014616620157041323 1.0
0.06034577621476823 0.26969194002707375 0.7506512522939565 -3.089673462647006e-05 -0.0001434060734797048 -0.00011985405859158636 0.00016823654989960303 0.0 0.007754698305344751 0.24671793409522397 0.7541082006813559 0.00010736336452830569 -0.000126520531378804 -0.00048231724630424453 0.00033484581514625807 1.0
0.06029005051433515 0.2695539720513337 0.7506353483287157 -4.410145529359512e-05 -0.00012084118911742957 -9.444634063782842e-06 0.00015903229532652753 0.0 0.007831609267773727 0.24652625610218343 0.7540229504726267 9.604842047383695e-05 -0.00019725637765455415 -0.00022419926990320941 0.0003046435648821126 1.0
0.06019885264039435 0.26933795968502167 0.7506107243080217 -8.310593038660113e-05 -0.0001839828089100576 1.5468811920549275e-05 0.00023670491673328874 0.0 0.00782367205059053 0.2461657639043891 0.7539442004406419 -4.535853728191222e-05 -0.00040136193826504957 -1.9995114389012776e-05 0.0003241462399832893 1.0
0.05991971168492005 0.2688886486149218 0.7505836870641477 -0.0002626936340572301 -0.00043133670281031715 -1.948328307239221e-05 0.0005247475886822675 0.0 0.007866332449444279 0.2453773964486018 0.7539263894467526 8.32850316451784e-05 -0.0007077830447385647 0.00016938946660452036 0.0007531309091697815 1.0
0.05937979851185882 0.26807717241650975 0.7504815525798818 -0.0005398359444556124 -0.0008200535348706081 -0.00010999662232006832 0.0009837480903000324 0.0 0.009073364594262154 0.2439856920562234 0.7536369616688646 0.0010927421243529332 -0.0013469795877309465 -0.00012165559363268752 0.0019090788241076595 1.0
0.058878666912002844 0.26743331676284554 0.7503919151263164 -0.0005651379160413002 -0.0007465616222005385 -0.00011386151272079915 0.0008268827537019909 0.0 0.012830850309934142 0.24422625319012456 0.752178756356636 0.0035247877178558418 -0.0001234559416727166 -0.0014469560685821594 0.004026488514715019 1.0
0.05865310564095306 0.26697294260259796 0.7503142857724944 -0.0002831199721151537 -0.0004965386046516973 -9.254253925430734e-05 0.0005015180682687491 0.0 0.014874626340301894 0.24385373023200543 0.750949515022788 0.0027937658017603414 -0.0001242086584275174 -0.0014978440692826115 0.002462611592265882 1.0
0.05861269942027648 0.2668513255988381 0.750295184064758 -2.130392525848178e-06 -9.35475113246288e-05 -2.0272381555285927e-05 0.00013071377129779218 0.0 0.017179989794431038 0.2441204373258268 0.7508555526368976 0.0023422328746426596 0.0003299425846438471 -0.0003721614687249191 0.002206058710108756 1.0
0.05861024784838198 0.2667475599549616 0.7502829986792799 9.118347764729366e-05 1.86686357443902e-05 9.831587135935392e-06 0.00011432916831835552 0.0 0.018065054043837344 0.2440778772877197 0.7508251020777373 0.0008000766263770182 0.00011130116925096988 0.0001784597830049866 0.0009460929464054404 1.0
0.0585685523644982 0.2665905040035275 0.7502383350482225 1.1235769870686227e-05 -9.14099065463053e-05 -2.689968737076546e-05 0.0001773419600942253 0.0 0.018757669230930047 0.24387737814626906 0.7506789450198157 0.00020646553423130768 -0.0002455699824545054 0.00014758551780099294 0.000764817241650193 1.0
0.058435461770231845 0.2663343024345488 0.7501532905901878 -0.00016034740142149902 -0.0002923091799207591 -8.472839226897944e-05 0.00029119580399061796 0.0 0.01942691672624144 0.24355190510608693 0.750823367761581 0.00038892817159643105 -0.00048443406266094973 0.00018715653769248774 0.0007603211725325091 1.0
0.05803635941612177 0.26586137945830174 0.7500092633652938 -0.00043988022643677436 -0.0005375325411625258 -0.0001571818836263492 0.0006295218585713988 0.0 0.021009816183019295 0.24440949637684248 0.750516711702015 0.0016156427407328796 0.0005919474132081721 -0.00034722155311729105 0.0017829639059713754 1.0
0.057677832660952146 0.26543661884983744 0.7498590677536922 -0.00043328484563766886 -0.0004966569174418064 -0.0001677460746903928 0.0005835052927442898 0.0 0.021363877590519473 0.24399315496939536 0.750374049500804 0.0009571900798130818 7.573214361522758e-06 -0.00038835496212328354 0.0006274828989864302 1.0
0.05746847090724159 0.2651582730557216 0.7498117338677 -0.0002392299570767271 -0.00030573596899102946 -6.732003157547899e-05 0.00034726995963236466 0.0 0.021424728461327626 0.24352625271283382 0.750396973427467 6.208539145296241e-05 -0.0005038355540829287 -2.2510582834468296e-05 0.00037213963185527346 1.0
0.056212410416193875 0.26376572322834946 0.7497457731424716 -0.001057445527051656 -0.001170812611803347 -3.883619875666803e-05 0.0018543551421832016 0.0 0.021834683425338206 0.24270104079974367 0.7502464032003744 0.00022263476752626236 -0.0008620666031956672 -1.900829432779764e-05 0.0009806714085346109 1.0
0.05570172744070211 0.2631537689262675 0.7496083098826692 -0.0007104556950624116 -0.0008316428172073124 -0.00010766765083307115 0.0008835388910065884 0.0 0.021914724103412588 0.2425175481191652 0.7502045199373707 -3.8893391928401105e-05 -0.00044750156104259156 -4.146631163668182e-05 0.00026217091572001494 1.0
0.05507253140597421 0.26202485892548005 0.7493558066814165 -0.0006152597077215407 -0.001067915924455375 -0.0002445699172581562 0.0012330662618287023 0.0 0.022002917831952216 0.2421337814075354 0.7504004411543871 9.798368262746362e-05 -0.00030977271877880334 0.00017161479406352031 0.00037994401122990525 1.0
0.05395470946083836 0.2592697291540583 0.7490289423419254 -0.000996158402846489 -0.002526156531464558 -0.00035233359940983966 0.0029948466564491865 0.0 0.02196235603207073 0.2417619689561316 0.7506540293994145 6.629638338080147e-05 -0.0002244185639689063 0.00028737698664632854 0.0004399635906379138 1.0
0.052886232766600386 0.2568077478997401 0.7488485933347616 -0.0010965434342789704 -0.0027238977559473827 -0.00023729420760815783 0.002781435107620658 0.0 0.022048846333222183 0.24168055837753502 0.7506572253925093 0.0001232366603855481 -1.1373584083446832e-05 4.2752664253553055e-05 0.00016752373245939027 1.0
0.051393220656945064 0.25414222369385003 0.7489171744702336 -0.0014564709622747873 -0.0027601480276509805 5.180318525534018e-05 0.0029796630685405183 0.0 0.022124961616000173 0.2415840506453073 0.7506761797387366 -5.727654020098354e-06 -0.00016718668767521565 4.1213305992988014e-06 9.078931853149477e-05 1.0
0.05006244748436281 0.25190250596382796 0.748960537353059 -0.0014436380643339606 -0.002295543593501694 0.0001243103850940925 0.0025796901242430303 0.0 0.02216829451591475 0.241315024793347 0.7508054965263639 6.689453208070368e-05 -0.0002516511762159543 6.754920977833796e-05 0.00029843714869269436 1.0
0.049072577446206855 0.24939332897720848 0.7486718144000003 -0.001092938136116286 -0.0023273612259969855 -0.00019853070806806272 0.0027663312821337503 0.0 0.022534052366230475 0.24133627725163467 0.7506929172470979 0.00035324938924269985 -6.0720519026314984e-05 -0.00010108099905350617 0.00041302233116850384 1.0
0.049589972220949456 0.24661879896008884 0.7469571799140154 0.00046595523282323085 -0.0025418940958815777 -0.0015734620094246298 0.003300220586154235 0.0 0.02293745417708155 0.24143825936434438 0.7505553967398297 0.0004164454781059765 0.00013061410469057623 -0.00013202037760932312 0.00041726001223652725 1.0
0.04940104415231251 0.24469305819858492 0.7465677024964809 0.00019609022204425977 -0.0021442298856946323 -0.00086210285366046 0.001981574474515916 0.0 0.023552534162182004 0.24159485613498077 0.7505520003043623 0.0006208209300556047 0.0001561658082499376 -1.7648936261646575e-05 0.0006285473679741997 1.0
0.04946300496747847 0.2436779898309642 0.7464470026987562 9.809369653538606e-05 -0.00119413562955966 -0.0001712258222099999 0.000981422461149687 0.0 0.023594827382345498 0.24157533016005245 0.7505049665064369 0.00015132667961990296 3.7856801950388323e-05 -2.977784195755761e-05 8.654898475982293e-05 1.0
0.04975627185863415 0.24200795523044827 0.7463345020934682 0.00017245839334798928 -0.0013371773334437337 0.00012530138243987992 0.0016839297301781352 0.0 0.023583405460696007 0.24152267553097934 0.7505145130751978 -7.641089149775818e-05 -5.627556681165767e-05 5.725752259518936e-06 3.078907129265427e-05 1.0
0.04995890816869784 0.2417464917077122 0.7465380125644595 7.890177909258985e-05 -0.0004129660497648063 0.0003702344167924432 0.0004936548546447374 0.0 0.023592525203886338 0.24151459397792577 0.7505103959209276 -0.00010394590748201332 -7.347075312218073e-05 2.4784366852360252e-05 2.617769852826945e-05 1.0
0.050465342355258555 0.2422488592907517 0.7477438496471712 0.0004139085926722771 0.0004939427686450715 0.0011205069924158095 0.0013085473575709804 0.0 0.0235910391724685 0.24149333273608614 0.7505258708986519 -3.183268185209923e-05 -4.454416206158183e-05 1.795144229379365e-05 3.643964471805082e-05 1.0
0.0506509366533441 0.24470525226357437 0.7501510745339827 0.00031322383849748483 0.0022824951581366 0.0022633983687249527 0.003443983184980982 0.0 0.023597710748189685 0.24145017516708248 0.7505389031358378 6.175360240883994e-05 -5.766648240207835e-06 -1.0585824281208198e-05 3.5234142022501596e-05 1.0
0.05150936699476858 0.2488145125314106 0.7525333505281924 0.0008246074461527858 0.004193851890847056 0.0025378043172936777 0.004904077813947005 0.0 0.0235889397848026 0.24139176155134923 0.7505452613964945 5.075913219283084e-05 -3.677083463327041e-05 5.036474615611959e-06 5.0681685019804456e-05 1.0
0.051769365700147146 0.24970217700028643 0.7530801824928337 0.00033561931758206866 0.0017961412040727993 0.0010099937323951554 0.0010672667578332062 0.0 0.02358578724200396 0.2413783640828246 0.750551626062338 1.8626579699898105e-05 -1.9974651220840757e-05 1.114666424438224e-05 2.75060322394327e-05 1.0
0.052033534508771094 0.2498694105413759 0.753263608928719 0.0002565326330883351 -0.00011260330050844015 -0.00012869195571426695 0.00017153971120982266 0.0 0.023557538817485124 0.24131776076992484 0.7505860370766883 -6.663757059771072e-05 -6.438347177341387e-05 2.5440867790707437e-05 6.874068762976603e-05 1.0
0.0521585249508003 0.2496145931643611 0.7533100484399432 9.154448411035565e-05 -0.0009951255880365042 -0.0004110073098238211 0.00045194427266578873 0.0 0.023568903890206848 0.24129169787435417 0.7505851292790985 -8.876990833027043e-07 -3.1770404750845425e-05 1.0633322361997262e-05 3.339401790117539e-05 1.0
0.05236562561835228 0.24835011450069622 0.7536871966111424 0.0001348362595861672 -0.001504726074758655 0.00017223096098475672 0.001409638485444058 0.0 0.023565680866948456 0.24118628268673628 0.7505828481823879 3.621759980570027e-06 -8.836882009534156e-05 -4.017144559027762e-06 0.00010186798384474927 1.0
0.049868055934864285 0.24911473523675304 0.7561978502722303 -0.002102392178123756 0.0004606216275690418 0.0024669711970752616 0.0035360510360425337 0.0 0.023545679276346536 0.24108907710631883 0.7506199302268303 -1.4829392589225983e-05 -0.00010881753981308807 2.9056386861267065e-05 0.00010795898268358584 1.0
0.04387945165939736 0.2498314699944851 0.7592548185926836 -0.0058429066935279305 0.0013679005236617572 0.003606599483011351 0.006710005022983124 0.0 0.02348485221912282 0.24096584823570663 0.7507093183781693 -5.6691275633799845e-05 -0.00012920137475314904 8.473581699219042e-05 0.00016245306567275926 1.0
0.03567126988357011 0.2506114682003265 0.762659328052729 -0.008649930111035101 0.0012635043099186965 0.003753491571334268 0.009001171225769426 0.0 0.02347633429169519 0.24089597347441302 0.7507004314074339 -2.6190673811492006e-05 -8.048676066414241e-05 1.7367805319535648e-05 7.329367397090848e-05 1.0
0.030334525947678964 0.250840609619992 0.7645053740856395 -0.006517008664717602 0.00021982547742259266 0.002038082816249029 0.005643232868197288 0.0 0.023586645026749536 0.24087994896118958 0.7506919509978389 9.433111038193424e-05 -1.1515419057383352e-05 -1.304245802832996e-05 0.00010640373134864087 1.0
0.025219112543286556 0.2504622160678816 0.7658921396634738 -0.004769575196990766 -0.0005020627704773772 0.0010251206580452546 0.00516771154808585 0.0 0.023579162209817737 0.2409265248336079 0.7506866047506714 3.299633317666119e-05 5.458648071617212e-05 -1.8757895750516855e-05 5.3678981252452864e-05 1.0
0.02531457406474229 0.251053442578561 0.7655523499737957 0.0002904980694741562 0.0001016702697634078 -0.0006061302172275602 0.0008665283133050578 0.0 0.023574466114644234 0.2410280063176729 0.7506707426012882 8.406623993606437e-07 0.00011396015247987492 -2.4699543102569724e-05 9.9465130264616e-05 1.0
0.026385773755847414 0.25151986098686235 0.7649736807821511 0.002249208092373004 0.0004542613276620127 -0.000924144678909641 0.001234393756506183 0.0 0.023603438517650906 0.24104166788715115 0.750689873437506 8.421306372067093e-06 3.3254589390600904e-05 1.6759426331960254e-05 4.010226392808563e-05 1.0
0.030311302108467532 0.25259257361616827 0.7639260581697519 0.004076253921333052 0.001275136165114979 -0.0009689468951201877 0.004233364316807337 0.0 0.02346720812761989 0.24100164245838135 0.7507356187853333 -0.00012410135868895253 -4.709959205144211e-05 5.680757751292038e-05 0.00014393872144636936 1.0
0.03302663854196616 0.25260904297940784 0.7628507097498902 0.002902806798936064 0.00033773085935714584 -0.0009481502804053609 0.003000665934245511 0.0 0.023596924908003854 0.24102751780779144 0.7506944285809565 6.931798340632392e-05 -1.4646273712344072e-05 -1.6521839944108244e-05 0.00014486526420288178 1.0
0.034457675605173946 0.25216271540731255 0.7616840987389034 0.0011077150308438808 -0.00047963851022022545 -0.0009754408409888451 0.0017448954034594523 0.0 0.023610487687655255 0.24097759679917155 0.7507042578149785 6.052620993174971e-05 -4.384433721053973e-05 -1.2735336550664798e-05 4.966678964387643e-05 1.0
0.03486563337998412 0.2510018683438786 0.7595621325936224 -0.000137296444254335 -0.00136289326125115 -0.0019300112432076803 0.0023749296783756174 0.0 0.02360816260613621 0.2409525907835687 0.7507290248947259 2.2009638693316258e-05 -2.5092576200720786e-05 1.7103783647073402e-05 3.227388120464104e-05 1.0
0.03429323152944141 0.25036946321066206 0.7580811387061379 -0.0011192890264210267 -0.0009607966792636533 -0.0016684852632046893 0.0019479051533837118 0.0 0.0236060753527177 0.24095806337010334 0.7507352150362511 -1.4846249282429998e-05 1.2234328749914334e-05 1.1840927387438133e-05 1.1316415753346299e-05 1.0
0.033671651503644234 0.249962553984371 0.756956224933705 -0.0006681490776396628 -0.00033995265682151875 -0.0012749407010164521 0.0012742210283158686 0.0 0.023602021273993176 0.24097384007336853 0.7507288732231238 -1.496973557928466e-05 2.5308601130122617e-05 -9.99293501362286e-07 2.0607932608372914e-05 1.0
0.03332786955876411 0.24978467106080285 0.7563951741017533 -0.0002419205606366513 8.816960233911189e-06 -0.0005140770942565404 0.0005998919854543246 0.0 0.023599949064319347 0.2409746311798099 0.7507277496547916 -1.2170028165044341e-05 3.2942077565604626e-06 -4.1492832294290106e-07 0.0 1.0
0.033078087438407205 0.24905813036496804 0.7557127954081692 0.00019405563685907096 -0.00042866515456086937 -0.00048005299660265437 0.0010727331485120095 0.0 0.02360349752410205 0.24096404300518762 0.7507290278542647 4.319438846672235e-07 -9.685310992747125e-06 -3.0786813513824223e-06 1.0508736895484514e-05 1.0
0.03309752781075094 0.24853266578015923 0.7556169321545214 0.0001378683094822768 -0.0006568198030962897 -0.00010007358808028033 0.0005750619607831466 0.0 0.023602198246123432 0.24095882761174742 0.75073499431378 2.1821677788298868e-05 -9.011318535432398e-06 -5.5847809243502974e-08 9.637596461627244e-06 1.0
0.033160810551946564 0.24797470032949093 0.7555455266714372 0.0001196680293773446 -0.0006854837858308708 -9.40729712416669e-05 0.0005128632514556984 0.0 0.02360337397798965 0.24096285248028243 0.7507386353811056 -7.073759064245329e-06 -7.2198796761693774e-06 1.120864918271095e-05 5.104701186900478e-06 1.0
0.03318847083701861 0.24760265826150266 0.7554906359361023 -1.168918040601939e-05 -0.000475737061964684 -0.00014033071613298248 0.00039136106093712254 0.0 0.02360488203474111 0.24096337051934916 0.7507379069996818 9.630408784972263e-08 4.8512948668801785e-06 2.0376908929267087e-06 1.8765135934580663e-06 1.0
0.03319845922321287 0.2473766246927033 0.7554737561361761 -8.985726760772075e-05 -0.00016018428789984595 -1.5461046396778814e-05 0.0002311273228337205 0.0 0.023607226029827844 0.24097024197174585 0.7507405647074378 1.918321402716232e-06 1.1044884151706663e-05 -6.005646035459918e-07 7.35335254181289e-06 1.0
0.033213315533008776 0.2471111525402596 0.7554796147333582 -3.195250991023656e-05 -0.00017148205397151512 -1.278784555178874e-05 0.00026923447592710017 0.0 0.0236016423634704 0.24096882072351705 0.7507357454621923 -4.533441467691956e-06 1.6508381815940893e-06 -5.396042946902247e-06 8.236668159084364e-06 1.0
0.033114742059097445 0.24682924872749462 0.7555974843147236 -9.37542001364412e-05 -0.0002610485627793913 9.54041728437559e-05 0.00031279585147921726 0.0 0.023600011541455516 0.24097697282544997 0.7507299956607225 -2.9105074274518322e-06 4.1225965169573156e-06 -6.1352191428904225e-06 9.56382646403241e-06 1.0
0.03282903451168904 0.24672169278852768 0.7557139157156045 -0.0002715148988762391 -0.00019408785462026883 0.00011700297597656134 0.00033769627534090726 0.0 0.023602710077643245 0.24097105014068973 0.7507359002325585 1.8755390161683319e-06 -4.963766909006305e-06 3.949675205782095e-06 8.838639053622222e-06 1.0
0.03258721308464147 0.24655370562852855 0.755793420569375 -0.0002648019911226466 -0.00015240762353459973 0.0001343673598667753 0.0002938778055769874 0.0 0.023601376831306753 0.24097525319947324 0.7507356368878769 -1.4570533520253248e-07 1.9689449468287016e-06 2.5885627067546578e-06 4.472281284628364e-06 1.0
0.032274577060876344 0.24615091703375525 0.7559955185820932 -0.0003144748523236651 -0.00037086133422414413 0.00017540520062643073 0.0005483755010988253 0.0 0.023601872794715654 0.2409754523167729 0.7507357334573523 1.0082528903706135e-06 1.3562930473585752e-06 8.377041020902398e-07 5.593644470495154e-07 1.0
0.03217459520285261 0.24614601625417337 0.7560395401741059 -0.00012721981542911237 -8.494660560857145e-05 6.777011137663561e-05 0.00012546540141690217 0.0 0.023599765982584175 0.24096250017026447 0.7507421922605627 -1.5923667427298074e-06 -1.0859779138426867e-05 5.28352927404563e-06 1.442233541534975e-05 1.0
0.03228601579994755 0.24645997090399466 0.7560596068791426 0.00012903930706665407 0.0002930363502295832 8.365688396540942e-06 0.0003089721703271256 0.0 0.02358948216107636 0.24097862160221464 0.7507412405240302 -9.887566987284261e-06 1.0607133295413426e-05 3.796071251110198e-07 1.977146242458076e-05 1.0
0.03259340556650616 0.24676797521545932 0.7559668556345277 0.00034986100711630557 0.00038918659662478465 -9.538148529247876e-05 0.00046034270412901625 0.0 0.023594799521909123 0.240985163810556 0.7507404152999779 1.01177854914058e-06 1.0090119422696667e-05 -2.13793266021305e-06 8.166126202992914e-06 1.0
0.03288826475307961 0.24709776929350497 0.7558696340845309 0.0003462865383761292 0.0003884367860246563 -0.00011530043989839355 0.0004605549105405745 0.0 0.02359376497593403 0.24099085948998994 0.7507424202911287 1.5147756690174235e-06 8.24736867605064e-06 1.0688844773743102e-06 5.413450749836826e-06 1.0
0.03308537032410387 0.24810513166105108 0.7550896658659054 0.00020634164956371415 0.0009120167668664272 -0.0006942281950984522 0.0012681884260597068 0.0 0.023591149104084885 0.24099544713148913 0.7507406309105539 -9.822815752963307e-07 3.925601502298951e-06 -5.619910253874111e-07 6.149957295856434e-06 1.0
0.033219436895191516 0.24909252667920082 0.754191140288371 9.290633142203876e-05 0.0010216179457227183 -0.0009661527615773303 0.0013628785893046377 0.0 0.023596041531162723 0.24099753523281042 0.750735294100115 3.5135255417440356e-06 1.491192219782667e-06 -5.373125381669555e-06 7.981712986470066e-06 1.0
0.03335205207869498 0.24981406954026372 0.7533219248942972 6.786800245770955e-05 0.0007893768318067735 -0.0009501842986569481 0.0011312150057576405 0.0 0.023596203199201162 0.24097600126076552 0.7507366545020618 1.181471958849698e-06 -2.0603734780337865e-05 7.510859862113316e-08 2.102529118899614e-05 1.0
0.03341757767780478 0.25023196285771576 0.7525074810317934 6.339121684573504e-05 0.00044429088958837954 -0.000832687629605764 0.0008952273248499745 0.0 0.02360061309839198 0.2409629071186327 0.7507429356738321 3.107958031607896e-06 -1.8206887390395918e-05 6.358309792915573e-06 1.549195937025951e-05 1.0
0.03336505121901889 0.2504333962470658 0.7517643751485255 -2.250157237988571e-05 0.00011590647356497403 -0.0006799757980041136 0.0007902878465695574 0.0 0.023598150598925165 0.2409623101141289 0.7507474257653001 -1.477867597830025e-06 -1.7038915142145723e-06 5.813420441820411e-06 4.812793964086502e-06 1.0
0.033195634579886855 0.25028844088689156 0.7514400180901165 -0.00014911252794834524 -0.00022381032602708612 -0.00030193294279506514 0.00041103090198074395 0.0 0.023594858998448345 0.24098373691850888 0.7507435058599475 -3.0028122699791216e-06 2.076180163288585e-05 -1.739646205051863e-06 2.159067602213604e-05 1.0
0.03307971869985165 0.24995191095324656 0.7514539652823735 -0.0001483567366373249 -0.00036398025654457147 4.866394881784103e-05 0.00032944215857162593 0.0 0.02359149043034092 0.241021064766636 0.7507261160045194 -4.993603783914711e-06 4.203452712652473e-05 -1.6939307777638558e-05 4.240719752547473e-05 1.0
0.032913241173791206 0.24950962483634143 0.7514787405753784 -0.00016597425387409942 -0.0003965251247340364 6.712122472607356e-05 0.00048179645329875795 0.0 0.02359635950328867 0.24107074544886392 0.7507103967536727 3.4489864549902668e-06 5.41791075549402e-05 -2.016836942393135e-05 5.240416892349593e-05 1.0
0.03289085530631419 0.24890007513586607 0.7514420419941737 -3.1039241080320324e-05 -0.0005755166229054617 -5.610890655996081e-06 0.00061833895154055 0.0 0.02360198725157763 0.24112310237281495 0.7506682593494538 7.493286344556884e-06 5.381124114803983e-05 -4.0400972064156374e-05 6.630579766555391e-05 1.0
0.03310365386983205 0.24864944339657483 0.7513908862276318 0.00021572150745137098 -0.00030242258053409877 -9.952625057662917e-05 0.0003297283977619877 0.0 0.02346831847365674 0.24102767265867825 0.7507599134447012 -0.00011254176310313678 -7.754858823295759e-05 7.055188844151527e-05 0.00018742333913193755 1.0
0.03332167081197706 0.24828047357830407 0.7512873596072859 0.0002702144612817081 -0.000292131388076518 -0.0001712873281232317 0.00042239252990044075 0.0 0.023598358443572477 0.2410288803331172 0.750689746036357 7.359345377365164e-05 -3.6010138435114306e-05 -2.9210638713146893e-05 0.0001522668200746635 1.0
0.03334332935387854 0.24808858276935908 0.751239929113583 7.12379543616854e-05 -0.00017493805782050866 -9.544663595787231e-05 0.0002207530156742454 0.0 0.023597676747055926 0.2410059922950073 0.7507085175996991 3.699248262316523e-05 -2.563556323537305e-05 5.586126740593169e-07 2.557598780784542e-05 1.0
0.03316234816884166 0.24766936658714547 0.7512185718201719 -0.00019676848824183463 -0.0003741087515384385 7.335840000794315e-06 0.00044921713289191266 0.0 0.023603684445303384 0.2409875372728119 0.7507359745518746 1.766483491699851e-05 -1.0745422190894247e-05 2.098240700668478e-05 2.971426242948311e-05 1.0
0.03215739988983752 0.24694061298322706 0.7511604798469926 -0.0009710708599235238 -0.0007255640932067402 -1.1696568831880312e-05 0.0012419881322248661 0.0 0.023598453470411403 0.24097673351981658 0.7507421576821826 -6.035043611080254e-06 1.1842386755264397e-08 1.0469758995747976e-05 2.072816518839755e-05 1.0
0.0323711879891431 0.24564872547094366 0.751051209947977 -0.00012652678758832172 -0.0013112390507184805 -9.660518406437624e-05 0.0013318293612684948 1.0 0.023599366278370414 0.24098788855629968 0.7507429664448922 -1.1469887286381575e-05 1.5165417792882194e-05 2.546285222824636e-06 1.1786848040660297e-05 1.0
0.03228733697753388 0.24530146900646935 0.7509154899286345 5.590019137231852e-05 -0.0006187876752438761 -0.00014820883574684634 0.0003685164386790086 1.0 0.023597375630457242 0.24099988253526475 0.7507334801436483 -1.2702559171651485e-05 1.0995376280819165e-05 -7.962785075881406e-06 1.0314973758458852e-05 1.0
0.03217874356102331 0.24471189084944184 0.7507336430097221 5.33898000399528e-05 -0.0004588436868512908 -0.00019323089453468883 0.0005820122028549487 1.0 0.023555161465108457 0.24093644037031828 0.750759056394682 -3.742919292647408e-05 -5.963229527203065e-05 2.0730227970690004e-05 8.089713635582204e-05 1.0
0.032131157234720736 0.2445114077356409 0.7509097626446041 -1.0969825938144913e-07 -0.000136623943443664 0.00011246863913440546 0.0003363140272216901 1.0 0.023562688665067028 0.2410343273391201 0.7507346933288676 1.4833023976749404e-05 7.048446667146212e-05 -2.47863809578863e-05 0.00010474461045524179 1.0
0.032137910904129145 0.24474248340667776 0.7507446076374293 -4.302776664922718e-05 0.0002898490823094006 -6.016847097547845e-05 0.0002777218544108126 1.0 0.023563942094974973 0.24118135498027352 0.7506721425702404 -4.548159601242051e-06 0.0001493085623731295 -5.133915247564791e-05 0.0001567476585703567 1.0
0.03228991804648902 0.2454133285492924 0.7502064635144209 5.680421306668341e-05 0.0006692186421922894 -0.00048099765052672184 0.0008404703860041248 1.0 0.023502524749257066 0.24124226142134353 0.7506996352429967 -4.7120820915687765e-05 9.775306807634693e-05 5.559227167813656e-06 9.245805337931449e-05 1.0
0.03227714160976737 0.24567927899762784 0.7499671629689459 -3.6095045675230294e-06 0.0003576634937817 -0.0003711563542152614 0.0003867774544536943 1.0 0.023574503401187948 0.24138619548322435 0.7505928786666651 4.6555502420685294e-05 0.00013307122838069924 -8.336874368047346e-05 0.0001893536617423429 1.0
0.03245524301447361 0.24627977327858155 0.7496795335936979 0.00023129527722753776 0.0004865302983268912 -0.0003154456170284593 0.0006653614602143106 1.0 0.02356835434666703 0.24151456429572477 0.7505352370516903 1.576540865970434e-05 0.0001256080191369076 -7.15811341437041e-05 0.00014707254607032816 0.0
0.032725728144755224 0.24789462775867852 0.7498362886839542 0.0002331584588491281 0.0014642755822377388 0.00012038019781352791 0.0016408344199766369 1.0 0.02386496208488338 0.24097157946993822 0.7513983325705554 0.00025516389934926193 -0.000458495438101617 0.0007304926267759767 0.0010495878311138226 0.0
0.03295432906159787 0.24891183203053455 0.7495480837068212 0.00025021445321492854 0.0011854403374717741 -0.00011024137639092688 0.0011371032423853078 1.0 0.025186849414252997 0.2403085318606838 0.7517930354080611 0.0012131635240007865 -0.0007464962188662891 0.0005953682161392547 0.0015556600449310157 0.0
0.03335662497989928 0.250822140524054 0.750139584231235 0.00038854820405142886 0.0018424296439549918 0.0004935373525376158 0.0019704428854326857 1.0 0.027115420086518884 0.24088404645286546 0.7518388867554633 0.002021614766381449 0.00031320158237600954 0.0001414244157124018 0.0019972832919390687 0.0
0.036402248840858256 0.25097163385144494 0.7511082401328767 0.0026913087740686346 0.00048482028403166793 0.0009426520109688422 0.0032164784803434144 1.0 0.028667060886901373 0.241929310896394 0.751414018513541 0.0018101789808395957 0.0011376438785114095 -0.00046027942857597984 0.001911794794164486 0.0
0.03781059300311362 0.2513218898369733 0.7518461527714705 0.0020209204327934836 9.367321613146473e-05 0.0008651124251844368 0.001698392580659197 1.0 0.029327888708896695 0.24230244082115415 0.7514239573706433 0.000780836007876234 0.0007402564052294343 -0.0002408460631615983 0.000764951941279498 0.0
0.03924735873555975 0.25262735491379956 0.7532565884896228 0.0015034451167203146 0.000915452666033515 0.0013500877385535456 0.002280004259244066 1.0 0.029789521544917704 0.24266630441426987 0.7512044726648139 0.00020763043075432632 0.0004050388455124587 -0.00023372072180712403 0.0006093899872214221 0.0
0.040972672006189516 0.2540176787983829 0.7548579940829904 0.0014906500800832914 0.0015242876863570838 0.0015941069117806515 0.0027894137244832747 1.0 0.029945920781198773 0.24277632957232867 0.7509094692224314 -9.35253323277476e-05 -3.286072725973524e-05 -0.00019559654583889188 0.00038200714614841527 0.0
0.04125450246980761 0.2546178598314055 0.7559439490211264 0.0002810713471579268 0.000996343683815072 0.001189026330034037 0.0013463130117734577 1.0 0.029992320815130095 0.24265399047991343 0.7509541424621767 -1.5189710273355898e-05 -0.0003280568269958537 0.00010249014597134474 0.0001476470911882204 0.0
0.04152561778688999 0.25502044751252007 0.7565084691189551 7.302231430091839e-06 0.0004196223234430266 0.0005348562805837545 0.000632735627402962 1.0 0.030012186916143817 0.2425255627996555 0.7509833555370586 0.00015268067150545327 -0.00019379596486842753 4.3950510766008655e-05 0.00010142069570766559 0.0
0.041915650111702736 0.2559373683601856 0.7559403163754574 0.0003285739044117637 0.0006963159334806865 -0.0005259639663613615 0.0011521415203887468 1.0 0.029998439545427556 0.24245013298796791 0.7509842366124955 0.0001197163471280474 3.282485313008067e-05 5.291511835227997e-06 7.82000280629665e-05 0.0
0.04429129290745043 0.25758835486876963 0.7555129331206567 0.0022849919177541814 0.0013748809019519751 -0.0007201712991778352 0.003010052590613708 1.0 0.029826589234770485 0.24233560527292264 0.7509227178306348 -0.00012925832574219856 -3.831959250599954e-05 -6.852823132894877e-05 0.00023099292458198754 0.0
0.04469207663385979 0.25838999701532056 0.7552010161199911 0.0009642040861560963 0.001156565623619921 -0.0004392425331180952 0.0009612250035704929 1.0 0.029650913136124852 0.2422404549624886 0.750864967651573 -0.00022479369896906388 -0.00010022638132974981 -6.149452945333083e-05 0.00020144600610890275 0.0
0.04474326116881543 0.25893556269653073 0.755380534073661 0.00019332466016689482 0.0007071239442392237 0.0002832990971355624 0.000429521067122206 1.0 0.0293877591757261 0.2421115807210522 0.7508375031930741 -0.0002690775900074374 -0.00010251774126776445 -8.37112544141983e-05 0.00029246396768067644 0.0
0.04466250666520042 0.259296965101016 0.7565069933320409 -0.0003257651313814487 0.00023346886094038725 0.0012451230468729624 0.0012445423717423725 1.0 0.028934327077263285 0.24190982068908948 0.7508650624554862 -0.0004543615423164608 -0.0002137387535061927 1.9728079275681558e-05 0.0004977763935034568 0.0
0.04763499596576368 0.25901209931610714 0.757839332998827 0.002186406857063622 -0.0004179207835246486 0.0015556980751460267 0.003350649741223372 1.0 0.028363221691890463 0.24147984866489153 0.7515051446615544 -0.0005820570523999708 -0.00042972637975848715 0.0005973369856516605 0.0009606524438896401 0.0
0.04972931420670132 0.2590263946991615 0.7579340339179217 0.0026313470690442656 -0.000150411168900977 0.00036489355662576634 0.002119729064128696 1.0 0.027628320981185443 0.24125706685495993 0.7517899094845818 -0.0007382582321816557 -0.0002923615460133077 0.0004328238266695968 0.0008305472585755805 0.0
0.05047151199597572 0.2592242319966555 0.7580201359253557 0.001378977082900384 0.0002652969462607008 -0.0001994291345637133 0.0006151484909391785 1.0 0.026918881989684344 0.24105065129738573 0.7519360190173376 -0.0007429454216113998 -0.00020164592847548383 0.00018524683554402483 0.00073145098363101 0.0
0.05156331480147173 0.25974134660253057 0.7581815173783453 0.0009488307567102232 0.0006346863247380062 -0.0001224713564850589 0.0012473184366469032 1.0 0.026127077178158008 0.24087011650478882 0.752118742592571 -0.000782300257465939 -0.00015003475057508479 0.00010266365773721115 0.0008350669301449717 0.0
0.05235366846202006 0.2598551619055632 0.7582180711413196 0.00031685018228600837 0.00025627110764459243 -3.779223334259387e-05 0.0009198462490557242 1.0 0.025305395482417635 0.2406547034546122 0.7522919224553906 -0.0007974094159455245 -0.00017575378601275603 0.00010217501032604463 0.0008836287526228734 0.0
0.05289006595435228 0.25986876742714893 0.7582723796352205 0.00035093737635078496 2.4753659093351265e-05 0.00016224917958464847 0.0005066600584191926 1.0 0.02429255055760706 0.24042052128076374 0.7525510723052181 -0.000978695736894861 -0.00023306040031061286 0.00022828422351761288 0.0010663515674518918 0.0
0.05347461213164925 0.25981721163253846 0.7583272282649294 0.0006678688928880986 -0.0001557726899329325 0.00022032256617562923 0.0005066791266635333 1.0 0.02363517234420913 0.2402616512231922 0.7527143872606047 -0.0007379904659404791 -0.00019957382718064766 0.000230477995324466 0.000692817822846474 0.0
0.05412393540409083 0.25973053427574 0.758444602133244 0.000932083321398505 -0.00019750044197609754 0.0001317571221877052 0.0007164496126797362 1.0 0.022863171307374863 0.24006675478055856 0.7528734027856375 -0.0007301877644767182 -0.00020349631921184 0.00021266696508994437 0.000799422047004875 0.0
0.055087010705819964 0.2595837780824397 0.7586814003298347 0.0008808900020765577 -0.00012418800888115185 0.0001458987647953707 0.0010173569663001134 1.0 0.021993509391203914 0.23988507959485517 0.7530841854712833 -0.0008306084953509414 -0.00016420830602299964 0.0001650538940456643 0.0009268886133029291 0.0
0.0559405248565093 0.2593407502271766 0.7587864792199591 0.0008725839416684077 -0.00018664059605604042 0.00015653847148078287 0.0008741804111322905 1.0 0.021345659688984744 0.23974784018595893 0.7532388054274776 -0.0006841945336662785 -0.00014024759542384416 0.00015224003448649942 0.0006893325962218881 0.0
0.056674367543348605 0.25916163722105146 0.7588560165603004 0.0008197772357136009 -0.0001673652975709684 7.533262674579234e-05 0.0007558431882956936 1.0 0.02074072444654038 0.23963737982899655 0.7533682286264936 -0.0006119329918444363 -0.00010931888312031815 0.00013490106257339236 0.0006098464959560089 0.0
0.05703087381882139 0.25904251676035833 0.7589173673672461 0.00035064825108239864 -0.00014862235084123925 2.677768737219721e-05 0.00038410500126447446 1.0 0.02016985501268524 0.23951102184171905 0.7534949335303345 -0.0005648082446449927 -0.00012078472856182502 0.00012427845664682196 0.0005978957579240032 0.0
0.05759834375624618 0.25883074512723425 0.759009729587004 0.00041691577000028 -0.0001802111616693971 6.722006859052784e-05 0.000609270674796838 1.0 0.01951712146959681 0.23941895663394056 0.7536376121663494 -0.0006289463069584689 -9.593154053591393e-05 0.00013971263361227252 0.0006897964442861003 0.0
0.0582327341565492 0.2586604661629927 0.7590205381849927 0.0005932097300607297 -0.00017201589755677836 2.6258927273095166e-05 0.000676464738756165 1.0 0.01912104154722281 0.23937941911533178 0.7537115089141995 -0.0004248165963579249 -4.359572470783907e-05 7.921972190519773e-05 0.00040181148874818967 0.0
0.05877176051594662 0.2585521879776618 0.7589490961343421 0.000609797350984597 -0.0001213437246537094 -4.9164319558275206e-05 0.0005434904407607249 1.0 0.018596784831780018 0.23933773687861581 0.7537957430181849 -0.0005109434070194719 -3.8949028182322994e-05 8.155115017190512e-05 0.0005159808587155163 0.0
0.059184262828012466 0.25870887670976583 0.7586699972360809 0.0004934940482022512 0.00011847599819061868 -0.00025750005303524603 0.0005096074681190352 1.0 0.018138479594165122 0.2393174387681748 0.7538483509362598 -0.00047079223891353543 -1.776165917008281e-05 5.6970294393971716e-05 0.00047828553734513264 0.0
0.059673235089190715 0.2593060192722791 0.7581959571617576 0.00045729361178652715 0.0005753577516587192 -0.0004968374954907745 0.0009076663181387431 1.0 0.017560164865305775 0.23932461605791353 0.7539254819715172 -0.0005479582864970091 7.255073487292299e-06 6.552211352357586e-05 0.0005802517011324008 0.0
0.06105220680361826 0.2601648533444548 0.7577699882036162 0.001218678557003795 0.0009247948138943561 -0.0004833404601334852 0.0016971184787428245 1.0 0.0170097725457248 0.2393600498623171 0.7539701226881241 -0.000576517562680778 3.207663963934642e-05 5.191635569360114e-05 0.0005529440198940339 0.0
0.0619217125712822 0.26138438630673166 0.757696102791088 0.0010504535318079608 0.001254689533984784 -0.00012650709775735528 0.0015057818209595242 1.0 0.016459814940119517 0.23922602620212885 0.7540405849578037 -0.0005690611696471911 -0.00010878449270862376 7.014823121422084e-05 0.0005650706566668685 0.0
0.06231640095252443 0.26300249312656876 0.7559117939344134 0.0005320796091121877 0.0016077763999230758 -0.001457442672548096 0.0023972825130585164 1.0 0.015601119222061898 0.23878547793589824 0.7541331755444154 -0.0008143137591368767 -0.00041759487986596657 9.293421250584589e-05 0.0009716029539679241 0.0
0.0624481717771991 0.26406957511061063 0.7533027004074154 5.0297139683810996e-05 0.0011832681412222747 -0.0026599943631278287 0.0028566481373185405 1.0 0.015108883580381347 0.23874517481241667 0.7541108424434262 -0.0005633092155904978 -0.00016149669170358215 -4.144174265999722e-06 0.0005092872983539936 0.0
0.06240365699904981 0.2648199123537196 0.751546840518358 -0.00020764513016680172 0.0007033947727750797 -0.0021908457961220726 0.0019260677137261117 1.0 0.01486301016848789 0.23877756084261384 0.7540917765863515 -0.00026767030874985377 3.611839573099959e-05 -3.1322834306598074e-05 0.0002260316269141897 0.0
0.06274972190694539 0.26508130196192176 0.7507333392902072 0.00018972082141296048 0.00017665570395827458 -0.0009751700673302913 0.000873563919118812 1.0 0.01469387584307906 0.23876860930152405 0.7540700716356911 -9.743027844405744e-05 6.975894270410768e-05 -3.6677506767132775e-05 0.00017028140081603346 0.0
0.06242452903251661 0.26426956700350057 0.750682205667256 -0.0001105046167268916 -0.0008080423248142533 0.00018695807576963648 0.0008740358926701234 1.0 0.014641371860742741 0.23883808048037916 0.7540721838420966 -9.023064118995471e-06 0.00010627456965511134 -3.5299882738952005e-06 0.00010926949895211823 0.0
0.062131230677180335 0.2637851671552011 0.7510161589120115 -0.00021024885413309868 -0.0007129918342758407 0.0007318474018632327 0.0007253667151164443 1.0 0.014642134622236803 0.2389275518534711 0.7540895060241167 1.5747447381495114e-05 8.791210785309381e-05 2.4097292824994175e-05 8.567078381257066e-05 0.0
0.06186491239043416 0.2634401495559034 0.7511274215294865 -0.0003382870431831266 -0.00034814800515732146 0.0003292046755265771 0.0004188270945369862 1.0 0.014573571238111777 0.23905526239725874 0.7540731976419284 -8.965181923646561e-05 8.275741909031912e-05 5.2381227618241094e-06 0.00013052048168428964 0.0
0.06172801676968305 0.26331659449933215 0.751171464485262 -0.00019791494430597683 1.1507271010448468e-05 -0.00020710917790108362 0.00015945566500181877 1.0 0.014520648528997268 0.23913293229572535 0.754020136012349 -0.00011338607550681807 6.401169774443826e-05 -4.8108035386499226e-05 0.00011957423956242134 0.0
0.06159119692569377 0.2632998955295393 0.7511499672293662 -0.0001065513303962178 0.00012264747541354017 -0.00027063930188485916 0.00015182696403144786 1.0 0.014495888311100947 0.2391854106909892 0.7539939163786789 -2.9090376840749856e-05 7.779397674198243e-05 -4.9373530691821844e-05 6.029828616183205e-05 0.0
0.06152648939208971 0.26324914735122085 0.7511553250883549 -1.7492877195097404e-05 4.6363581316542866e-05 -6.935915074517476e-05 0.00010044086560207421 1.0 0.014480459714124023 0.23920806680508228 0.7539943112190867 -9.670586631386948e-06 1.3855089518353026e-05 -7.318170260781812e-06 2.6050900343017598e-05 0.0
0.06171329539948504 0.2631075754568531 0.7511550884028371 0.00019049021333510888 -0.00018675218692495099 4.0575330125888374e-05 0.00022283918769170296 1.0 0.014474982992044137 0.2392265791301992 0.753988589499138 3.55705789334079e-06 2.818012667392142e-06 3.40790548745862e-06 2.3326193545806714e-05 0.0
0.06178722476616509 0.26303161939355696 0.7511371690764755 7.219690872044293e-05 -0.00021419398616521394 6.341576148536363e-05 0.00011221740207367184 1.0 0.01447594672096194 0.23922607417514785 0.7539940606060179 1.5180438804448425e-05 4.3994249450697954e-06 1.4178245229260962e-05 6.047596637857167e-06 0.0
0.061856257860329465 0.26292041664403587 0.7511272884699545 7.445968929006884e-05 -0.00011605844138102086 2.7350746791135347e-05 0.00012219031238784454 1.0 0.014472952463792774 0.23923748022652097 0.7539933965246709 1.6701024823934373e-07 1.4397263955582222e-05 3.3611221211010332e-06 9.415901076163788e-06 0.0
0.06189761207743593 0.26270077168227923 0.7510269937861558 2.4931811094547546e-05 -0.00020034113718069566 -0.00010006540489619853 0.00024897452479232397 1.0 0.01445624133810991 0.2392698741681066 0.7539580651686792 -2.3018811921610214e-05 3.701571092402756e-05 -3.680616205390543e-05 5.1050361227065425e-05 0.0
0.061902193993290076 0.2625991871008755 0.7509663266134783 -1.4995832718825658e-05 -0.00011195587935785347 -8.410616412320465e-05 0.0001263014692318436 1.0 0.014456080129330725 0.23927689398773774 0.7539522280974686 -5.852724510290233e-06 1.4823878870628092e-05 -2.0387374663352924e-05 1.092654005651372e-05 0.0
