0.06454223152005029 0.27704178743652585 0.7623070915473191 0.0 0.0 0.0 0.0 0.0 -0.018404643461189106 0.27754405256971426 0.7626342035387016 0.0 0.0 0.0 0.0 0.0
0.06453794532332373 0.2770175127731604 0.7622750116504938 -4.286196726557834e-06 -2.4274663365464466e-05 -3.207989682529888e-05 4.045677377408138e-05 0.0 -0.018404315633958588 0.2775225721792327 0.7626045816902708 3.278272305180796e-07 -2.1480390481554146e-05 -2.9621848430805287e-05 3.462403200486401e-05 0.0
0.06455882798446595 0.2769188292405328 0.7620340793021548 2.0882661142224146e-05 -9.868353262759699e-05 -0.0002409323483389958 0.00026119517917524087 0.0 -0.018413256498072676 0.27746047814087677 0.7625128594991264 -8.94086411408826e-06 -6.209403835594207e-05 -9.17221911443944e-05 0.00011530388230308005 0.0
0.06461888616803294 0.2768522184723197 0.7618559851095921 6.005818356698278e-05 -6.661076821307121e-05 -0.00017809419256276104 0.0001994029119142514 0.0 -0.01840878947045196 0.27737079755246263 0.7623511552373881 4.467027620715797e-06 -8.968058841413162e-05 -0.00016170426173833796 0.00018451795251473184 0.0
0.06464583359967675 0.2766653448918737 0.7616541412516236 2.7959496627596717e-05 -0.00018093882259032301 -0.00019031897810493418 0.00027638531462528495 0.0 -0.01837476858997782 0.2772277562708907 0.7621690049442154 3.457521938293102e-05 -0.000142027544484445 -0.00018261916461037922 0.00023340139995178152 0.0
0.06473154666104469 0.276565613288544 0.761456519171541 8.213512429795225e-05 -0.00010856814013429444 -0.00020437690426749686 0.00023737651132312327 0.0 -0.018380748454510282 0.2771381033838736 0.7620258511881536 -4.848865432207417e-06 -9.210037947032597e-05 -0.00014247502409528684 0.0001684285029326925 0.0
0.06487001525964134 0.27652601162336565 0.7612412767410018 0.00013670702975251305 -3.628958476301921e-05 -0.00021011740869530897 0.0002560939351992175 0.0 -0.018409948860604545 0.2771047103957061 0.761935251535029 -3.210085575017551e-05 -2.944470845255797e-05 -8.365256870424832e-05 9.961813031225185e-05 0.0
0.0649686480037833 0.27647446118513835 0.7610762146100888 0.00011085583475836906 -3.794417259955218e-05 -0.00018188482357109887 0.0002010866227546008 0.0 -0.018397348071416464 0.27702924926168576 0.7618058961762235 2.707413869468166e-06 -6.129636711077299e-05 -0.0001175664131172645 0.00015050595593616564 0.0
0.06497802532610443 0.2764443063107233 0.7609799059030049 2.1651920507005858e-05 -2.052926635616553e-05 -0.00010478316348711115 9.698047184186234e-05 0.0 -0.018379274565763045 0.2770021961564363 0.761686635043227 1.6607444899485977e-05 -2.6778070452402003e-05 -0.00011304547121529831 0.00012882952648480514 0.0
0.0649709167372131 0.2764004833609573 0.7608795050030053 -2.317617292693836e-05 -4.28870069529011e-05 -9.764385049207187e-05 0.0001107228428418626 0.0 -0.01837343701010142 0.27699223059914585 0.7616174285997434 1.3567545277984528e-05 -1.3231105941996108e-05 -8.492553277166801e-05 6.700199630505443e-05 0.0
0.06495901574956757 0.27635650792572153 0.7607774914823897 -3.140730410961678e-05 -5.3199137931363125e-05 -8.812936927487687e-05 0.00011373292112249242 0.0 -0.01836740000879197 0.27697106602432897 0.7615333019557996 1.1338718754249923e-05 -2.2676408512253685e-05 -8.677922024502853e-05 8.257972408111781e-05 0.0
0.06495422466115464 0.2763310295626718 0.760681723400142 -1.2581807044420476e-05 -4.353616971700969e-05 -0.00010205725516708347 0.00010044060339878003 0.0 -0.01836550623072921 0.27695756694729595 0.7614767855613374 1.8293113568742825e-06 -1.969798271449139e-05 -5.955754958837233e-05 6.310958701684553e-05 0.0
0.06494090942975729 0.276283421333859 0.7605553816186569 3.672578333032961e-06 -3.718610668709051e-05 -0.0001316661677109199 0.00013120128257783836 0.0 -0.018347892872764414 0.2769034960066403 0.7613874807551855 7.937239020131397e-06 -4.597665008850043e-05 -7.774002002500208e-05 0.00010541573872331576 0.0
0.06493495120881022 0.27623724341261674 0.7604478601019482 6.40318566970815e-06 -4.359778605521804e-05 -0.00012138054768666976 0.00011958140944581913 0.0 -0.018279386820720916 0.2766949999539111 0.7611282391197646 6.158061606460408e-05 -0.00019301768203274248 -0.0002378608775599532 0.0003367093146699867 0.0
0.06492393808072465 0.27617745971228547 0.7603593165096593 -1.0271851714179094e-05 -6.0144357944326115e-05 -8.889954815273328e-05 0.0001076863307946373 0.0 -0.018158785875558654 0.2763183833563148 0.760733647984893 0.00012633092861549832 -0.0003835964776770727 -0.00040949293411183055 0.000563922283612709 0.0
0.06486824063349952 0.27598387148136155 0.7601637989636392 -5.555667603745774e-05 -0.00017643386775737554 -0.00017094340186471816 0.00027779093175610216 0.0 -0.017704780614290514 0.274551763934616 0.7589720365370786 0.0004212620225889851 -0.0016089747661883727 -0.0016089796913738086 0.002517301667129224 0.0
0.06484446753079197 0.2758778116887308 0.7600792906789728 -3.620806192804524e-05 -0.00013964322508793576 -0.00011109523719280228 0.0001459316387563824 0.0 -0.01754520481348858 0.27359099378128376 0.7579870004933095 0.0002527553289225997 -0.001287360119869448 -0.0013004161199743247 0.0014512299924308522 0.0
0.06481947279287797 0.2757238775482917 0.7599486605196475 -2.6028279441704418e-05 -0.00014932084557479233 -0.00012048474935692671 0.00019319747681590923 0.0 -0.017168401515186657 0.2717019179389448 0.7560979581284306 0.00033886070495544555 -0.0017954692799672979 -0.0017999880627295353 0.0025923369640540733 0.0
0.06482053183745144 0.2756886391150987 0.7599160743405914 1.451072798749012e-06 -4.5546018006244954e-05 -4.220337872988105e-05 5.2664786953433675e-05 0.0 -0.017188371775504474 0.2712692428986205 0.7556542264338194 2.1355505668807887e-05 -0.0006419534079336858 -0.0006517912493001301 0.0007002026948415938 0.0
0.064826101699339 0.2756441628827573 0.7598786932241534 1.231298224221774e-05 -2.0365824916725852e-05 -2.2781010826177043e-05 5.746329658071745e-05 0.0 -0.016978239266752616 0.2698348876083245 0.7541302777373226 0.00011336597203026072 -0.0010589310595164796 -0.0011404026579533014 0.0020388677371303986 0.0
0.06481965655969268 0.2756096765887747 0.759849525785181 7.811290972128098e-07 -1.837252706712018e-05 -1.8350738813047415e-05 4.838188224803668e-05 0.0 -0.01692426951215175 0.2687130849679339 0.7525523207822343 6.0028490826395995e-05 -0.001087236218290901 -0.001504859970121182 0.0020231059648759034 0.0
0.06478658993853983 0.27556996453946214 0.7598162221236615 -3.315150890278738e-05 -4.189544946945107e-05 -3.5614850448621426e-05 5.8906863736415014e-05 0.0 -0.01717351824709047 0.267648904273956 0.7504927440350703 -0.00019322761244682164 -0.0011362601521088932 -0.0021142190752799894 0.0022817037444963053 0.0
0.06476709957686196 0.2755509701297149 0.7597939954235764 -3.237068790183042e-05 -3.823562849076608e-05 -3.678777416708718e-05 3.7369571349826284e-05 0.0 -0.017009198435688655 0.2665697954099507 0.7494365551485762 8.689761616091659e-05 -0.001185395648097519 -0.0014264481085001575 0.0015288738524058768 0.0
0.06474206416316435 0.27551150973496225 0.7597653267513103 -2.606721944040978e-05 -3.754813290405778e-05 -2.6854776122706587e-05 4.9862492258458786e-05 0.0 -0.016571549031380507 0.2653647267770709 0.7489724811416518 0.00041286684732623697 -0.001157364881970716 -0.00043344193253567836 0.001308001933924408 0.0
0.06471862528125472 0.27548869959336514 0.7597585783312248 -2.2470544844607358e-05 -3.0200051236181993e-05 -1.397885814085004e-05 3.837072752734376e-05 0.0 -0.01608034033015472 0.26435936571448887 0.7491597245736461 0.0005850623639205282 -0.0010709254364527894 0.0003250867746549934 0.00121431472350529 0.0
0.06471235904904768 0.2754951609292848 0.7597392805413926 -3.832012687637643e-06 1.0248620177112302e-05 -8.593984318970249e-06 1.9364125725979472e-05 0.0 -0.01594048494203353 0.2641103253944934 0.7491718406660925 0.000241629581747403 -0.00026357756384723613 0.0003625569975285762 0.0002625043404417774 0.0
0.06470836152108166 0.2755036308624328 0.7597188573556168 -7.014070405925824e-08 1.2181063162032263e-05 -2.043467563639936e-05 2.235597637872988e-05 0.0 -0.01589614788403736 0.26406248127659326 0.7491421550073729 2.246588049847224e-05 -2.299890554382329e-05 -9.285911672242322e-05 5.3321022980794297e-05 0.0
0.0647076338756443 0.27550710621223456 0.7597068166596485 -9.844438608650287e-08 8.75002344872853e-06 -1.4705198755740662e-05 1.3092189425504148e-05 0.0 -0.015963879312342177 0.26416234387989707 0.7490940245645268 -0.00017840356581522821 0.00023342765074379308 -0.00021666062762742662 0.00013011397066577026 0.0
0.06470885900838137 0.2755123429423753 0.7596831406600214 2.587984734450301e-08 4.292925442977092e-06 -2.2793077223600314e-05 2.4299181228206547e-05 0.0 -0.01623667012181426 0.26474718857933444 0.7488858881784948 -0.00032655288437012273 0.0005590573333589485 -0.0003504129724841039 0.0007042663895101601 0.0
0.06471303658552273 0.2755228177031215 0.7596570732341492 3.7422185358573747e-06 6.874617130280833e-06 -2.6362189971023534e-05 2.7954049100458512e-05 0.0 -0.01657664626420068 0.2656715138569628 0.7487119508203406 -0.0003195040427297836 0.0008761102237734904 -0.00018196076980698866 0.0009913854918908505 0.0
0.0647175133476986 0.27553624527963455 0.7596360916133169 2.9130741743671767e-06 9.505321471729727e-06 -2.2883096065931307e-05 2.5734897838699127e-05 0.0 -0.01672338641115925 0.2661869189756357 0.7485957084869832 -0.00014901306138589095 0.0005820547855324523 -8.395108831296336e-05 0.0005365927573915436 0.0
0.06472304805055741 0.2755456747282115 0.759622906076775 5.221193219010595e-06 1.2200395533930199e-05 -1.2841735877413168e-05 1.6726681709587545e-05 0.0 -0.016572429928211785 0.2657393143400685 0.7483914273621769 0.00015424816841913514 -0.00035333668393002177 -0.00012622829660847518 0.0004996401197707688 1.0
0.06472013256926828 0.2755577009094898 0.7596628095232695 -8.181089113908054e-07 1.3794830901835661e-05 3.3534600135024576e-05 4.139864347431222e-05 0.0 -0.015119813189866781 0.26320071785878585 0.7484326482525822 0.0013390161033334904 -0.0024347221680183617 5.309132066444504e-06 0.002923351468734044 1.0
0.06472049904834769 0.2755873755747128 0.759636040755869 -1.4829218406501548e-06 2.661767545336364e-05 -7.776948448498524e-06 4.1492964366697855e-05 0.0 -0.014852462648124159 0.2628386824532303 0.7483028723584548 0.0006742492537530429 -0.0011444733381468309 -7.288081874583637e-05 0.0005861420166557159 1.0
0.06470365194034149 0.2755849210141573 0.7595686158810422 -1.505713639852812e-05 3.7839005296521967e-06 -6.42036058466662e-05 6.820562126850473e-05 0.0 -0.014945888383787891 0.26245451829817174 0.7483337307449058 -6.955514767923303e-05 -0.0003148340885554295 5.676924342063587e-06 0.00022578883902986006 1.0
0.06467667715602449 0.2755456704072803 0.7594976595291252 -2.7594141438870605e-05 -3.628478125855171e-05 -8.625740337946409e-05 8.581825270916003e-05 0.0 -0.014743237336236845 0.2620631782645109 0.7484114428552519 -9.235664104678454e-05 2.595447168885737e-05 6.417493508203281e-05 0.0004831100602317192 1.0
0.06451055962022431 0.2751909465011243 0.7592090413426691 -0.00014908171636213033 -0.00031874151436158386 -0.00026902060746143117 0.0004830400859723083 0.0 -0.014026648438021264 0.2614692158560339 0.7483894675052644 0.0004899513672384754 -0.000263235089700753 5.738964180422926e-06 0.0010265735219466957 1.0
0.06437587626920274 0.275053839744397 0.7590772873592951 -0.00015955263238339964 -0.00021854471581088543 -0.00018362962603116212 0.0002479805978558102 0.0 -0.01337568637796407 0.2611205564211784 0.748559991041978 0.0007688836343100236 -0.00043983741313741035 0.00013307901870527523 0.0007373307498824856 1.0
0.06422910033664576 0.27496432699877354 0.7588719743633938 -0.00015605974952687351 -0.00010270075175023108 -0.00018933904132604663 0.00024694640162485523 0.0 -0.011243887650646704 0.26076230495981634 0.7491257683315292 0.002123852904611684 -0.0005895939448568098 0.0005172588181403206 0.0021244568825864985 1.0
0.064008419345757 0.2746834485744408 0.7584905221423075 -0.0002062746978215283 -0.00021443703499542365 -0.0003394878092682246 0.0005252123301971959 0.0 -0.009471894424940812 0.26079209291028355 0.7498933708570064 0.002134222031144394 -0.0001638783808058245 0.0008185126742441077 0.0020508755561817705 1.0
0.06379067720768403 0.27445289618089186 0.7582177000546273 -0.0002160987499384292 -0.00022536515189098503 -0.0003062037922840328 0.0004383807739547857 0.0 -0.00793993092957665 0.25989276525752997 0.7504026770210876 0.0015407206711785216 -0.0005410316279759989 0.0006133732272347863 0.0017922252290392317 1.0
0.06361713126589923 0.27408479231020794 0.7577122736361093 -0.00017966163715391338 -0.0003577352466346771 -0.0004758331942209206 0.0006329266124851499 0.0 -0.00601253703747186 0.2576908074513334 0.751246622041616 0.0017246624008310058 -0.002107474716419859 0.0007870065678430191 0.003022597567778073 1.0
0.06360671487111573 0.2738586363992342 0.7572764847215132 -2.794797143072535e-05 -0.0002831062060867912 -0.00047098719041271497 0.0004904167898428404 0.0 -0.0040597170417356904 0.2552927146642284 0.7525436682694089 0.001863137314012447 -0.0026870758876460536 0.0011998731017682123 0.0034188958238570897 1.0
0.0636575800877131 0.27372314603674336 0.7569529632488532 6.828714354472986e-05 -0.0001563454049592181 -0.00035201929091956477 0.0003591558847603554 0.0 -0.0029207637974020843 0.2533731841532806 0.7532303608805672 0.0012406620931551685 -0.0022240457584778717 0.0008143694980678434 0.0023331837338771986 1.0
0.06374624819760727 0.27356496128082614 0.7565487945148593 0.00012055785072065324 -9.722013400329606e-05 -0.0003504753385094639 0.0004372383553603134 0.0 -0.0015534852766429783 0.2511717758333241 0.7540119148864995 0.001257912029922673 -0.0020510149867665668 0.0007515002979601867 0.002609799546706169 1.0
0.06382906128316077 0.27324054095328515 0.756103246203506 9.202148685797274e-05 -0.00027990400582224756 -0.0004296447190102113 0.000564438110105876 0.0 -0.00043685902939429353 0.2500619170711713 0.7545421673766542 0.0011799226195427703 -0.0010477851016365248 0.0005241909338575887 0.0017542339571545444 1.0
0.06395494891720727 0.27316372912525716 0.755683865534546 9.944737898737548e-05 -0.00015252499814876489 -0.00043744462330344916 0.00045068604835234177 0.0 0.0010064494576894573 0.24939770242990114 0.754824057674231 0.0013280650814876164 -0.0004339679735532154 0.00023823977890973685 0.0015985358140732878 1.0
0.06399651600256279 0.2730141907549791 0.7554323195371594 3.8233210774414996e-05 -0.0001405870991257033 -0.0002831017810722411 0.00027856329537974856 0.0 0.0031789907282223718 0.24909379815484 0.7545887727571365 0.002135943214250949 -0.0002377402090739285 -0.0002350796401440978 0.0021799726124284644 1.0
0.06396550273198781 0.27285494545774075 0.7551007076265697 -3.498281433067006e-05 -0.00015548288627942038 -0.00031340816866665545 0.000371421502748392 0.0 0.003914103006304856 0.24876422305360923 0.7540560559860691 0.0011620406789810895 -0.0003289788401563794 -0.0005279486152705153 0.0010114274283978192 1.0
0.0639979608310231 0.27265637884690064 0.7545762326408302 1.1008843026813925e-05 -0.00017689769406315582 -0.0004732970770537174 0.0005734338922904085 0.0 0.00402904682739346 0.24850175715033207 0.7535388241778154 9.981188528643574e-05 -0.00032422094191239753 -0.0005717460997138011 0.0005395133151828019 1.0
0.06404395310560605 0.2725752442392763 0.7543292797035414 4.482408382243131e-05 -0.00010523594779771392 -0.0003130413809177324 0.0002681674330737555 0.0 0.003898718476332972 0.248289491230138 0.7532108805353774 -0.00042434206954934076 -0.0003160462259710101 -0.0003872647578492458 0.0004061722100929268 1.0
0.06409038454578661 0.2724964031632718 0.7541590717085026 6.245846900706074e-05 -8.314895437427366e-05 -0.00018811354546972774 0.00017118737653408164 0.0 0.0040673340469250694 0.2482818764684309 0.7530492700230197 -6.0832437470728835e-05 -0.0001255469908475102 -7.764730025166221e-05 0.00029319362745966167 1.0
0.06408907595489859 0.272449537625839 0.7541154977462583 2.055976550201768e-05 -4.3589985278468776e-05 -2.815907532971126e-05 7.317360721091604e-05 0.0 0.004158286856463468 0.2480997347703633 0.7529777018484072 0.00015783912487881639 -8.017866727720287e-05 2.0959545411838062e-05 0.0001902575227613109 1.0
0.06404989804121233 0.2724175520496008 0.7540912254969092 -3.579505170230901e-05 -6.590620009768735e-06 2.517513959986189e-05 6.508128128179021e-05 0.0 0.003851495300491976 0.2478032021273088 0.7527779137352287 -2.250479372288062e-05 -0.00025612695460472336 -0.0001354665847301856 0.0004425977013708547 1.0
0.06400788630899906 0.2724249960186822 0.7540550569206652 -6.49823465965797e-05 -4.297069203496262e-06 -1.1427578212651584e-05 5.268657355368629e-05 0.0 0.0038082046287395825 0.24775669193790292 0.7526694517685679 -1.4559494288467721e-06 -0.00010412685664749931 -0.0001807739863034151 0.00016236680032042684 1.0
0.06397523963107296 0.27243574822462485 0.7540319750441736 -4.600536504133885e-05 6.490598509438083e-06 -6.0194432571362424e-05 3.532814235450427e-05 0.0 0.0039073943186119595 0.24780501803611188 0.75260766775601 -3.215905058709303e-05 3.0744782343890384e-05 -0.00012452809511021007 0.00010100453364213528 1.0
0.06395740150081149 0.2724382268698037 0.7540302725237403 -1.0300165904359755e-05 1.813967203421606e-06 -3.924623215977155e-05 2.18516465871074e-05 0.0 0.003968015009272387 0.247843422817602 0.7525768187493563 5.667386429826016e-05 8.502419874171666e-05 -4.1676861235010105e-05 8.514753112987222e-05 1.0
0.06387693550809771 0.2724211942680741 0.7540527163105134 -5.964503674286215e-05 -1.1021920503794989e-05 2.9219451082701823e-05 8.232369529009116e-05 0.0 0.004073948257715819 0.24786683020119385 0.7525329914003854 0.0001341982742408461 6.336809311822912e-05 -1.6784876623901664e-05 0.000127336653117912 1.0
0.06385483801674603 0.2723946787548393 0.7540788424570799 -3.3199552556194436e-05 -3.4034561726426095e-05 3.508553672239523e-05 4.8887142057733586e-05 0.0 0.004000795421466225 0.24799962140920034 0.7522921263969478 -1.1968850912624485e-05 0.00011790240552979927 -0.00019688132523367657 0.00027922736499292196 1.0
0.06385000016395492 0.27239394708968706 0.7540561024722165 -1.0202522354033185e-05 -9.858542202240814e-06 -3.7313209790020127e-06 1.923585221989398e-05 0.0 0.004264531468233247 0.24797355642710478 0.7524627977146501 0.0001578812484942983 -3.248553616074371e-05 7.815317255985645e-05 0.00031110567525052834 1.0
0.06381975113288524 0.27236210232628477 0.7538929440846948 -2.1986408913457988e-05 -2.384294109158936e-05 -0.00015141360035424847 0.00016671271203889222 0.0 0.004627963072905691 0.24742216062493577 0.7532870556324043 0.00033503523932634983 -0.0005046457324118935 0.0007491009670985252 0.0010526530273613113 1.0
0.06374080081124106 0.2722098864499876 0.7536921958900644 -6.95124500887992e-05 -0.00013118779315125182 -0.00022632481960261548 0.00027062941431005825 0.0 0.004689412098252087 0.246701163938278 0.7542763323905776 0.00017566613967174243 -0.0007715714751419117 0.001112603824716476 0.0012434191323733156 1.0
0.06365942486208996 0.2720546935490616 0.7535914133947883 -9.010031622313475e-05 -0.00017261205012006188 -0.0001390757112677319 0.0002016805642311145 0.0 0.004715091649963269 0.24646829239839377 0.7546541744788967 2.2742748559354283e-05 -0.0003913345377345289 0.0005889465629486384 0.0004398749990446606 1.0
0.0635404672436173 0.2718222221833316 0.7535054627767209 -0.0001250848554897172 -0.00023842434855750073 -7.309244680815025e-05 0.0002652145669521891 0.0 0.004611691161395875 0.24541987412642233 0.7547668699842928 -0.00014433951640663024 -0.0008806708460902491 6.654629581609177e-05 0.0010156417179472683 1.0
0.06347799180492228 0.27170949996423566 0.7535324122512402 -8.034817706409006e-05 -0.00014174487991436028 4.407610052340372e-05 0.0001407025745658743 0.0 0.004096788715057829 0.24420976819366455 0.7542165516373391 -0.0005139763131850932 -0.00118337065755629 -0.000663924319668354 0.001478260159862027 1.0
0.06342978780329397 0.27165910446918284 0.7535132251856932 -3.6099936408648465e-05 -3.8801898989064096e-05 2.203729729673643e-05 7.042379623540419e-05 0.0 0.004018459413235838 0.24251636814689032 0.7532066655064441 -0.00021158102099814487 -0.001674260068367773 -0.0011633028260408824 0.001981922433530879 1.0
0.06341727455485306 0.27163557697674523 0.7534923577846641 -2.5709591219475494e-06 9.35276142239958e-06 -2.1176626288738882e-05 3.200896452323158e-05 0.0 0.004054858830731353 0.24120322715671422 0.7522291004696966 8.555187769140847e-05 -0.001489740759764424 -0.0010644104954202133 0.0016082506423894288 1.0
0.06340123078276856 0.27157811119647496 0.7534396606415253 -6.4352485035395025e-06 -3.500024911039717e-05 -7.401092080112223e-05 8.153312443509509e-05 0.0 0.003825063669155525 0.24007212124206687 0.7512251797877663 -9.792343408568063e-05 -0.0011673212098132935 -0.0009270926053821949 0.0015075895216350832 1.0
0.063381114869926 0.2715139428922615 0.7533940299947406 -2.0850421153352835e-05 -7.710508770009182e-05 -6.661441892159947e-05 8.390450093011395e-05 0.0 0.003425792302445506 0.23950046726199373 0.7511497095271762 -0.00037088937885662387 -0.0005070171027983163 -0.00010435330434068694 0.0007411954922911473 1.0
0.0633637309194065 0.27141081999209155 0.7533388557413337 -2.4998132354695543e-05 -0.00011865799097296559 -5.583444954888821e-05 0.00011233349521148038 0.0 0.0029281255658123984 0.23862692980333225 0.7510489810071206 -0.000543489096205711 -0.0006282811412539259 9.244312044592233e-05 0.0009854683460505185 1.0
0.06335320074291105 0.2713165032228157 0.753312238029503 -1.9376485891672626e-05 -0.00011666557133052798 -2.6893764262245004e-05 0.00010143517685341785 0.0 0.0026805991615136246 0.23787496379427484 0.7508413418476512 -0.0003724454890653959 -0.0007907010568034907 -5.67629336573729e-05 0.0008505675260031089 1.0
0.06334995545951992 0.27126297827039597 0.7532959949515616 -2.0492264594572455e-06 -5.428964823380128e-05 -3.3334687024958587e-06 5.5594925729562244e-05 0.0 0.002794282057807725 0.23767969452573096 0.7506443026467523 6.631315785144597e-05 -0.00035106242527541674 -0.0002594984504802277 0.0002840881337133947 1.0
0.06334026464046491 0.271225121877084 0.7532681097964223 -5.578651611194615e-06 -2.5406034212241188e-05 -2.2304284220565315e-05 4.7716068861753216e-05 0.0 0.0030304337065435198 0.2375850036465906 0.7505551198166986 0.00036954934582945925 -0.00012087458252268567 -0.00023072491098259694 0.00024573702519451227 1.0
0.06333844993900924 0.27120300490275345 0.7532489870804152 -2.758835421685392e-07 -1.0789316257014901e-05 -2.0322778995008778e-05 3.0373110551441267e-05 0.0 0.0032712304252338264 0.23749167452328873 0.7504758928434012 0.0003363945262836849 -1.018714377805114e-05 -0.0001436544425152562 0.0002864857062634461 1.0
0.06333846850562617 0.2711886978888092 0.7532351314170602 -9.880968826931976e-07 -1.0877662183606093e-05 -1.882294235864354e-05 2.030341497340482e-05 0.0 0.003540114656950403 0.2374467419229161 0.750379459293484 0.0002495088813754617 -1.578052170034261e-05 -7.874536133434837e-05 0.0003109973449221331 1.0
0.063338899502234 0.27118420390733095 0.7532154975382593 -1.4253972468371442e-08 -7.458775243284019e-06 -1.9952954307259878e-05 1.855965159209805e-05 0.0 0.0037068528729249555 0.23745498504862414 0.7503109878110241 0.00011915160465989985 -1.1321868882954418e-05 1.0064629989995017e-06 0.00015625392504782574 1.0
0.06333784758556285 0.27118325951413463 0.7532045611187562 -5.140402274801762e-07 -7.088069388765876e-06 -1.3193082258061244e-05 1.1709875703177987e-05 0.0 0.003759919530646155 0.2374573193891484 0.750286778285782 4.646428957227834e-06 -6.576960428504944e-05 -4.0074995117543634e-05 5.6030286236034865e-05 1.0
0.06333929528727258 0.27118968885833256 0.7531827812185268 1.215479530922211e-06 4.433360345592886e-06 -1.7540784323165976e-05 2.2694310577908494e-05 0.0 0.0038348070041298987 0.23744978619700988 0.7502583878304473 4.5827909837830314e-05 -6.822350954581121e-06 -3.652721544632987e-05 8.85945563559587e-05 1.0
0.06333580474837242 0.27119343902775095 0.7531451317125604 -2.9209390732000565e-06 6.18719542234748e-06 -3.6308754955426454e-05 3.7988556527596715e-05 0.0 0.003919675412791795 0.23743838069655485 0.7502357662825302 9.409166860151617e-05 2.0853446234141257e-05 -1.834431984245821e-05 9.163462128704367e-05 1.0
0.0633334543658572 0.271190464513361 0.7531183511048655 -3.6464258200148675e-06 -2.161832225955347e-06 -3.2741388899025204e-05 2.7652354587754713e-05 0.0 0.003990012296614443 0.23742412566579268 0.7502176521518346 9.179331767086248e-05 -1.7731723238806324e-05 -1.1894645612230782e-05 7.259336839048633e-05 1.0
0.06332531470327905 0.27116151427308527 0.7530591009895161 -7.122620884541582e-06 -2.6733403129433165e-05 -5.474406241272425e-05 6.497732301672803e-05 0.0 0.004136363958189421 0.2373862974588624 0.7501968224719063 0.0001544214507514357 -4.005652367651789e-05 -2.4797055976648216e-05 0.00014662411351328166 1.0
0.06332082780233907 0.2711406435841613 0.7530343978171968 -5.650907067216816e-06 -2.7041631629765744e-05 -3.223692740471186e-05 3.452202841865505e-05 0.0 0.0042507316878634075 0.23736306936177554 0.7501627871659949 0.00013924670872872131 -2.4652678630332817e-05 -3.714830860590197e-05 0.00012655451741793176 1.0
0.0633134929485787 0.2710932352008215 0.7529921442037986 -6.851458154904239e-06 -4.543037015226312e-05 -3.688995585863386e-05 6.212422497443035e-05 0.0 0.004534031726957387 0.2373943490150716 0.7500951850337837 0.0002551362375195061 2.784745486162892e-05 -6.366626420416531e-05 0.0002903029253199968 1.0
0.06329997091700751 0.27102223059008057 0.752913645315115 -1.239187969023135e-05 -6.940984118653364e-05 -7.048855476189612e-05 0.00010747178201246474 0.0 0.005086441506614096 0.23741868385251863 0.7500963447993264 0.0005265223287941193 3.508776501630691e-05 -1.2673991423809862e-05 0.0005545590928372976 1.0
0.06330329185160105 0.2709780113086711 0.7528108965241621 3.682096730927304e-07 -5.1039433969670357e-05 -0.00010521515246874477 0.00011328147701431996 0.0 0.005466182632631931 0.23742080491742143 0.7501550245463535 0.0004585441637027279 1.2630785471308656e-05 5.5684016544377485e-05 0.0003911607166213485 1.0
0.06330644980981318 0.2709614691997451 0.7527543929789497 4.646421718032648e-06 -1.8022962479363212e-05 -7.228666069085511e-05 5.787821113124666e-05 0.0 0.005727277899176335 0.23753595232430816 0.7501314739072954 0.0002829247435834035 9.575146320421684e-05 6.356567312244089e-06 0.0002722318609820251 1.0
0.06331143741575648 0.27093502023637783 0.7526781011467479 6.81332262813551e-06 -1.6422432501343624e-05 -7.034179271713133e-05 7.782250488889451e-05 0.0 0.006232794691555264 0.23778696927179271 0.7501012170512796 0.0004189992359417993 0.00023884811587703624 -2.936674540610269e-05 0.0005634591656192304 1.0
0.06330210279105755 0.2708907358829702 0.7526114085903167 -6.695139504456378e-06 -3.716898742795344e-05 -6.299715217956996e-05 8.513470329586705e-05 0.0 0.006612657458233375 0.23809816600572692 0.7501697416910766 0.0003836912144976707 0.0003294623289650754 4.038169561983016e-05 0.0005193583582019058 1.0
0.0632896544856709 0.2708408624831029 0.752534284708436 -1.4493242128947644e-05 -5.2256616300823474e-05 -6.85702999263124e-05 9.21417933609279e-05 0.0 0.007164338350204975 0.2384056366437407 0.7501873070311633 0.0005265057261236437 0.00033610939714929367 2.585308821904367e-05 0.0006156589197680101 1.0
0.06327282440311625 0.27078064378012173 0.7523897814924286 -2.0042020099739993e-05 -6.829715992227287e-05 -0.00013816081674251964 0.0001551301411023518 0.0 0.00784646419478215 0.23867398450405383 0.7500585757752701 0.000708455371371202 0.0002763165161302126 -0.00010409727551862882 0.0007383605836830128 1.0
0.06324376241814186 0.2706890173025835 0.7522056939025036 -2.9088405860414284e-05 -9.287986885976219e-05 -0.000194005620246327 0.0002091637860084661 0.0 0.00843817645535476 0.23862997253067764 0.7500051463816809 0.0006531091581119227 -2.8717602152338553e-05 -7.857734593586326e-05 0.0006084330586112361 1.0
0.06322175041357031 0.2706144005575802 0.7520622030282796 -2.2941607599815522e-05 -7.858127433141972e-05 -0.00016425229568695093 0.00016451790546516545 0.0 0.009046828985425729 0.2386736144620589 0.7498804778094025 0.0005874751893136356 -3.82028399710999e-05 -0.0001251513180468617 0.0006145878998987377 1.0
0.06320364587233045 0.2705649223202909 0.7519734082844041 -1.7587721749685397e-05 -5.024822877278996e-05 -9.204131799467537e-05 9.952930103825968e-05 0.0 0.009680959572826144 0.23870995451817345 0.7498273641776302 0.0006069092593582678 1.3393536463976952e-05 -7.427324360712855e-05 0.0006373123773037353 1.0
0.0631748198332121 0.27053111584738615 0.7519305660888155 -2.4947310762400568e-05 -2.947770773156083e-05 -3.110735327787131e-05 6.269310711971759e-05 0.0 0.010535448154373761 0.2386230471109323 0.7493692890206494 0.0008200562696686536 -4.6991932992062376e-05 -0.0003828636577643535 0.000978961924799312 1.0
0.06310923561224183 0.2704831715033275 0.7518145206046403 -6.089953088855722e-05 -3.8090647035179704e-05 -8.205725277466984e-05 0.00014341005162871867 0.0 0.012295847739278398 0.23823497477762282 0.7490012428509383 0.0016522815640602686 -0.0003275516254473194 -0.000415418144611484 0.001836233217584961 1.0
0.06306849077602754 0.27043500884151345 0.7516152625787078 -5.045999375516204e-05 -4.721324988344312e-05 -0.00019242157033890327 0.000211102187367287 0.0 0.014204650257176066 0.23829160895250262 0.7486676186929138 0.0020601454539569295 -4.322215010232216e-05 -0.00037734156508374 0.0019534084499967987 1.0
0.06305684137760131 0.2703942870040796 0.7514958658761931 -1.7889201012478595e-05 -4.7764523830091085e-05 -0.00016435811822079923 0.00012530078846811736 0.0 0.015075035455555746 0.23838347208732208 0.7483459226292347 0.0011543061972305126 0.00010634837408251787 -0.0003187360354012984 0.0009193917098899854 1.0
0.06306684429725604 0.2703754049377353 0.7513030289065026 1.374968032695958e-05 -2.7047335741416175e-05 -0.00019360316841396158 0.0001874869366658899 0.0 0.01566053830316023 0.23804065697576893 0.7481636098109211 0.0004680178558135504 -0.0002335630883848468 -0.00015981076272675602 0.0006651314975660577 1.0
0.06307027648879761 0.2703734992200461 0.7512295782438452 1.5725397776279156e-05 4.932963269592237e-07 -8.624357796706102e-05 8.100897641173207e-05 0.0 0.015890738156381628 0.23784359036159075 0.7481781605821441 1.2841914109436455e-05 -0.00023002253518630847 3.0738407221691924e-05 0.0003521487087397126 1.0
0.06308271131085874 0.2703777308582409 0.7511420844120998 1.4325162578074859e-05 1.1335947706587684e-05 -5.9904010565220087e-05 8.609027705134688e-05 0.0 0.01599707348567578 0.23763182932547489 0.7481969118230867 -5.719561833893925e-05 -0.0002540810157996414 6.072770296242694e-05 0.00024741183343805794 1.0
0.06309260563586565 0.2703783234220841 0.7510938965623166 5.440277961263563e-06 4.627148382424337e-06 -3.696785320394977e-05 4.965711608859901e-05 0.0 0.01605834284968305 0.2372726111808561 0.7483271974848033 9.439975472277408e-05 -0.0003720800330043298 0.00010521270355150962 0.0003598774443621535 1.0
0.06305516116129933 0.270316399158126 0.7509964033192214 -3.7481531728333865e-05 -5.651350962120817e-05 -9.158373561792997e-05 0.00012035987963633963 0.0 0.016125365159498552 0.23695748987774215 0.7484588081478669 0.00022767717931737705 -0.0003334637857011424 0.00013996739387593513 0.0003491414807223987 1.0
0.06296361012426875 0.2701949131500865 0.7507562736987621 -9.081054549909101e-05 -0.00012596433319778322 -0.00023303424585484328 0.00028613067548702737 0.0 0.01636210906066528 0.23640316754572788 0.7488671644798123 0.0002872747429429835 -0.00047477920855971745 0.0003546727781791562 0.0007298376004427809 1.0
0.06291233536003991 0.2701542928085748 0.7504936249795108 -6.874240729777716e-05 -6.985229124326261e-05 -0.00028879948016199703 0.00027161887086651416 0.0 0.016148564861013428 0.23585029846890834 0.7485069169727475 -0.00015215389844964317 -0.0005865883050241618 -0.00023110275950518033 0.0006982733631734784 1.0
0.0628999995425987 0.27014410083395796 0.7503460140990613 -1.769519554103044e-05 -9.133401070714972e-06 -0.00019304792234656434 0.00014561686838947878 0.0 0.016024235282756788 0.2355542765540254 0.7481100016786274 -0.00018124753858890638 -0.0003785982733597972 -0.0004695309667181623 0.0005096709580526537 1.0
0.0628820092846486 0.27013614945160436 0.7501418145644335 -2.823200999520808e-06 1.2989193881294964e-05 -0.00017316636557035436 0.00019930406474180266 0.0 0.015956319723688737 0.23515062100241782 0.7477023044854617 -0.00013815483220316882 -0.0003320863945354594 -0.0005009046541991425 0.0005668110935710253 1.0
0.06283975726882324 0.2700704568507197 0.7498703167577768 -2.5016288819207295e-05 -4.1953272941822474e-05 -0.0002399800643734972 0.00029289666520332716 0.0 0.01593789012922039 0.23513517630212355 0.7473686506001802 -3.0891092606246415e-05 -3.624392299925432e-05 -0.00037620270857925816 0.00034983334812522013 1.0
0.06280387973089611 0.27000562760537733 0.7496302208090255 -3.933948398549953e-05 -7.440771932766566e-05 -0.0002426213943752261 0.0002532038779786357 0.0 0.01593328138560965 0.23520365161466655 0.7468983081681592 2.9534324116956953e-05 0.00010920158991971056 -0.000389261597158296 0.00047077179608968125 1.0
0.062749298652113 0.2698325094602878 0.749521726882097 -6.397755194267679e-05 -0.00017861779559105883 -0.0001412772763740096 0.0002019311877282094 0.0 0.01592939759431874 0.23528514471456538 0.7466695231291816 3.5483728899415013e-05 0.00012062781240137582 -0.00020279462975755208 0.00024341121050602886 1.0
0.06268490101831886 0.26963940159965927 0.7494916086139425 -7.21401270629342e-05 -0.0002134881315368893 -3.395651893044798e-05 0.0002061832251768768 0.0 0.015930140475940272 0.2352879600899209 0.7464748833540625 5.1762916924175e-06 -4.538209127004399e-06 -0.00015023191710079967 0.00018933513126881174 1.0
0.06258463366162201 0.26951329572804833 0.7494685236052069 -9.367601721711905e-05 -0.00014107772742455652 1.1463765591318797e-05 0.0001693407132850721 0.0 0.015921268567061532 0.2352842335012692 0.7463204952218366 -4.913707317776787e-05 -4.034837154166294e-05 -0.00018569835803928326 0.0001574451147249642 1.0
0.06252089772191259 0.26942285108667646 0.7494566170759916 -7.07278794142548e-05 -8.113602743923371e-05 8.97625943901937e-06 0.00010894659046158312 0.0 0.015926820185779903 0.2352121604280396 0.7463431713840337 2.696170365320622e-06 -9.654260265994357e-05 1.0678996381341876e-05 7.768629929080556e-05 1.0
0.06246767759589776 0.2693409965161814 0.7494378177578904 -5.292291377038443e-05 -5.939724361124473e-05 -3.3531240869478634e-05 9.678341365725707e-05 0.0 0.015927726419897002 0.23515570612530654 0.7463977960402542 4.604084883741405e-06 -8.946545070531476e-05 6.898126937580765e-05 7.919944481744401e-05 1.0
0.06233865930737077 0.26902725052661286 0.7493861780670429 -0.00011157135165303173 -0.0002678456736645993 -7.077990255652974e-05 0.00034324008057570906 0.0 0.015930014613476085 0.2349020320340631 0.746461809959311 6.057039927866663e-06 -0.00019928947112015852 7.021865198106737e-05 0.00025493217928506263 1.0
0.06214906657684721 0.26857200415675014 0.7493426975384586 -0.00018567799249846842 -0.00047010669072283096 -5.698735926091587e-05 0.0005021175178323515 0.0 0.01589737527129036 0.23442544291572692 0.7467814064062261 -2.664436865104114e-05 -0.0004575127740374745 0.0002697856068846969 0.0005831251432731647 1.0
0.06193279928714524 0.2683115887034133 0.7493512945114925 -0.00023153233805897573 -0.00035287340020918667 5.263555050137532e-06 0.0003360265530548943 0.0 0.015935350295202648 0.23383153494216774 0.7474398254938617 2.2784783982178202e-05 -0.0006242229795692884 0.0006447647707220688 0.0008864117299324308 1.0
0.06169146755525031 0.26808551030223293 0.749410013978912 -0.000253510582198646 -0.0002266469079499966 6.506598443675802e-05 0.0003234405751183655 0.0 0.01601933438514163 0.2332932487430467 0.7479732173290923 8.276532211822982e-05 -0.0005904660154991571 0.0006129730367069076 0.0007620196140531066 1.0
0.06143729040573487 0.2677387009222049 0.7494035992950298 -0.0002561088605467918 -0.00027658727640153297 2.0193152987856424e-05 0.0004383792936027705 0.0 0.016156321084022138 0.23280925532023172 0.7484196293546107 0.00014402817925952865 -0.00048128896210966864 0.00047940055971073007 0.0006618309746107963 1.0
0.06123746046420621 0.26742107593612213 0.7494693525909079 -0.0001974957245490803 -0.0002982836311142749 5.551605484408582e-05 0.0003921138032853805 0.0 0.01625536181073843 0.2326513380929716 0.7485965911272291 0.0001215953650224262 -0.00015640548380901163 0.0001757194961179544 0.0002665063316549941 1.0
0.06116073238330988 0.26734650086060124 0.7494756203020689 -7.856707361890236e-05 -0.00012135125622471896 1.1358629975961217e-05 9.788616543116576e-05 0.0 0.016294140829018543 0.2325796990831787 0.7486663569757925 4.477265959764912e-05 2.879587497271713e-06 -1.559490539876526e-05 0.00010566102831172958 1.0
0.06103607684891234 0.2671445598884254 0.7494527192326196 -9.392608782718962e-05 -0.0001818219544281939 -3.0136031428033052e-05 0.00022564360286088332 0.0 0.01641529456164516 0.23238215422027755 0.7488820576126447 8.6231801090741e-05 -0.00013409898846377107 0.0001258900389687748 0.0003181008974692479 1.0
0.060978332655626986 0.2670300061942808 0.7494370637532665 -5.9629835643694454e-05 -0.00011958130785397582 -2.6599789050360987e-05 0.00014991938296663956 0.0 0.016496113013122378 0.23227621942791937 0.7489995944874412 7.868296909886178e-05 -0.00015080551571811785 0.0001729848266097098 0.00018755019918054936 1.0
0.06089956262281203 0.2668860126487433 0.7494349025412276 -7.75496540107321e-05 -0.00012115932655038842 -4.043952317297308e-06 0.00015816892900925037 0.0 0.01657302459815195 0.2321636506259441 0.7491129149407949 8.490431767600669e-05 -0.00015737312139754874 0.0001753468270086465 0.00016244112384686715 1.0
0.06080504967181237 0.2667734858382861 0.7494332295310375 -0.00010492378030051364 -0.0001316486616781264 4.093475206729074e-06 0.0001412058697771348 0.0 0.016610641003957805 0.23212952713348525 0.7491774832187859 4.937744604546191e-05 -6.915298431532928e-05 8.5246460270575e-05 7.843899128557317e-05 1.0
0.06068245214175294 0.2667194054033275 0.7494323639989134 -0.00013169209185351724 -8.081225873244423e-05 3.4500596921269017e-06 0.0001359672442746834 0.0 0.016586089288358224 0.2322115660440498 0.7491391540479677 -1.9670039087112934e-05 8.004875435095083e-05 -3.813342760858806e-05 0.00010380950579719488 1.0
0.0605886662539603 0.2667063918895168 0.749436826846735 -0.00010286657981296621 -3.498750209284939e-06 1.1579372604737167e-05 9.892540572961134e-05 0.0 0.016577458167404902 0.23224986848927062 0.7491317911770219 -3.0333132780550046e-05 9.572512265355659e-05 -5.4514524160324004e-05 4.2668108326852634e-05 1.0
0.06047983484286076 0.2667048242689142 0.7494308933791564 -0.0001010167006652114 2.2909544326516417e-05 -9.408756037905609e-06 0.00010331316000681618 0.0 0.016426829154365767 0.2325804210883457 0.7489467078082042 -0.0001369036189749187 0.00029676679093927193 -0.00016779083167103046 0.00039651326751311846 1.0
0.06044297847903208 0.2666920125896002 0.7494313495193111 -4.6392050465840205e-05 -1.4697822012531365e-05 -4.678522889264704e-06 4.461115880628573e-05 0.0 0.016302839018196243 0.23287300263129573 0.7487544729111969 -0.00013574863048269303 0.0003176220138004466 -0.00019647676898461801 0.0003873844222142589 1.0
0.060423199148425547 0.2666797134356735 0.7494342425933824 -4.911869803356735e-06 -1.4271968638646207e-05 2.4500982406025344e-06 1.9399617327562545e-05 0.0 0.016136836052824923 0.23333983446445 0.7484594057110363 -0.00016709509886592426 0.00046109787444922326 -0.000296190416527965 0.0005614821490110766 1.0
0.060417501932714675 0.2666746742808034 0.749435164012843 2.0568034450420527e-06 -1.880237406763597e-05 2.710757636663257e-06 8.826258963265003e-06 0.0 0.016111041234571192 0.23349689996803377 0.7483701512540188 -4.400948786093601e-05 0.00021306412163824224 -0.0001270345723783861 0.0001905210071565187 1.0
0.06039068375459199 0.26665741649011593 0.7494283939688775 -2.1850940121695325e-05 -1.7580450952679093e-05 -5.17871180007023e-06 3.3257853355375265e-05 0.0 0.015982626605621806 0.23404841762324044 0.7479607490403781 -8.985669962858539e-05 0.0004548335775575776 -0.00033655494735631663 0.0006824490164420816 1.0
0.06036871186257672 0.2666451943754232 0.7494188818650847 -3.138932142822142e-05 -1.0082712468648344e-05 -1.0083489350379745e-05 2.7642385976646156e-05 0.0 0.015937374098482168 0.2342654323480216 0.7477345205035618 -4.8599129333608486e-05 0.0002680908520617349 -0.0002632401262863372 0.00035049468236249775 1.0
0.060301463617920825 0.2665805959794084 0.7493909522193128 -6.862679325924413e-05 -5.4196879576709143e-05 -2.6965854972016785e-05 9.433880195182167e-05 0.0 0.01589081792114436 0.23474091919516513 0.7474136488536463 -4.3092632031117614e-05 0.0004210106508048499 -0.0003064069927588372 0.0005459364893386855 1.0
0.06028190004356322 0.26654955231117317 0.7493956324860764 -3.674564437108965e-05 -4.236885433942439e-05 -3.710040412324776e-06 4.078998246326419e-05 0.0 0.015891201814066513 0.23504686999232002 0.7473095374463014 -1.559437866783966e-05 0.00035929873387417744 -0.00014780109193386764 0.00033559543715140015 1.0
0.060209191149933325 0.2664607543828983 0.7493735358504765 -5.838160527009966e-05 -8.258361263767313e-05 -1.4625289262700113e-05 0.00011236369140237163 0.0 0.01588402521885206 0.23552667417644307 0.7472103730922265 -7.366587026786796e-07 0.0004504303787634766 -6.975572760854695e-05 0.00048061652487195347 1.0
0.06012401700857862 0.26639122121641556 0.7493760126977255 -8.260217927073035e-05 -7.574160340426518e-05 3.086195596598575e-07 0.00011398107213825035 0.0 0.015866340507175704 0.2359687844370691 0.7470445839283697 -1.4196137048915223e-05 0.0004614759688772562 -0.00012629161995225742 0.00048835562874139 1.0
0.06009798462065684 0.26637991275791295 0.7493760599031899 -3.77159786490082e-05 -1.887801698692871e-05 2.482025806987935e-06 2.8156281439367413e-05 0.0 0.01586588541875309 0.23607708067994146 0.7470590568135975 -1.7854261765907326e-06 0.00015226980627805123 -1.0102766285230235e-05 9.884433467394649e-05 1.0
0.06001137072916355 0.2663662378681352 0.7493721480546697 -7.295556075131608e-05 -1.9750822399290812e-06 -2.523322804822735e-06 8.337986751496594e-05 0.0 0.015873326052286817 0.23656744576172864 0.7470057983669246 -4.757863199754461e-06 0.0004077444380003051 -6.185291659229308e-05 0.0004846116317119265 1.0
0.05996987979854044 0.2663576512926735 0.7493678056625743 -4.7973913096140564e-05 5.018271758146577e-07 -5.67399629238588e-06 4.728575935815425e-05 0.0 0.0158684628703284 0.2367617685854403 0.7470472264963759 2.3951138706717283e-06 0.00022309998004159523 3.406234222876509e-05 0.00021867540589961653 1.0
0.05989829530621827 0.26633651288131555 0.7493463005138719 -6.600944952113354e-05 -1.9473949591662906e-05 -2.1050195127969233e-05 7.736913674730525e-05 0.0 0.015861027683839783 0.2370209857473049 0.7471384908937078 -6.778065380047935e-06 0.00026209715636020525 8.612264083634959e-05 0.00026543867538980816 1.0
0.059866301104844165 0.26633049969253736 0.7493382558336782 -3.671388770370455e-05 -1.3398915246127397e-05 -1.1864275688537744e-05 3.170284392459609e-05 0.0 0.01586014600218432 0.2371680927274133 0.7471416925701346 -8.792119399362664e-07 0.00015628396916081384 3.9125557714635476e-05 0.00014137668850147905 1.0
0.05980949044710435 0.2663357793166744 0.7493261338480922 -5.4851289193648867e-05 -5.056106851502073e-06 -1.328297328436836e-05 5.7447531669086755e-05 0.0 0.015856428463346967 0.23760568618885256 0.7471566471393805 -5.41406806499819e-06 0.00039681318887804855 -2.327306002163285e-06 0.0004392081207232966 1.0
0.05978381575930338 0.266335117686437 0.7493168165447522 -2.8861779518967137e-05 4.1354535020609505e-06 -6.497826623467605e-06 3.0512280208189112e-05 0.0 0.015848278219088536 0.23786105523371914 0.7472572730939965 -7.646362069728108e-06 0.0003015139712837183 7.051641459433604e-05 0.00029280705045877807 1.0
0.05976508435883133 0.26633003028761565 0.7493096731753709 -1.4890902843645278e-05 8.864197167814019e-07 -6.080802972773909e-06 1.807576671067537e-05 0.0 0.015850739730911494 0.23800728042425198 0.7474073064796584 2.481120649257961e-06 0.00016465220286353 0.00015687773064994447 0.00018590844267784646 1.0
0.05976073600077234 0.266329807261036 0.7493046693901544 -7.2290548370040526e-06 -2.709600695255821e-06 -4.597978725268704e-06 7.859296888419258e-06 0.0 0.015847415768171527 0.23800649637048532 0.7474898308122431 -1.221850311407713e-06 1.678048344098512e-05 0.00010717200510951089 8.981052392940794e-05 1.0
0.05972205349054317 0.2662933993038083 0.7492690870031332 -2.880018751541604e-05 -3.305453567110201e-05 -3.140216182309662e-05 6.262147722958225e-05 0.0 0.01587205101917079 0.23806491788556397 0.7477215052750067 1.9967593463611445e-05 -2.1773540243429253e-05 0.00022015344079118066 0.00024038495525313712 1.0
0.059696318633031105 0.2662700080700634 0.7492567909465427 -3.378000503191477e-05 -3.1286211438358594e-05 -2.0887775759758598e-05 4.0191892850459015e-05 0.0 0.015889317880737445 0.23810914478093848 0.7478470012472583 2.197413708718754e-05 3.266632642603468e-05 0.000148976680788139 0.00014703113214656823 1.0
0.05963356916825917 0.2662250688712926 0.7492244383660983 -6.0257575971657103e-05 -4.2539467224194034e-05 -2.938945137936411e-05 7.952358113959359e-05 0.0 0.015940459243148672 0.2382308591209393 0.7481337179342818 4.862832237144279e-05 0.00013155246737507417 0.0002483561961272978 0.00029717201209597527 1.0
0.05955311652982603 0.2661527937357893 0.7491848805347248 -8.562209671548633e-05 -6.906022845735757e-05 -3.9261360049131686e-05 0.00011697729634385187 0.0 0.01601570761473462 0.2383762730828844 0.748473970218069 7.514200170381052e-05 0.00019696650492172715 0.0003442216093287679 0.0003862097978643247 1.0
0.05944888373401275 0.26603953444876055 0.7491533854817825 -0.00010391490717688297 -0.00011146917146905877 -3.332354482888168e-05 0.00015777169076129036 0.0 0.016343138188860636 0.23881872728920495 0.7490039549593077 0.00029684710903918956 0.0004093924551982486 0.0005284030755847593 0.0007609754257418093 1.0
0.0593744652450301 0.26594967839655953 0.7491408494150085 -8.185345988081109e-05 -0.00010053065359068444 -1.415527408264329e-05 0.00011773594139078614 0.0 0.016712352531513347 0.23931459163000016 0.7495484187733902 0.0004008265904775283 0.0005228655602258691 0.0005760051358912248 0.0008330674798001558 1.0
0.059279513500297996 0.2658303272140082 0.7491267319154253 -8.716263334315455e-05 -0.00011535336432493882 -1.0068947677805471e-05 0.00014943439549322662 0.0 0.01706234651828792 0.2399275195395422 0.7499998360783326 0.00038608723560044217 0.0006231847696375315 0.0004783370434993647 0.0008262574745835939 1.0
0.05915209295943838 0.26566117328844574 0.7490996729879168 -0.0001197029392672773 -0.0001616914076534495 -2.3073400279934443e-05 0.00021695840599871444 0.0 0.018976281795880953 0.24174581577244572 0.7508874389252173 0.0016918988277344602 0.0016659993142325814 0.0008066121676615762 0.0027676223745718535 1.0
0.05905654747063803 0.26552172178211486 0.7490947952071675 -0.00010207291090092262 -0.0001469208801881895 -8.26515600128149e-06 0.00017097475353326365 0.0 0.020328505901822252 0.24244673764860533 0.7518673648446924 0.0016245113187871507 0.0010126355303717817 0.0009860232308382887 0.0018876424278983397 1.0
0.05896481190422824 0.265384493914536 0.7490957908065834 -9.468930540353235e-05 -0.00013902788331207874 -2.068791495539409e-06 0.0001605441702083516 0.0 0.019904325516208278 0.2429311162081874 0.7521762929662311 -8.740944899167087e-05 0.0004764739575497124 0.0004620374581514945 0.0006383651563101684 1.0
0.05887416442991603 0.265236855403834 0.7490714178992823 -8.82541942027722e-05 -0.00014321660533701553 -1.943692081324662e-05 0.00017517360239132566 0.0 0.019394188417121535 0.2428772787142439 0.752340311407194 -0.000820170501158757 -0.00016061002104868883 0.00010982416696895733 0.0005044223121949268 1.0
0.058783052993658554 0.26508292043027504 0.7490520527237696 -8.759435662426994e-05 -0.0001501726128918568 -2.1250029731199173e-05 0.00018370702959936432 0.0 0.019758459337525125 0.2430980909556626 0.7522023876052579 -0.00010988015965051256 -2.014388278513861e-05 -0.00021497552788171567 0.0005344286192669172 1.0
0.05764701474689337 0.26313212659475865 0.74888802448432 -0.0009858350741871716 -0.0016950648803841762 -0.00014542110888361975 0.002242404866988845 0.0 0.019560575238286877 0.24318955939881548 0.7523072753007741 -9.311604217521239e-05 7.79550946832155e-05 -3.579559785325657e-05 0.00025455709040092306 1.0
0.05377731201197458 0.25872820947309566 0.7491794455910341 -0.003635315551287136 -0.004316360084359232 0.00020463221475442933 0.005902332394570761 0.0 0.019588154095693193 0.24317989315125235 0.7522755606765614 0.00021758695591915815 0.00013700249017836898 2.696262778668695e-05 0.0 1.0
0.049439608520313434 0.2558329973748993 0.749707439260903 -0.004787821195915638 -0.003676348878590755 0.0005420442071578824 0.005303717715240919 0.0 0.019863819473315517 0.24302050483000776 0.7521775615565519 0.0004898872051670768 -3.066253229155663e-06 2.5570894758089277e-05 0.00035100223137644263 1.0
0.04222659582717246 0.2540959248178279 0.7504778572259677 -0.00720177993921032 -0.001981249379609659 0.0008281564451343825 0.007284373525544715 0.0 0.02046636985953376 0.24238931012867646 0.7520020297825306 0.0005252851455945225 -0.0006507645631098665 -0.00013657043063133325 0.0009152467089244385 1.0
0.03659618875737464 0.2546721284555058 0.7502075740609677 -0.006222252709310138 0.0007599099121079441 -4.6788146124081666e-05 0.005780713656266503 0.0 0.021063263647701364 0.24164179224059423 0.7516298326654692 0.0005208682226079486 -0.0008390206172464964 -0.0004039895867495 0.0010272479306951343 1.0
0.03385107807602901 0.2548449054789194 0.749901936193032 -0.0029342619827062905 0.0010830272770865597 -0.0004485209210296747 0.002779574411499468 0.0 0.02150251779579527 0.24128117084064557 0.7513774738699973 0.0005160673424843059 -0.0005088497607428823 -0.0003233663840941116 0.0006039225791926738 1.0
0.032898080029377795 0.25472921454740394 0.7494943706778793 -0.0003049929323716246 0.0002520104936600654 -0.0005853925084683934 0.0009682083436016982 0.0 0.02160954850537747 0.2409933362310784 0.7512496325144105 0.00015548889004536576 -0.00021398349489144488 -0.0001576991094316385 0.000320097250824144 1.0
0.03300361014194512 0.2542477623404707 0.7490930880041066 0.0008166685545540723 -0.0008641340525211911 -0.00047924495452488847 0.0006765794074467598 0.0 0.02133229443257258 0.24028340732229928 0.7513599896682887 -0.0003832955750278502 -0.0005446705522268085 0.0001404294976673443 0.0007856690733666922 1.0
0.03338206360459229 0.25375073951382904 0.7488878013835217 0.0006357312453458999 -0.0010857864053127656 -0.00014208512925254697 0.0007473931482285573 0.0 0.02153135123243063 0.24020513172799002 0.7513211752379683 2.1320214489841977e-05 -0.0001706400363977406 4.69960830237831e-05 0.0002511922231076847 1.0
0.03385176190282881 0.253438265094243 0.7487362501762163 0.00021347630744478078 -0.0004637537355550768 -1.8570104283546784e-05 0.0004827946501571095 0.0 0.021612944744265703 0.24020529578870214 0.7512525632490087 0.00014806631624913837 -3.1849110696085347e-06 -5.3539967421810375e-05 6.190140291582649e-05 1.0
0.034610694758076335 0.25284158322928413 0.7484473414606562 0.00011950631847010718 -0.0004108587718946173 -0.00019799491871624582 0.000991334716456304 0.0 0.021693517893548432 0.2401819535680399 0.751180373229827 0.0001895443500994645 -6.336039827015101e-06 -0.00011968898379314857 0.00010918956790564746 1.0
0.0348928278903778 0.25239841048910155 0.748264784532606 0.00022512902903079786 -0.00025558716489762663 -0.00027504031326564546 0.0005988756916825025 0.0 0.02177303802980265 0.24015672133473873 0.7511075661288112 0.00013161624829663378 8.410685376635148e-07 -0.00012492794190589745 0.00013760283472093106 1.0
0.034833178455413075 0.2520511036999932 0.7481987983901448 2.1183625695856377e-05 -0.00036454937700161063 -0.00010393989394208409 0.00034626724052152277 0.0 0.021854653286818352 0.2401124961721003 0.7510289433678635 6.488993299373516e-05 -3.708553691604934e-05 -7.919900120481279e-05 0.00011714971667805825 1.0
0.0346426688906187 0.25155527553335283 0.7482137345378052 -0.00019521425355039463 -0.0004747249585333619 2.895145807395175e-06 0.0005270416569219047 0.0 0.021922984699369305 0.2400616712217712 0.750951053922677 1.8147188388034e-05 -0.00010795039505898015 -5.622222080713633e-05 9.683839040639636e-05 1.0
0.03446468916456373 0.2509777326695497 0.7482194548627529 -0.0002021856971268412 -0.0005920148746681682 3.866341280626224e-05 0.0006264632477825257 0.0 0.02197256944490092 0.2400302223771954 0.7508980915506684 2.93995886700726e-05 -7.864370752568234e-05 -3.5705392946071716e-05 9.259378738473762e-05 1.0
0.03423541123134882 0.25049395309509764 0.7482299556697032 -0.00020068625449753678 -0.0005176806471916871 3.446452069963819e-05 0.0005306719474134466 0.0 0.021966344611233903 0.2400181531479506 0.7508913615848071 3.245975637161211e-05 3.330909000784962e-05 -1.9519080959157944e-05 1.3126355937021958e-05 1.0
0.0340464229171527 0.25004204956205145 0.7482466282559194 -0.0001224746939699089 -0.00045980741468874836 2.800024695439826e-07 0.00046584414064663093 0.0 0.021982682789274448 0.23999710380056274 0.7508671165255713 -5.407053273838246e-06 -7.008136458708399e-06 -1.369475956833984e-05 3.431387148793502e-05 1.0
0.03387848658136944 0.24960785601038793 0.7482250921228965 -0.00010319922084943119 -0.0004376842394587592 -4.3420974069237366e-05 0.00048064010832453777 0.0 0.021982965143270337 0.2399752228167967 0.750854360829128 -6.554763402033244e-08 -2.0000608659647465e-05 -1.1038136289234115e-05 2.845387189520246e-05 1.0
0.03381047269087973 0.24947469229211436 0.7482351228284727 -9.378716303160863e-05 -0.00013854899945154198 7.35120341458504e-07 0.00015850547973095134 0.0 0.021981312011055677 0.2399744259805983 0.7508544727994233 1.9012092217939502e-06 -6.0878100838396636e-06 -4.523633634986952e-06 6.872631922112725e-07 1.0
0.033655313973616666 0.24923072105427713 0.7482469628300826 -0.0001454732321656667 -0.0001764016578039048 1.9244973735567405e-05 0.00027307741485350695 0.0 0.021978204044044783 0.23997397170308257 0.7508526108659973 1.938062255980489e-06 -2.421445188221475e-06 -5.258134529668597e-06 1.3273576364764868e-06 1.0
0.03360474507046333 0.249126929045473 0.7482540563003707 -7.39496009626009e-05 -0.00012389448761268855 1.6666047543751907e-05 0.00012968510601239877 0.0 0.021976827026651692 0.2399725719257091 0.7508530095352098 2.103770196630882e-07 -2.6975216036457107e-07 -1.4510354943322558e-06 3.5237629908485617e-06 1.0
0.03356456992925374 0.24900856512066166 0.7482488535144027 -4.158989362883697e-05 -0.00012114387005161527 -1.7033019250151208e-06 0.0001197775015875503 0.0 0.021976660204890634 0.239973258310237 0.7508523978502047 -1.6228746969860987e-06 2.365438620813554e-06 1.4549335066837136e-06 2.141550129101824e-06 1.0
0.033486248559988656 0.24849351029552602 0.7481590693911024 -7.381136172154715e-05 -0.0004666949748332737 -7.925784774758608e-05 0.0005217134625685382 1.0 0.021975372515230452 0.2399715600335315 0.7508485363089372 -3.2866996495890328e-06 -1.5607984191347263e-06 -2.039228834041375e-06 2.840048473871435e-06 1.0
0.033496692520403236 0.24809597244298828 0.747948453466555 -4.768765615019671e-06 -0.0004872383750526445 -0.00020919191058640298 0.00046613842631237435 1.0 0.021973752894861233 0.23997737252166038 0.7508545397889257 4.812586406980594e-07 2.091563189390005e-06 1.6815464587921178e-06 8.83213316373351e-06 1.0
0.033399238520583005 0.24793198201762479 0.7475843016013715 -7.537351659087912e-05 -0.00023294115785740224 -0.00037253278288276726 0.00040026598826807644 1.0 0.021925021134195758 0.23995054633639656 0.7508178584248734 -4.339305153481413e-05 -2.1654497700797807e-05 -2.8987652723435816e-05 6.652849564264853e-05 1.0
0.03322134096060388 0.2482545538646654 0.7465725177878566 -0.0001735281446817477 0.00031202181041452824 -0.0009527948624529585 0.0010604233726294646 1.0 0.02152798713598676 0.23991636692851465 0.7505852348198284 -0.0003548712273299359 -3.546109088124821e-05 -0.00020893896719141147 0.0004592386064777031 1.0
0.03296099434018329 0.24845882082627932 0.7463185111824728 -0.000277836821687047 0.00034624921228792386 -0.00046237882288129565 0.00046124630515897785 1.0 0.02147442620238072 0.2399716751876016 0.7505254003425502 -0.00015722677862011316 3.771829312427232e-05 -0.00011692733915180915 0.000112094976004373 1.0
0.033005176927358416 0.248434285059344 0.7461832495007762 -1.7603831534175515e-05 8.550573752267974e-05 -0.00010493180910615849 0.00010621142913491601 1.0 0.021382015889274568 0.24001577787383266 0.7506037753100597 -8.032072718608534e-05 5.6896899289798836e-05 5.9083116575572644e-05 0.00010427566931789698 1.0
0.03295945994908106 0.24855737408741121 0.7463796831771149 2.9265604502706774e-06 2.6578562769024146e-05 0.0002830987029769627 0.00022870826243993441 1.0 0.021388908957407745 0.24006620060769623 0.7506157328385152 3.339940147917896e-05 6.12473024328369e-05 6.478380814022673e-05 6.175764456764157e-05 1.0
0.03278374195366475 0.2488160966023958 0.7467855499914983 -0.00011960632296949814 0.00013798418164647543 0.0005056232144312774 0.0005483917856167099 1.0 0.021425123264967715 0.24009473488821897 0.7505473967309528 7.727261753317548e-05 3.455625840137863e-05 -2.825722023760716e-05 9.262339574550121e-05 1.0
0.03271775256581356 0.24899541427571475 0.7470062013443608 -8.861282904200998e-05 0.000200093320171555 0.00029965974361050946 0.000294443529264361 1.0 0.021499176895524406 0.2401328735231652 0.7505100407457694 8.577725264448066e-05 2.7845153036792852e-05 -5.7908751590862547e-05 8.81564629587635e-05 0.0
0.032505029864471784 0.24928532119561042 0.748124287572995 -0.00021921874979390053 0.00032263341334228104 0.0009063718257246464 0.0011228758462718037 1.0 0.021584133631797627 0.24004828890174632 0.7505651338587872 6.481396864280115e-05 -7.787483583501838e-05 7.35646540152447e-06 0.00012129065385826564 0.0
0.032236406307383815 0.24932068950694455 0.7499691615607779 -0.0002925350091849367 0.0001203559281636666 0.0017521599545760004 0.001908585989111805 1.0 0.021583940905556848 0.23976029308795524 0.750690126795081 -1.5615624340500136e-05 -0.00027640093642849334 0.0001098104964067061 0.0003218614550904704 0.0
0.03169290552904796 0.24990730163818314 0.7517375583352977 -0.0005192351018936985 0.00045426325198283016 0.0019939570491817552 0.0019468481696864465 1.0 0.02122855289402596 0.23924479494277878 0.750390816736118 -0.0003028928798825086 -0.0005191109556530612 -0.0001940581118609874 0.0006918374441431375 0.0
0.032211432690283585 0.24988841513201873 0.7526764748964268 0.00034697739542109495 9.105924532501521e-05 0.0011363413604284064 0.0010457263336539821 1.0 0.02102483615288497 0.23872517796545661 0.7503321037070207 -0.0002955714828504823 -0.0005756018810109485 -0.00012934027452231973 0.0005711706999546963 0.0
0.032834384351408334 0.25020472626418316 0.7528366759596247 0.0007233725491336294 0.0002563339444119876 0.00010034275071666285 0.0006947953443961295 1.0 0.020642679218515595 0.23770845631644924 0.7503204717894651 -0.00037623433196529583 -0.0009636310158642285 -5.080267017301611e-05 0.0010632276293344469 0.0
0.03300228652536646 0.2505257189174994 0.7530709030130952 0.0003838712940513715 0.00031781715331214257 -0.0001178830443273513 0.00047871749506092973 1.0 0.02017196345043683 0.23691536842515717 0.7503394785782753 -0.0004566011945880497 -0.0008675058457014543 2.974600257837833e-05 0.000945357102779854 0.0
0.033154371636693436 0.251059257357227 0.7540775574459144 0.0001419404276357289 0.000511068762010322 0.0007322206606815612 0.0011424583710487332 1.0 0.020698692769819588 0.2363210434709651 0.7503274042073192 0.00039412060898238836 -0.0006099702988431827 3.5835646929042364e-05 0.0007854900836116704 0.0
0.03415886791112898 0.25143243232923845 0.7540626885703321 0.0007451894278703378 0.0004417998659881328 0.0003862674347500961 0.0010808005547147074 1.0 0.021966990902569934 0.2360130338016224 0.7503835731414545 0.0013138814576941207 -0.00027884996132565896 6.836812121643974e-05 0.0012931692664119422 0.0
0.03533000915915475 0.2525481079128239 0.7534293516911531 0.00115898388618296 0.0010147679799360095 -0.0003983458972182201 0.0016967368852272501 1.0 0.023890174735817303 0.23625873647889287 0.7506667778776839 0.0020563451866106486 0.00026546259544991393 0.00024005756057569723 0.0019801091337278967 0.0
0.04364311707668609 0.2557999383539279 0.7559668258059025 0.007431733034821001 0.0030495049045948046 0.0019448292624595354 0.009234278268782335 1.0 0.02806453280589817 0.23765285717977785 0.7515375273590842 0.004036133213785105 0.0013535423643026708 0.0007885434016042497 0.004476563104705245 0.0
0.042591654217528606 0.25959138980090884 0.7582383970487836 0.0014198384939242993 0.004041277178229965 0.002554870755563929 0.00482974913853489 1.0 0.031207932901891666 0.23914333157516118 0.7518813845008285 0.0036168207238828514 0.0016726981464975973 0.0005455503638739268 0.003545296880639072 0.0
0.04204271670894835 0.26299588740480273 0.7613375603959119 -0.0011426655052020787 0.003813365960001086 0.0032957050758880306 0.004253052463888001 1.0 0.03413436264593974 0.24095149769260774 0.751857574149252 0.002914375365317416 0.0018345622128042379 2.4531657108951188e-05 0.0033419224648679993 0.0
0.045960246382073966 0.2640605687238141 0.7618320219642954 0.0020972158394499483 0.001351514822269894 0.0010941277932321409 0.004151127345262598 1.0 0.03550421383102011 0.2417372342264627 0.7519614836836346 0.001291038777616301 0.0009243665065508485 -5.437421557837926e-05 0.0016202202917431805 0.0
0.04976405669270568 0.2643985203355068 0.7613309549458736 0.0038382777897865887 -0.0001821127666120893 -0.000795409355647417 0.004076969096813892 1.0 0.036037735938653864 0.2419052121725902 0.7520624087017539 0.00020421776822212017 5.68257911197031e-06 -2.09704892693293e-06 0.0005837987896346258 0.0
0.05497816169957203 0.2650093538508455 0.7605701930317943 0.005800620961321783 -7.623098595668459e-05 -0.001510604957258698 0.005244174314986982 1.0 0.036566654951861836 0.24239052161722197 0.7516194037125068 0.00015751540874793692 0.00013063402012643917 -0.00035400831055150747 0.0008551505568335068 0.0
0.05844893311210834 0.2654461520236353 0.7608051179319634 0.004648237278178819 0.00042895403054024107 -0.00019009507044568774 0.0033882202256463375 1.0 0.03651526349511117 0.24265255436708816 0.7510750070701021 6.566243142145278e-05 0.0002535132681153934 -0.0005158977210693741 0.0006109508058836498 0.0
0.06345466200650154 0.26495343769229707 0.761008005881876 0.004860929560664714 4.067614597828904e-05 0.0007051845242057797 0.00506005851081519 1.0 0.03621033158815242 0.24211210348141327 0.7510719225649259 -2.0880387559539613e-05 -0.00027578332630654416 -9.12236883245912e-05 0.0006107929760081373 0.0
0.06963322359059687 0.26276823139089683 0.7609234340019572 0.004955536258821638 -0.0017775648546676554 0.00037237077834032526 0.006581677819972202 1.0 0.03473359042119582 0.2416886095212396 0.7508945078276644 -0.0012703929754554217 -0.000427867803713891 -0.00013338346331232497 0.001495567764557813 0.0
0.07350017970310808 0.26045726146369863 0.760742815362571 0.004418306176238057 -0.0026076626267225005 -1.2632462997586285e-05 0.0045956151196754405 1.0 0.031889889988511236 0.2413758212581799 0.7502958400972746 -0.0027700055809681576 -0.00034907281849432437 -0.00047570305690696705 0.0029780715272623875 0.0
0.073398191359316 0.2614789892561746 0.7595298495780756 0.0006217801186300036 0.00016041500647506974 -0.0013564266298562396 0.0014586013577261797 1.0 0.03036589266744569 0.24069638756803663 0.7503369905213206 -0.0020944062418604944 -0.0006723563455602619 -6.230452735021022e-05 0.001702806307692878 0.0
0.0705228498297727 0.26593883164041077 0.7561268025808486 -0.0033279525261914944 0.0044758720917759155 -0.0034063413220229285 0.00619559235463832 1.0 0.030039090941347 0.24001737764707723 0.750230375842709 -0.0004584527172280474 -0.0006711341535070135 -8.100979256458807e-05 0.0006613733145653625 0.0
0.06901600148737849 0.2700599961576292 0.7526393710527117 -0.0027024836734275757 0.005318636395953421 -0.003909714349852784 0.005975319277367611 1.0 0.02998447128660291 0.23978251717421525 0.7501877174266948 0.0003712678490016781 -0.0002550379178633763 -6.584262616612122e-05 0.00027061817570728827 0.0
0.06849235217251932 0.271668638508981 0.7509962259840577 -0.0008405731289970369 0.002495175288261241 -0.002075760871326714 0.0021788420514445754 1.0 0.029984886334863466 0.23974597752424653 0.7501821932926747 0.00036856347440734633 -3.0102587830231923e-05 2.1864975213674483e-05 0.00010293837523610858 0.0
0.06766361644765806 0.2732215564373865 0.7483113364064017 0.0001869686529729509 0.0008242734313467648 -0.002183772754352036 0.002954450071388122 1.0 0.02998281356462951 0.23972497422799444 0.7501616711155071 3.725886262225821e-05 2.4025907193154258e-05 1.4768291964463583e-05 1.323129974614061e-05 0.0
0.06750199740863748 0.2735891402435419 0.7467236806892422 0.0005392865980158911 -0.000511150751093976 -0.0013929948736036172 0.0019228736803750942 1.0 0.029984417943063783 0.23972595672173286 0.7501521910110619 -0.0002904530661894705 6.455366009576143e-05 -6.146481490704802e-05 0.0 0.0
0.06738823932990894 0.2741170158583395 0.7457403776855238 -5.880869104884015e-05 6.507637718880521e-06 -0.0008294685241995695 0.0011619303964285664 1.0 0.029968518960210015 0.23963253253048364 0.7501586467461097 -0.0002567691207442137 -0.00010396603725281893 -2.4683646753757653e-05 0.00011162492691402302 0.0
0.06723258002097003 0.27461920417321206 0.745698400792375 -0.000528512006347015 0.0008449283936084917 -0.00016749494763393364 0.00035235140928671464 1.0 0.029978726242674184 0.23960298013135162 0.7501544382528349 5.595845649110842e-05 -0.0001336053627407718 3.8433760305746356e-05 3.623310970676764e-05 0.0
0.0669503363389267 0.2749025396467535 0.7454439878911578 -0.0005360324044795011 0.000810078085582302 -0.0002449599647557047 0.0005262722688075961 1.0 0.02998726831792721 0.23955044448160673 0.7501427547006937 8.747162487698391e-05 -7.559430908761738e-05 -2.330937465929401e-05 5.221898588762667e-05 0.0
0.06665636781387099 0.2750442091085072 0.7449819845966406 -0.00026137122590270435 0.00024189613640827456 -0.0003782286240044063 0.0006215619367901139 1.0 0.02998573930713371 0.23948363924263755 0.7501438284075606 2.1405265089578275e-05 -3.430527668240701e-05 1.426637168882024e-06 6.861419162990285e-05 0.0
0.06626512986387952 0.2748200897673542 0.7449796089796782 -0.0003868814605245416 -0.0003028573708090997 -0.00013624243038506912 0.00039622886488232655 1.0 0.029975191379088606 0.2394242273459467 0.7501418092914081 -5.7251623537643405e-06 -4.481172080075203e-05 -3.5914393880513744e-07 6.138996103980705e-05 0.0
0.06584433307220733 0.27455689726152427 0.7449807106724587 -0.0004606453311500661 -0.00033077016738042157 -0.00018481279620772076 0.0005102957012673064 1.0 0.029977177149780865 0.23939025795533364 0.7501345517291779 -3.2779431542331658e-06 -3.45990940678506e-05 -7.059047526906679e-06 3.3858244383418355e-05 0.0
0.06553773483522424 0.2743705414027288 0.7449795079182956 -0.00027671450342734306 -0.000310284872855333 6.054219646103821e-05 0.0003570021885588941 1.0 0.02998442681173274 0.23938262735677754 0.7501250036817937 5.3994011101960554e-06 -8.070169818589069e-06 -8.071007736707631e-06 1.1634881275952225e-05 0.0
0.06536684311463535 0.27424959187889436 0.7449800132327052 -0.00016113522227306995 -7.970158412339869e-05 7.176726385932429e-05 0.0002167289546110519 1.0 0.029984222041597727 0.23936829464101492 0.7501170152245216 2.67864154866453e-06 -1.0510091781552503e-05 -8.41357952624468e-06 1.899728062334474e-05 0.0
0.06508942803269388 0.27407407012138474 0.7449805330913005 -0.00022109361610420358 -0.00010271494135380324 4.627176972516183e-05 0.00032107669217007104 1.0 0.029988229197242804 0.23927302571125791 0.7501071695620831 6.5935877571730414e-06 -7.62051431139681e-05 -1.1197229622689869e-05 9.515248036319918e-05 0.0
0.0648287513336402 0.2739646105845609 0.7449808192375914 -0.00025896051311231384 -9.582875410463654e-05 -5.449601669017859e-05 0.00029085541554045515 1.0 0.02998621788197885 0.2391304807559397 0.7501067266044879 -1.803699397269223e-06 -0.0001525833779930917 -1.746239494139523e-06 0.000144135519091241 0.0
0.06461326770584135 0.2739017529347605 0.7449808632914764 -0.00023996047493618744 -7.647549579691064e-05 -1.938043444026761e-05 0.00022192476826374247 1.0 0.029986745378776693 0.23905005686172395 0.7501041117450236 -2.4110471140499782e-06 -0.0001114956712994386 4.14555173446057e-07 7.964129832883801e-05 0.0
0.0646043204584107 0.2738720913400105 0.7449807372092268 -5.903228284027056e-05 -5.815863513157638e-05 3.2353431922368036e-05 2.4357920868594077e-05 1.0 0.02997002766810961 0.23895270354111575 0.750101639498863 -1.5214646319481587e-05 -9.342427682627477e-05 -1.7591553926954526e-06 9.462166028472993e-05 0.0
0.06458840401164098 0.2738452590651953 0.7449816528279751 1.3857655544734259e-05 -2.1413070526776198e-05 8.274497745426138e-07 3.177316709507852e-05 1.0 0.02998620303151642 0.2389421159665324 0.7500977266808599 1.052065997106593e-05 -8.221675081511201e-06 -4.272397117017005e-06 2.452292864578407e-05 0.0
0.06458495961428164 0.2738352222590954 0.744981829651992 3.370719107033881e-05 -4.260372879064014e-06 2.477191935182331e-07 1.9574559940597103e-05 1.0 0.029980382070652973 0.23894868887128923 0.7500876196118645 4.6257109921577816e-07 2.7949717226342194e-05 -1.0281206526096689e-05 1.2673449139060977e-05 0.0
0.06457926886955348 0.2738154968652254 0.7449827546043196 5.871648846534293e-07 -2.0703492465649567e-05 1.0048277579359967e-06 1.6711406540254785e-05 1.0 0.029985061957944686 0.23896459399375566 0.750063756005059 3.818073697446536e-06 2.6523311242233345e-05 -2.3497119305284773e-05 2.8224154693326968e-05 0.0
