0.06326509402084936 0.2778316711859361 0.7609365101969091 0.0 0.0 0.0 0.0 0.0 -0.019523752707551367 0.27449587870877934 0.7614829988449049 0.0 0.0 0.0 0.0 0.0
0.06326418031356133 0.27782868439282005 0.7609320917318712 -9.137072880249786e-07 -2.9867931160554306e-06 -4.418465037958619e-06 5.410972871671852e-06 0.0 -0.019519436360794763 0.2744965546411999 0.761470660838505 4.316346756603334e-06 6.75932420535208e-07 -1.2338006399881252e-05 1.358354892555297e-05 0.0
0.06315871771438526 0.2776579314667474 0.7607010920959842 -0.00010546259917607048 -0.00017075292607265924 -0.0002309996358869082 0.0003060061328915349 0.0 -0.019468578556718862 0.27444791248630473 0.761272775562842 5.0857804075900986e-05 -4.86421548951399e-05 -0.00019788527566300118 0.00021098302683138267 0.0
0.06307134949144295 0.2774562382542118 0.7603240787401085 -8.736822294230784e-05 -0.00020169321253560302 -0.0003770133558756994 0.00043640855728512647 0.0 -0.019480864330912617 0.27425515236552134 0.7612850581314945 -1.2285774193755011e-05 -0.00019276012078339733 1.2282568652488557e-05 0.0001978085091616128 0.0
0.06306200461192839 0.2773963489851148 0.7602447418992139 -5.216411605286556e-06 -5.609374334091249e-05 -8.019959271522375e-05 9.984180311503543e-05 0.0 -0.019461939608447075 0.27408503983934246 0.7611009171355747 1.3839733084548566e-05 -0.00017448925900604646 -0.0001645519830782442 0.0002447840820294456 0.0
0.06297396616623582 0.2772436063606414 0.760026008432334 -8.583942318010867e-05 -0.00014640948287162248 -0.00020096366459347066 0.0002809366597371349 0.0 -0.019307083202171012 0.2736850739548735 0.7605326508124436 0.00015762314910885769 -0.0003902397137196196 -0.0005828548398270453 0.0007078360707843058 0.0
0.06294143261596855 0.2772272650686919 0.7599071420099309 -4.036621534440488e-05 -2.3705275091047155e-05 -0.00011449835518374178 0.00012889940819926755 0.0 -0.01923085338496753 0.27349174231869605 0.7600601063527566 0.00010127098855141672 -0.00022224068390563358 -0.0005365516215484865 0.0005365233522012735 0.0
0.06293275456877728 0.27721560332106415 0.7598723641778856 -1.7061193972367917e-05 -1.4612910699762525e-05 -5.731334683907498e-05 3.0957052485439384e-05 0.0 -0.01922771244739786 0.27343547513338096 0.7598427133623271 5.231508011315131e-06 -4.40342923648146e-05 -0.00023818179879144745 0.0002073314441724799 0.0
0.06291927593202837 0.27719375744911207 0.7598374709105751 -1.0444924568175679e-05 -1.1805538419805322e-05 -2.269177586512319e-05 3.017629569972638e-05 0.0 -0.019185848151152925 0.2732836542709134 0.7596262840831152 1.9260056843642588e-05 -8.229007734111648e-05 -0.0001691285349628062 0.00025546298268929916 0.0
0.0628609784226918 0.2770792222981743 0.7597066640650381 -5.7260970097839004e-05 -0.00011830031497488819 -0.00013600216261949274 0.00018715507890137986 0.0 -0.018798380389545625 0.27240949935213027 0.758584301215677 0.00032394519702195785 -0.0007520999496267533 -0.0008566394217796035 0.0014290483476291753 0.0
0.06280264230865032 0.2769556313621694 0.759549466766255 -6.265122008256123e-05 -0.00014423130115397611 -0.00017678028155310724 0.0002194877665079394 0.0 -0.018455106637660538 0.2717488627962195 0.7576561313903205 0.0003931008585325505 -0.0008128696807622244 -0.0010178298116293614 0.0012298686327209547 0.0
0.06271485687741883 0.2768098047331445 0.7592935970150247 -8.996182630825491e-05 -0.0001570589479001774 -0.0002515413010540993 0.0002932605856685927 0.0 -0.01789976054321563 0.27053748561207525 0.7560320502737872 0.0005756238082182617 -0.0012181780384085841 -0.0016515478035253012 0.002031887220091124 0.0
0.06266935526310753 0.276726146573462 0.7591605309895206 -6.35074851632006e-05 -0.00010413453638969627 -0.0001860837402069985 0.00016969147434367255 0.0 -0.017510158404080788 0.2695153104973698 0.7548290252905607 0.000451203534264996 -0.0011230456412979076 -0.0013985949147011043 0.0016592107245881735 0.0
0.06265367329195956 0.27668564409974267 0.7591051179463849 -9.294490839641307e-06 -2.1559634686957004e-05 -4.604655000393649e-05 6.733462505604734e-05 0.0 -0.01732968536944399 0.26885449964564523 0.7540387507871162 0.00017255406028464541 -0.0006643340169771165 -0.0007942992092712011 0.001042638661553926 0.0
0.06257009910429703 0.27648651749511427 0.7588539730541317 -5.881784175085606e-05 -0.00015337321493777263 -0.00018053373871240524 0.00033011350135547617 0.0 -0.01705191663070334 0.26732380989111426 0.7518608464973148 0.0001813858559020577 -0.0012767283885868788 -0.0017895329886447587 0.0026486106235516335 0.0
0.06255356457648696 0.27643635252450127 0.7587422036092852 -2.920730062259592e-05 -8.537010966234594e-05 -0.00013741585575868803 0.00013820999375753408 0.0 -0.0169595599240227 0.26656317440465976 0.7505943949511669 9.097200064168496e-05 -0.0009175469463746093 -0.0014802188780080967 0.0015630743913215839 0.0
0.06252739094750626 0.2763870322086918 0.7586355316513302 -2.789492135274251e-05 -5.769421496780982e-05 -0.00012011717811707631 0.0001048699100342412 0.0 -0.01708825297911491 0.26575419767315217 0.7493360542807906 -9.118861623122965e-05 -0.00081904763431357 -0.0013333281756769595 0.0014297370729676356 0.0
0.062459905851968894 0.27625100117499496 0.7584795331996683 -6.11402775864744e-05 -0.00011558413848818939 -0.00015050077485250253 0.00021452520431589525 0.0 -0.017166422297472304 0.2645283036474084 0.7488671191094451 -0.00011023544195507001 -0.0011098234390564373 -0.0005296659666367623 0.0012958971760605091 0.0
0.062401301609921134 0.27612983395698415 0.7583161202090175 -6.591876297487602e-05 -0.00012713196476187044 -0.00016620489585757634 0.00022637230324872482 0.0 -0.017120526667534084 0.26367336927235546 0.7489681014038053 3.5537820379139874e-05 -0.0009668346465505157 0.00016817059298079385 0.0009224609326516575 0.0
0.06236191859341586 0.2760292556879854 0.7581417810530738 -4.3086680365712025e-05 -0.0001070600307132401 -0.00016679950385393492 0.0002005869404971095 0.0 -0.016952661866397722 0.26305849020070604 0.74897837450396 0.00017268898385469904 -0.0006281000285499501 0.0002682718381831757 0.0006263610485548201 1.0
0.06234694961894903 0.2759821643677715 0.7580575491297532 -1.705083808851493e-05 -5.8906965419013594e-05 -0.0001050844053577722 8.935484276205265e-05 0.0 -0.016784109730299784 0.262781908903731 0.7489885998077084 0.0002219226592874817 -0.0002767819762986945 2.6089552124985353e-05 0.00028661712847310116 1.0
0.06232306863034981 0.27591431780654674 0.7579236831445079 -1.7684125700303558e-05 -5.976654038981739e-05 -0.00012665561342449077 0.00015664103411106419 0.0 -0.01642564327337455 0.2623522146813139 0.7491736572010934 0.0003707459361008605 -0.0003580928718276286 -3.049146880123297e-05 0.0006211203528010037 1.0
0.06230284243205432 0.2758712670548171 0.7578631316022822 -1.125826415309605e-05 -2.5953402422036666e-05 -5.205449514003894e-05 8.218697816725373e-05 0.0 -0.01634761057260484 0.26215268448223716 0.7493080632175888 0.00011788106914726156 -0.0001536106442622477 0.00010707618439102827 0.0002557219962758175 1.0
0.06228390801336887 0.27582939988084276 0.7578221847398461 -2.249949921882134e-05 -4.333124698994434e-05 -3.684177978353475e-05 5.657691501442948e-05 0.0 -0.016273871637632997 0.26209584829737004 0.749343510170932 1.9201892954992258e-05 -0.0001177794271444867 1.2505426789540452e-05 8.028801365995877e-05 1.0
0.06226309982105433 0.27579100449053795 0.7577638793524115 -2.68950943208201e-05 -4.872879525358325e-05 -5.4802784804914206e-05 7.211643892438624e-05 0.0 -0.01621293609317211 0.26211109527788806 0.7493805477994631 1.931556795106495e-05 -3.267259775893022e-05 7.498935664799144e-05 7.406357761282505e-05 1.0
0.062242470703632514 0.2757456367202368 0.7576981039657308 -2.1738329808226384e-05 -4.5879956006120105e-05 -6.889071341782549e-05 8.450564709070398e-05 0.0 -0.016083450972899448 0.2621462908916276 0.7493869473224783 0.00010767303791588027 6.683410090264799e-05 2.428605823847301e-05 0.0001462679919721256 1.0
0.06221492962890568 0.27569943380475675 0.757639258547748 -2.5175027065862974e-05 -4.6101797353450326e-05 -6.682133384866622e-05 8.087057729428562e-05 0.0 -0.016049545690369565 0.262198797853586 0.7493438977582646 7.240975611585865e-05 6.816907754148796e-05 -5.789907059269355e-05 8.06732213882445e-05 1.0
0.062173941798128796 0.2756534643862815 0.7575562327580938 -3.8675434207988614e-05 -4.533588466994341e-05 -8.11064223893715e-05 9.9688746847836e-05 0.0 -0.016003777806148176 0.2622530285523102 0.7493388377824377 6.289763653598992e-05 5.042347821119489e-05 -9.307161977556699e-06 5.32610554556239e-05 1.0
0.062124845035671616 0.2756129292047942 0.7574606529640616 -5.130357025410653e-05 -4.351308907626386e-05 -0.00010083815552053064 0.00011755252845199354 0.0 -0.01577922184107569 0.2623515662286799 0.7493434502033253 0.0002071801433308525 6.193789544567667e-05 2.434821010665903e-05 0.0002514071790497686 1.0
0.06207502762735268 0.27556087217108727 0.7573741245034578 -5.2092691479710556e-05 -4.757138048859295e-05 -8.527175403614715e-05 0.00011244253519446546 0.0 -0.015580162315429857 0.2624070579765388 0.7493259171137794 0.00020453302371844438 7.451996492041689e-05 -8.369937438924163e-06 0.0002162983126040573 1.0
0.06199963323895774 0.27548209285725933 0.7572545804102534 -7.213990686518324e-05 -7.521266916461492e-05 -0.00011350630501924621 0.00016033098265737542 0.0 -0.01512502209134124 0.26245902142501587 0.7492368182675494 0.00043927554153655625 5.771973155848536e-05 -8.067023183066439e-05 0.00045650497535988085 1.0
0.06186701050541225 0.2753230441153579 0.7570518060105128 -0.00012651763970103044 -0.00015250240307365345 -0.00019415990087938735 0.0002905798707093729 0.0 -0.014211683303439486 0.2623312841296255 0.7491642352521184 0.0008876789336266842 -0.00010487688286228995 -8.625958137600025e-05 0.0009262549775539567 1.0
0.061764090594822116 0.27517828771185676 0.7568889716239616 -0.00011627135951202757 -0.00016236764807503186 -0.000181512999140484 0.00024474348999031076 0.0 -0.013884952257735747 0.26230940882675646 0.7491603937269588 0.0004940020294513298 -6.56345477922007e-05 -2.5901361827475315e-05 0.00034627073053016406 1.0
0.061593335389458034 0.2749055022482919 0.7566263623536461 -0.0001634489148671408 -0.00026189682249977593 -0.00025188746152741845 0.0004072355115543956 0.0 -0.012862021078170794 0.26202374528116745 0.7492227063079655 0.0008762496266580596 -0.00025407970088675336 6.193417869905564e-05 0.0010210465270548675 1.0
0.06134910153343483 0.27451264557091387 0.7563598991176644 -0.00023831364258253417 -0.0003888112668082703 -0.00027459093901071024 0.0005394705518389751 0.0 -0.01110131714506568 0.2612121192815075 0.7494728343034605 0.0016617916322764553 -0.0007578107461254202 0.00025236330552326036 0.001985330721384345 1.0
0.06128463879482357 0.27439839330457844 0.7563150033280315 -0.000101536619814729 -0.00017592217122291108 -7.927876221097578e-05 0.00014505880781755438 0.0 -0.010431642393790554 0.26080387431458213 0.7495733867393682 0.000960645744675104 -0.0005514168009318835 0.00016219510794266066 0.0008304143547926179 1.0
0.06114495594922758 0.2741749233915896 0.7561946189854811 -0.00010982026486422872 -0.00017772731335621703 -7.39346050912422e-05 0.0002688066977367931 0.0 -0.009263524894243579 0.2600213966117503 0.7497374362025692 0.0010400548010832465 -0.0007325605424879682 0.00014808986776204474 0.0013207580820784044 1.0
0.061045832508258166 0.2740647403989499 0.7561224368487077 -9.146968362223312e-05 -9.861700317836082e-05 -5.887129386460462e-05 0.00018280876275850655 0.0 -0.007913239158391615 0.2591895348115945 0.7500911546965432 0.0012662809660125068 -0.0008129827056846415 0.0003002553499407675 0.001672044880053853 1.0
0.060923780681415844 0.27393992953264484 0.7560140145186355 -0.0001136910990335896 -0.00010322582098849949 -0.0001024987094865487 0.00020738097417853632 0.0 -0.006686698566997997 0.2584406384980519 0.7504016890658488 0.0012381804096989362 -0.0007549538684362879 0.0003285449970139901 0.0015165521981643226 1.0
0.06088735983743939 0.27391059805449586 0.7559767902381035 -5.373392935158329e-05 -4.3278770750092386e-05 -6.253514195094599e-05 5.237071236329128e-05 0.0 -0.005965677512994884 0.2580440862186218 0.7506161319516369 0.0007806949313977722 -0.00041933868196020576 0.0002456308557354514 0.0007990077133997396 1.0
0.060762711814386104 0.27380213401239994 0.7558359910387725 -0.00011640008234500882 -0.00010878303442599137 -0.00014077234099160024 0.00020965740233661807 0.0 -0.004784459203454271 0.2573911801318621 0.7511129220411553 0.0011252984029852477 -0.0005727599685463221 0.00044864482691065946 0.0014048841803264533 1.0
0.06065996437364291 0.2736576278049964 0.7556482748387869 -0.00011180190756974751 -0.00015070054370730455 -0.00018712834484705998 0.00027452736947271164 0.0 -0.00402213471426931 0.2567140332584132 0.751678724462503 0.0008266778246318067 -0.000670015768315285 0.0005760991823861493 0.0012497708396644516 1.0
0.06053036597130472 0.2733923676052085 0.755312736914156 -0.00012153037985501402 -0.0002510390693282098 -0.00031848166528407904 0.0004372920471242327 0.0 -0.0033563742700245744 0.2557869103805677 0.7526182711465614 0.0005884704984157744 -0.0008970247483364368 0.0009061429397461186 0.0014330788072056287 1.0
0.06044890773795654 0.2731768024280117 0.7550750254487048 -0.00010083694412520467 -0.0002602547354866062 -0.00028713895397426096 0.00033589175549019953 0.0 -0.002501000389949679 0.2552286640186696 0.7535980410162963 0.0008547385524302935 -0.0007142348009449509 0.0010505348565468834 0.001411618042683355 1.0
0.06036941721790371 0.27292914669310037 0.7547958756596905 -7.28802894998705e-05 -0.00024405507719523306 -0.0002706559130574691 0.00037167817848256143 0.0 -0.001489915294518572 0.2548430140918023 0.7544526715333516 0.0010224253568717422 -0.00040124949382541644 0.0009202322599611201 0.0013835410866869212 1.0
0.06028197735673721 0.27260767160765426 0.754437925376691 -7.665874524194649e-05 -0.00030107870736475074 -0.0003304095176609831 0.0004967228835688307 0.0 -0.0004842749318462643 0.2541390540911422 0.7555175956091522 0.00104401528300683 -0.0005620107579000606 0.0009883400784164676 0.0016309426202815462 1.0
0.06026125562327399 0.27247853865016736 0.7542884129382245 -2.364632468737403e-05 -0.0001488571361861172 -0.0001713708912819875 0.00020513986352978456 0.0 1.1482298304113858e-06 0.25356794365334656 0.7561503762031461 0.0005835608981411432 -0.0005615585643304094 0.0006585649313308247 0.0009848786529813615 1.0
0.060226407959415036 0.2723049002445894 0.7541182503184441 -3.2773613175930996e-05 -0.00014786387220313958 -0.00014962245420167594 0.00023113963352743182 0.0 0.0011161253577028196 0.25270226550772407 0.7569695887503073 0.0009800346728958843 -0.0008725086462730981 0.0007388608064956017 0.0016092121575637234 1.0
0.06020164271679811 0.2722170414731762 0.7539912653426427 -2.283711426634145e-05 -8.589783166298907e-05 -0.00011769634873262961 0.0001627250115591074 0.0 0.0024070449830972903 0.25231243346511995 0.7575220225162052 0.0012319735606596955 -0.0005310902714797821 0.0005729672614884864 0.001486906976462887 1.0
0.060189880600377256 0.27213991281922933 0.7538314941574018 -1.572841221777662e-05 -7.132214827367705e-05 -0.00015204126000526306 0.00018337887178375097 0.0 0.0036476705080060574 0.2514104502879219 0.7577938033667664 0.001326524513521585 -0.0008061259748264707 0.0003146194375687328 0.0015477895210504508 1.0
0.060125968827408394 0.2719535769221296 0.7535207149991144 -5.5434778992601556e-05 -0.00016591438823428353 -0.0002932768976698357 0.0003613997054988526 0.0 0.00424085197208723 0.24955916649764018 0.7575450469314271 0.0007585748949326486 -0.0016905875305844305 -0.00022289394268573107 0.0019446879016610467 1.0
0.060117060117674696 0.271848095224308 0.7533692245774845 -2.7047164321559344e-05 -0.00014602153071777862 -0.00021855047404469247 0.0001896008034947575 0.0 0.005100361520059963 0.24809294495465153 0.7574696763289603 0.0007253181653621767 -0.0016868775554808898 -0.000196154682432526 0.0017195257607262667 1.0
0.0600910441011522 0.27181647002256293 0.7533208877307607 -2.300816431397308e-05 -5.4787467698375514e-05 -6.842767377890666e-05 5.769698231182247e-05 0.0 0.005623801825702734 0.24719902757952836 0.7572710013397957 0.00046179252519220726 -0.0010757913133166708 -0.00019327564079018287 0.0010562396088911446 1.0
0.060068183316248455 0.2717965258998078 0.7533048141330683 -1.629771299978543e-05 3.924754110284782e-06 2.7260963765441835e-05 3.0624987685505306e-05 0.0 0.0065770916792354285 0.2462508818737945 0.7568871986213409 0.00082269555047338 -0.0007972016463576747 -0.00033671579184525236 0.0013596273304172513 1.0
0.06005998211574284 0.27178701048290305 0.75330074153405 -9.443561932099174e-06 4.553144077566631e-06 2.6108543740072093e-05 2.5102755522083553e-05 0.0 0.006735227904257999 0.24578348289413166 0.7565826960715542 0.0003968007935004341 -0.0003664571120655422 -0.00026813011491020635 0.0006397934225384279 1.0
0.06005326185232224 0.2717897160994031 0.753282657495013 -4.152010853708571e-06 1.2402435476596929e-05 -7.863473634286619e-06 1.7458941319224426e-05 0.0 0.00678254376897835 0.24530752222734287 0.756677200180692 5.023974548129008e-05 -0.0003232253439073039 4.238432033650669e-05 0.0004532232937111075 1.0
0.060041996520590266 0.2717643533713748 0.7532758059557578 -1.0635141628635593e-05 -3.060396471020395e-05 -3.361799855033224e-05 2.1305391961833243e-05 0.0 0.006885236833648594 0.2449313386536825 0.7569500890612031 -7.868082827509459e-06 -0.00044688900069278194 0.000294561025083925 0.00046863107829348883 1.0
0.05997890901102424 0.2716530786043705 0.7530934332940392 -5.9196915669085525e-05 -0.00011792808977017561 -0.00018225834386216663 0.00022466536086873483 0.0 0.00686579575378481 0.24486083700297964 0.7571134099577359 -6.476577441505752e-05 -0.00021876687229164366 0.0002418881762473061 0.00020388766631052155 1.0
0.05989965667627698 0.2715365499477455 0.7528694588293364 -8.240332819769251e-05 -0.0001283761252109139 -0.0002353541730157395 0.0002707229668331512 0.0 0.006933694147759139 0.2450302655160491 0.7571783155057464 0.00010042362930100571 0.000173492308525781 0.0001080765947024546 0.00018119990386042005 1.0
0.059866219276670636 0.2715088597317805 0.7528195081337232 -5.1192489010460265e-05 -4.8364663958846914e-05 -9.45679252210848e-05 6.311556395572726e-05 0.0 0.0070743096807215486 0.24526064425734867 0.7570199802181188 0.0001821360845644653 0.0002908291890596185 -0.00020429512009275847 0.00029991562035872575 1.0
0.05983907726252372 0.2714743684345945 0.7527986068732365 -2.3159185749577923e-05 -1.9442092356961462e-05 -3.0298337558875736e-06 3.928004630092101e-05 0.0 0.007330911062823252 0.24558811952893697 0.7567997515033109 0.00030453472200928815 0.0003344634538315279 -0.00032135563447513736 0.0004946007486183678 1.0
0.05979481779702153 0.2714078349807106 0.7527401267576294 -2.9249361400093466e-05 -4.1219921523476945e-05 -1.2038728461661973e-05 0.0001078366705085749 0.0 0.007866086645662638 0.24610848242769195 0.756523607681323 0.0004719627162481578 0.0005114233533743724 -0.00030872809544715726 0.0007834083271165435 1.0
0.05972450680864098 0.27134279507054154 0.7526430769594848 -6.195324815953961e-05 -6.117126213569687e-05 -7.47542571902705e-05 0.00014313563503075128 0.0 0.00853913957755603 0.24667008440520954 0.7563095465554619 0.0007017763503523906 0.0005436021831493425 -0.0001929316161525568 0.0009029619272058913 1.0
0.05963076289829678 0.2713239461168925 0.7525677826522933 -9.868243679926795e-05 -3.776912528262554e-05 -9.785135531601752e-05 0.0001134931196715716 0.0 0.008673498178841188 0.24682932081491515 0.7562369105464213 0.0002544006109101223 0.00022196318525070084 -4.7672454847039875e-05 0.0002278485848808111 1.0
0.0595649775583847 0.2713104590152541 0.7525533573767319 -8.444879923674168e-05 -2.1011714067214767e-05 -5.5083160936479456e-05 6.520296475067804e-05 0.0 0.008482855650175248 0.24676340841180575 0.7562359568449334 -0.00023082214482022503 -8.115223295330213e-05 3.560225315160328e-05 0.00017503496823864612 1.0
0.05947005493544389 0.2712175691425484 0.7524808760811609 -9.031073641008984e-05 -7.304169417439525e-05 -5.695053795123353e-05 0.0001542775111931032 0.0 0.008129367729762835 0.2463644064741803 0.756357070415148 -0.00047214341105056984 -0.0004425222730684084 0.0001371370258608015 0.0005688854074005746 1.0
0.059155671432099176 0.2706775528516201 0.7518834858811984 -0.0002769798352935259 -0.0004782376953021381 -0.0005050586590703096 0.0008626272056964063 0.0 0.006441594662800064 0.24550524234714824 0.7558081368716614 -0.0015953981863214243 -0.0008864404287628972 -0.00044394881254240456 0.001981341579039446 1.0
0.05905382372666252 0.2705683857726258 0.7517458599019129 -0.00016135331896759397 -0.00024744200817572855 -0.0002799476294451577 0.00022943670431964884 0.0 0.005933837222705055 0.24499438013522834 0.755639117590373 -0.0008412289143534557 -0.000627818225971987 -0.00032501484898296974 0.0007669897007842766 1.0
0.05896175884512588 0.2704490840861816 0.7516885976724967 -9.135266337056939e-05 -0.00011810479214795634 -7.701377757719978e-05 0.00011563489145180403 0.0 0.0047482487852011195 0.24414161328805925 0.7554610602741453 -0.0009877719508129 -0.0007406703909142768 -0.00022822588663416092 0.0013702483903411224 1.0
0.05890623156605231 0.27039313309043495 0.7516260044249681 -3.5047043212978224e-05 -7.748687765489533e-06 2.0515709215460396e-06 0.00011358622208788882 0.0 0.002455041632697502 0.24309829429677074 0.755763951154226 -0.002029856950100101 -0.0009647748261303415 0.00026499766242091277 0.0025950876547396547 1.0
0.058880384311690154 0.2703552473418577 0.7515468424958228 -3.0311490890325e-06 1.836797331397012e-05 -1.3911464376168733e-05 0.00011697879675252442 0.0 5.908870851191773e-05 0.24244479382599318 0.7561682960176268 -0.0025189213839329552 -0.0007310781432460482 0.000516007233610327 0.00257543593061391 1.0
0.05883906282109118 0.2702196080178948 0.7514160024043081 -2.7606501696467823e-05 -0.00010892111794388827 -0.00011570875911030232 0.00018314214316358203 0.0 -0.001654565418179547 0.2418419218562834 0.7563475442477786 -0.0019662378174917622 -0.000580388890353906 0.00031393501330697656 0.0017675396673531507 1.0
0.05882773592460676 0.2701539062646707 0.7513506992383477 -3.421347249908647e-05 -0.0001265706168535509 -0.0001317927657676658 7.702114890571825e-05 0.0 -0.0017397017093875307 0.2418122843506516 0.7562301253916893 -0.0002750889180043433 -7.577590267203003e-05 -0.00011331717819009746 0.00010742583208027981 1.0
0.05881191451849822 0.27009146873005185 0.7512844803369645 -3.4695034194429656e-05 -0.00010566273526002999 -0.0001116655865547622 0.00010323053030749101 0.0 -0.0008119984758054022 0.24218797662109603 0.7557379102354558 0.0011535226040729706 0.00041792339588076583 -0.0006025665311302296 0.0011402792123140347 1.0
0.05878309960598433 0.269988793792195 0.7511998350287934 -1.506814280482165e-05 -6.488090548457362e-05 -4.0537473845905325e-05 0.0001330230184581543 0.0 0.0005564224592452257 0.24307690185073116 0.7549734568274039 0.0018470385140195403 0.0009531150241689031 -0.000840907948029503 0.0018715181120494665 1.0
0.05876496735061144 0.2699574632142447 0.7511691893960005 -2.299397594433483e-05 -4.082625521961178e-05 -2.905831069516925e-05 5.413167617800393e-05 0.0 0.0008080810065807512 0.24346382000739497 0.7545517278964738 0.0005052506690211925 0.0005173273916774419 -0.0005483800864696359 0.0006152747884368119 1.0
0.05872780598668098 0.26996157759480904 0.7511285149707657 -3.357103449059771e-05 1.1139394808449743e-05 -3.532286610154932e-05 4.93568237814809e-05 0.0 0.0009690438655541608 0.24374412368584103 0.7541904240542101 -0.00021807003298046244 0.00021247387004282242 -0.000273966576780842 0.00037797781258504855 1.0
0.05870511698462454 0.2699395703068114 0.7511012948850271 -2.6195012678128833e-05 -9.043052649872527e-06 -3.051969243282624e-05 4.1130280982855765e-05 0.0 0.001222653378436228 0.24392084963899233 0.7538858272381729 -0.00016196298091694606 5.35383123891084e-05 -0.00019203932519302086 0.00047876788778171723 1.0
0.05865599182718781 0.26982370992421373 0.7510220071875306 -4.545396718054605e-05 -0.0001062429530020817 -7.379520228422661e-05 0.0001519078319594426 0.0 0.0019840820800231767 0.24385551592476873 0.7531823430168576 0.0005913761254571948 -0.00014438953365286103 -0.0005858304362019299 0.001104774345810433 1.0
0.05858710974150067 0.26963211305209234 0.7508289439074685 -6.569609099547127e-05 -0.00019524087542708695 -0.00018129683094849066 0.0002808299222722923 0.0 0.003099647546944566 0.24352171007590495 0.7524727723861645 0.00131490386362747 -0.00030720867376608427 -0.0007818431454320842 0.0013304296824752978 1.0
0.05859255226893504 0.2695784061609058 0.7507648381217654 -1.0494093191739497e-05 -0.00010436370587278079 -0.00010861887767921637 8.52889027577583e-05 0.0 0.0037147111412332706 0.24309684275279828 0.7522716604400863 0.0009744075624983508 -0.0004004915233088633 -0.0003826267149723273 0.000750599517104959 1.0
0.058607001390466776 0.26956745228327683 0.7506880843266425 2.067884522372039e-05 -1.1093636448649097e-05 -7.267949597409857e-05 6.917299223146543e-05 0.0 0.0042817977380462495 0.24256345082389402 0.7521856527898997 0.0005882837739836068 -0.0005029961122880706 -6.447893043200735e-05 0.0007740364841914477 1.0
0.05863247555016 0.26956331356960483 0.7506383641688014 3.623293737667066e-05 3.325066102413404e-05 -3.227073512464768e-05 6.208146483067451e-05 0.0 0.005104205624444138 0.2420545824661466 0.752100890620724 0.0005862156429675199 -0.0005417179604426756 4.770042967645492e-05 0.000991782912034849 1.0
0.058676738895892616 0.2694884701900136 0.7505876613201009 4.696478704349781e-05 -4.0511496598950254e-05 -3.40423906877287e-05 0.00010634680433825496 0.0 0.006530686924707776 0.24172224892889332 0.7521196524634487 0.0012856391409864856 -0.0003270647510349723 5.876573206393471e-05 0.0014862068138035258 1.0
0.05869818969610394 0.26945726505473233 0.7505859946019142 2.4999873185529035e-05 -5.3098052288936946e-05 -5.366203739728504e-06 3.499768668523924e-05 0.0 0.007427580937731063 0.2418745577033677 0.7520372346800022 0.0011028849084257536 0.00013951681535185592 -9.09502802459011e-05 0.0009051775352607195 1.0
0.05872783953602585 0.2693535972939971 0.7504856998927243 1.829661784963694e-05 -0.00011811287121446488 -9.263791780877869e-05 0.0001391374955135393 0.0 0.008663152787466552 0.24209062501161024 0.7519424448239678 0.0012681988862771913 0.00030072508521975004 -0.0001796303596656027 0.0012116688686557974 1.0
0.05875336782808894 0.26927857421777296 0.7503405444797865 2.053667467431996e-05 -9.528572686073777e-05 -0.00015747021777100196 0.00017463175358385047 0.0 0.009180270332601215 0.24227816809997701 0.7519472040740556 0.0006136646474830431 0.00024891108973319564 -3.947573535035458e-05 0.0005979817469252944 1.0
0.05874958811310308 0.2691276378757177 0.7500468289819024 3.229745470039938e-06 -0.00012980763326748577 -0.0002841281504409115 0.0003262763878146538 0.0 0.00942571642535436 0.24245263825380164 0.7522599588722092 0.00011028534191948416 0.00015639291313560233 0.0003070423335268154 0.0004170855095961528 1.0
0.05873510185892964 0.26906252491990906 0.7499577471715875 -1.6725120522003917e-05 -7.909803853111636e-05 -0.00015000193072204113 0.0001162849918523513 0.0 0.00960926542881785 0.24249690318485057 0.7522991652894362 5.405578982672546e-05 -1.0656570011436002e-05 0.0001414244919545526 0.00019662283372535387 1.0
0.05870173532028914 0.26900044239341114 0.7499402443109702 -3.384488224946249e-05 -5.5759572446977955e-05 -1.0264575697281617e-05 6.149717715659487e-05 0.0 0.009778063833370992 0.24254540154555862 0.7523501680228354 0.00015850802449347368 -2.2001576468231557e-05 5.734900068620816e-05 0.0001806995244787228 1.0
0.05844670900537029 0.26857118190168755 0.7498538181992924 -0.0002264599125326073 -0.00036796161575177204 -2.9273401095192977e-05 0.0005092020107539688 0.0 0.00997576647867021 0.24269896371340832 0.7531265207085723 0.0002666133177096423 0.0001279046390480434 0.0006427054426079245 0.0008198875240450468 1.0
0.057318936518787625 0.266887048482845 0.7496059735879688 -0.001036644958728093 -0.0015501188513098293 -0.00020404108728915983 0.0020468154981288134 0.0 0.00969416745251727 0.24208266184118676 0.7553852534614941 -0.00016237459636205356 -0.0004546563868177509 0.0021090291871430247 0.002347178032679036 1.0
0.0568531640448495 0.26635102364271024 0.7495900675726808 -0.0007054160916522235 -0.0009266607069096219 -9.150476285514805e-05 0.0007569265541418905 0.0 0.00987070548186305 0.24217236274916235 0.7555423197006348 0.00010900292579292558 -8.845093471072223e-05 0.0007468104153334764 0.00031420685278918696 1.0
0.05675700430880825 0.2661232791868766 0.7496038226838291 -0.00015790512622882369 -0.0002663721193320356 -3.987474690569134e-06 0.00015059516659723357 0.0 0.009651635712430924 0.24205215752211912 0.7555951834776817 -0.00019752301775108707 -7.44324405217255e-05 -2.2200052648258106e-05 0.00012756214734943204 1.0
0.056706654878577276 0.2659741991448568 0.7496107786627104 9.558638024882576e-05 4.9425393409348455e-05 2.7413061753524227e-05 0.00018121209553504305 0.0 0.009782826954677984 0.24211564660125867 0.7556281778249601 6.137604493072513e-05 8.38592481831605e-05 -0.0002761517114805287 0.00021524349122334677 1.0
0.05664944942850852 0.2658905333803314 0.7496152653517631 9.396898887537197e-05 0.00010907219330897485 4.2155864231937715e-05 0.00016769062794931306 0.0 0.009753268304693563 0.24203245055378966 0.7557335764631692 3.147071284034618e-05 -1.0731698518193987e-05 -0.00014044446071287647 0.00019897998237562546 1.0
0.05657081927820272 0.2658132541178052 0.7496156497115879 -5.095440877553724e-05 -4.5767828901962176e-05 -8.624280962248507e-07 9.035672647078364e-05 0.0 0.009926100153456062 0.2419111159968615 0.7556133098983464 0.0001645236646909343 -0.000109374955176239 -3.071765534310472e-05 0.00019678170370406644 1.0
0.056508308288033236 0.2657496135364802 0.7496282378898497 -0.0001692915285577405 -0.00020242272956174154 -1.7041713710735594e-05 4.093966378238936e-05 0.0 0.010781703647417531 0.24156950825786735 0.7555785955285742 0.000769386658497639 -0.00036352587252291943 0.00016689874436988283 0.0008731394382018703 1.0
0.05632438997529117 0.26550710610336825 0.7496296600468304 -0.00027322898195999686 -0.00035001255195791115 -1.1604875703749253e-05 0.00033435431096391784 0.0 0.014796790460729858 0.24188621042122485 0.7552672242225417 0.00365498171104021 0.0001286519623824651 -0.00015018020085268038 0.004082115092161988 1.0
0.05619903531496563 0.2653716744533384 0.7496270539563605 -0.00010931794266240435 -0.00010924742042248679 1.480645329065224e-05 0.0001914258877746904 0.0 0.01775726065953621 0.24313091146779692 0.7542081143685521 0.003658325006166179 0.001228538612868609 -0.0011344483184388137 0.0034516509091363553 1.0
0.05598256374109282 0.2651105344882423 0.7494980285822324 -0.00018177818606712206 -0.00023542616293970552 -0.00011030765856892556 0.0003494129917886719 0.0 0.01857431310040929 0.24381089844146345 0.7534812834258663 0.0013186962265137863 0.0009709776371735635 -0.000906329197844908 0.0011879821546027824 1.0
0.05544503706440309 0.2641334450043081 0.749294680986165 -0.0004941208534554907 -0.0008775612392858371 -0.00021239543316224692 0.0011334992171765854 0.0 0.018420839577433505 0.24392588810429777 0.7532325621832288 -0.0005012489453270824 0.00026547655599758673 -0.000349377473399002 0.0002547352062528007 1.0
0.05270520681681579 0.26053539705420126 0.749117274607821 -0.002475536291891728 -0.0033243086323530603 -0.00020713609989103502 0.0045196771058577554 0.0 0.018530104579604693 0.24436416980966397 0.7524741007981982 -0.0006876506580960463 0.00019440688030221092 -0.0005537171159370268 0.0009935240494898952 1.0
0.04963915453370573 0.25806268282805167 0.749338061991641 -0.0033662371493670433 -0.003082434412379267 0.00016010481826558834 0.004035470304950677 0.0 0.019081872187473557 0.24471564565808362 0.7523056137152756 0.0002247691513893416 0.00019630339800013515 -0.00018974299282919436 0.0007501796869461041 1.0
0.046445681513878595 0.2554749224516706 0.7495767979449885 -0.0034832067596286247 -0.0027255801031222707 0.0003084869416294918 0.003983314996283118 0.0 0.01956070773153192 0.24471775171495028 0.7519841055534527 0.0008906655968247272 2.3172866212896022e-05 -0.0002316120743795039 0.0004494348727821725 1.0
0.045446220427540096 0.2536821864946418 0.749635250671001 -0.0013389922840385054 -0.0017222430936665418 0.00015225181642565552 0.0020799133445181823 0.0 0.020006098625095416 0.24456372549133107 0.7518418821298435 0.0010105797908155601 -5.2000188784990045e-05 -0.00020338450767321797 0.00048286537593264435 1.0
0.040502146267795344 0.25144563267203507 0.7499215838285044 -0.0038569732324738757 -0.0017631129251523712 0.00023617903831360857 0.005418330576926925 0.0 0.02013518493933374 0.2441341314696905 0.7513407644038068 0.00017167260355759831 -0.0003617585325802423 -0.0004969108689026152 0.0007170325388050512 1.0
0.03740042158274736 0.2506631104824427 0.749946216063469 -0.00342747584975313 -0.0008202291184282371 2.5267716234717945e-05 0.0033938750460708812 0.0 0.020412330927531967 0.2438476251177326 0.7510332267587002 1.560090509191564e-06 -0.00042035625886154373 -0.0003525627892156688 0.0005208914445361296 1.0
0.03502892823401255 0.2498553222750045 0.749779527359782 -0.002651574158251645 -0.0007683833953585867 -0.00019236781836424986 0.0022987446130623103 0.0 0.02076727734078402 0.24347112238585214 0.7508596643636316 0.00022166782116831124 -0.0003805060577758711 -0.00020940416236939815 0.0005124043157793505 1.0
0.03440279769451705 0.24922003391446937 0.749100451767675 -0.0008866645865289291 -0.0007455125011367972 -0.0006528238859609415 0.001129288872596661 0.0 0.020858277277458946 0.24318117695703717 0.7507733263663743 0.00018105276707322472 -0.00022787806237680906 -0.00010065168746282364 0.00032789718105943926 1.0
0.03451263257490801 0.24872656264348067 0.7479864151037426 0.0004784572665931159 -0.0004433915778290507 -0.0011245293888609328 0.0012758577569270723 0.0 0.020915224907215046 0.24272146258411023 0.7507094131519275 9.76878327611922e-05 -0.0003977382072612222 2.1078956078952773e-05 0.0004634279704369412 1.0
0.03426546594926526 0.24906132454391794 0.7473021451756193 0.0002788970710403938 0.0001505992907263891 -0.0008624974466532669 0.0008822035815509869 0.0 0.021360616167762685 0.24242215953594956 0.7505431519904351 0.00036412685150963964 -0.0003465855858661853 -0.00013564594235421427 0.0005711475537526972 1.0
0.03413572618702301 0.2497973742879393 0.746926397113924 -0.00014651696249178133 0.0007444248746160125 -0.0003851901926316673 0.0007132746080194263 0.0 0.021679119650762572 0.24205698194701963 0.7503375847770198 0.00036754856550960224 -0.0003668382453447415 -0.00022523993712012707 0.0005228835708114871 1.0
0.034423906567244034 0.2510796137612353 0.7477091142498747 -0.00032016216803953967 0.001302687054143139 0.0007973457074586039 0.0015676792043506165 0.0 0.021833876011089527 0.24186419857938765 0.7502055373394163 0.00020011471523326594 -0.0002276514215295988 -0.00020784919499137924 0.0002766323174913909 1.0
0.03443721405896165 0.2511729545793992 0.7476756713335372 2.2827549482976918e-05 0.0004618390658972899 0.00035274457880697077 0.0001280674223618529 0.0 0.021914301368936344 0.24170870595260627 0.7501466867167212 8.917411876456404e-05 -0.00012578081795157505 -6.120323359963423e-05 0.0001768468204126569 1.0
0.03444052131388669 0.25088516367498426 0.7478547213530968 1.6058829731960007e-05 -0.0004275310521424584 0.00016612405874310342 0.00028410731615065906 0.0 0.0219921612337151 0.2414993147129167 0.7501359295610517 2.3812843902546485e-05 -0.00018198651019678654 1.756198585238549e-05 0.00023677217717760907 1.0
0.0342558609327923 0.2501936986013178 0.7480141692792498 -5.505618962345707e-05 -0.0009333963555299278 -5.612021164735681e-06 0.0007576346992504324 0.0 0.022025606610636177 0.24127973636765934 0.7502042359282697 -1.1743126220559869e-05 -0.00022199888266099762 9.16176095353453e-05 0.0002345944207284013 1.0
0.033680213699180665 0.24912244078082377 0.7481331975978943 -0.0005411734701578619 -0.0012053056213547479 -2.0729432739948622e-05 0.0012657386388738718 0.0 0.022053104629637783 0.24103531033897135 0.7502598419680043 4.1837196646162596e-05 -0.00027219376932562843 7.392132681765872e-05 0.0002452268246356989 1.0
0.033361053977132404 0.24821004731888532 0.7481493183034936 -0.0004729386656910601 -0.0009245607833250028 1.8733896838194364e-05 0.0009397694387523591 0.0 0.02176451958365141 0.2404891008822183 0.7503329062313997 -0.00019972017362139167 -0.0005153362818756213 5.820531051411116e-05 0.0006154224856626941 1.0
0.03250195603107751 0.24631822100402206 0.7481852868651699 -0.0007638853794207845 -0.0016113036221965251 7.870169356577743e-05 0.002017917559128698 1.0 0.021842733299795285 0.24022896478163547 0.7503336069827107 -1.940358420881601e-05 -0.0003511685484477486 -2.6848477399874513e-06 0.0002912097100631238 1.0
0.03245069935963973 0.2465562629089132 0.7469061703052889 -0.00016043887447735815 -6.0426407516083846e-05 -0.001030191618631153 0.0013938839928692016 1.0 0.021865853521022556 0.2401124304779195 0.7503408811253759 3.791229992324409e-05 -0.00011532782929188514 -8.87322357373649e-06 9.842675537520041e-05 1.0
0.03259532594731022 0.2464926835126896 0.7467823069231491 0.00019901682952041895 0.00015255901224546075 -0.0005251965125533462 0.00015505352369359678 1.0 0.021689680693498227 0.24019041986737247 0.7503449843043484 -0.00011197197917125484 0.00011183000183338898 -4.633444215996379e-06 0.00019240449394763152 1.0
0.032631324610998456 0.24640743245901559 0.7470429538919022 0.00019039979404913797 0.00013053916078456773 0.00023848914801431737 0.00024250803529802593 1.0 0.02167886456239048 0.24023407113064824 0.750348925642356 -3.951803543911492e-05 0.00011940746380021423 6.4819709243458265e-06 6.652918522150029e-05 0.0
0.032499828261313556 0.24659163290900174 0.7480132689804979 -8.300131763295476e-05 0.00015636216859691603 0.0010709370293429169 0.0010505715349193878 1.0 0.021676631810699815 0.2403401901880849 0.750374663087379 -1.19103827855223e-05 0.00011696683546497851 3.2957947522720654e-05 9.827745885431047e-05 0.0
0.03296860219195372 0.24748403646307265 0.7491327993770833 0.0002924428989811752 0.0006946872491904701 0.001361324026145658 0.0015367957518172596 1.0 0.02146962914209809 0.23934229782815317 0.7505195041665872 -0.00018235286395301882 -0.0008748678678711081 0.00013596737313316227 0.0010120556803868712 0.0
0.03319446104211477 0.24761862802900786 0.7520945972013117 0.00025713647533481365 0.00022948944906718408 0.002815450087964884 0.002895712381315416 1.0 0.022707928865487528 0.23841616438319813 0.7523169535296784 0.0010030682779787452 -0.0011397986761252212 0.0015848881248808292 0.0023985912167646174 0.0
0.03349548274923165 0.24806001182542245 0.7528646109200337 0.0002745312564200481 0.00031530012596271196 0.0012332809259579145 0.0009957672266720122 1.0 0.024807929764400598 0.2386289120849612 0.753858545273765 0.002187286656776257 -6.776347661472109e-05 0.001821032587688787 0.002624655179982264 0.0
0.03387997540650822 0.24754031343927776 0.7547419672425619 0.00043411707978977107 -0.000301141031110139 0.0014299924834987523 0.0018940838790859533 1.0 0.0266622193808983 0.23924951766439137 0.7548044139213813 0.002168386394445908 0.0007383121917481461 0.0011927766516550559 0.0021303051141282657 0.0
0.03402372972931655 0.25036843419960886 0.7552418969517247 0.00017431712688341564 0.002145982570828106 0.0005853607275176757 0.0029553920947317644 1.0 0.027886369636675297 0.2400016140667944 0.7550085489976603 0.0013850358921641448 0.001038011645974386 0.0001807383353133201 0.0014461354260298827 0.0
0.03655116244505052 0.2510672078390503 0.7568754229132142 0.0021279450386156454 0.001357083421290421 0.0012516305154460356 0.0031328316986877613 1.0 0.02868135464701366 0.24101727462187872 0.7546427554688213 0.0006356107499024636 0.0011372030375106938 -0.000623594366627863 0.001366194742178889 0.0
0.041865883045199906 0.2525466147091806 0.7569726721066236 0.005225807890485701 0.0015265911133227727 0.0003882917646920612 0.00542333555474479 1.0 0.02902819197294765 0.24203406268598518 0.7541367975213762 6.608887423772776e-05 0.0009753489561079229 -0.0007832790417501567 0.0012116248971363048 0.0
0.04397548334481734 0.2536766551767062 0.756494096255115 0.0032764180580324483 0.0011489462523829783 -0.00038646429446578877 0.0025099030476958325 1.0 0.029077973609709106 0.24249366638863357 0.7540741179740141 -0.00010868171401483625 0.00035110517702088265 -0.0001451239830022403 0.0004502534263083642 0.0
0.045012884623572634 0.2548910016099336 0.7562334740662017 0.0010699911245742734 0.0009739835725132592 -0.00038213543070227205 0.0015329328255174659 1.0 0.02900017308355389 0.24271400287918898 0.7540439778531982 1.70244210791582e-05 0.00012005349024747105 0.00025197703294868823 0.00020352543277636398 0.0
0.046513876055739894 0.25644371997346926 0.7555239368143187 0.0007049683662702425 0.0013950724971709444 -0.0008290230748537295 0.002282233762117789 1.0 0.028798129505068375 0.2429018376877059 0.7540550692517076 -7.88118093114304e-05 0.0001315508247816949 0.00017076140713187353 0.0002934749818022096 0.0
0.047453063226364195 0.25766533787175794 0.7549214559471663 0.0004924747670741957 0.0013473483600423203 -0.0005258667947773622 0.001789689078366247 1.0 0.02861453899261284 0.2429842439445198 0.754080482130135 -0.00015048702618930977 6.71644284861616e-05 6.308684590032847e-05 0.00022767657952836714 0.0
0.04960400886972257 0.26039941176139825 0.7535894263418116 0.0019532168410544295 0.0027334006822138453 -0.0011849707696322846 0.003627948333378339 1.0 0.02805848703020029 0.24308499325069266 0.7541447457878456 -0.0004883054303070926 0.0001364923433518657 -8.452142155499225e-06 0.0005434520601983917 0.0
0.05110927648940374 0.26307562750042895 0.7526979198777511 0.002229073625437252 0.002723798297209527 -0.0009157896632616034 0.0031836035338521276 1.0 0.027215908289889252 0.2430762082837411 0.7542144102769697 -0.0008397092148698523 8.754862512962256e-05 -6.007624286965464e-06 0.0008469436710165752 0.0
0.051466096090387436 0.2650194075353489 0.7521612903199737 0.0008595821959491894 0.002242802818743921 -0.0006947608436011128 0.0020749163839720534 1.0 0.02650106536933782 0.24300293686833535 0.7542580076291279 -0.0008243657986436803 -4.7004304105541976e-05 3.166192857779012e-05 0.0007327226012961603 0.0
0.051928854894902475 0.26761448850823555 0.7512499254543669 2.4089032301180535e-07 0.002366172641918101 -0.000766629029038794 0.002723972689099352 1.0 0.025571766565654814 0.24277995836550703 0.754231395244316 -0.0009257365337728407 -0.0002486449022866587 6.2486127423619885e-06 0.0009355671276757374 0.0
0.05291751624560049 0.2695047986091733 0.7500288965931523 0.0006504852474489297 0.001888444918959501 -0.0011106799078137977 0.002549242356208067 1.0 0.0249450096982405 0.24256893450023506 0.7543279381884487 -0.0006599679408206956 -0.0002503743785312702 6.308918218610873e-05 0.0006846891634321255 0.0
0.054068601033407 0.2711611371813625 0.749131757167136 0.001202319022789674 0.001563740025335857 -0.001038703094486844 0.00221458296504525 1.0 0.024462776414983768 0.2423709360778741 0.754528231208528 -0.0004349451423442683 -0.00020923921562068806 0.00019327475096230496 0.000556079309608894 0.0
0.055679858014128815 0.27275967268346213 0.7487564034912879 0.0017440357085070407 0.0015213524370470113 -0.000498244315784963 0.002213388468777607 1.0 0.023749865269726174 0.24211902155159062 0.7547769555625292 -0.0006036780642792165 -0.00023281875972516717 0.0002739740778981558 0.0007875990498152092 0.0
0.05713380560400681 0.2737579933050596 0.7484921253670879 0.0017479313281329534 0.0011615667830738655 -0.000221167242312478 0.0018347977002062246 1.0 0.023218158204730877 0.24196822190652062 0.7548280562647817 -0.0005879927920987919 -0.00014926884744822773 0.0001099170376033847 0.0005728022058519529 0.0
0.05830548321899336 0.27416560504184706 0.7479535710230403 0.0011536335806146356 0.0004074292850189537 -0.00033103179236407894 0.0013592728319137552 1.0 0.022783516182505577 0.24186312286709075 0.7548557549242533 -0.00048026207841117 -9.83684818911272e-05 4.7636706898111515e-06 0.00043530904860566045 0.0
0.05926240714478111 0.2743135130455709 0.746704068918159 0.0007834597856477546 5.531891331028672e-05 -0.0011467025807491776 0.0015466495231131073 1.0 0.02227746967612743 0.2418256329078242 0.7548672546995525 -0.0004897026752904729 -3.365014961732325e-05 -3.523494093626633e-05 0.0004969728913690649 0.0
0.05976013770630768 0.2742468685557167 0.7462611640964204 0.00044366214698614607 -6.493514786690049e-05 -0.0007910008326611741 0.0007165812722491403 1.0 0.021994664477863496 0.24185776091521816 0.7548621585631717 -0.0003230941396386727 3.0394619073866003e-05 -2.7919594005173918e-05 0.00030694103866825287 0.0
0.06016099119708685 0.27398475926486526 0.7459890065330175 0.00033159749873826866 -0.0002839369222904669 -0.0003511147543474259 0.0005120914379302438 1.0 0.02179229035624991 0.24189395069666933 0.7548532008749718 -0.00016640418791631238 5.0078303499367e-05 8.500902092817448e-06 0.00019557599385567573 0.0
0.06056635870993119 0.27358112901513093 0.7454569868204541 0.00038216761878324 -0.0003449588098947251 -0.0003408889508191755 0.0007815669322340725 1.0 0.021420009073114872 0.24199106961612654 0.7548616890304881 -0.00032256863792706715 8.563434700529086e-05 3.0403266332651842e-05 0.00037615861488849047 0.0
0.060822433873650404 0.2732346295809244 0.7453388040879972 0.0003453932653935405 -0.0003189983786810377 -6.741889593212186e-05 0.0004844262750320547 1.0 0.02100628822345349 0.24205645553541183 0.7548489191962023 -0.00044261244109522035 6.384749951029582e-05 1.2560887365418668e-06 0.0004366687897791802 0.0
0.06091002153852485 0.27310102878971904 0.7453563614297125 0.00014384552427830076 -0.0001661410975705511 2.7314617207771887e-05 0.00013318537041918715 1.0 0.020870066946068848 0.24207781212787505 0.7548550286982731 -0.00020388998221380244 2.469354570174424e-05 -8.207495892984022e-06 0.00013317062123924207 0.0
0.06110874722048216 0.27267324773701845 0.7453405698640254 0.00017384924122546453 -0.0003510177028030717 -4.277941566773537e-05 0.00044809614326466515 1.0 0.020497492759695677 0.24206697889448223 0.7548510202518554 -0.00032495329485741973 -2.0503652814331025e-05 -2.115841706615664e-06 0.00035235509915538057 0.0
0.06127750415073404 0.2722464971380871 0.7452075248344365 0.00016613904898833123 -0.00042825229687717503 -0.00015504152363431708 0.0005254469115087634 1.0 0.020038925406674537 0.24201091578190195 0.7548786450723143 -0.0004453636101806468 -6.13869892399865e-05 2.1796336787854565e-05 0.00048627541616545685 0.0
0.06127060689386219 0.27156530484259866 0.7450045708997253 8.848003383802347e-06 -0.0006862472893998057 -0.0001723817172020819 0.000693208485560543 1.0 0.019700846755046738 0.24203771547288233 0.7549593909148863 -0.0003617413024142783 7.011037276472786e-06 7.569286812411722e-05 0.00035134835013943136 0.0
0.06117798207821874 0.2709570755952791 0.7449988684991425 -8.698070153196095e-05 -0.0006913433761659368 -9.295884752547311e-05 0.0006045094846262595 1.0 0.019525735902840315 0.24206434526698725 0.7550165312849965 -0.00020559813226549183 3.944861712710649e-05 7.159189840440359e-05 0.00016789704281067126 0.0
0.061129886684073625 0.27056276900912085 0.744991908768129 -8.07662237393122e-05 -0.0004482760599142088 -1.9224127809417974e-05 0.0004022896770900815 1.0 0.019295625052896465 0.24208482020175695 0.7550765857391917 -0.0002000180919314702 4.2922939390725635e-05 6.33949075154691e-05 0.00023870078527942816 0.0
0.06113868122394485 0.27038755488444116 0.7449916396694906 -1.9577785522103153e-05 -0.00013856215792401052 6.409743730668191e-05 0.00017727046739674478 1.0 0.019082418652423543 0.24209187732801712 0.7550962136037619 -0.0001800499411304294 1.3302764613151916e-05 1.9245850751366974e-05 0.00023284660775088763 0.0
0.06115117288907299 0.2702221769089579 0.7449905976058819 3.106851685620381e-05 -6.87938113067144e-05 2.681039240640477e-05 0.00016337697659169316 1.0 0.018897566275410258 0.24215990109309096 0.7551323260190196 -0.00017426554778574612 5.054949885359017e-05 2.2149766234686812e-05 0.00019117452297086508 0.0
0.061154023130732614 0.27008907058253134 0.7449908251269535 4.355518584846655e-05 -0.00011403533560880102 -1.2000566358503268e-05 0.00014439185456971017 1.0 0.01884442695326859 0.24221352705647622 0.7551509541203442 -0.00010731870345197716 5.332044220289344e-05 1.4813416233976058e-05 7.347401316989963e-05 0.0
0.06112495127869031 0.2699009572928732 0.744989159782819 -2.207234651709162e-05 -0.00019801613964434933 -2.671397501029099e-05 0.00018080929589685507 1.0 0.01883467564330768 0.24228327338392674 0.7551478706026081 -1.0936685757849396e-05 6.936043041247591e-05 3.0935653089122437e-06 7.000686080573014e-05 0.0
0.06105431208178462 0.269747045337793 0.7449900900681998 -9.121787888637922e-05 -0.0002207083935497219 -6.979992370879538e-06 0.00016894689623561118 1.0 0.018850769078435616 0.2423076817636025 0.7551443479689203 4.487601535497213e-05 3.899430167475642e-05 -1.2454784717718119e-06 3.599870736399765e-05 0.0
0.06103106529125143 0.2697073380451276 0.7449902144547088 -5.171555324111484e-05 -7.550192871135994e-05 1.379778123256569e-05 4.673682791436523e-05 1.0 0.01886012493235395 0.2422884484194453 0.7551728034756213 2.7186733228024527e-05 -2.179169423733124e-05 2.1717576818448314e-05 3.305501157239033e-05 0.0
0.06100838100400699 0.2696373239713402 0.7449901932857179 -1.7986052848598707e-05 -3.6347687859871326e-05 -1.5606656864863743e-09 7.156258631037238e-05 1.0 0.0188597079845295 0.24224889510388506 0.7552228100547536 -1.546622166367711e-05 -5.2880039280232965e-05 5.213317112634772e-05 6.292179598134059e-05 0.0
0.06099463127407288 0.26961070772516443 0.7449901676389311 -1.4254452112849264e-06 -5.737252888556629e-06 3.942627284490292e-07 3.492569973495254e-05 1.0 0.01885325860907664 0.24223134483037248 0.7552466070044007 -2.280441275337344e-05 -3.054640719011389e-05 3.4965436822670295e-05 3.059764276549048e-05 0.0
0.060981780040884885 0.2695980949578383 0.7449902458077681 -4.606979301948077e-06 -9.86861013010793e-06 -8.615431585765585e-08 1.7958864900500388e-05 1.0 0.018844167646038044 0.2422105050211006 0.7552675700736441 -1.6374549781944108e-05 -1.2613759178628045e-05 2.3625545666541003e-05 3.0348884378537526e-05 0.0
